200,00000000	0,94588075
200,20000000	0,93917231
200,40000000	0,94814766
200,60000000	0,94632774
200,80000000	0,92964573
201,00000000	0,93969475
201,20000000	0,92566588
201,40000000	0,92928859
201,60000000	0,93084211
201,80000000	0,92221458
202,00000000	0,91192084
202,20000000	0,91784351
202,40000000	0,90465230
202,60000000	0,91191925
202,80000000	0,91293918
203,00000000	0,90204761
203,20000000	0,90745567
203,40000000	0,90582125
203,60000000	0,87817304
203,80000000	0,89547939
204,00000000	0,88772254
204,20000000	0,89901351
204,40000000	0,87872092
204,60000000	0,88114795
204,80000000	0,86435100
205,00000000	0,86260781
205,20000000	0,87850821
205,40000000	0,87525478
205,60000000	0,84256675
205,80000000	0,86274274
206,00000000	0,84643193
206,20000000	0,85246053
206,40000000	0,84017945
206,60000000	0,85487658
206,80000000	0,82782683
207,00000000	0,81432549
207,20000000	0,83004438
207,40000000	0,83524941
207,60000000	0,81471437
207,80000000	0,79090780
208,00000000	0,82263310
208,20000000	0,81887449
208,40000000	0,79647778
208,60000000	0,79516517
208,80000000	0,80049175
209,00000000	0,77227636
209,20000000	0,79860009
209,40000000	0,78368323
209,60000000	0,77464719
209,80000000	0,78852032
210,00000000	0,75533909
210,20000000	0,75709241
210,40000000	0,74300408
210,60000000	0,75960538
210,80000000	0,75569361
211,00000000	0,74762978
211,20000000	0,75247191
211,40000000	0,72255141
211,60000000	0,76123536
211,80000000	0,74357656
212,00000000	0,73666198
212,20000000	0,72774124
212,40000000	0,72681512
212,60000000	0,69382835
212,80000000	0,71695634
213,00000000	0,70968904
213,20000000	0,67357164
213,40000000	0,70420815
213,60000000	0,66358446
213,80000000	0,70282358
214,00000000	0,70449518
214,20000000	0,69145035
214,40000000	0,65728945
214,60000000	0,64020379
214,80000000	0,66425499
215,00000000	0,64526378
215,20000000	0,65435588
215,40000000	0,67290511
215,60000000	0,69752867
215,80000000	0,68918972
216,00000000	0,69284039
216,20000000	0,60589845
216,40000000	0,63682600
216,60000000	0,63359691
216,80000000	0,66503173
217,00000000	0,66947624
217,20000000	0,68213825
217,40000000	0,69029594
217,60000000	0,65985455
217,80000000	0,59305284
218,00000000	0,60701603
218,20000000	0,62253654
218,40000000	0,63085142
218,60000000	0,62377975
218,80000000	0,60501565
219,00000000	0,64346259
219,20000000	0,62409392
219,40000000	0,61081097
219,60000000	0,60583977
219,80000000	0,64354707
220,00000000	0,62640895
220,20000000	0,61203469
220,40000000	0,59899150
220,60000000	0,61775352
220,80000000	0,59209189
221,00000000	0,59617444
221,20000000	0,61661670
221,40000000	0,55971628
221,60000000	0,61357403
221,80000000	0,54079678
222,00000000	0,58975887
222,20000000	0,63346269
222,40000000	0,58369515
222,60000000	0,62608066
222,80000000	0,59837535
223,00000000	0,63491437
223,20000000	0,58989244
223,40000000	0,61868616
223,60000000	0,60747646
223,80000000	0,61753115
224,00000000	0,62272956
224,20000000	0,60724468
224,40000000	0,66243735
224,60000000	0,60014848
224,80000000	0,61410016
225,00000000	0,57310503
225,20000000	0,60852968
225,40000000	0,63104022
225,60000000	0,61486715
225,80000000	0,64580162
226,00000000	0,59642134
226,20000000	0,63412429
226,40000000	0,63865941
226,60000000	0,61215631
226,80000000	0,62566398
227,00000000	0,60429928
227,20000000	0,63466596
227,40000000	0,64304504
227,60000000	0,63981302
227,80000000	0,64633215
228,00000000	0,63053846
228,20000000	0,62665492
228,40000000	0,65423762
228,60000000	0,64981176
228,80000000	0,64896707
229,00000000	0,62818137
229,20000000	0,64657469
229,40000000	0,66605896
229,60000000	0,65717902
229,80000000	0,66069152
230,00000000	0,64540141
230,20000000	0,66908740
230,40000000	0,65273818
230,60000000	0,68611654
230,80000000	0,66115756
231,00000000	0,66727922
231,20000000	0,69162869
231,40000000	0,67863950
231,60000000	0,67462219
231,80000000	0,68126587
232,00000000	0,69206240
232,20000000	0,68981964
232,40000000	0,69310388
232,60000000	0,69638236
232,80000000	0,69658337
233,00000000	0,70978604
233,20000000	0,70254064
233,40000000	0,71074952
233,60000000	0,71144961
233,80000000	0,71420912
234,00000000	0,72422683
234,20000000	0,72410479
234,40000000	0,72378954
234,60000000	0,71413639
234,80000000	0,73799605
235,00000000	0,73002693
235,20000000	0,75231554
235,40000000	0,74682995
235,60000000	0,73681865
235,80000000	0,75541484
236,00000000	0,75377787
236,20000000	0,77032876
236,40000000	0,76202178
236,60000000	0,76527502
236,80000000	0,75624781
237,00000000	0,76878361
237,20000000	0,78137482
237,40000000	0,77548910
237,60000000	0,78921284
237,80000000	0,78591367
238,00000000	0,79350222
238,20000000	0,79910680
238,40000000	0,78743405
238,60000000	0,81211515
238,80000000	0,80218380
239,00000000	0,81271890
239,20000000	0,80641409
239,40000000	0,80179654
239,60000000	0,82382289
239,80000000	0,81184427
240,00000000	0,82657677
240,20000000	0,82038179
240,40000000	0,82948288
240,60000000	0,83371562
240,80000000	0,83400513
241,00000000	0,84287167
241,20000000	0,82819992
241,40000000	0,83885978
241,60000000	0,84213530
241,80000000	0,83448228
242,00000000	0,83358936
242,20000000	0,82706881
242,40000000	0,82377036
242,60000000	0,82117398
242,80000000	0,81653494
243,00000000	0,82583091
243,20000000	0,80042443
243,40000000	0,80958495
243,60000000	0,79629856
243,80000000	0,79884359
244,00000000	0,81080051
244,20000000	0,79973066
244,40000000	0,78412708
244,60000000	0,76628417
244,80000000	0,77108215
245,00000000	0,77579924
245,20000000	0,78435110
245,40000000	0,76014679
245,60000000	0,71751112
245,80000000	0,76863411
246,00000000	0,74049637
246,20000000	0,76330676
246,40000000	0,72359308
246,60000000	0,73407158
246,80000000	0,71742355
247,00000000	0,74219492
247,20000000	0,71576499
247,40000000	0,69759229
247,60000000	0,69957367
247,80000000	0,68919494
248,00000000	0,67438257
248,20000000	0,69487348
248,40000000	0,66116430
248,60000000	0,64509147
248,80000000	0,67372348
249,00000000	0,63314068
249,20000000	0,64921713
249,40000000	0,64008725
249,60000000	0,62338284
249,80000000	0,59266565
250,00000000	0,59604652
250,20000000	0,57272172
250,40000000	0,58506906
250,60000000	0,56971759
250,80000000	0,58753351
251,00000000	0,54815301
251,20000000	0,57619061
251,40000000	0,55563142
251,60000000	0,52922288
251,80000000	0,53974115
252,00000000	0,55968255
252,20000000	0,50456823
252,40000000	0,52015121
252,60000000	0,52310999
252,80000000	0,52132829
253,00000000	0,52428772
253,20000000	0,50451497
253,40000000	0,49673846
253,60000000	0,51384157
253,80000000	0,50810991
254,00000000	0,49379583
254,20000000	0,46877651
254,40000000	0,46363955
254,60000000	0,46676750
254,80000000	0,47598795
255,00000000	0,48204324
255,20000000	0,48088851
255,40000000	0,45093571
255,60000000	0,46881964
255,80000000	0,47487808
256,00000000	0,46324777
256,20000000	0,46965759
256,40000000	0,46067572
256,60000000	0,45696734
256,80000000	0,46069134
257,00000000	0,47522840
257,20000000	0,45394269
257,40000000	0,46875495
257,60000000	0,45243454
257,80000000	0,46349405
258,00000000	0,46797362
258,20000000	0,47827276
258,40000000	0,48747508
258,60000000	0,46415573
258,80000000	0,46401452
259,00000000	0,47302276
259,20000000	0,46781830
259,40000000	0,48305537
259,60000000	0,47916931
259,80000000	0,48971494
260,00000000	0,47221025
260,20000000	0,50025937
260,40000000	0,49662306
260,60000000	0,51137564
260,80000000	0,50292598
261,00000000	0,51256081
261,20000000	0,51324601
261,40000000	0,52150997
261,60000000	0,53596016
261,80000000	0,53773763
262,00000000	0,54061138
262,20000000	0,54999654
262,40000000	0,55323807
262,60000000	0,57049568
262,80000000	0,56645781
263,00000000	0,57697164
263,20000000	0,57537632
263,40000000	0,59221930
263,60000000	0,60292994
263,80000000	0,60745309
264,00000000	0,61259761
264,20000000	0,62004249
264,40000000	0,62725897
264,60000000	0,63727987
264,80000000	0,64936966
265,00000000	0,65577191
265,20000000	0,65478402
265,40000000	0,66130527
265,60000000	0,66384871
265,80000000	0,67601534
266,00000000	0,67411692
266,20000000	0,66877376
266,40000000	0,66448567
266,60000000	0,67215419
266,80000000	0,68487014
267,00000000	0,68567626
267,20000000	0,67435409
267,40000000	0,66827007
267,60000000	0,66268276
267,80000000	0,66229824
268,00000000	0,67030248
268,20000000	0,67244245
268,40000000	0,65096976
268,60000000	0,64092309
268,80000000	0,63800986
269,00000000	0,64341029
269,20000000	0,64360244
269,40000000	0,63298612
269,60000000	0,61391066
269,80000000	0,61021925
270,00000000	0,61483712
270,20000000	0,61323019
270,40000000	0,61646602
270,60000000	0,60983659
270,80000000	0,59742384
271,00000000	0,59679468
271,20000000	0,60244666
271,40000000	0,61664269
271,60000000	0,61724756
271,80000000	0,60956408
272,00000000	0,61004509
272,20000000	0,61928610
272,40000000	0,62560299
272,60000000	0,63596152
272,80000000	0,64745516
273,00000000	0,65273776
273,20000000	0,66061264
273,40000000	0,67038299
273,60000000	0,67570804
273,80000000	0,69437962
274,00000000	0,69936785
274,20000000	0,71386542
274,40000000	0,72678122
274,60000000	0,73852240
274,80000000	0,74902437
275,00000000	0,76196136
275,20000000	0,77458577
275,40000000	0,78774606
275,60000000	0,79670135
275,80000000	0,80624935
276,00000000	0,81355279
276,20000000	0,82413663
276,40000000	0,83004336
276,60000000	0,83594176
276,80000000	0,83221261
277,00000000	0,83266337
277,20000000	0,83457217
277,40000000	0,83249094
277,60000000	0,83629163
277,80000000	0,83099207
278,00000000	0,82089568
278,20000000	0,81951884
278,40000000	0,80777337
278,60000000	0,80893141
278,80000000	0,79296739
279,00000000	0,78635229
279,20000000	0,77093828
279,40000000	0,75923380
279,60000000	0,75110728
279,80000000	0,73932949
280,00000000	0,73565326
280,20000000	0,72624824
280,40000000	0,70636575
280,60000000	0,69008854
280,80000000	0,67327693
281,00000000	0,65553166
281,20000000	0,65034311
281,40000000	0,65110779
281,60000000	0,62720884
281,80000000	0,59602283
282,00000000	0,57416729
282,20000000	0,55854163
282,40000000	0,54884456
282,60000000	0,54402630
282,80000000	0,52995485
283,00000000	0,51081331
283,20000000	0,48881768
283,40000000	0,46926840
283,60000000	0,46330803
283,80000000	0,44818409
284,00000000	0,45013103
284,20000000	0,45068083
284,40000000	0,42859116
284,60000000	0,41078207
284,80000000	0,39753345
285,00000000	0,38167412
285,20000000	0,38120072
285,40000000	0,38485622
285,60000000	0,38197840
285,80000000	0,36995916
286,00000000	0,35347021
286,20000000	0,34305008
286,40000000	0,32881437
286,60000000	0,32544784
286,80000000	0,33352794
287,00000000	0,33079457
287,20000000	0,32980942
287,40000000	0,31447544
287,60000000	0,30297505
287,80000000	0,29515198
288,00000000	0,29849364
288,20000000	0,29753629
288,40000000	0,29178117
288,60000000	0,29305232
288,80000000	0,28702766
289,00000000	0,27999566
289,20000000	0,27814742
289,40000000	0,26639101
289,60000000	0,26510831
289,80000000	0,27468528
290,00000000	0,27296048
290,20000000	0,26251663
290,40000000	0,25091544
290,60000000	0,25023054
290,80000000	0,24640468
291,00000000	0,24559688
291,20000000	0,25333861
291,40000000	0,24989781
291,60000000	0,24989474
291,80000000	0,24407835
292,00000000	0,23401550
292,20000000	0,23068873
292,40000000	0,23162240
292,60000000	0,23403968
292,80000000	0,23722639
293,00000000	0,23591079
293,20000000	0,22422759
293,40000000	0,21855235
293,60000000	0,22420181
293,80000000	0,22070671
294,00000000	0,21866051
294,20000000	0,22489530
294,40000000	0,23058787
294,60000000	0,22778601
294,80000000	0,21724176
295,00000000	0,21003310
295,20000000	0,20600812
295,40000000	0,20547604
295,60000000	0,20727082
295,80000000	0,20986031
296,00000000	0,21387063
296,20000000	0,21446396
296,40000000	0,21241124
296,60000000	0,20750874
296,80000000	0,20050197
297,00000000	0,19929426
297,20000000	0,19867777
297,40000000	0,20139362
297,60000000	0,20901068
297,80000000	0,20682727
298,00000000	0,20355904
298,20000000	0,20649656
298,40000000	0,20409547
298,60000000	0,20094277
298,80000000	0,19404532
299,00000000	0,19467279
299,20000000	0,19786249
299,40000000	0,19202116
299,60000000	0,19330388
299,80000000	0,19596730
300,00000000	0,19263114
300,20000000	0,19385253
300,40000000	0,19421616
300,60000000	0,19063289
300,80000000	0,18648577
301,00000000	0,18735208
301,20000000	0,19344370
301,40000000	0,19210580
301,60000000	0,18945754
301,80000000	0,18733762
302,00000000	0,18955398
302,20000000	0,19058882
302,40000000	0,19037036
302,60000000	0,18372768
302,80000000	0,18537207
303,00000000	0,18470507
303,20000000	0,18241790
303,40000000	0,18447413
303,60000000	0,18716775
303,80000000	0,18603558
304,00000000	0,18054371
304,20000000	0,18183576
304,40000000	0,18495467
304,60000000	0,18154017
304,80000000	0,17812735
305,00000000	0,17954004
305,20000000	0,18338076
305,40000000	0,18138350
305,60000000	0,17403627
305,80000000	0,17650990
306,00000000	0,18153481
306,20000000	0,18014430
306,40000000	0,17728406
306,60000000	0,17839270
306,80000000	0,18021113
307,00000000	0,17430700
307,20000000	0,17516170
307,40000000	0,18069307
307,60000000	0,17990984
307,80000000	0,18051935
308,00000000	0,17843900
308,20000000	0,17307249
308,40000000	0,17035495
308,60000000	0,16853611
308,80000000	0,17006692
309,00000000	0,17405823
309,20000000	0,17471319
309,40000000	0,17376202
309,60000000	0,17199504
309,80000000	0,17239757
310,00000000	0,17453597
310,20000000	0,17211640
310,40000000	0,17463052
310,60000000	0,17746939
310,80000000	0,17531784
311,00000000	0,17333116
311,20000000	0,17185417
311,40000000	0,17073903
311,60000000	0,16960583
311,80000000	0,17047120
312,00000000	0,17001775
312,20000000	0,17201849
312,40000000	0,17327689
312,60000000	0,17141214
312,80000000	0,17303680
313,00000000	0,17360281
313,20000000	0,17411100
313,40000000	0,17357621
313,60000000	0,17493834
313,80000000	0,17473486
314,00000000	0,17087007
314,20000000	0,16698818
314,40000000	0,16791398
314,60000000	0,17072047
314,80000000	0,16954201
315,00000000	0,16919073
315,20000000	0,16721710
315,40000000	0,16870593
315,60000000	0,16919235
315,80000000	0,16608715
316,00000000	0,16460777
316,20000000	0,16517310
316,40000000	0,16778596
316,60000000	0,16516525
316,80000000	0,16730514
317,00000000	0,17133892
317,20000000	0,17054550
317,40000000	0,16579501
317,60000000	0,16632483
317,80000000	0,17156379
318,00000000	0,16783963
318,20000000	0,16471359
318,40000000	0,16423514
318,60000000	0,17001076
318,80000000	0,16978265
319,00000000	0,16758154
319,20000000	0,16961214
319,40000000	0,17067401
319,60000000	0,17233473
319,80000000	0,16731055
320,00000000	0,16484755
320,20000000	0,16638917
320,40000000	0,16494611
320,60000000	0,16411814
320,80000000	0,16574387
321,00000000	0,16586582
321,20000000	0,16931003
321,40000000	0,16817686
321,60000000	0,16357101
321,80000000	0,16493253
322,00000000	0,16486243
322,20000000	0,16451385
322,40000000	0,16552831
322,60000000	0,16757780
322,80000000	0,17071742
323,00000000	0,16888263
323,20000000	0,16673530
323,40000000	0,16510231
323,60000000	0,16448533
323,80000000	0,16568744
324,00000000	0,16648656
324,20000000	0,16900952
324,40000000	0,16826170
324,60000000	0,16629252
324,80000000	0,16657509
325,00000000	0,16617616
325,20000000	0,16608793
325,40000000	0,16786979
325,60000000	0,16740660
325,80000000	0,16843425
326,00000000	0,16912766
326,20000000	0,16705423
326,40000000	0,16918115
326,60000000	0,16686401
326,80000000	0,16498489
327,00000000	0,16706436
327,20000000	0,16712412
327,40000000	0,16927907
327,60000000	0,17078170
327,80000000	0,17040480
328,00000000	0,17033680
328,20000000	0,16903711
328,40000000	0,16868952
328,60000000	0,16794991
328,80000000	0,16849718
329,00000000	0,16967506
329,20000000	0,16992510
329,40000000	0,17353658
329,60000000	0,17390948
329,80000000	0,17257942
330,00000000	0,17225416
330,20000000	0,17161202
330,40000000	0,17285067
330,60000000	0,17274752
330,80000000	0,17333945
331,00000000	0,17548886
331,20000000	0,17772404
331,40000000	0,17684535
331,60000000	0,17599694
331,80000000	0,17717620
332,00000000	0,17660508
332,20000000	0,17679342
332,40000000	0,17638974
332,60000000	0,17779483
332,80000000	0,18089187
333,00000000	0,18179323
333,20000000	0,18239480
333,40000000	0,18285254
333,60000000	0,18407817
333,80000000	0,18556366
334,00000000	0,18542642
334,20000000	0,18570415
334,40000000	0,18757480
334,60000000	0,19037904
334,80000000	0,19240869
335,00000000	0,19241182
335,20000000	0,19374651
335,40000000	0,19543308
335,60000000	0,19692152
335,80000000	0,19785036
336,00000000	0,19822618
336,20000000	0,19987849
336,40000000	0,20280382
336,60000000	0,20586875
336,80000000	0,20748417
337,00000000	0,20980532
337,20000000	0,21256679
337,40000000	0,21493279
337,60000000	0,21728286
337,80000000	0,21893761
338,00000000	0,22156731
338,20000000	0,22434142
338,40000000	0,22696264
338,60000000	0,23036169
338,80000000	0,23431925
339,00000000	0,23831442
339,20000000	0,24184402
339,40000000	0,24515808
339,60000000	0,24944647
339,80000000	0,25394885
340,00000000	0,25816309
340,20000000	0,26290273
340,40000000	0,26765211
340,60000000	0,27270257
340,80000000	0,27851636
341,00000000	0,28493858
341,20000000	0,29157875
341,40000000	0,29820967
341,60000000	0,30489004
341,80000000	0,31161087
342,00000000	0,31890107
342,20000000	0,32581039
342,40000000	0,33280958
342,60000000	0,34145529
342,80000000	0,35007203
343,00000000	0,35823098
343,20000000	0,36751891
343,40000000	0,37796879
343,60000000	0,38840504
343,80000000	0,39823944
344,00000000	0,40755796
344,20000000	0,41754484
344,40000000	0,42784225
344,60000000	0,43719458
344,80000000	0,44600869
345,00000000	0,45508043
345,20000000	0,46438227
345,40000000	0,47364235
345,60000000	0,48216947
345,80000000	0,48897902
346,00000000	0,49527789
346,20000000	0,50212570
346,40000000	0,50710783
346,60000000	0,50962685
346,80000000	0,51229865
347,00000000	0,51506963
347,20000000	0,51569523
347,40000000	0,51453807
347,60000000	0,51243386
347,80000000	0,50953257
348,00000000	0,50667848
348,20000000	0,50140354
348,40000000	0,49485288
348,60000000	0,48848391
348,80000000	0,48104060
349,00000000	0,47394563
349,20000000	0,46617677
349,40000000	0,45722518
349,60000000	0,44856065
349,80000000	0,44033926
350,00000000	0,43219020
350,20000000	0,42325843
350,40000000	0,41388180
350,60000000	0,40480035
350,80000000	0,39605552
351,00000000	0,38759602
351,20000000	0,37825041
351,40000000	0,36943974
351,60000000	0,36180190
351,80000000	0,35405278
352,00000000	0,34709779
352,20000000	0,34034924
352,40000000	0,33286486
352,60000000	0,32648231
352,80000000	0,32022927
353,00000000	0,31370292
353,20000000	0,30774930
353,40000000	0,30126085
353,60000000	0,29531363
353,80000000	0,29051686
354,00000000	0,28521802
354,20000000	0,28032490
354,40000000	0,27562417
354,60000000	0,27098560
354,80000000	0,26698027
355,00000000	0,26330805
355,20000000	0,25921740
355,40000000	0,25550733
355,60000000	0,25251850
355,80000000	0,24839224
356,00000000	0,24463908
356,20000000	0,24192545
356,40000000	0,23823602
356,60000000	0,23514522
356,80000000	0,23226001
357,00000000	0,22911649
357,20000000	0,22730228
357,40000000	0,22530671
357,60000000	0,22270905
357,80000000	0,22029262
358,00000000	0,21780430
358,20000000	0,21570871
358,40000000	0,21353766
358,60000000	0,21106595
358,80000000	0,20908649
359,00000000	0,20730488
359,20000000	0,20554747
359,40000000	0,20410322
359,60000000	0,20257718
359,80000000	0,20090544
360,00000000	0,19930908
360,20000000	0,19796496
360,40000000	0,19637645
360,60000000	0,19469163
360,80000000	0,19336767
361,00000000	0,19189314
361,20000000	0,19077673
361,40000000	0,19005871
361,60000000	0,18882360
361,80000000	0,18745827
362,00000000	0,18608480
362,20000000	0,18461988
362,40000000	0,18343567
362,60000000	0,18235033
362,80000000	0,18129929
363,00000000	0,18034459
363,20000000	0,17934975
363,40000000	0,17863882
363,60000000	0,17817244
363,80000000	0,17730531
364,00000000	0,17613944
364,20000000	0,17525732
364,40000000	0,17455780
364,60000000	0,17371926
364,80000000	0,17261726
365,00000000	0,17168803
365,20000000	0,17092437
365,40000000	0,17044870
365,60000000	0,16992936
365,80000000	0,16905673
366,00000000	0,16852215
366,20000000	0,16807229
366,40000000	0,16752445
366,60000000	0,16714615
366,80000000	0,16662140
367,00000000	0,16612382
367,20000000	0,16559799
367,40000000	0,16464742
367,60000000	0,16347548
367,80000000	0,16272213
368,00000000	0,16207074
368,20000000	0,16154732
368,40000000	0,16113321
368,60000000	0,16060414
368,80000000	0,16022309
369,00000000	0,15985190
369,20000000	0,15972000
369,40000000	0,15958741
369,60000000	0,15878474
369,80000000	0,15827038
370,00000000	0,15832292
370,20000000	0,15788315
370,40000000	0,15738112
370,60000000	0,15721938
370,80000000	0,15674014
371,00000000	0,15576083
371,20000000	0,15491436
371,40000000	0,15449203
371,60000000	0,15412122
371,80000000	0,15395955
372,00000000	0,15421204
372,20000000	0,15402920
372,40000000	0,15392555
372,60000000	0,15395071
372,80000000	0,15356092
373,00000000	0,15335031
373,20000000	0,15297866
373,40000000	0,15212487
373,60000000	0,15123467
373,80000000	0,15001207
374,00000000	0,14990899
374,20000000	0,15028464
374,40000000	0,14968411
374,60000000	0,14927074
374,80000000	0,14873719
375,00000000	0,14826807
375,20000000	0,14855108
375,40000000	0,14833359
375,60000000	0,14806107
375,80000000	0,14833501
376,00000000	0,14844040
376,20000000	0,14904111
376,40000000	0,14954309
376,60000000	0,14919011
376,80000000	0,14895554
377,00000000	0,14840311
377,20000000	0,14719685
377,40000000	0,14692348
377,60000000	0,14664721
377,80000000	0,14581880
378,00000000	0,14507366
378,20000000	0,14497475
378,40000000	0,14493163
378,60000000	0,14479024
378,80000000	0,14443756
379,00000000	0,14400290
379,20000000	0,14426293
379,40000000	0,14511973
379,60000000	0,14616193
379,80000000	0,14675192
380,00000000	0,14638708
380,20000000	0,14594815
380,40000000	0,14574926
380,60000000	0,14534287
380,80000000	0,14469147
381,00000000	0,14413763
381,20000000	0,14364827
381,40000000	0,14383634
381,60000000	0,14372661
381,80000000	0,14272266
382,00000000	0,14241821
382,20000000	0,14226197
382,40000000	0,14218753
382,60000000	0,14174539
382,80000000	0,14133724
383,00000000	0,14151623
383,20000000	0,14197435
383,40000000	0,14274031
383,60000000	0,14255217
383,80000000	0,14189259
384,00000000	0,14202606
384,20000000	0,14247595
384,40000000	0,14337069
384,60000000	0,14277572
384,80000000	0,14177880
385,00000000	0,14252454
385,20000000	0,14194855
385,40000000	0,14072025
385,60000000	0,14044080
385,80000000	0,14054409
386,00000000	0,13948534
386,20000000	0,13795828
386,40000000	0,13839872
386,60000000	0,13869871
386,80000000	0,13743906
387,00000000	0,13741325
387,20000000	0,13939207
387,40000000	0,14000504
387,60000000	0,13890900
387,80000000	0,13933532
388,00000000	0,14036757
388,20000000	0,14080200
388,40000000	0,14123830
388,60000000	0,14103426
388,80000000	0,13985315
389,00000000	0,13986671
389,20000000	0,13965308
389,40000000	0,13772388
389,60000000	0,13767605
389,80000000	0,13777839
390,00000000	0,13678495
390,20000000	0,13628104
390,40000000	0,13627160
390,60000000	0,13569740
390,80000000	0,13485599
391,00000000	0,13497211
391,20000000	0,13514049
391,40000000	0,13502928
391,60000000	0,13509304
391,80000000	0,13567761
392,00000000	0,13621589
392,20000000	0,13749910
392,40000000	0,13864973
392,60000000	0,13962372
392,80000000	0,14016156
393,00000000	0,13945182
393,20000000	0,13796171
393,40000000	0,13739432
393,60000000	0,13767537
393,80000000	0,13680423
394,00000000	0,13661753
394,20000000	0,13703134
394,40000000	0,13653875
394,60000000	0,13614457
394,80000000	0,13569308
395,00000000	0,13515005
395,20000000	0,13498936
395,40000000	0,13445645
395,60000000	0,13501859
395,80000000	0,13605394
396,00000000	0,13532078
396,20000000	0,13371501
396,40000000	0,13366203
396,60000000	0,13454921
396,80000000	0,13594399
397,00000000	0,13637041
397,20000000	0,13509228
397,40000000	0,13509936
397,60000000	0,13584369
397,80000000	0,13657583
398,00000000	0,13630605
398,20000000	0,13579423
398,40000000	0,13677015
398,60000000	0,13912333
398,80000000	0,13985488
399,00000000	0,13757852
399,20000000	0,13592229
399,40000000	0,13584239
399,60000000	0,13590939
399,80000000	0,13573615
400,00000000	0,13573268
400,20000000	0,13650433
400,40000000	0,13687320
400,60000000	0,13637387
400,80000000	0,13675822
401,00000000	0,13561798
401,20000000	0,13346158
401,40000000	0,13350063
401,60000000	0,13382904
401,80000000	0,13393207
402,00000000	0,13334886
402,20000000	0,13216572
402,40000000	0,13300484
402,60000000	0,13539454
402,80000000	0,13494419
403,00000000	0,13333140
403,20000000	0,13241920
403,40000000	0,13165544
403,60000000	0,13300974
403,80000000	0,13524226
404,00000000	0,13539273
404,20000000	0,13495910
404,40000000	0,13549206
404,60000000	0,13646885
404,80000000	0,13850268
405,00000000	0,13976266
405,20000000	0,13924389
405,40000000	0,13680635
405,60000000	0,13732825
405,80000000	0,14060679
406,00000000	0,14095269
406,20000000	0,13859610
406,40000000	0,13666097
406,60000000	0,13656247
406,80000000	0,13580249
407,00000000	0,13578152
407,20000000	0,13588205
407,40000000	0,13622427
407,60000000	0,13628858
407,80000000	0,13424325
408,00000000	0,13407333
408,20000000	0,13459416
408,40000000	0,13361642
408,60000000	0,13397904
408,80000000	0,13461223
409,00000000	0,13422687
409,20000000	0,13203479
409,40000000	0,12920255
409,60000000	0,13208044
409,80000000	0,13523193
410,00000000	0,13266973
410,20000000	0,13080066
410,40000000	0,13226852
410,60000000	0,13194121
410,80000000	0,13141353
411,00000000	0,13357725
411,20000000	0,13466858
411,40000000	0,13743345
411,60000000	0,13716731
411,80000000	0,13148557
412,00000000	0,12978304
412,20000000	0,13336860
412,40000000	0,13570696
412,60000000	0,13610360
412,80000000	0,13650558
413,00000000	0,13438282
413,20000000	0,13244119
413,40000000	0,13265335
413,60000000	0,13438740
413,80000000	0,13348827
414,00000000	0,13031387
414,20000000	0,12881840
414,40000000	0,13142597
414,60000000	0,13678778
414,80000000	0,13939886
415,00000000	0,14158448
415,20000000	0,14047382
415,40000000	0,13583601
415,60000000	0,13610138
415,80000000	0,13959123
416,00000000	0,14082767
416,20000000	0,14062407
416,40000000	0,14059032
416,60000000	0,14291954
416,80000000	0,14537820
417,00000000	0,14138334
417,20000000	0,13551535
417,40000000	0,13491869
417,60000000	0,13866939
417,80000000	0,14193936
418,00000000	0,14274447
418,20000000	0,14043880
418,40000000	0,13447001
418,60000000	0,13259160
418,80000000	0,13549410
419,00000000	0,13640060
419,20000000	0,13612239
419,40000000	0,13554242
419,60000000	0,13488926
419,80000000	0,13651711
420,00000000	0,13582087
420,20000000	0,13372327
420,40000000	0,13678502
420,60000000	0,13961005
420,80000000	0,14107771
421,00000000	0,14004625
421,20000000	0,13612728
421,40000000	0,13607340
421,60000000	0,13745289
421,80000000	0,13777579
422,00000000	0,13937530
422,20000000	0,14038615
422,40000000	0,13988595
422,60000000	0,13864466
422,80000000	0,13501069
423,00000000	0,13216686
423,20000000	0,13610276
423,40000000	0,14114231
423,60000000	0,14076175
423,80000000	0,13949555
424,00000000	0,13927338
424,20000000	0,14064848
424,40000000	0,14086017
424,60000000	0,13861380
424,80000000	0,13828216
425,00000000	0,13871037
425,20000000	0,13982207
425,40000000	0,13964786
425,60000000	0,13814111
425,80000000	0,13903652
426,00000000	0,13828285
426,20000000	0,13866480
426,40000000	0,14312572
426,60000000	0,14560582
426,80000000	0,14600434
427,00000000	0,14743115
427,20000000	0,14786877
427,40000000	0,14377994
427,60000000	0,14134728
427,80000000	0,14407614
428,00000000	0,14548947
428,20000000	0,14522866
428,40000000	0,14844730
428,60000000	0,14963568
428,80000000	0,14654582
429,00000000	0,14758052
429,20000000	0,14854183
429,40000000	0,14614884
429,60000000	0,14657051
429,80000000	0,14829233
430,00000000	0,14783910
430,20000000	0,14730497
430,40000000	0,14811082
430,60000000	0,14806057
430,80000000	0,14689810
431,00000000	0,14457748
431,20000000	0,14587719
431,40000000	0,15031352
431,60000000	0,14690757
431,80000000	0,14158464
432,00000000	0,14143793
432,20000000	0,14417283
432,40000000	0,14775821
432,60000000	0,14842990
432,80000000	0,14748290
433,00000000	0,14878628
433,20000000	0,15402627
433,40000000	0,15486879
433,60000000	0,14911026
433,80000000	0,14671563
434,00000000	0,14797398
434,20000000	0,14708976
434,40000000	0,14521106
434,60000000	0,14764138
434,80000000	0,14987979
435,00000000	0,14621340
435,20000000	0,14436287
435,40000000	0,14670142
435,60000000	0,14697366
435,80000000	0,14746251
436,00000000	0,15106673
436,20000000	0,15330536
436,40000000	0,15369297
436,60000000	0,15151064
436,80000000	0,15029447
437,00000000	0,15288294
437,20000000	0,15282157
437,40000000	0,15648676
437,60000000	0,16161771
437,80000000	0,15769825
438,00000000	0,15423679
438,20000000	0,15835883
438,40000000	0,15910039
438,60000000	0,15675874
438,80000000	0,15930127
439,00000000	0,15969923
439,20000000	0,15499635
439,40000000	0,15185377
439,60000000	0,15659245
439,80000000	0,16210770
440,00000000	0,16153111
440,20000000	0,16439765
440,40000000	0,16801773
440,60000000	0,16442876
440,80000000	0,15971342
441,00000000	0,15697878
441,20000000	0,15599630
441,40000000	0,15776522
441,60000000	0,16082292
441,80000000	0,16307418
442,00000000	0,16594617
442,20000000	0,16605811
442,40000000	0,16270368
442,60000000	0,16322819
442,80000000	0,16472564
443,00000000	0,16368328
443,20000000	0,16470495
443,40000000	0,16435067
443,60000000	0,16474538
443,80000000	0,16786654
444,00000000	0,16582978
444,20000000	0,16268620
444,40000000	0,16222008
444,60000000	0,16805663
444,80000000	0,17332858
445,00000000	0,17091720
445,20000000	0,17067126
445,40000000	0,16918628
445,60000000	0,16397344
445,80000000	0,16294070
446,00000000	0,17030153
446,20000000	0,17432623
446,40000000	0,17087240
446,60000000	0,17149485
446,80000000	0,17264385
447,00000000	0,17609458
447,20000000	0,17970308
447,40000000	0,17712348
447,60000000	0,17240646
447,80000000	0,17000748
448,00000000	0,17598028
448,20000000	0,18283482
448,40000000	0,17997243
448,60000000	0,17619086
448,80000000	0,18013335
449,00000000	0,18156191
449,20000000	0,17868020
449,40000000	0,17899255
449,60000000	0,18129895
449,80000000	0,18894034
450,00000000	0,19312087
450,20000000	0,18837910
450,40000000	0,18466838
450,60000000	0,18048887
450,80000000	0,18358227
451,00000000	0,19367602
451,20000000	0,19635403
451,40000000	0,19089229
451,60000000	0,18484443
451,80000000	0,18383389
452,00000000	0,19036065
452,20000000	0,19538747
452,40000000	0,19458232
452,60000000	0,19581425
452,80000000	0,19810474
453,00000000	0,20061259
453,20000000	0,20586240
453,40000000	0,20985597
453,60000000	0,20940529
453,80000000	0,20580464
454,00000000	0,20460852
454,20000000	0,21091256
454,40000000	0,20958124
454,60000000	0,20484256
454,80000000	0,21089297
455,00000000	0,21889302
455,20000000	0,22313404
455,40000000	0,22528268
455,60000000	0,22899202
455,80000000	0,23020226
456,00000000	0,22636092
456,20000000	0,22725672
456,40000000	0,22938458
456,60000000	0,23319609
456,80000000	0,24273890
457,00000000	0,24560002
457,20000000	0,24048715
457,40000000	0,23848627
457,60000000	0,24000749
457,80000000	0,23936413
458,00000000	0,23740586
458,20000000	0,23989632
458,40000000	0,24318631
458,60000000	0,24282166
458,80000000	0,24694364
459,00000000	0,25641949
459,20000000	0,25995571
459,40000000	0,25509156
459,60000000	0,25660572
459,80000000	0,26361237
460,00000000	0,27191985
460,20000000	0,27524766
460,40000000	0,27286304
460,60000000	0,27546866
460,80000000	0,27647167
461,00000000	0,27481637
461,20000000	0,28118202
461,40000000	0,28986235
461,60000000	0,29014063
461,80000000	0,28942847
462,00000000	0,29174348
462,20000000	0,29345948
462,40000000	0,29371448
462,60000000	0,29779490
462,80000000	0,30184638
463,00000000	0,30650034
463,20000000	0,31028116
463,40000000	0,30758297
463,60000000	0,30649043
463,80000000	0,31426408
464,00000000	0,32202621
464,20000000	0,32081371
464,40000000	0,31711424
464,60000000	0,32034357
464,80000000	0,32437019
465,00000000	0,32380345
465,20000000	0,32718980
465,40000000	0,32995268
465,60000000	0,32743700
465,80000000	0,32578439
466,00000000	0,32691604
466,20000000	0,33333711
466,40000000	0,33921580
466,60000000	0,33331669
466,80000000	0,32744906
467,00000000	0,33587759
467,20000000	0,34354986
467,40000000	0,33982448
467,60000000	0,34263208
467,80000000	0,34833854
468,00000000	0,34451924
468,20000000	0,34498371
468,40000000	0,35233452
468,60000000	0,35705201
468,80000000	0,35782514
469,00000000	0,35119983
469,20000000	0,35099418
469,40000000	0,35534287
469,60000000	0,35031314
469,80000000	0,35422939
470,00000000	0,36179083
470,20000000	0,36076459
470,40000000	0,36260846
470,60000000	0,35734540
470,80000000	0,34822637
471,00000000	0,35427649
471,20000000	0,36356152
471,40000000	0,36641537
471,60000000	0,36193795
471,80000000	0,36399772
472,00000000	0,36959675
472,20000000	0,36482835
472,40000000	0,36803525
472,60000000	0,37081369
472,80000000	0,36172173
473,00000000	0,36186737
473,20000000	0,36891326
473,40000000	0,36843544
473,60000000	0,36429290
473,80000000	0,36299031
474,00000000	0,36623129
474,20000000	0,36868853
474,40000000	0,36441776
474,60000000	0,36014853
474,80000000	0,36436564
475,00000000	0,36924587
475,20000000	0,36690841
475,40000000	0,36429292
475,60000000	0,36652231
475,80000000	0,36967092
476,00000000	0,37066947
476,20000000	0,37615863
476,40000000	0,37751852
476,60000000	0,37527175
476,80000000	0,37711915
477,00000000	0,37434568
477,20000000	0,36745358
477,40000000	0,36676217
477,60000000	0,36672184
477,80000000	0,36424916
478,00000000	0,36826211
478,20000000	0,37047212
478,40000000	0,36396595
478,60000000	0,36385144
478,80000000	0,36956787
479,00000000	0,36719337
479,20000000	0,36614415
479,40000000	0,36819681
479,60000000	0,37202497
479,80000000	0,37417696
480,00000000	0,36910971
480,20000000	0,36848527
480,40000000	0,37350564
480,60000000	0,37224223
480,80000000	0,37255952
481,00000000	0,37230170
481,20000000	0,36767860
481,40000000	0,36957973
481,60000000	0,37693731
481,80000000	0,37735702
482,00000000	0,37315277
482,20000000	0,37358897
482,40000000	0,37693585
482,60000000	0,37680337
482,80000000	0,37390622
483,00000000	0,37830524
483,20000000	0,37959509
483,40000000	0,37586898
483,60000000	0,37118803
483,80000000	0,37122148
484,00000000	0,38017136
484,20000000	0,38360791
484,40000000	0,37774346
484,60000000	0,37963169
484,80000000	0,38571937
485,00000000	0,38286484
485,20000000	0,37639045
485,40000000	0,38105534
485,60000000	0,39427427
485,80000000	0,39711313
486,00000000	0,39619821
486,20000000	0,39527669
486,40000000	0,39549253
486,60000000	0,39867835
486,80000000	0,39481374
487,00000000	0,38723293
487,20000000	0,38946671
487,40000000	0,39550697
487,60000000	0,39767557
487,80000000	0,39813014
488,00000000	0,39924835
488,20000000	0,40312787
488,40000000	0,40224323
488,60000000	0,39672505
488,80000000	0,39154457
489,00000000	0,39288416
489,20000000	0,39783521
489,40000000	0,40209748
489,60000000	0,40825504
489,80000000	0,40449215
490,00000000	0,39999865
490,20000000	0,40263845
490,40000000	0,40270892
490,60000000	0,40238601
490,80000000	0,41028581
491,00000000	0,41612474
491,20000000	0,41475311
491,40000000	0,41280549
491,60000000	0,40978751
491,80000000	0,40585939
492,00000000	0,41005529
492,20000000	0,42088531
492,40000000	0,42814346
492,60000000	0,42656983
492,80000000	0,41800068
493,00000000	0,41677314
493,20000000	0,42182388
493,40000000	0,42307690
493,60000000	0,42363947
493,80000000	0,42792225
494,00000000	0,42861526
494,20000000	0,42498136
494,40000000	0,43411886
494,60000000	0,44209163
494,80000000	0,44148925
495,00000000	0,43865313
495,20000000	0,43420514
495,40000000	0,43930900
495,60000000	0,45129457
495,80000000	0,45411220
496,00000000	0,44902311
496,20000000	0,44840534
496,40000000	0,45149473
496,60000000	0,45613807
496,80000000	0,45858338
497,00000000	0,46365226
497,20000000	0,46348557
497,40000000	0,46049147
497,60000000	0,45682797
497,80000000	0,45805523
498,00000000	0,46631407
498,20000000	0,46620203
498,40000000	0,46191857
498,60000000	0,46339821
498,80000000	0,47424349
499,00000000	0,48212576
499,20000000	0,47583670
499,40000000	0,47462625
499,60000000	0,48438831
499,80000000	0,49217813
500,00000000	0,49476760
500,20000000	0,48934843
500,40000000	0,47896724
500,60000000	0,48364063
500,80000000	0,49542969
501,00000000	0,49681840
501,20000000	0,49758898
501,40000000	0,50393761
501,60000000	0,51110720
501,80000000	0,51518027
502,00000000	0,50973787
502,20000000	0,50642061
502,40000000	0,51014026
502,60000000	0,51318440
502,80000000	0,51570785
503,00000000	0,51832041
503,20000000	0,51892523
503,40000000	0,52390104
503,60000000	0,52739101
503,80000000	0,52672159
504,00000000	0,53215427
504,20000000	0,53658276
504,40000000	0,54022817
504,60000000	0,54703866
504,80000000	0,54407918
505,00000000	0,53530412
505,20000000	0,54059000
505,40000000	0,55429950
505,60000000	0,55854266
505,80000000	0,55162944
506,00000000	0,55157793
506,20000000	0,56011375
506,40000000	0,56141390
506,60000000	0,56157405
506,80000000	0,56096923
507,00000000	0,56402575
507,20000000	0,57528646
507,40000000	0,58254939
507,60000000	0,58617671
507,80000000	0,58409829
508,00000000	0,58496722
508,20000000	0,59154068
508,40000000	0,59181297
508,60000000	0,58950208
508,80000000	0,59356331
509,00000000	0,59730109
509,20000000	0,59592850
509,40000000	0,59848766
509,60000000	0,60446272
509,80000000	0,60757801
510,00000000	0,60714874
510,20000000	0,60909091
510,40000000	0,61216929
510,60000000	0,62092640
510,80000000	0,62594554
511,00000000	0,62129569
511,20000000	0,62203549
511,40000000	0,62805919
511,60000000	0,63771214
511,80000000	0,63528762
512,00000000	0,63144654
512,20000000	0,63938345
512,40000000	0,64286532
512,60000000	0,64182056
512,80000000	0,63982778
513,00000000	0,64001340
513,20000000	0,64551100
513,40000000	0,65303178
513,60000000	0,65600804
513,80000000	0,65805737
514,00000000	0,66260558
514,20000000	0,66897118
514,40000000	0,67415483
514,60000000	0,67551960
514,80000000	0,67825769
515,00000000	0,68274595
515,20000000	0,68184101
515,40000000	0,68017921
515,60000000	0,68444654
515,80000000	0,68813518
516,00000000	0,69187496
516,20000000	0,69524768
516,40000000	0,69437019
516,60000000	0,69894557
516,80000000	0,70530851
517,00000000	0,70598128
517,20000000	0,70424655
517,40000000	0,70394555
517,60000000	0,70943709
517,80000000	0,71688350
518,00000000	0,71588992
518,20000000	0,71498175
518,40000000	0,72024113
518,60000000	0,72766842
518,80000000	0,73341626
519,00000000	0,73191324
519,20000000	0,72965186
519,40000000	0,73442565
519,60000000	0,73850923
519,80000000	0,74326074
520,00000000	0,74339373
520,20000000	0,74292822
520,40000000	0,75240022
520,60000000	0,75922406
520,80000000	0,75613432
521,00000000	0,75355920
521,20000000	0,75602370
521,40000000	0,76454740
521,60000000	0,77440699
521,80000000	0,76984705
522,00000000	0,75843225
522,20000000	0,75994390
522,40000000	0,76988828
522,60000000	0,77027785
522,80000000	0,76569200
523,00000000	0,76955294
523,20000000	0,77589402
523,40000000	0,77726910
523,60000000	0,77624470
523,80000000	0,77900306
524,00000000	0,78256772
524,20000000	0,78472192
524,40000000	0,78927081
524,60000000	0,79185630
524,80000000	0,79048863
525,00000000	0,79077099
525,20000000	0,79500636
525,40000000	0,80178479
525,60000000	0,80433887
525,80000000	0,80357389
526,00000000	0,80466245
526,20000000	0,80855874
526,40000000	0,81334868
526,60000000	0,81589606
526,80000000	0,81390347
527,00000000	0,81328771
527,20000000	0,81622769
527,40000000	0,81687135
527,60000000	0,81390796
527,80000000	0,81314497
528,00000000	0,81787020
528,20000000	0,82300497
528,40000000	0,82536076
528,60000000	0,82482409
528,80000000	0,82711085
529,00000000	0,82990325
529,20000000	0,82963924
529,40000000	0,83147781
529,60000000	0,83150492
529,80000000	0,83142056
530,00000000	0,83674791
530,20000000	0,84272788
530,40000000	0,84523877
530,60000000	0,84432158
530,80000000	0,84518362
531,00000000	0,84676545
531,20000000	0,84947982
531,40000000	0,85085333
531,60000000	0,85119768
531,80000000	0,85309512
532,00000000	0,85314481
532,20000000	0,85553217
532,40000000	0,85921189
532,60000000	0,85789958
532,80000000	0,85844666
533,00000000	0,86265739
533,20000000	0,86591920
533,40000000	0,86739942
533,60000000	0,86804642
533,80000000	0,86951781
534,00000000	0,87225267
534,20000000	0,87339965
534,40000000	0,87321434
534,60000000	0,87459654
534,80000000	0,87584420
535,00000000	0,87801356
535,20000000	0,88282835
535,40000000	0,88548104
535,60000000	0,88682014
535,80000000	0,88834811
536,00000000	0,88987216
536,20000000	0,89207498
536,40000000	0,89447237
536,60000000	0,89475649
536,80000000	0,89642681
537,00000000	0,89784984
537,20000000	0,89803746
537,40000000	0,89903697
537,60000000	0,89913695
537,80000000	0,89848271
538,00000000	0,90007812
538,20000000	0,90475142
538,40000000	0,90734724
538,60000000	0,90901210
538,80000000	0,91168436
539,00000000	0,91364589
539,20000000	0,91845209
539,40000000	0,92107984
539,60000000	0,91993218
539,80000000	0,92030694
540,00000000	0,92324715
540,20000000	0,92395374
540,40000000	0,92434897
540,60000000	0,92629295
540,80000000	0,92542492
541,00000000	0,92482140
541,20000000	0,92570120
541,40000000	0,92767566
541,60000000	0,93002886
541,80000000	0,93063893
542,00000000	0,93281054
542,20000000	0,93676561
542,40000000	0,93896303
542,60000000	0,93806432
542,80000000	0,93953969
543,00000000	0,94273878
543,20000000	0,94468953
543,40000000	0,94449752
543,60000000	0,94293638
543,80000000	0,94291657
544,00000000	0,94474529
544,20000000	0,94598046
544,40000000	0,94580851
544,60000000	0,94727914
544,80000000	0,94828340
545,00000000	0,94782315
545,20000000	0,94859310
545,40000000	0,95128938
545,60000000	0,95277213
545,80000000	0,95120527
546,00000000	0,95080236
546,20000000	0,95359637
546,40000000	0,95669791
546,60000000	0,95674796
546,80000000	0,95456728
547,00000000	0,95582567
547,20000000	0,95778548
547,40000000	0,95758724
547,60000000	0,95759489
547,80000000	0,95816843
548,00000000	0,95765536
548,20000000	0,95673407
548,40000000	0,95712611
548,60000000	0,95843626
548,80000000	0,95806497
549,00000000	0,95686305
549,20000000	0,95687268
549,40000000	0,95848545
549,60000000	0,95912486
549,80000000	0,95796898
550,00000000	0,95625991
550,20000000	0,95722614
550,40000000	0,95961081
550,60000000	0,95986123
550,80000000	0,95873730
551,00000000	0,95726445
551,20000000	0,95736756
551,40000000	0,95856189
551,60000000	0,95831676
551,80000000	0,95623932
552,00000000	0,95512059
552,20000000	0,95475473
552,40000000	0,95586724
552,60000000	0,95666634
552,80000000	0,95581197
553,00000000	0,95516329
553,20000000	0,95426248
553,40000000	0,95480842
553,60000000	0,95631555
553,80000000	0,95674226
554,00000000	0,95556587
554,20000000	0,95268470
554,40000000	0,95218600
554,60000000	0,95330429
554,80000000	0,95361170
555,00000000	0,95048452
555,20000000	0,94929188
555,40000000	0,95124157
555,60000000	0,95259391
555,80000000	0,95188115
556,00000000	0,95064843
556,20000000	0,95009328
556,40000000	0,94924093
556,60000000	0,94885190
556,80000000	0,94894571
557,00000000	0,94766193
557,20000000	0,94703819
557,40000000	0,94751088
557,60000000	0,94834662
557,80000000	0,94853527
558,00000000	0,94830146
558,20000000	0,94714552
558,40000000	0,94625761
558,60000000	0,94579378
558,80000000	0,94599178
559,00000000	0,94625500
559,20000000	0,94698089
559,40000000	0,94620956
559,60000000	0,94453039
559,80000000	0,94431387
560,00000000	0,94526331
560,20000000	0,94523191
560,40000000	0,94454577
560,60000000	0,94426631
560,80000000	0,94400956
561,00000000	0,94319272
561,20000000	0,94263911
561,40000000	0,94406986
561,60000000	0,94472735
561,80000000	0,94279846
562,00000000	0,94119049
562,20000000	0,94116468
562,40000000	0,94231425
562,60000000	0,94345652
562,80000000	0,94362276
563,00000000	0,94375568
563,20000000	0,94338733
563,40000000	0,94355425
563,60000000	0,94348402
563,80000000	0,94346365
564,00000000	0,94250592
564,20000000	0,94306456
564,40000000	0,94223749
564,60000000	0,94161541
564,80000000	0,94172321
565,00000000	0,94347574
565,20000000	0,94406795
565,40000000	0,94141813
565,60000000	0,93947542
565,80000000	0,94144228
566,00000000	0,94284706
566,20000000	0,94281046
566,40000000	0,94374392
566,60000000	0,94430568
566,80000000	0,94302658
567,00000000	0,94274684
567,20000000	0,94306096
567,40000000	0,94293253
567,60000000	0,94419420
567,80000000	0,94539833
568,00000000	0,94564734
568,20000000	0,94463705
568,40000000	0,94464995
568,60000000	0,94530627
568,80000000	0,94348657
569,00000000	0,94144462
569,20000000	0,94329910
569,40000000	0,94562234
569,60000000	0,94541751
569,80000000	0,94495212
570,00000000	0,94569819
570,20000000	0,94561967
570,40000000	0,94547967
570,60000000	0,94517402
570,80000000	0,94521254
571,00000000	0,94636299
571,20000000	0,94589842
571,40000000	0,94609356
571,60000000	0,94794923
571,80000000	0,94831668
572,00000000	0,94635157
572,20000000	0,94543907
572,40000000	0,94488324
572,60000000	0,94323561
572,80000000	0,94482276
573,00000000	0,94746879
573,20000000	0,94771766
573,40000000	0,94628178
573,60000000	0,94582392
573,80000000	0,94591837
574,00000000	0,94536652
574,20000000	0,94441717
574,40000000	0,94446481
574,60000000	0,94554188
574,80000000	0,94508495
575,00000000	0,94389825
575,20000000	0,94410574
575,40000000	0,94543765
575,60000000	0,94588834
575,80000000	0,94537111
576,00000000	0,94516156
576,20000000	0,94503175
576,40000000	0,94410959
576,60000000	0,94350458
576,80000000	0,94414467
577,00000000	0,94490229
577,20000000	0,94365865
577,40000000	0,94269580
577,60000000	0,94236337
577,80000000	0,94205091
578,00000000	0,94091438
578,20000000	0,94252904
578,40000000	0,94471809
578,60000000	0,94300617
578,80000000	0,94002813
579,00000000	0,94060832
579,20000000	0,94073136
579,40000000	0,94004911
579,60000000	0,93962154
579,80000000	0,94055092
580,00000000	0,94059311
580,20000000	0,93939262
580,40000000	0,93842521
580,60000000	0,93706876
580,80000000	0,93599326
581,00000000	0,93751331
581,20000000	0,93900215
581,40000000	0,93708487
581,60000000	0,93611625
581,80000000	0,93653034
582,00000000	0,93645608
582,20000000	0,93616297
582,40000000	0,93501018
582,60000000	0,93533582
582,80000000	0,93535718
583,00000000	0,93409434
583,20000000	0,93336352
583,40000000	0,93307175
583,60000000	0,93366537
583,80000000	0,93393613
584,00000000	0,93248004
584,20000000	0,93048037
584,40000000	0,92980018
584,60000000	0,93078808
584,80000000	0,93237578
585,00000000	0,93134401
585,20000000	0,92920298
585,40000000	0,93039788
585,60000000	0,93103443
585,80000000	0,93025741
586,00000000	0,93027246
586,20000000	0,93091292
586,40000000	0,93066433
586,60000000	0,93008482
586,80000000	0,92985662
587,00000000	0,92898010
587,20000000	0,92880558
587,40000000	0,92820357
587,60000000	0,92840544
587,80000000	0,92846838
588,00000000	0,92734446
588,20000000	0,92724060
588,40000000	0,92830367
588,60000000	0,92716734
588,80000000	0,92619375
589,00000000	0,92551218
589,20000000	0,92652223
589,40000000	0,92720144
589,60000000	0,92631899
589,80000000	0,92528083
590,00000000	0,92457706
590,20000000	0,92505885
590,40000000	0,92559727
590,60000000	0,92661035
590,80000000	0,92610405
591,00000000	0,92574043
591,20000000	0,92678179
591,40000000	0,92569231
591,60000000	0,92468149
591,80000000	0,92472648
592,00000000	0,92449018
592,20000000	0,92576891
592,40000000	0,92705969
592,60000000	0,92721113
592,80000000	0,92587830
593,00000000	0,92447106
593,20000000	0,92441237
593,40000000	0,92555629
593,60000000	0,92614008
593,80000000	0,92736057
594,00000000	0,92898910
594,20000000	0,92884262
594,40000000	0,92763765
594,60000000	0,92676951
594,80000000	0,92696972
595,00000000	0,92817727
595,20000000	0,92920811
595,40000000	0,92991879
595,60000000	0,92965608
595,80000000	0,92966812
596,00000000	0,93015340
596,20000000	0,92968295
596,40000000	0,92824078
596,60000000	0,92825127
596,80000000	0,92998685
597,00000000	0,93204944
597,20000000	0,93248841
597,40000000	0,93142931
597,60000000	0,93036343
597,80000000	0,93031342
598,00000000	0,93095490
598,20000000	0,93085361
598,40000000	0,93185898
598,60000000	0,93307753
598,80000000	0,93346280
599,00000000	0,93239595
599,20000000	0,93187015
599,40000000	0,93311666
599,60000000	0,93388041
599,80000000	0,93449694
600,00000000	0,93561296
600,20000000	0,93586058
600,40000000	0,93411013
600,60000000	0,93340177
600,80000000	0,93468020
601,00000000	0,93596496
601,20000000	0,93572436
601,40000000	0,93610950
601,60000000	0,93591514
601,80000000	0,93534032
602,00000000	0,93539322
602,20000000	0,93543247
602,40000000	0,93643261
602,60000000	0,93853633
602,80000000	0,93949262
603,00000000	0,93846895
603,20000000	0,93768601
603,40000000	0,93695901
603,60000000	0,93783600
603,80000000	0,93804896
604,00000000	0,93806073
604,20000000	0,93943083
604,40000000	0,93937852
604,60000000	0,94001300
604,80000000	0,94095839
605,00000000	0,94128934
605,20000000	0,93988850
605,40000000	0,93973115
605,60000000	0,94056071
605,80000000	0,94154406
606,00000000	0,94247327
606,20000000	0,94316529
606,40000000	0,94318441
606,60000000	0,94274708
606,80000000	0,94244028
607,00000000	0,94256399
607,20000000	0,94222331
607,40000000	0,94277030
607,60000000	0,94511090
607,80000000	0,94509472
608,00000000	0,94333176
608,20000000	0,94292545
608,40000000	0,94270623
608,60000000	0,94355159
608,80000000	0,94534257
609,00000000	0,94573603
609,20000000	0,94495161
609,40000000	0,94398000
609,60000000	0,94412625
609,80000000	0,94552025
610,00000000	0,94478103
610,20000000	0,94503045
610,40000000	0,94530870
610,60000000	0,94601586
610,80000000	0,94656767
611,00000000	0,94573935
611,20000000	0,94535155
611,40000000	0,94510087
611,60000000	0,94650936
611,80000000	0,94712007
612,00000000	0,94665932
612,20000000	0,94741912
612,40000000	0,94772604
612,60000000	0,94751274
612,80000000	0,94753802
613,00000000	0,94802297
613,20000000	0,94792592
613,40000000	0,94832828
613,60000000	0,94946371
613,80000000	0,94982914
614,00000000	0,94924887
614,20000000	0,94902975
614,40000000	0,94987470
614,60000000	0,95033042
614,80000000	0,94906430
615,00000000	0,94810707
615,20000000	0,94822375
615,40000000	0,94857653
615,60000000	0,94964363
615,80000000	0,95121798
616,00000000	0,95119131
616,20000000	0,94981448
616,40000000	0,94994253
616,60000000	0,95043683
616,80000000	0,95150332
617,00000000	0,95204262
617,20000000	0,95246906
617,40000000	0,95315523
617,60000000	0,95267728
617,80000000	0,95207112
618,00000000	0,95246013
618,20000000	0,95213852
618,40000000	0,95245124
618,60000000	0,95354120
618,80000000	0,95409351
619,00000000	0,95357393
619,20000000	0,95348431
619,40000000	0,95357398
619,60000000	0,95461524
619,80000000	0,95528783
620,00000000	0,95506071
620,20000000	0,95508427
620,40000000	0,95505953
620,60000000	0,95578946
620,80000000	0,95613077
621,00000000	0,95749114
621,20000000	0,95710641
621,40000000	0,95733513
621,60000000	0,95796255
621,80000000	0,95852565
622,00000000	0,95822391
622,20000000	0,95794222
622,40000000	0,95846059
622,60000000	0,95911844
622,80000000	0,95925388
623,00000000	0,95959302
623,20000000	0,95958078
623,40000000	0,95896441
623,60000000	0,95992008
623,80000000	0,96015985
624,00000000	0,96124459
624,20000000	0,96153402
624,40000000	0,96274095
624,60000000	0,96252854
624,80000000	0,96280050
625,00000000	0,96298296
625,20000000	0,96284972
625,40000000	0,96342680
625,60000000	0,96420204
625,80000000	0,96564576
626,00000000	0,96632929
626,20000000	0,96606528
626,40000000	0,96598554
626,60000000	0,96539255
626,80000000	0,96553222
627,00000000	0,96709000
627,20000000	0,96774470
627,40000000	0,96821348
627,60000000	0,96795880
627,80000000	0,96925375
628,00000000	0,96907895
628,20000000	0,96918115
628,40000000	0,96993497
628,60000000	0,97045887
628,80000000	0,97034610
629,00000000	0,97014355
629,20000000	0,97094177
629,40000000	0,97083010
629,60000000	0,97096847
629,80000000	0,97131838
630,00000000	0,97132784
630,20000000	0,97149953
630,40000000	0,97161348
630,60000000	0,97161936
630,80000000	0,97121613
631,00000000	0,97239225
631,20000000	0,97398479
631,40000000	0,97442339
631,60000000	0,97434780
631,80000000	0,97373232
632,00000000	0,97355683
632,20000000	0,97467595
632,40000000	0,97563343
632,60000000	0,97522581
632,80000000	0,97527561
633,00000000	0,97597057
633,20000000	0,97630644
633,40000000	0,97672508
633,60000000	0,97663679
633,80000000	0,97570817
634,00000000	0,97599309
634,20000000	0,97754193
634,40000000	0,97859314
634,60000000	0,97797464
634,80000000	0,97784593
635,00000000	0,97844206
635,20000000	0,97769969
635,40000000	0,97752670
635,60000000	0,97801097
635,80000000	0,97852008
636,00000000	0,97930824
636,20000000	0,97946839
636,40000000	0,98003692
636,60000000	0,98005467
636,80000000	0,97942388
637,00000000	0,97978892
637,20000000	0,97958124
637,40000000	0,98053956
637,60000000	0,98092095
637,80000000	0,98109578
638,00000000	0,97992302
638,20000000	0,97880324
638,40000000	0,97940283
638,60000000	0,97982283
638,80000000	0,98145247
639,00000000	0,98146035
639,20000000	0,98049395
639,40000000	0,98057496
639,60000000	0,98032928
639,80000000	0,98105500
640,00000000	0,98103725
640,20000000	0,98189311
640,40000000	0,98222433
640,60000000	0,98230002
640,80000000	0,98197695
641,00000000	0,98166714
641,20000000	0,98192916
641,40000000	0,98172793
641,60000000	0,98263095
641,80000000	0,98299959
642,00000000	0,98276990
642,20000000	0,98207709
642,40000000	0,98203146
642,60000000	0,98137936
642,80000000	0,98159671
643,00000000	0,98253242
643,20000000	0,98339607
643,40000000	0,98358838
643,60000000	0,98313637
643,80000000	0,98284668
644,00000000	0,98262460
644,20000000	0,98291772
644,40000000	0,98314336
644,60000000	0,98248297
644,80000000	0,98257690
645,00000000	0,98329528
645,20000000	0,98408981
645,40000000	0,98422947
645,60000000	0,98409100
645,80000000	0,98346000
646,00000000	0,98317460
646,20000000	0,98377709
646,40000000	0,98436201
646,60000000	0,98405269
646,80000000	0,98405916
647,00000000	0,98444556
647,20000000	0,98492694
647,40000000	0,98505030
647,60000000	0,98458926
647,80000000	0,98454019
648,00000000	0,98477018
648,20000000	0,98588881
648,40000000	0,98613607
648,60000000	0,98621389
648,80000000	0,98664059
649,00000000	0,98565811
649,20000000	0,98520646
649,40000000	0,98567670
649,60000000	0,98707752
649,80000000	0,98673668
650,00000000	0,98699365
650,20000000	0,98603191
650,40000000	0,98515080
650,60000000	0,98565801
650,80000000	0,98646210
651,00000000	0,98733595
651,20000000	0,98727953
651,40000000	0,98770150
651,60000000	0,98692116
651,80000000	0,98625613
652,00000000	0,98569985
652,20000000	0,98590881
652,40000000	0,98687865
652,60000000	0,98729079
652,80000000	0,98780533
653,00000000	0,98870890
653,20000000	0,98873724
653,40000000	0,98767633
653,60000000	0,98705524
653,80000000	0,98734841
654,00000000	0,98861193
654,20000000	0,98958097
654,40000000	0,98981316
654,60000000	0,98851894
654,80000000	0,98784932
655,00000000	0,98808386
655,20000000	0,98862734
655,40000000	0,98945663
655,60000000	0,98996784
655,80000000	0,98984284
656,00000000	0,98927746
656,20000000	0,98948299
656,40000000	0,98938863
656,60000000	0,99007632
656,80000000	0,99058932
657,00000000	0,99063062
657,20000000	0,99064900
657,40000000	0,99080322
657,60000000	0,99107820
657,80000000	0,99145548
658,00000000	0,99150809
658,20000000	0,99143659
658,40000000	0,99140826
658,60000000	0,99173426
658,80000000	0,99247102
659,00000000	0,99304458
659,20000000	0,99338055
659,40000000	0,99285154
659,60000000	0,99283409
659,80000000	0,99295322
660,00000000	0,99329388
660,20000000	0,99373123
660,40000000	0,99396308
660,60000000	0,99331499
660,80000000	0,99275704
661,00000000	0,99363758
661,20000000	0,99410998
661,40000000	0,99381263
661,60000000	0,99361653
661,80000000	0,99368679
662,00000000	0,99381539
662,20000000	0,99422212
662,40000000	0,99481152
662,60000000	0,99506638
662,80000000	0,99472748
663,00000000	0,99456172
663,20000000	0,99436143
663,40000000	0,99438505
663,60000000	0,99489429
663,80000000	0,99509238
664,00000000	0,99450758
664,20000000	0,99445508
664,40000000	0,99500576
664,60000000	0,99506402
664,80000000	0,99542025
665,00000000	0,99580292
665,20000000	0,99557510
665,40000000	0,99519017
665,60000000	0,99542911
665,80000000	0,99581363
666,00000000	0,99610197
666,20000000	0,99605422
666,40000000	0,99580625
666,60000000	0,99607993
666,80000000	0,99641739
667,00000000	0,99646892
667,20000000	0,99641975
667,40000000	0,99632860
667,60000000	0,99594922
667,80000000	0,99639086
668,00000000	0,99665886
668,20000000	0,99678385
668,40000000	0,99690273
668,60000000	0,99674944
668,80000000	0,99618790
669,00000000	0,99560955
669,20000000	0,99619887
669,40000000	0,99681592
669,60000000	0,99716744
669,80000000	0,99732992
670,00000000	0,99708331
670,20000000	0,99644775
670,40000000	0,99637280
670,60000000	0,99661250
670,80000000	0,99665805
671,00000000	0,99694229
671,20000000	0,99705913
671,40000000	0,99708880
671,60000000	0,99718178
671,80000000	0,99726457
672,00000000	0,99735079
672,20000000	0,99739132
672,40000000	0,99702372
672,60000000	0,99689187
672,80000000	0,99709675
673,00000000	0,99717348
673,20000000	0,99714996
673,40000000	0,99705867
673,60000000	0,99736894
673,80000000	0,99717590
674,00000000	0,99718607
674,20000000	0,99730861
674,40000000	0,99721279
674,60000000	0,99709381
674,80000000	0,99702145
675,00000000	0,99741847
675,20000000	0,99789134
675,40000000	0,99765336
675,60000000	0,99706616
675,80000000	0,99692171
676,00000000	0,99670599
676,20000000	0,99660447
676,40000000	0,99726929
676,60000000	0,99761886
676,80000000	0,99782717
677,00000000	0,99757688
677,20000000	0,99679200
677,40000000	0,99644697
677,60000000	0,99663791
677,80000000	0,99691109
678,00000000	0,99709665
678,20000000	0,99737906
678,40000000	0,99692880
678,60000000	0,99682822
678,80000000	0,99715485
679,00000000	0,99691501
679,20000000	0,99643683
679,40000000	0,99632561
679,60000000	0,99644326
679,80000000	0,99655205
680,00000000	0,99726443
680,20000000	0,99758414
680,40000000	0,99735648
680,60000000	0,99720424
680,80000000	0,99643635
681,00000000	0,99516715
681,20000000	0,99511615
681,40000000	0,99590145
681,60000000	0,99675983
681,80000000	0,99724252
682,00000000	0,99663996
682,20000000	0,99607725
682,40000000	0,99541247
682,60000000	0,99575775
682,80000000	0,99594525
683,00000000	0,99613846
683,20000000	0,99576468
683,40000000	0,99522473
683,60000000	0,99545677
683,80000000	0,99560240
684,00000000	0,99580442
684,20000000	0,99579932
684,40000000	0,99506962
684,60000000	0,99469392
684,80000000	0,99472831
685,00000000	0,99536156
685,20000000	0,99607015
685,40000000	0,99604652
685,60000000	0,99529113
685,80000000	0,99529943
686,00000000	0,99543748
686,20000000	0,99518172
686,40000000	0,99548495
686,60000000	0,99554272
686,80000000	0,99565765
687,00000000	0,99521401
687,20000000	0,99515577
687,40000000	0,99564870
687,60000000	0,99613088
687,80000000	0,99583196
688,00000000	0,99529466
688,20000000	0,99508893
688,40000000	0,99484002
688,60000000	0,99489725
688,80000000	0,99543848
689,00000000	0,99556712
689,20000000	0,99536727
689,40000000	0,99540144
689,60000000	0,99527506
689,80000000	0,99452617
690,00000000	0,99454984
690,20000000	0,99438124
690,40000000	0,99499711
690,60000000	0,99482772
690,80000000	0,99511495
691,00000000	0,99546252
691,20000000	0,99524735
691,40000000	0,99526335
691,60000000	0,99527712
691,80000000	0,99492632
692,00000000	0,99469476
692,20000000	0,99464970
692,40000000	0,99530324
692,60000000	0,99518717
692,80000000	0,99564153
693,00000000	0,99576413
693,20000000	0,99559385
693,40000000	0,99552278
693,60000000	0,99507632
693,80000000	0,99471275
694,00000000	0,99499076
694,20000000	0,99536695
694,40000000	0,99529255
694,60000000	0,99498764
694,80000000	0,99505627
695,00000000	0,99557594
695,20000000	0,99586999
695,40000000	0,99537446
695,60000000	0,99540879
695,80000000	0,99525529
696,00000000	0,99476649
696,20000000	0,99521827
696,40000000	0,99592655
696,60000000	0,99617631
696,80000000	0,99638340
697,00000000	0,99556272
697,20000000	0,99510147
697,40000000	0,99543416
697,60000000	0,99565486
697,80000000	0,99584730
698,00000000	0,99597835
698,20000000	0,99577700
698,40000000	0,99578090
698,60000000	0,99578347
698,80000000	0,99566187
699,00000000	0,99557508
699,20000000	0,99570053
699,40000000	0,99584343
699,60000000	0,99545192
699,80000000	0,99531131
700,00000000	0,99520101
700,20000000	0,99529176
700,40000000	0,99559763
700,60000000	0,99561579
700,80000000	0,99529029
701,00000000	0,99540530
701,20000000	0,99564373
701,40000000	0,99543203
701,60000000	0,99581561
701,80000000	0,99591099
702,00000000	0,99548043
702,20000000	0,99579012
702,40000000	0,99603459
702,60000000	0,99552085
702,80000000	0,99568111
703,00000000	0,99566618
703,20000000	0,99516508
703,40000000	0,99557028
703,60000000	0,99578139
703,80000000	0,99529252
704,00000000	0,99537082
704,20000000	0,99528186
704,40000000	0,99466109
704,60000000	0,99519577
704,80000000	0,99552449
705,00000000	0,99496872
705,20000000	0,99515547
705,40000000	0,99501874
705,60000000	0,99443783
705,80000000	0,99526609
706,00000000	0,99509430
706,20000000	0,99525288
706,40000000	0,99582543
706,60000000	0,99518751
706,80000000	0,99451726
707,00000000	0,99495584
707,20000000	0,99491873
707,40000000	0,99462220
707,60000000	0,99481693
707,80000000	0,99414360
708,00000000	0,99365983
708,20000000	0,99450583
708,40000000	0,99482228
708,60000000	0,99476852
708,80000000	0,99486664
709,00000000	0,99413656
709,20000000	0,99338132
709,40000000	0,99374945
709,60000000	0,99385672
709,80000000	0,99373289
710,00000000	0,99402071
710,20000000	0,99387200
710,40000000	0,99386905
710,60000000	0,99347291
710,80000000	0,99364589
711,00000000	0,99396973
711,20000000	0,99413384
711,40000000	0,99449875
711,60000000	0,99412644
711,80000000	0,99385010
712,00000000	0,99361564
712,20000000	0,99333096
712,40000000	0,99334389
712,60000000	0,99356646
712,80000000	0,99379052
713,00000000	0,99303471
713,20000000	0,99292445
713,40000000	0,99275811
713,60000000	0,99307428
713,80000000	0,99341756
714,00000000	0,99340336
714,20000000	0,99335237
714,40000000	0,99319263
714,60000000	0,99300486
714,80000000	0,99323058
715,00000000	0,99386489
715,20000000	0,99326456
715,40000000	0,99378926
715,60000000	0,99367243
715,80000000	0,99306057
716,00000000	0,99388252
716,20000000	0,99327409
716,40000000	0,99212131
716,60000000	0,99256871
716,80000000	0,99290727
717,00000000	0,99300608
717,20000000	0,99374877
717,40000000	0,99314890
717,60000000	0,99291058
717,80000000	0,99389527
718,00000000	0,99394760
718,20000000	0,99418773
718,40000000	0,99459639
718,60000000	0,99377629
718,80000000	0,99334779
719,00000000	0,99369296
719,20000000	0,99382140
719,40000000	0,99482014
719,60000000	0,99444370
719,80000000	0,99396812
720,00000000	0,99465811
720,20000000	0,99441265
720,40000000	0,99473315
720,60000000	0,99512805
720,80000000	0,99437315
721,00000000	0,99466362
721,20000000	0,99477421
721,40000000	0,99448580
721,60000000	0,99466847
721,80000000	0,99505336
722,00000000	0,99472985
722,20000000	0,99509813
722,40000000	0,99557532
722,60000000	0,99602345
722,80000000	0,99645949
723,00000000	0,99614741
723,20000000	0,99595274
723,40000000	0,99630611
723,60000000	0,99602805
723,80000000	0,99650371
724,00000000	0,99633197
724,20000000	0,99643889
724,40000000	0,99672010
724,60000000	0,99599863
724,80000000	0,99611725
725,00000000	0,99659316
725,20000000	0,99681151
725,40000000	0,99666764
725,60000000	0,99673910
725,80000000	0,99667294
726,00000000	0,99719285
726,20000000	0,99743287
726,40000000	0,99713706
726,60000000	0,99756183
726,80000000	0,99784473
727,00000000	0,99765606
727,20000000	0,99791990
727,40000000	0,99791206
727,60000000	0,99794761
727,80000000	0,99781569
728,00000000	0,99748380
728,20000000	0,99787357
728,40000000	0,99829930
728,60000000	0,99838336
728,80000000	0,99827057
729,00000000	0,99817043
729,20000000	0,99825850
729,40000000	0,99852453
729,60000000	0,99878915
729,80000000	0,99872679
730,00000000	0,99859248
730,20000000	0,99836572
730,40000000	0,99848975
730,60000000	0,99867833
730,80000000	0,99898172
731,00000000	0,99912368
731,20000000	0,99902414
731,40000000	0,99891560
731,60000000	0,99907744
731,80000000	0,99907589
732,00000000	0,99905761
732,20000000	0,99895568
732,40000000	0,99904552
732,60000000	0,99920691
732,80000000	0,99949257
733,00000000	0,99938555
733,20000000	0,99939069
733,40000000	0,99953431
733,60000000	0,99934720
733,80000000	0,99953802
734,00000000	0,99957168
734,20000000	0,99965103
734,40000000	0,99961429
734,60000000	0,99949930
734,80000000	0,99948521
735,00000000	0,99951419
735,20000000	0,99945807
735,40000000	0,99952520
735,60000000	0,99964443
735,80000000	0,99960219
736,00000000	0,99952716
736,20000000	0,99940874
736,40000000	0,99942131
736,60000000	0,99962121
736,80000000	0,99962791
737,00000000	0,99952160
737,20000000	0,99948023
737,40000000	0,99942940
737,60000000	0,99939691
737,80000000	0,99939601
738,00000000	0,99949639
738,20000000	0,99943928
738,40000000	0,99931888
738,60000000	0,99945461
738,80000000	0,99935809
739,00000000	0,99935210
739,20000000	0,99916089
739,40000000	0,99899544
739,60000000	0,99919700
739,80000000	0,99920807
740,00000000	0,99926761
740,20000000	0,99921642
740,40000000	0,99910747
740,60000000	0,99888757
740,80000000	0,99898384
741,00000000	0,99923223
741,20000000	0,99930476
741,40000000	0,99912731
741,60000000	0,99904152
741,80000000	0,99905911
742,00000000	0,99902104
742,20000000	0,99895880
742,40000000	0,99906491
742,60000000	0,99891137
742,80000000	0,99897100
743,00000000	0,99893213
743,20000000	0,99897142
743,40000000	0,99909386
743,60000000	0,99896962
743,80000000	0,99891265
744,00000000	0,99889070
744,20000000	0,99905972
744,40000000	0,99918044
744,60000000	0,99918813
744,80000000	0,99919517
745,00000000	0,99890169
745,20000000	0,99864823
745,40000000	0,99886797
745,60000000	0,99914671
745,80000000	0,99928315
746,00000000	0,99918563
746,20000000	0,99894831
746,40000000	0,99878349
746,60000000	0,99891561
746,80000000	0,99895172
747,00000000	0,99906416
747,20000000	0,99900333
747,40000000	0,99891556
747,60000000	0,99893995
747,80000000	0,99911138
748,00000000	0,99912483
748,20000000	0,99899106
748,40000000	0,99904151
748,60000000	0,99927583
748,80000000	0,99933713
749,00000000	0,99935525
749,20000000	0,99926122
749,40000000	0,99893016
749,60000000	0,99890689
749,80000000	0,99913217
750,00000000	0,99922902
750,20000000	0,99884688
750,40000000	0,99881948
750,60000000	0,99906392
750,80000000	0,99935153
751,00000000	0,99945887
751,20000000	0,99930327
751,40000000	0,99924122
751,60000000	0,99927772
751,80000000	0,99935070
752,00000000	0,99937795
752,20000000	0,99929574
752,40000000	0,99920657
752,60000000	0,99917925
752,80000000	0,99919828
753,00000000	0,99922720
753,20000000	0,99927463
753,40000000	0,99931876
753,60000000	0,99927746
753,80000000	0,99920577
754,00000000	0,99921643
754,20000000	0,99930565
754,40000000	0,99927539
754,60000000	0,99924277
754,80000000	0,99930840
755,00000000	0,99922102
755,20000000	0,99920866
755,40000000	0,99929630
755,60000000	0,99926115
755,80000000	0,99919675
756,00000000	0,99900893
756,20000000	0,99894518
756,40000000	0,99916413
756,60000000	0,99928054
756,80000000	0,99900265
757,00000000	0,99873156
757,20000000	0,99883148
757,40000000	0,99865378
757,60000000	0,99862340
757,80000000	0,99867224
758,00000000	0,99884002
758,20000000	0,99890657
758,40000000	0,99889734
758,60000000	0,99851445
758,80000000	0,99830745
759,00000000	0,99809917
759,20000000	0,99826297
759,40000000	0,99849588
759,60000000	0,99827282
759,80000000	0,99816612
760,00000000	0,99795656
760,20000000	0,99786504
760,40000000	0,99823120
760,60000000	0,99830730
760,80000000	0,99797093
761,00000000	0,99813756
761,20000000	0,99844531
761,40000000	0,99824243
761,60000000	0,99788495
761,80000000	0,99732678
762,00000000	0,99747929
762,20000000	0,99708366
762,40000000	0,99712086
762,60000000	0,99715625
762,80000000	0,99704237
763,00000000	0,99724378
763,20000000	0,99773843
763,40000000	0,99755552
763,60000000	0,99725504
763,80000000	0,99697916
764,00000000	0,99681554
764,20000000	0,99692521
764,40000000	0,99697279
764,60000000	0,99679703
764,80000000	0,99677719
765,00000000	0,99633864
765,20000000	0,99619411
765,40000000	0,99616281
765,60000000	0,99603286
765,80000000	0,99580153
766,00000000	0,99643931
766,20000000	0,99694932
766,40000000	0,99659616
766,60000000	0,99640498
766,80000000	0,99572836
767,00000000	0,99561786
767,20000000	0,99596184
767,40000000	0,99590663
767,60000000	0,99599238
767,80000000	0,99565112
768,00000000	0,99578790
768,20000000	0,99625658
768,40000000	0,99578408
768,60000000	0,99569944
768,80000000	0,99542692
769,00000000	0,99571662
769,20000000	0,99566355
769,40000000	0,99544421
769,60000000	0,99611514
769,80000000	0,99576844
770,00000000	0,99556990
770,20000000	0,99553081
770,40000000	0,99483084
770,60000000	0,99524403
770,80000000	0,99615664
771,00000000	0,99562620
771,20000000	0,99560339
771,40000000	0,99571097
771,60000000	0,99587851
771,80000000	0,99596593
772,00000000	0,99532352
772,20000000	0,99423152
772,40000000	0,99502588
772,60000000	0,99526160
772,80000000	0,99612587
773,00000000	0,99634947
773,20000000	0,99552757
773,40000000	0,99529571
773,60000000	0,99583638
773,80000000	0,99633425
774,00000000	0,99551351
774,20000000	0,99501212
774,40000000	0,99534282
774,60000000	0,99632644
774,80000000	0,99613759
775,00000000	0,99565213
775,20000000	0,99509139
775,40000000	0,99533419
775,60000000	0,99547977
775,80000000	0,99588725
776,00000000	0,99611216
776,20000000	0,99599716
776,40000000	0,99638161
776,60000000	0,99639392
776,80000000	0,99587301
777,00000000	0,99565469
777,20000000	0,99570665
777,40000000	0,99559660
777,60000000	0,99582923
777,80000000	0,99614974
778,00000000	0,99626303
778,20000000	0,99620886
778,40000000	0,99633324
778,60000000	0,99630515
778,80000000	0,99621290
779,00000000	0,99595764
779,20000000	0,99603350
779,40000000	0,99613419
779,60000000	0,99624139
779,80000000	0,99622481
780,00000000	0,99586148
780,20000000	0,99548213
780,40000000	0,99505406
780,60000000	0,99504965
780,80000000	0,99510892
781,00000000	0,99536125
781,20000000	0,99545579
781,40000000	0,99510160
781,60000000	0,99550815
781,80000000	0,99586953
782,00000000	0,99494544
782,20000000	0,99488162
782,40000000	0,99516751
782,60000000	0,99523898
782,80000000	0,99545930
783,00000000	0,99533451
783,20000000	0,99522502
783,40000000	0,99487227
783,60000000	0,99498442
783,80000000	0,99446788
784,00000000	0,99382836
784,20000000	0,99376034
784,40000000	0,99373961
784,60000000	0,99398546
784,80000000	0,99409449
785,00000000	0,99417343
785,20000000	0,99428472
785,40000000	0,99302630
785,60000000	0,99274776
785,80000000	0,99198477
786,00000000	0,99181903
786,20000000	0,99222689
786,40000000	0,99214580
786,60000000	0,99243990
786,80000000	0,99194544
787,00000000	0,99145300
787,20000000	0,99160124
787,40000000	0,99075803
787,60000000	0,99090949
787,80000000	0,99186678
788,00000000	0,99155489
788,20000000	0,99216876
788,40000000	0,99149042
788,60000000	0,99111477
788,80000000	0,99075928
789,00000000	0,98970176
789,20000000	0,98910192
789,40000000	0,98745970
789,60000000	0,98706558
789,80000000	0,98829665
790,00000000	0,98816339
790,20000000	0,98828242
790,40000000	0,98831773
790,60000000	0,98794706
790,80000000	0,98863205
791,00000000	0,98782343
791,20000000	0,98649877
791,40000000	0,98645517
791,60000000	0,98735625
791,80000000	0,98726876
792,00000000	0,98659273
792,20000000	0,98632875
792,40000000	0,98619189
792,60000000	0,98522968
792,80000000	0,98402086
793,00000000	0,98390293
793,20000000	0,98410168
793,40000000	0,98542476
793,60000000	0,98527110
793,80000000	0,98602955
794,00000000	0,98601033
794,20000000	0,98446873
794,40000000	0,98454365
794,60000000	0,98411317
794,80000000	0,98349731
795,00000000	0,98295304
795,20000000	0,98215773
795,40000000	0,98372332
795,60000000	0,98408537
795,80000000	0,98272615
796,00000000	0,98231146
796,20000000	0,98111258
796,40000000	0,98074239
796,60000000	0,98074522
796,80000000	0,98059516
797,00000000	0,98111405
797,20000000	0,98132669
797,40000000	0,98187183
797,60000000	0,98240124
797,80000000	0,98216401
798,00000000	0,98309857
798,20000000	0,98162887
798,40000000	0,97992160
798,60000000	0,98041037
798,80000000	0,98051484
799,00000000	0,98068824
799,20000000	0,97991542
799,40000000	0,97984477
799,60000000	0,98005961
799,80000000	0,97919939
800,00000000	0,97745757
800,20000000	0,97721335
800,40000000	0,97814559
800,60000000	0,97917554
800,80000000	0,97940766
801,00000000	0,97961829
801,20000000	0,98130393
801,40000000	0,98143449
801,60000000	0,98086959
801,80000000	0,98053437
802,00000000	0,98050297
802,20000000	0,97972110
802,40000000	0,97899425
802,60000000	0,97662563
802,80000000	0,97798722
803,00000000	0,97749777
803,20000000	0,97816153
803,40000000	0,97777705
803,60000000	0,97607359
803,80000000	0,97645953
804,00000000	0,97732328
804,20000000	0,97755748
804,40000000	0,97854440
804,60000000	0,97857156
804,80000000	0,98007717
805,00000000	0,97981470
805,20000000	0,97783715
805,40000000	0,97841098
805,60000000	0,97974278
805,80000000	0,97863482
806,00000000	0,97649538
806,20000000	0,97470995
806,40000000	0,97709903
806,60000000	0,97791610
806,80000000	0,97781633
807,00000000	0,97768792
807,20000000	0,97780329
807,40000000	0,97954677
807,60000000	0,97815492
807,80000000	0,97570499
808,00000000	0,97634868
808,20000000	0,97677974
808,40000000	0,97826706
808,60000000	0,97820115
808,80000000	0,97673220
809,00000000	0,97789452
809,20000000	0,97787068
809,40000000	0,97745133
809,60000000	0,97606407
809,80000000	0,97367088
810,00000000	0,97537450
810,20000000	0,97645609
810,40000000	0,97548084
810,60000000	0,97735015
810,80000000	0,97592209
811,00000000	0,97852806
811,20000000	0,97736100
811,40000000	0,97531265
811,60000000	0,97534402
811,80000000	0,97529881
812,00000000	0,97581453
812,20000000	0,97537105
812,40000000	0,97347930
812,60000000	0,97655814
812,80000000	0,97779251
813,00000000	0,97743717
813,20000000	0,97829933
813,40000000	0,97760939
813,60000000	0,97725188
813,80000000	0,97507323
814,00000000	0,97679779
814,20000000	0,97660599
814,40000000	0,97545401
814,60000000	0,97674310
814,80000000	0,97675255
815,00000000	0,97765402
815,20000000	0,97694715
815,40000000	0,97457477
815,60000000	0,97375330
815,80000000	0,97437919
816,00000000	0,97534653
816,20000000	0,97453040
816,40000000	0,97367265
816,60000000	0,97518505
816,80000000	0,97738136
817,00000000	0,97703246
817,20000000	0,97692925
817,40000000	0,97635545
817,60000000	0,97574495
817,80000000	0,97508737
818,00000000	0,97434615
818,20000000	0,97357889
818,40000000	0,97172952
818,60000000	0,97313163
818,80000000	0,97475176
819,00000000	0,97444381
819,20000000	0,97506283
819,40000000	0,97483722
819,60000000	0,97520627
819,80000000	0,97632348
820,00000000	0,97346291
820,20000000	0,97311073
820,40000000	0,97184366
820,60000000	0,97440664
820,80000000	0,97489971
821,00000000	0,97191493
821,20000000	0,97341011
821,40000000	0,97352404
821,60000000	0,97372949
821,80000000	0,97393239
822,00000000	0,97287819
822,20000000	0,97129939
822,40000000	0,97270520
822,60000000	0,97181260
822,80000000	0,97318380
823,00000000	0,97244761
823,20000000	0,97246804
823,40000000	0,97165451
823,60000000	0,97194137
823,80000000	0,97147593
824,00000000	0,97068811
824,20000000	0,96937175
824,40000000	0,96944874
824,60000000	0,97096425
824,80000000	0,97098471
825,00000000	0,96896519
825,20000000	0,96830077
825,40000000	0,96814342
825,60000000	0,96558748
825,80000000	0,96669949
826,00000000	0,96498207
826,20000000	0,96510180
826,40000000	0,96866983
826,60000000	0,96489711
826,80000000	0,96436501
827,00000000	0,96591849
827,20000000	0,96650728
827,40000000	0,96678738
827,60000000	0,96440957
827,80000000	0,96113112
828,00000000	0,96248885
828,20000000	0,96044563
828,40000000	0,95784620
828,60000000	0,96117823
828,80000000	0,96147521
829,00000000	0,96246351
829,20000000	0,96204808
829,40000000	0,96130616
829,60000000	0,96394059
829,80000000	0,96062503
830,00000000	0,95794219
830,20000000	0,95775714
830,40000000	0,95729207
830,60000000	0,95649511
830,80000000	0,95602188
831,00000000	0,95586402
831,20000000	0,95613765
831,40000000	0,95583722
831,60000000	0,95382910
831,80000000	0,95290328
832,00000000	0,95623622
832,20000000	0,95479639
832,40000000	0,95306556
832,60000000	0,95149417
832,80000000	0,95174489
833,00000000	0,95453456
833,20000000	0,94997414
833,40000000	0,95018106
833,60000000	0,94874090
833,80000000	0,94809114
834,00000000	0,94888947
834,20000000	0,94451362
834,40000000	0,94282290
834,60000000	0,94219194
834,80000000	0,93923133
835,00000000	0,93985622
835,20000000	0,94157184
835,40000000	0,94045040
835,60000000	0,94003489
835,80000000	0,94042752
836,00000000	0,93837604
836,20000000	0,93872308
836,40000000	0,94058480
836,60000000	0,94000954
836,80000000	0,93795884
837,00000000	0,93617732
837,20000000	0,93643879
837,40000000	0,93726499
837,60000000	0,93673418
837,80000000	0,93676274
838,00000000	0,93647511
838,20000000	0,93609152
838,40000000	0,93621074
838,60000000	0,93073043
838,80000000	0,92903161
839,00000000	0,92564393
839,20000000	0,92534529
839,40000000	0,92683407
839,60000000	0,92801837
839,80000000	0,92751647
840,00000000	0,92963740
840,20000000	0,93031138
840,40000000	0,93009557
840,60000000	0,92910651
840,80000000	0,92980521
841,00000000	0,92733448
841,20000000	0,92652830
841,40000000	0,92774777
841,60000000	0,92559106
841,80000000	0,92459922
842,00000000	0,92558304
842,20000000	0,92414272
842,40000000	0,92516825
842,60000000	0,92488314
842,80000000	0,92630173
843,00000000	0,92598520
843,20000000	0,92474965
843,40000000	0,92357368
843,60000000	0,92355366
843,80000000	0,92630646
844,00000000	0,92477557
844,20000000	0,92411809
844,40000000	0,92765451
844,60000000	0,93022885
844,80000000	0,92859081
845,00000000	0,92785436
845,20000000	0,92645113
845,40000000	0,92742245
845,60000000	0,92848985
845,80000000	0,92499973
846,00000000	0,92327305
846,20000000	0,92628533
846,40000000	0,92681052
846,60000000	0,92843922
846,80000000	0,92870988
847,00000000	0,92768352
847,20000000	0,92923309
847,40000000	0,92922545
847,60000000	0,92692021
847,80000000	0,92901610
848,00000000	0,92923535
848,20000000	0,92999668
848,40000000	0,93008374
848,60000000	0,93323227
848,80000000	0,93302225
849,00000000	0,93155787
849,20000000	0,93261623
849,40000000	0,93459834
849,60000000	0,93352320
849,80000000	0,93375071
850,00000000	0,93534796
850,20000000	0,93627026
850,40000000	0,93652192
850,60000000	0,93577501
850,80000000	0,93551571
851,00000000	0,93508787
851,20000000	0,93625708
851,40000000	0,93631273
851,60000000	0,93933292
851,80000000	0,94238609
852,00000000	0,94012249
852,20000000	0,94146997
852,40000000	0,94331854
852,60000000	0,94178128
852,80000000	0,94246430
853,00000000	0,94268271
853,20000000	0,94309759
853,40000000	0,94378965
853,60000000	0,94352273
853,80000000	0,94491223
854,00000000	0,94775922
854,20000000	0,94775888
854,40000000	0,94747709
854,60000000	0,94862689
854,80000000	0,95051017
855,00000000	0,94968676
855,20000000	0,94918356
855,40000000	0,95092393
855,60000000	0,95320953
855,80000000	0,95338683
856,00000000	0,95387959
856,20000000	0,95534776
856,40000000	0,95659233
856,60000000	0,95754428
856,80000000	0,95790925
857,00000000	0,95902264
857,20000000	0,96039513
857,40000000	0,95914227
857,60000000	0,95906097
857,80000000	0,96011895
858,00000000	0,96099998
858,20000000	0,96103152
858,40000000	0,96152864
858,60000000	0,96216509
858,80000000	0,96280219
859,00000000	0,96413935
859,20000000	0,96310538
859,40000000	0,96404592
859,60000000	0,96577315
859,80000000	0,96575753
860,00000000	0,96632623
860,20000000	0,96770373
860,40000000	0,96884139
860,60000000	0,96859814
860,80000000	0,96842121
861,00000000	0,96820043
861,20000000	0,96870481
861,40000000	0,97047481
861,60000000	0,97190681
861,80000000	0,97072386
862,00000000	0,97196830
862,20000000	0,97330801
862,40000000	0,97407345
862,60000000	0,97392904
862,80000000	0,97361268
863,00000000	0,97391227
863,20000000	0,97561671
863,40000000	0,97543861
863,60000000	0,97386508
863,80000000	0,97495277
864,00000000	0,97681822
864,20000000	0,97748742
864,40000000	0,97750236
864,60000000	0,97756403
864,80000000	0,97878052
865,00000000	0,97870518
865,20000000	0,97845232
865,40000000	0,97774746
865,60000000	0,97853853
865,80000000	0,97917955
866,00000000	0,97922591
866,20000000	0,97948856
866,40000000	0,97932324
866,60000000	0,98080345
866,80000000	0,98159879
867,00000000	0,98109472
867,20000000	0,98044751
867,40000000	0,98100586
867,60000000	0,98131566
867,80000000	0,98005546
868,00000000	0,98125009
868,20000000	0,98089038
868,40000000	0,98237228
868,60000000	0,98234182
868,80000000	0,98264593
869,00000000	0,98323382
869,20000000	0,98330331
869,40000000	0,98316112
869,60000000	0,98371676
869,80000000	0,98367557
870,00000000	0,98449629
870,20000000	0,98496432
870,40000000	0,98500821
870,60000000	0,98581981
870,80000000	0,98574421
871,00000000	0,98494035
871,20000000	0,98436242
871,40000000	0,98460449
871,60000000	0,98471962
871,80000000	0,98494545
872,00000000	0,98545558
872,20000000	0,98576298
872,40000000	0,98577825
872,60000000	0,98619973
872,80000000	0,98613972
873,00000000	0,98619407
873,20000000	0,98557082
873,40000000	0,98495539
873,60000000	0,98498894
873,80000000	0,98597724
874,00000000	0,98568188
874,20000000	0,98618691
874,40000000	0,98659012
874,60000000	0,98597372
874,80000000	0,98629770
875,00000000	0,98650441
875,20000000	0,98711793
875,40000000	0,98679270
875,60000000	0,98625726
875,80000000	0,98732598
876,00000000	0,98725402
876,20000000	0,98645802
876,40000000	0,98626142
876,60000000	0,98695357
876,80000000	0,98755479
877,00000000	0,98635713
877,20000000	0,98716663
877,40000000	0,98791793
877,60000000	0,98777905
877,80000000	0,98764245
878,00000000	0,98673005
878,20000000	0,98721842
878,40000000	0,98793683
878,60000000	0,98622816
878,80000000	0,98614906
879,00000000	0,98731579
879,20000000	0,98713852
879,40000000	0,98707776
879,60000000	0,98719033
879,80000000	0,98681306
880,00000000	0,98772777
880,20000000	0,98662308
880,40000000	0,98621444
880,60000000	0,98675681
880,80000000	0,98524455
881,00000000	0,98615822
881,20000000	0,98553798
881,40000000	0,98568102
881,60000000	0,98505424
881,80000000	0,98454197
882,00000000	0,98573712
882,20000000	0,98521502
882,40000000	0,98579983
882,60000000	0,98486873
882,80000000	0,98471052
883,00000000	0,98531037
883,20000000	0,98424924
883,40000000	0,98546837
883,60000000	0,98564406
883,80000000	0,98436951
884,00000000	0,98463058
884,20000000	0,98376963
884,40000000	0,98378196
884,60000000	0,98283450
884,80000000	0,98337206
885,00000000	0,98402887
885,20000000	0,98391499
885,40000000	0,98327432
885,60000000	0,98433368
885,80000000	0,98284607
886,00000000	0,98198787
886,20000000	0,98161567
886,40000000	0,98170596
886,60000000	0,98252836
886,80000000	0,98118094
887,00000000	0,98079417
887,20000000	0,98085646
887,40000000	0,97971653
887,60000000	0,98067430
887,80000000	0,97873596
888,00000000	0,97894469
888,20000000	0,97836903
888,40000000	0,97829459
888,60000000	0,97938587
888,80000000	0,97847105
889,00000000	0,97918941
889,20000000	0,97761763
889,40000000	0,97731367
889,60000000	0,97622126
889,80000000	0,97611223
890,00000000	0,97703495
890,20000000	0,97573427
890,40000000	0,97583115
890,60000000	0,97539982
890,80000000	0,97531743
891,00000000	0,97394624
891,20000000	0,97390049
891,40000000	0,97530190
891,60000000	0,97643182
891,80000000	0,97551974
892,00000000	0,97399913
892,20000000	0,97432225
892,40000000	0,97455611
892,60000000	0,97436226
892,80000000	0,97352836
893,00000000	0,97271993
893,20000000	0,97299500
893,40000000	0,97251873
893,60000000	0,97293388
893,80000000	0,97362215
894,00000000	0,97358154
894,20000000	0,97339133
894,40000000	0,97382668
894,60000000	0,97431900
894,80000000	0,97401327
895,00000000	0,97410538
895,20000000	0,97428346
895,40000000	0,97277984
895,60000000	0,97153252
895,80000000	0,97204611
896,00000000	0,97182811
896,20000000	0,97213641
896,40000000	0,97138904
896,60000000	0,97201440
896,80000000	0,97289849
897,00000000	0,97241109
897,20000000	0,97323247
897,40000000	0,97229173
897,60000000	0,97273391
897,80000000	0,97240410
898,00000000	0,97272448
898,20000000	0,97242117
898,40000000	0,97270276
898,60000000	0,97448146
898,80000000	0,97452123
899,00000000	0,97401920
899,20000000	0,97337458
899,40000000	0,97391385
899,60000000	0,97279380
899,80000000	0,97389002
900,00000000	0,97449067
