150,00000000	0,99268842
150,20000000	0,98754920
150,40000000	0,99130574
150,60000000	0,99304983
150,80000000	0,99146694
151,00000000	0,98955230
151,20000000	0,98052697
151,40000000	0,99090142
151,60000000	0,99122164
151,80000000	0,98990606
152,00000000	0,98878326
152,20000000	0,98361972
152,40000000	0,98034648
152,60000000	0,98721852
152,80000000	0,98659131
153,00000000	0,98322054
153,20000000	0,98426580
153,40000000	0,98257369
153,60000000	0,98035774
153,80000000	0,97450467
154,00000000	0,98633782
154,20000000	0,98004029
154,40000000	0,98071925
154,60000000	0,98145887
154,80000000	0,97590143
155,00000000	0,98183564
155,20000000	0,98419508
155,40000000	0,97719683
155,60000000	0,98298106
155,80000000	0,97494136
156,00000000	0,97072540
156,20000000	0,97658160
156,40000000	0,98087163
156,60000000	0,97669692
156,80000000	0,97854436
157,00000000	0,97105275
157,20000000	0,96947017
157,40000000	0,97088249
157,60000000	0,97905226
157,80000000	0,97991410
158,00000000	0,97322349
158,20000000	0,96867439
158,40000000	0,96833416
158,60000000	0,97694504
158,80000000	0,97812624
159,00000000	0,96858292
159,20000000	0,96982198
159,40000000	0,97333035
159,60000000	0,97120657
159,80000000	0,97938103
160,00000000	0,97580774
160,20000000	0,96516591
160,40000000	0,96456100
160,60000000	0,97101485
160,80000000	0,96670780
161,00000000	0,97781385
161,20000000	0,96667558
161,40000000	0,96656133
161,60000000	0,96580597
161,80000000	0,97403353
162,00000000	0,96856499
162,20000000	0,96637473
162,40000000	0,96920337
162,60000000	0,96537707
162,80000000	0,96540185
163,00000000	0,96641027
163,20000000	0,97770215
163,40000000	0,96552835
163,60000000	0,96699829
163,80000000	0,96702908
164,00000000	0,96776254
164,20000000	0,97395145
164,40000000	0,97137606
164,60000000	0,97671049
164,80000000	0,96077706
165,00000000	0,96571283
165,20000000	0,97699575
165,40000000	0,96766887
165,60000000	0,96483596
165,80000000	0,96908960
166,00000000	0,96900302
166,20000000	0,97132150
166,40000000	0,96894473
166,60000000	0,97237144
166,80000000	0,97009199
167,00000000	0,97049131
167,20000000	0,96705805
167,40000000	0,97427206
167,60000000	0,97721863
167,80000000	0,97176432
168,00000000	0,96535855
168,20000000	0,96567840
168,40000000	0,96922073
168,60000000	0,97074870
168,80000000	0,97271006
169,00000000	0,97710086
169,20000000	0,96960752
169,40000000	0,96879252
169,60000000	0,96576025
169,80000000	0,97133346
170,00000000	0,97519111
170,20000000	0,97375342
170,40000000	0,96831044
170,60000000	0,96304375
170,80000000	0,96748695
171,00000000	0,96746956
171,20000000	0,97427260
171,40000000	0,97513019
171,60000000	0,98047590
171,80000000	0,97021692
172,00000000	0,96062124
172,20000000	0,96784072
172,40000000	0,97288491
172,60000000	0,97736836
172,80000000	0,97124397
173,00000000	0,97077270
173,20000000	0,97451484
173,40000000	0,97401599
173,60000000	0,97037455
173,80000000	0,97775767
174,00000000	0,98145304
174,20000000	0,97577320
174,40000000	0,96992160
174,60000000	0,96695556
174,80000000	0,97360706
175,00000000	0,97524818
175,20000000	0,97264890
175,40000000	0,97325176
175,60000000	0,97362141
175,80000000	0,96790297
176,00000000	0,97314404
176,20000000	0,97263268
176,40000000	0,97181436
176,60000000	0,97234968
176,80000000	0,97156355
177,00000000	0,96927202
177,20000000	0,96753657
177,40000000	0,97525997
177,60000000	0,97200183
177,80000000	0,96950034
178,00000000	0,97232912
178,20000000	0,96883660
178,40000000	0,96860195
178,60000000	0,96388972
178,80000000	0,96307629
179,00000000	0,96737499
179,20000000	0,97671441
179,40000000	0,96792868
179,60000000	0,96712240
179,80000000	0,96711796
180,00000000	0,96679654
180,20000000	0,96698327
180,40000000	0,96630880
180,60000000	0,95839368
180,80000000	0,96190431
181,00000000	0,96409993
181,20000000	0,96447607
181,40000000	0,96928868
181,60000000	0,96214922
181,80000000	0,96758174
182,00000000	0,96614024
182,20000000	0,95939500
182,40000000	0,95293278
182,60000000	0,96221005
182,80000000	0,95863337
183,00000000	0,96071612
183,20000000	0,95366970
183,40000000	0,95622731
183,60000000	0,95564888
183,80000000	0,95245564
184,00000000	0,95069600
184,20000000	0,95170282
184,40000000	0,96037082
184,60000000	0,95533800
184,80000000	0,94501997
185,00000000	0,95455964
185,20000000	0,95932056
185,40000000	0,96087509
185,60000000	0,94501555
185,80000000	0,94471735
186,00000000	0,94247272
186,20000000	0,95256377
186,40000000	0,95291215
186,60000000	0,94876889
186,80000000	0,94486004
187,00000000	0,93841374
187,20000000	0,94881418
187,40000000	0,94307770
187,60000000	0,93124158
187,80000000	0,94009609
188,00000000	0,94879216
188,20000000	0,94720434
188,40000000	0,93646121
188,60000000	0,92539687
188,80000000	0,94644672
189,00000000	0,95330629
189,20000000	0,94730255
189,40000000	0,93536061
189,60000000	0,92742488
189,80000000	0,92803927
190,00000000	0,93786489
190,20000000	0,93734713
190,40000000	0,93046785
190,60000000	0,93593415
190,80000000	0,94197146
191,00000000	0,94004971
191,20000000	0,92727262
191,40000000	0,93371929
191,60000000	0,93053556
191,80000000	0,92677137
192,00000000	0,92887994
192,20000000	0,93855749
192,40000000	0,93666153
192,60000000	0,93408250
192,80000000	0,93109295
193,00000000	0,93450653
193,20000000	0,94313154
193,40000000	0,93966165
193,60000000	0,94369942
193,80000000	0,92764297
194,00000000	0,93498324
194,20000000	0,93924802
194,40000000	0,92772343
194,60000000	0,92852718
194,80000000	0,91800494
195,00000000	0,92561699
195,20000000	0,93778820
195,40000000	0,93632927
195,60000000	0,92754575
195,80000000	0,92774655
196,00000000	0,93636466
196,20000000	0,93885570
196,40000000	0,92955062
196,60000000	0,92357159
196,80000000	0,93280523
197,00000000	0,92585729
197,20000000	0,92517626
197,40000000	0,92246493
197,60000000	0,92445521
197,80000000	0,92656340
198,00000000	0,91498959
198,20000000	0,91242506
198,40000000	0,92015574
198,60000000	0,93032477
198,80000000	0,93175131
199,00000000	0,92629559
199,20000000	0,92868445
199,40000000	0,92812621
199,60000000	0,92299912
199,80000000	0,92799958
200,00000000	0,92590908
200,20000000	0,92233075
200,40000000	0,92236266
200,60000000	0,92177085
200,80000000	0,91535881
201,00000000	0,92368934
201,20000000	0,92454148
201,40000000	0,92065856
201,60000000	0,91213761
201,80000000	0,91275112
202,00000000	0,92843651
202,20000000	0,92417792
202,40000000	0,91255826
202,60000000	0,91689594
202,80000000	0,91337243
203,00000000	0,91652942
203,20000000	0,92307099
203,40000000	0,92102816
203,60000000	0,91947722
203,80000000	0,91930192
204,00000000	0,92295940
204,20000000	0,91737529
204,40000000	0,91910449
204,60000000	0,92621899
204,80000000	0,92911666
205,00000000	0,91610424
205,20000000	0,91312368
205,40000000	0,92279579
205,60000000	0,92343933
205,80000000	0,91994196
206,00000000	0,91663975
206,20000000	0,91456183
206,40000000	0,90810500
206,60000000	0,90945806
206,80000000	0,91650441
207,00000000	0,90842343
207,20000000	0,90502263
207,40000000	0,91411814
207,60000000	0,90776828
207,80000000	0,90651418
208,00000000	0,90885146
208,20000000	0,91275968
208,40000000	0,91174189
208,60000000	0,90336671
208,80000000	0,90061432
209,00000000	0,90348624
209,20000000	0,90370993
209,40000000	0,91336765
209,60000000	0,91270570
209,80000000	0,90866866
210,00000000	0,90865779
210,20000000	0,90481678
210,40000000	0,90387412
210,60000000	0,91171198
210,80000000	0,90993075
211,00000000	0,90764145
211,20000000	0,90929408
211,40000000	0,90466146
211,60000000	0,90870531
211,80000000	0,90275149
212,00000000	0,89868503
212,20000000	0,90847287
212,40000000	0,90181057
212,60000000	0,90268334
212,80000000	0,90748484
213,00000000	0,90433768
213,20000000	0,89819482
213,40000000	0,90270155
213,60000000	0,90559598
213,80000000	0,90088297
214,00000000	0,90428897
214,20000000	0,90470737
214,40000000	0,89801440
214,60000000	0,90484026
214,80000000	0,90328003
215,00000000	0,89819020
215,20000000	0,89617416
215,40000000	0,89980355
215,60000000	0,89708931
215,80000000	0,89810148
216,00000000	0,89949077
216,20000000	0,89684626
216,40000000	0,90056159
216,60000000	0,90721656
216,80000000	0,90242723
217,00000000	0,89711334
217,20000000	0,89529682
217,40000000	0,89211770
217,60000000	0,89932789
217,80000000	0,89841841
218,00000000	0,90069291
218,20000000	0,90523567
218,40000000	0,90088466
218,60000000	0,89669036
218,80000000	0,89858747
219,00000000	0,89920504
219,20000000	0,90406986
219,40000000	0,89833096
219,60000000	0,89606989
219,80000000	0,89919991
220,00000000	0,89749962
220,20000000	0,90018173
220,40000000	0,90303809
220,60000000	0,90076435
220,80000000	0,90556549
221,00000000	0,90400264
221,20000000	0,89850966
221,40000000	0,89951901
221,60000000	0,90168026
221,80000000	0,90395229
222,00000000	0,90325680
222,20000000	0,89931272
222,40000000	0,90784070
222,60000000	0,90748944
222,80000000	0,90497863
223,00000000	0,90418955
223,20000000	0,90742407
223,40000000	0,90640632
223,60000000	0,90550920
223,80000000	0,90573393
224,00000000	0,90576469
224,20000000	0,90708193
224,40000000	0,90753521
224,60000000	0,90868505
224,80000000	0,90942619
225,00000000	0,90725861
225,20000000	0,90839889
225,40000000	0,91319539
225,60000000	0,91231632
225,80000000	0,91183501
226,00000000	0,91138957
226,20000000	0,90733062
226,40000000	0,91000149
226,60000000	0,91152536
226,80000000	0,90990452
227,00000000	0,91325942
227,20000000	0,91384503
227,40000000	0,91626154
227,60000000	0,91258213
227,80000000	0,91206387
228,00000000	0,91442621
228,20000000	0,91524996
228,40000000	0,91589754
228,60000000	0,91852224
228,80000000	0,92101988
229,00000000	0,91970965
229,20000000	0,91782941
229,40000000	0,91907551
229,60000000	0,92025131
229,80000000	0,92113249
230,00000000	0,92026166
230,20000000	0,91866658
230,40000000	0,92102114
230,60000000	0,92170582
230,80000000	0,92164505
231,00000000	0,92188870
231,20000000	0,92074646
231,40000000	0,91963381
231,60000000	0,92459139
231,80000000	0,92333233
232,00000000	0,92103654
232,20000000	0,92202921
232,40000000	0,92530808
232,60000000	0,92385599
232,80000000	0,92433134
233,00000000	0,91977736
233,20000000	0,91899930
233,40000000	0,92488501
233,60000000	0,92293845
233,80000000	0,92449031
234,00000000	0,92686437
234,20000000	0,92858481
234,40000000	0,93052698
234,60000000	0,92870218
234,80000000	0,92784256
235,00000000	0,92701724
235,20000000	0,92704066
235,40000000	0,93172940
235,60000000	0,93037481
235,80000000	0,92830989
236,00000000	0,92817923
236,20000000	0,92731578
236,40000000	0,92761682
236,60000000	0,92746170
236,80000000	0,92794458
237,00000000	0,92913551
237,20000000	0,92689500
237,40000000	0,92521993
237,60000000	0,92717030
237,80000000	0,92868648
238,00000000	0,93175380
238,20000000	0,93273934
238,40000000	0,92921946
238,60000000	0,93000283
238,80000000	0,93229352
239,00000000	0,93178100
239,20000000	0,92897633
239,40000000	0,92880625
239,60000000	0,92911358
239,80000000	0,93238913
240,00000000	0,93404415
240,20000000	0,93389492
240,40000000	0,93257439
240,60000000	0,93227182
240,80000000	0,93263039
241,00000000	0,93240745
241,20000000	0,93226544
241,40000000	0,93339570
241,60000000	0,93283872
241,80000000	0,93273539
242,00000000	0,93193921
242,20000000	0,93488749
242,40000000	0,93542796
242,60000000	0,93268850
242,80000000	0,93036594
243,00000000	0,92971784
243,20000000	0,93182065
243,40000000	0,93082059
243,60000000	0,93116677
243,80000000	0,93014295
244,00000000	0,92875538
244,20000000	0,92866443
244,40000000	0,92818519
244,60000000	0,93005369
244,80000000	0,93186342
245,00000000	0,92921032
245,20000000	0,92936772
245,40000000	0,93230076
245,60000000	0,93207358
245,80000000	0,93164283
246,00000000	0,93232044
246,20000000	0,93275356
246,40000000	0,93077896
246,60000000	0,93143700
246,80000000	0,93308935
247,00000000	0,93439925
247,20000000	0,93717444
247,40000000	0,93734302
247,60000000	0,93525390
247,80000000	0,93630623
248,00000000	0,93524422
248,20000000	0,93543248
248,40000000	0,93907250
248,60000000	0,93928263
248,80000000	0,93776739
249,00000000	0,93801589
249,20000000	0,93842309
249,40000000	0,93858174
249,60000000	0,93647244
249,80000000	0,93652225
250,00000000	0,93979568
250,20000000	0,94023298
250,40000000	0,93901486
250,60000000	0,93961182
250,80000000	0,94118198
251,00000000	0,94227942
251,20000000	0,94069539
251,40000000	0,94020388
251,60000000	0,94091423
251,80000000	0,94246255
252,00000000	0,94252327
252,20000000	0,94238743
252,40000000	0,94145258
252,60000000	0,94157858
252,80000000	0,94469498
253,00000000	0,94418458
253,20000000	0,94235097
253,40000000	0,94385475
253,60000000	0,94410372
253,80000000	0,94432858
254,00000000	0,94488917
254,20000000	0,94552508
254,40000000	0,94616262
254,60000000	0,94558078
254,80000000	0,94616878
255,00000000	0,94789731
255,20000000	0,94932092
255,40000000	0,95108769
255,60000000	0,95146824
255,80000000	0,95214036
256,00000000	0,95182608
256,20000000	0,95134251
256,40000000	0,95281386
256,60000000	0,95350150
256,80000000	0,95316270
257,00000000	0,95318307
257,20000000	0,95344432
257,40000000	0,95477994
257,60000000	0,95612049
257,80000000	0,95620242
258,00000000	0,95632073
258,20000000	0,95669839
258,40000000	0,95707879
258,60000000	0,95797373
258,80000000	0,95853259
259,00000000	0,95947762
259,20000000	0,95993444
259,40000000	0,95982064
259,60000000	0,96023940
259,80000000	0,95993204
260,00000000	0,95916850
260,20000000	0,96023128
260,40000000	0,96249054
260,60000000	0,96287627
260,80000000	0,96250123
261,00000000	0,96274957
261,20000000	0,96395440
261,40000000	0,96533935
261,60000000	0,96471287
261,80000000	0,96399397
262,00000000	0,96596021
262,20000000	0,96744103
262,40000000	0,96742080
262,60000000	0,96635559
262,80000000	0,96712624
263,00000000	0,96930705
263,20000000	0,97014519
263,40000000	0,96941614
263,60000000	0,96955071
263,80000000	0,97017434
264,00000000	0,97091013
264,20000000	0,97136793
264,40000000	0,97180685
264,60000000	0,97304053
264,80000000	0,97396824
265,00000000	0,97385266
265,20000000	0,97367823
265,40000000	0,97461754
265,60000000	0,97533185
265,80000000	0,97466613
266,00000000	0,97469237
266,20000000	0,97553971
266,40000000	0,97748258
266,60000000	0,97835371
266,80000000	0,97794270
267,00000000	0,97746107
267,20000000	0,97835493
267,40000000	0,97910492
267,60000000	0,97892110
267,80000000	0,97876277
268,00000000	0,97918167
268,20000000	0,98030690
268,40000000	0,98112875
268,60000000	0,98079955
268,80000000	0,98065110
269,00000000	0,98165039
269,20000000	0,98219249
269,40000000	0,98172211
269,60000000	0,98211467
269,80000000	0,98364222
270,00000000	0,98434241
270,20000000	0,98348465
270,40000000	0,98348685
270,60000000	0,98498840
270,80000000	0,98547736
271,00000000	0,98527807
271,20000000	0,98606452
271,40000000	0,98697990
271,60000000	0,98717275
271,80000000	0,98726589
272,00000000	0,98783345
272,20000000	0,98914326
272,40000000	0,98959228
272,60000000	0,98866840
272,80000000	0,98844695
273,00000000	0,98968546
273,20000000	0,99076935
273,40000000	0,99048354
273,60000000	0,99014164
273,80000000	0,99112735
274,00000000	0,99233521
274,20000000	0,99264900
274,40000000	0,99238775
274,60000000	0,99262939
274,80000000	0,99322288
275,00000000	0,99404673
275,20000000	0,99446855
275,40000000	0,99455845
275,60000000	0,99496519
275,80000000	0,99521651
276,00000000	0,99541688
276,20000000	0,99596440
276,40000000	0,99644625
276,60000000	0,99663548
276,80000000	0,99658519
277,00000000	0,99665500
277,20000000	0,99687953
277,40000000	0,99711702
277,60000000	0,99757101
277,80000000	0,99810767
278,00000000	0,99835157
278,20000000	0,99812351
278,40000000	0,99820226
278,60000000	0,99846105
278,80000000	0,99848323
279,00000000	0,99865037
279,20000000	0,99878200
279,40000000	0,99887221
279,60000000	0,99911044
279,80000000	0,99927408
280,00000000	0,99938568
280,20000000	0,99949922
280,40000000	0,99972054
280,60000000	0,99982870
280,80000000	0,99977435
281,00000000	0,99965731
281,20000000	0,99959859
281,40000000	0,99974253
281,60000000	0,99982235
281,80000000	0,99979043
282,00000000	0,99978755
282,20000000	0,99974858
282,40000000	0,99972948
282,60000000	0,99964169
282,80000000	0,99950901
283,00000000	0,99940847
283,20000000	0,99941079
283,40000000	0,99933675
283,60000000	0,99904075
283,80000000	0,99900511
284,00000000	0,99905329
284,20000000	0,99899181
284,40000000	0,99877773
284,60000000	0,99833802
284,80000000	0,99767565
285,00000000	0,99733666
285,20000000	0,99696631
285,40000000	0,99721169
285,60000000	0,99759560
285,80000000	0,99740508
286,00000000	0,99669758
286,20000000	0,99614275
286,40000000	0,99577870
286,60000000	0,99542526
286,80000000	0,99556009
287,00000000	0,99585292
287,20000000	0,99544294
287,40000000	0,99477164
287,60000000	0,99442467
287,80000000	0,99412068
288,00000000	0,99385664
288,20000000	0,99353767
288,40000000	0,99309698
288,60000000	0,99256877
288,80000000	0,99218998
289,00000000	0,99176078
289,20000000	0,99156311
289,40000000	0,99212354
289,60000000	0,99225414
289,80000000	0,99169142
290,00000000	0,98985125
290,20000000	0,98878349
290,40000000	0,98897096
290,60000000	0,98879658
290,80000000	0,98841056
291,00000000	0,98828020
291,20000000	0,98888918
291,40000000	0,98949150
291,60000000	0,98895841
291,80000000	0,98719924
292,00000000	0,98635753
292,20000000	0,98637751
292,40000000	0,98652259
292,60000000	0,98614854
292,80000000	0,98501303
293,00000000	0,98508186
293,20000000	0,98534483
293,40000000	0,98494835
293,60000000	0,98343177
293,80000000	0,98289831
294,00000000	0,98361728
294,20000000	0,98380232
294,40000000	0,98337859
294,60000000	0,98286183
294,80000000	0,98171652
295,00000000	0,98186025
295,20000000	0,98236525
295,40000000	0,98267074
295,60000000	0,98323182
295,80000000	0,98326498
296,00000000	0,98283038
296,20000000	0,98130613
296,40000000	0,98049902
296,60000000	0,98049477
296,80000000	0,98018652
297,00000000	0,98027667
297,20000000	0,97942954
297,40000000	0,97855009
297,60000000	0,98013561
297,80000000	0,98188590
298,00000000	0,98101500
298,20000000	0,97974556
298,40000000	0,97992590
298,60000000	0,98013269
298,80000000	0,97938430
299,00000000	0,97864651
299,20000000	0,97800101
299,40000000	0,97833636
299,60000000	0,97926275
299,80000000	0,97945816
300,00000000	0,97837874
300,20000000	0,97746862
300,40000000	0,97723020
300,60000000	0,97747619
300,80000000	0,97866670
301,00000000	0,97891395
301,20000000	0,97811233
301,40000000	0,97772951
301,60000000	0,97724528
301,80000000	0,97663859
302,00000000	0,97678858
302,20000000	0,97685959
302,40000000	0,97556334
302,60000000	0,97524559
302,80000000	0,97555112
303,00000000	0,97521457
303,20000000	0,97475320
303,40000000	0,97470412
303,60000000	0,97515704
303,80000000	0,97562665
304,00000000	0,97479348
304,20000000	0,97402824
304,40000000	0,97430071
304,60000000	0,97421378
304,80000000	0,97422972
305,00000000	0,97345971
305,20000000	0,97290501
305,40000000	0,97317184
305,60000000	0,97187473
305,80000000	0,97142174
306,00000000	0,97253136
306,20000000	0,97229554
306,40000000	0,97145965
306,60000000	0,97145315
306,80000000	0,97104417
307,00000000	0,96940490
307,20000000	0,96949045
307,40000000	0,97008992
307,60000000	0,96935705
307,80000000	0,96915411
308,00000000	0,96961338
308,20000000	0,96895629
308,40000000	0,96769085
308,60000000	0,96750807
308,80000000	0,96696522
309,00000000	0,96618493
309,20000000	0,96582665
309,40000000	0,96597497
309,60000000	0,96627522
309,80000000	0,96579875
310,00000000	0,96506792
310,20000000	0,96454793
310,40000000	0,96312284
310,60000000	0,96230101
310,80000000	0,96322460
311,00000000	0,96354974
311,20000000	0,96235110
311,40000000	0,96081658
311,60000000	0,96111080
311,80000000	0,96115329
312,00000000	0,96158929
312,20000000	0,96283598
312,40000000	0,96143520
312,60000000	0,96006704
312,80000000	0,95981754
313,00000000	0,95959169
313,20000000	0,95938113
313,40000000	0,95790706
313,60000000	0,95773715
313,80000000	0,95857030
314,00000000	0,95804066
314,20000000	0,95593492
314,40000000	0,95448207
314,60000000	0,95457096
314,80000000	0,95410462
315,00000000	0,95496955
315,20000000	0,95558038
315,40000000	0,95514462
315,60000000	0,95523024
315,80000000	0,95536027
316,00000000	0,95583773
316,20000000	0,95541321
316,40000000	0,95413217
316,60000000	0,95378029
316,80000000	0,95401965
317,00000000	0,95304045
317,20000000	0,95236707
317,40000000	0,95282504
317,60000000	0,95280625
317,80000000	0,95245687
318,00000000	0,95317016
318,20000000	0,95434048
318,40000000	0,95439652
318,60000000	0,95450121
318,80000000	0,95491596
319,00000000	0,95535857
319,20000000	0,95474565
319,40000000	0,95416951
319,60000000	0,95464801
319,80000000	0,95505441
320,00000000	0,95563142
320,20000000	0,95576938
320,40000000	0,95506613
320,60000000	0,95426331
320,80000000	0,95477683
321,00000000	0,95593900
321,20000000	0,95612814
321,40000000	0,95706934
321,60000000	0,95801419
321,80000000	0,95793351
322,00000000	0,95811991
322,20000000	0,95907088
322,40000000	0,95947192
322,60000000	0,95939407
322,80000000	0,95944945
323,00000000	0,95906177
323,20000000	0,95918401
323,40000000	0,96064102
323,60000000	0,96225319
323,80000000	0,96292979
324,00000000	0,96288269
324,20000000	0,96306935
324,40000000	0,96396807
324,60000000	0,96472634
324,80000000	0,96565506
325,00000000	0,96669354
325,20000000	0,96736583
325,40000000	0,96801003
325,60000000	0,96785692
325,80000000	0,96859677
326,00000000	0,97070460
326,20000000	0,97121266
326,40000000	0,97090738
326,60000000	0,97164954
326,80000000	0,97270922
327,00000000	0,97309409
327,20000000	0,97382278
327,40000000	0,97478753
327,60000000	0,97544926
327,80000000	0,97655055
328,00000000	0,97751755
328,20000000	0,97833007
328,40000000	0,97908929
328,60000000	0,97956995
328,80000000	0,98007576
329,00000000	0,98075127
329,20000000	0,98168392
329,40000000	0,98251674
329,60000000	0,98304526
329,80000000	0,98344022
330,00000000	0,98345137
330,20000000	0,98340377
330,40000000	0,98402961
330,60000000	0,98479212
330,80000000	0,98529280
331,00000000	0,98574197
331,20000000	0,98588205
331,40000000	0,98626848
331,60000000	0,98679340
331,80000000	0,98679837
332,00000000	0,98696592
332,20000000	0,98683188
332,40000000	0,98642790
332,60000000	0,98645596
332,80000000	0,98625215
333,00000000	0,98620802
333,20000000	0,98616187
333,40000000	0,98589226
333,60000000	0,98521479
333,80000000	0,98445479
334,00000000	0,98416706
334,20000000	0,98377855
334,40000000	0,98298838
334,60000000	0,98214493
334,80000000	0,98122021
335,00000000	0,97974469
335,20000000	0,97842775
335,40000000	0,97774364
335,60000000	0,97649423
335,80000000	0,97450647
336,00000000	0,97222882
336,20000000	0,97052889
336,40000000	0,96964226
336,60000000	0,96830731
336,80000000	0,96639407
337,00000000	0,96499792
337,20000000	0,96320641
337,40000000	0,96030840
337,60000000	0,95824652
337,80000000	0,95617428
338,00000000	0,95259980
338,20000000	0,94990510
338,40000000	0,94822456
338,60000000	0,94491130
338,80000000	0,94091783
339,00000000	0,93871100
339,20000000	0,93568426
339,40000000	0,93065861
339,60000000	0,92713725
339,80000000	0,92408502
340,00000000	0,91975416
340,20000000	0,91537348
340,40000000	0,91117298
340,60000000	0,90835324
340,80000000	0,90550674
341,00000000	0,90143470
341,20000000	0,89656457
341,40000000	0,89249629
341,60000000	0,88951685
341,80000000	0,88472055
342,00000000	0,87962047
342,20000000	0,87571021
342,40000000	0,87033925
342,60000000	0,86475346
342,80000000	0,85912532
343,00000000	0,85186406
343,20000000	0,84592193
343,40000000	0,84124290
343,60000000	0,83823298
343,80000000	0,83574828
344,00000000	0,83208030
344,20000000	0,82885152
344,40000000	0,82268569
344,60000000	0,81426291
344,80000000	0,80856081
345,00000000	0,80480787
345,20000000	0,79976864
345,40000000	0,79233293
345,60000000	0,78602661
345,80000000	0,78042275
346,00000000	0,77333689
346,20000000	0,76818838
346,40000000	0,76361997
346,60000000	0,75875281
346,80000000	0,75282406
347,00000000	0,74559163
347,20000000	0,73887872
347,40000000	0,73182661
347,60000000	0,72636868
347,80000000	0,72109473
348,00000000	0,71345791
348,20000000	0,70858247
348,40000000	0,70630013
348,60000000	0,70075703
348,80000000	0,69366855
349,00000000	0,68669392
349,20000000	0,68060215
349,40000000	0,67926870
349,60000000	0,67878454
349,80000000	0,67406988
350,00000000	0,66580868
350,20000000	0,65762582
350,40000000	0,65042329
350,60000000	0,64449962
350,80000000	0,64067408
351,00000000	0,63680091
351,20000000	0,63441526
351,40000000	0,63206612
351,60000000	0,62542141
351,80000000	0,61782887
352,00000000	0,61348850
352,20000000	0,60962549
352,40000000	0,60371652
352,60000000	0,59694053
352,80000000	0,59209677
353,00000000	0,59095215
353,20000000	0,58702592
353,40000000	0,57748481
353,60000000	0,57014831
353,80000000	0,56590498
354,00000000	0,56258126
354,20000000	0,56037577
354,40000000	0,55774788
354,60000000	0,55517440
354,80000000	0,55078168
355,00000000	0,54487428
355,20000000	0,54118523
355,40000000	0,53818911
355,60000000	0,53200929
355,80000000	0,52294433
356,00000000	0,51837441
356,20000000	0,51620218
356,40000000	0,51223262
356,60000000	0,51120564
356,80000000	0,50837546
357,00000000	0,50153948
357,20000000	0,49748287
357,40000000	0,49504509
357,60000000	0,49186564
357,80000000	0,48966417
358,00000000	0,48819612
358,20000000	0,48811522
358,40000000	0,48583203
358,60000000	0,48096721
358,80000000	0,47854926
359,00000000	0,47364697
359,20000000	0,46434742
359,40000000	0,45867526
359,60000000	0,45944010
359,80000000	0,45988787
360,00000000	0,45604223
360,20000000	0,45222145
360,40000000	0,44955111
360,60000000	0,44727232
360,80000000	0,44592857
361,00000000	0,44243097
361,20000000	0,43924614
361,40000000	0,43650121
361,60000000	0,43072383
361,80000000	0,42636613
362,00000000	0,42737822
362,20000000	0,42874754
362,40000000	0,42595556
362,60000000	0,42325375
362,80000000	0,41937712
363,00000000	0,41459508
363,20000000	0,41186241
363,40000000	0,40794438
363,60000000	0,40629174
363,80000000	0,40651072
364,00000000	0,40167833
364,20000000	0,39595837
364,40000000	0,39444599
364,60000000	0,39346764
364,80000000	0,39177028
365,00000000	0,38985811
365,20000000	0,38566016
365,40000000	0,38260449
365,60000000	0,38442520
365,80000000	0,38447914
366,00000000	0,38158257
366,20000000	0,38066009
366,40000000	0,37754765
366,60000000	0,37415988
366,80000000	0,37579365
367,00000000	0,37568712
367,20000000	0,37156049
367,40000000	0,36733332
367,60000000	0,36319526
367,80000000	0,36037219
368,00000000	0,35913775
368,20000000	0,35937212
368,40000000	0,36012185
368,60000000	0,35803651
368,80000000	0,35418273
369,00000000	0,35237999
369,20000000	0,35312159
369,40000000	0,35178793
369,60000000	0,34819241
369,80000000	0,34710412
370,00000000	0,34804631
370,20000000	0,34793168
370,40000000	0,34482312
370,60000000	0,34143582
370,80000000	0,33849251
371,00000000	0,33595786
371,20000000	0,33660182
371,40000000	0,33605745
371,60000000	0,33537895
371,80000000	0,33634320
372,00000000	0,33366824
372,20000000	0,32939907
372,40000000	0,32736158
372,60000000	0,32795825
372,80000000	0,32888541
373,00000000	0,32689739
373,20000000	0,32426628
373,40000000	0,32254206
373,60000000	0,32101898
373,80000000	0,32087584
374,00000000	0,32152668
374,20000000	0,32128240
374,40000000	0,32041922
374,60000000	0,31914390
374,80000000	0,31732156
375,00000000	0,31614579
375,20000000	0,31637924
375,40000000	0,31609237
375,60000000	0,31472203
375,80000000	0,31305771
376,00000000	0,31147217
376,20000000	0,31087853
376,40000000	0,30943901
376,60000000	0,30672760
376,80000000	0,30519166
377,00000000	0,30682619
377,20000000	0,31009914
377,40000000	0,31028111
377,60000000	0,30681434
377,80000000	0,30424950
378,00000000	0,30476970
378,20000000	0,30527201
378,40000000	0,30253806
378,60000000	0,30024840
378,80000000	0,30067861
379,00000000	0,30082967
379,20000000	0,30083424
379,40000000	0,30133352
379,60000000	0,30275839
379,80000000	0,30348772
380,00000000	0,30110376
380,20000000	0,29761429
380,40000000	0,29726783
380,60000000	0,30011362
380,80000000	0,30087342
381,00000000	0,29988630
381,20000000	0,29949562
381,40000000	0,29880603
381,60000000	0,29910859
381,80000000	0,30087992
382,00000000	0,30060496
382,20000000	0,29814605
382,40000000	0,29757666
382,60000000	0,29837918
382,80000000	0,29863919
383,00000000	0,29820092
383,20000000	0,29820873
383,40000000	0,29928885
383,60000000	0,29916506
383,80000000	0,29782814
384,00000000	0,29746386
384,20000000	0,29751147
384,40000000	0,29720888
384,60000000	0,29763901
384,80000000	0,29783209
385,00000000	0,29557264
385,20000000	0,29321940
385,40000000	0,29330608
385,60000000	0,29400132
385,80000000	0,29405422
386,00000000	0,29419254
386,20000000	0,29416607
386,40000000	0,29289950
386,60000000	0,29104785
386,80000000	0,28951947
387,00000000	0,28868117
387,20000000	0,28778766
387,40000000	0,28531895
387,60000000	0,28278827
387,80000000	0,28271867
388,00000000	0,28301352
388,20000000	0,28111254
388,40000000	0,27870038
388,60000000	0,27682821
388,80000000	0,27517547
389,00000000	0,27417904
389,20000000	0,27269168
389,40000000	0,27126089
389,60000000	0,27003419
389,80000000	0,26732076
390,00000000	0,26591717
390,20000000	0,26496830
390,40000000	0,26276865
390,60000000	0,26277763
390,80000000	0,26315215
391,00000000	0,26097270
391,20000000	0,25906412
391,40000000	0,25757876
391,60000000	0,25593683
391,80000000	0,25547230
392,00000000	0,25388276
392,20000000	0,25151281
392,40000000	0,25072718
392,60000000	0,24952017
392,80000000	0,24781445
393,00000000	0,24694152
393,20000000	0,24580518
393,40000000	0,24550718
393,60000000	0,24553916
393,80000000	0,24448274
394,00000000	0,24345525
394,20000000	0,24225554
394,40000000	0,24091438
394,60000000	0,24079302
394,80000000	0,24047653
395,00000000	0,23870227
395,20000000	0,23792724
395,40000000	0,23803178
395,60000000	0,23768570
395,80000000	0,23679358
396,00000000	0,23505195
396,20000000	0,23422344
396,40000000	0,23380120
396,60000000	0,23272235
396,80000000	0,23172308
397,00000000	0,23113155
397,20000000	0,23082114
397,40000000	0,23061498
397,60000000	0,23003391
397,80000000	0,22890752
398,00000000	0,22811674
398,20000000	0,22750272
398,40000000	0,22659665
398,60000000	0,22565785
398,80000000	0,22484972
399,00000000	0,22459806
399,20000000	0,22468301
399,40000000	0,22421011
399,60000000	0,22350326
399,80000000	0,22299009
400,00000000	0,22236333
400,20000000	0,22211107
400,40000000	0,22189389
400,60000000	0,22132160
400,80000000	0,22103718
401,00000000	0,22099645
401,20000000	0,22066389
401,40000000	0,21980912
401,60000000	0,21889589
401,80000000	0,21877757
402,00000000	0,21871378
402,20000000	0,21777240
402,40000000	0,21686936
402,60000000	0,21634992
402,80000000	0,21605955
403,00000000	0,21595799
403,20000000	0,21547575
403,40000000	0,21515207
403,60000000	0,21515676
403,80000000	0,21475557
404,00000000	0,21396295
404,20000000	0,21312609
404,40000000	0,21250025
404,60000000	0,21219079
404,80000000	0,21196353
405,00000000	0,21171845
405,20000000	0,21144878
405,40000000	0,21106378
405,60000000	0,21077296
405,80000000	0,21040772
406,00000000	0,20988153
406,20000000	0,20948734
406,40000000	0,20908907
406,60000000	0,20873992
406,80000000	0,20841710
407,00000000	0,20767953
407,20000000	0,20719755
407,40000000	0,20726611
407,60000000	0,20698249
407,80000000	0,20640057
408,00000000	0,20597125
408,20000000	0,20571704
408,40000000	0,20549752
408,60000000	0,20498143
408,80000000	0,20449696
409,00000000	0,20433304
409,20000000	0,20414618
409,40000000	0,20399094
409,60000000	0,20368726
409,80000000	0,20321482
410,00000000	0,20301567
410,20000000	0,20272244
410,40000000	0,20236019
410,60000000	0,20205551
410,80000000	0,20165220
411,00000000	0,20160545
411,20000000	0,20149655
411,40000000	0,20099021
411,60000000	0,20070677
411,80000000	0,20054070
412,00000000	0,20032501
412,20000000	0,20008110
412,40000000	0,19963078
412,60000000	0,19940296
412,80000000	0,19930756
413,00000000	0,19904925
413,20000000	0,19877274
413,40000000	0,19847314
413,60000000	0,19828228
413,80000000	0,19813796
414,00000000	0,19785703
414,20000000	0,19761483
414,40000000	0,19740478
414,60000000	0,19717157
414,80000000	0,19701221
415,00000000	0,19667875
415,20000000	0,19637103
415,40000000	0,19628536
415,60000000	0,19616782
415,80000000	0,19606880
416,00000000	0,19585304
416,20000000	0,19557737
416,40000000	0,19549611
416,60000000	0,19527909
416,80000000	0,19507761
417,00000000	0,19501946
417,20000000	0,19482099
417,40000000	0,19472698
417,60000000	0,19456782
417,80000000	0,19423255
418,00000000	0,19406344
418,20000000	0,19392592
418,40000000	0,19381922
418,60000000	0,19376138
418,80000000	0,19355875
419,00000000	0,19337972
419,20000000	0,19325740
419,40000000	0,19309446
419,60000000	0,19294272
419,80000000	0,19279675
420,00000000	0,19274933
420,20000000	0,19263061
420,40000000	0,19243962
420,60000000	0,19231827
420,80000000	0,19217164
421,00000000	0,19216785
421,20000000	0,19207784
421,40000000	0,19172972
421,60000000	0,19173303
421,80000000	0,19173821
422,00000000	0,19152335
422,20000000	0,19146598
422,40000000	0,19127698
422,60000000	0,19115477
422,80000000	0,19111346
423,00000000	0,19088741
423,20000000	0,19093548
423,40000000	0,19101550
423,60000000	0,19093962
423,80000000	0,19098674
424,00000000	0,19064642
424,20000000	0,19034024
424,40000000	0,19044081
424,60000000	0,19056754
424,80000000	0,19060650
425,00000000	0,19024565
425,20000000	0,19010502
425,40000000	0,19039103
425,60000000	0,19029538
425,80000000	0,19013778
426,00000000	0,19010751
426,20000000	0,19004356
426,40000000	0,19027028
426,60000000	0,19015148
426,80000000	0,19000410
427,00000000	0,19011605
427,20000000	0,18995515
427,40000000	0,18998510
427,60000000	0,18950727
427,80000000	0,18876703
428,00000000	0,18911844
428,20000000	0,18955169
428,40000000	0,19013958
428,60000000	0,19060670
428,80000000	0,19003072
429,00000000	0,19012589
429,20000000	0,19055872
429,40000000	0,19023497
429,60000000	0,19008577
429,80000000	0,19013911
430,00000000	0,19038913
430,20000000	0,19072564
430,40000000	0,19044971
430,60000000	0,19025948
430,80000000	0,19019473
431,00000000	0,19010810
431,20000000	0,19013655
431,40000000	0,18998421
431,60000000	0,19016528
431,80000000	0,19051648
432,00000000	0,19085330
432,20000000	0,19101196
432,40000000	0,19057579
432,60000000	0,18990787
432,80000000	0,18966610
433,00000000	0,18968091
433,20000000	0,18967995
433,40000000	0,18977679
433,60000000	0,19003473
433,80000000	0,19020099
434,00000000	0,19020127
434,20000000	0,19026459
434,40000000	0,19031168
434,60000000	0,19027572
434,80000000	0,19012694
435,00000000	0,19009044
435,20000000	0,19001476
435,40000000	0,19004685
435,60000000	0,19026424
435,80000000	0,19025813
436,00000000	0,18981148
436,20000000	0,18961885
436,40000000	0,19035289
436,60000000	0,19146748
436,80000000	0,19135926
437,00000000	0,19051212
437,20000000	0,19069274
437,40000000	0,19104876
437,60000000	0,19105186
437,80000000	0,19062944
438,00000000	0,19014459
438,20000000	0,19080240
438,40000000	0,19162695
438,60000000	0,19186778
438,80000000	0,19209229
439,00000000	0,19222447
439,20000000	0,19242681
439,40000000	0,19226189
439,60000000	0,19215085
439,80000000	0,19245950
440,00000000	0,19266436
440,20000000	0,19299979
440,40000000	0,19313127
440,60000000	0,19289720
440,80000000	0,19258732
441,00000000	0,19287399
441,20000000	0,19381209
441,40000000	0,19398420
441,60000000	0,19333124
441,80000000	0,19345840
442,00000000	0,19394539
442,20000000	0,19377366
442,40000000	0,19337551
442,60000000	0,19379257
442,80000000	0,19470267
443,00000000	0,19525005
443,20000000	0,19476194
443,40000000	0,19461126
443,60000000	0,19500061
443,80000000	0,19575434
444,00000000	0,19637067
444,20000000	0,19527247
444,40000000	0,19486722
444,60000000	0,19545674
444,80000000	0,19566162
445,00000000	0,19566163
445,20000000	0,19550316
445,40000000	0,19617118
445,60000000	0,19680594
445,80000000	0,19702663
446,00000000	0,19691418
446,20000000	0,19672900
446,40000000	0,19715308
446,60000000	0,19751070
446,80000000	0,19779416
447,00000000	0,19856740
447,20000000	0,19853495
447,40000000	0,19859208
447,60000000	0,19951583
447,80000000	0,20017097
448,00000000	0,20013264
448,20000000	0,20013822
448,40000000	0,20132422
448,60000000	0,20201030
448,80000000	0,20198356
449,00000000	0,20148069
449,20000000	0,20134464
449,40000000	0,20301837
449,60000000	0,20482120
449,80000000	0,20483224
450,00000000	0,20439036
450,20000000	0,20414948
450,40000000	0,20471143
450,60000000	0,20528954
450,80000000	0,20617712
451,00000000	0,20662773
451,20000000	0,20707915
451,40000000	0,20736988
451,60000000	0,20667022
451,80000000	0,20658366
452,00000000	0,20729056
452,20000000	0,20888285
452,40000000	0,20883504
452,60000000	0,20806198
452,80000000	0,20906692
453,00000000	0,20999230
453,20000000	0,21048269
453,40000000	0,20956357
453,60000000	0,20858168
453,80000000	0,21016867
454,00000000	0,21119440
454,20000000	0,21101716
454,40000000	0,21289657
454,60000000	0,21412606
454,80000000	0,21418236
455,00000000	0,21499294
455,20000000	0,21446324
455,40000000	0,21346615
455,60000000	0,21324236
455,80000000	0,21595500
456,00000000	0,21829583
456,20000000	0,21706662
456,40000000	0,21682445
456,60000000	0,21822317
456,80000000	0,21951359
457,00000000	0,21965579
457,20000000	0,22020021
457,40000000	0,22122301
457,60000000	0,22257234
457,80000000	0,22418577
458,00000000	0,22316884
458,20000000	0,22266359
458,40000000	0,22506280
458,60000000	0,22587377
458,80000000	0,22544031
459,00000000	0,22515127
459,20000000	0,22580886
459,40000000	0,22754132
459,60000000	0,22789419
459,80000000	0,22860576
460,00000000	0,22813797
460,20000000	0,22910383
460,40000000	0,23137388
460,60000000	0,23136128
460,80000000	0,23088751
461,00000000	0,23046664
461,20000000	0,23196881
461,40000000	0,23408036
461,60000000	0,23495667
461,80000000	0,23587980
462,00000000	0,23592313
462,20000000	0,23634444
462,40000000	0,24008785
462,60000000	0,24024833
462,80000000	0,24200005
463,00000000	0,24359620
463,20000000	0,24295711
463,40000000	0,24447910
463,60000000	0,24503638
463,80000000	0,24501616
464,00000000	0,24558373
464,20000000	0,24749683
464,40000000	0,24837067
464,60000000	0,24804271
464,80000000	0,24924200
465,00000000	0,24921672
465,20000000	0,25066993
465,40000000	0,25168674
465,60000000	0,25181465
465,80000000	0,25308348
466,00000000	0,25351273
466,20000000	0,25342217
466,40000000	0,25280778
466,60000000	0,25518751
466,80000000	0,25830294
467,00000000	0,25760840
467,20000000	0,25763075
467,40000000	0,26165449
467,60000000	0,26381947
467,80000000	0,26605870
468,00000000	0,26500749
468,20000000	0,26586359
468,40000000	0,26859636
468,60000000	0,26972668
468,80000000	0,26989094
469,00000000	0,27205149
469,20000000	0,27517471
469,40000000	0,27800652
469,60000000	0,27813767
469,80000000	0,27642340
470,00000000	0,27715477
470,20000000	0,27794317
470,40000000	0,27861767
470,60000000	0,27939120
470,80000000	0,27818606
471,00000000	0,28133825
471,20000000	0,28279321
471,40000000	0,28306571
471,60000000	0,28792493
471,80000000	0,29172174
472,00000000	0,29434419
472,20000000	0,29567553
472,40000000	0,29421801
472,60000000	0,29215480
472,80000000	0,29136999
473,00000000	0,29521031
473,20000000	0,30207974
473,40000000	0,30227797
473,60000000	0,30238032
473,80000000	0,30311119
474,00000000	0,30540479
474,20000000	0,30882537
474,40000000	0,30714618
474,60000000	0,30869552
474,80000000	0,31472543
475,00000000	0,31825453
475,20000000	0,31882675
475,40000000	0,31934686
475,60000000	0,32188038
475,80000000	0,32142586
476,00000000	0,32233213
476,20000000	0,32706803
476,40000000	0,32733549
476,60000000	0,32345868
476,80000000	0,32319854
477,00000000	0,33037439
477,20000000	0,33355928
477,40000000	0,33687289
477,60000000	0,33845231
477,80000000	0,33810383
478,00000000	0,33830410
478,20000000	0,33803463
478,40000000	0,33766168
478,60000000	0,33917562
478,80000000	0,34559426
479,00000000	0,35484328
479,20000000	0,35525003
479,40000000	0,35248475
479,60000000	0,35571556
479,80000000	0,35751027
480,00000000	0,35894764
480,20000000	0,36011185
480,40000000	0,36546098
480,60000000	0,36978804
480,80000000	0,37239871
481,00000000	0,37329076
481,20000000	0,37309059
481,40000000	0,37581946
481,60000000	0,37871555
481,80000000	0,38044202
482,00000000	0,38645458
482,20000000	0,38837412
482,40000000	0,38495462
482,60000000	0,38763628
482,80000000	0,39340392
483,00000000	0,39401617
483,20000000	0,39678625
483,40000000	0,40303339
483,60000000	0,40058593
483,80000000	0,40036052
484,00000000	0,40700597
484,20000000	0,41253131
484,40000000	0,41483230
484,60000000	0,41843142
484,80000000	0,42139994
485,00000000	0,42421266
485,20000000	0,42977791
485,40000000	0,42973840
485,60000000	0,42629246
485,80000000	0,42943812
486,00000000	0,43443822
486,20000000	0,43809420
486,40000000	0,43945855
486,60000000	0,43989550
486,80000000	0,44628304
487,00000000	0,44540204
487,20000000	0,45034295
487,40000000	0,45574612
487,60000000	0,45831766
487,80000000	0,46231947
488,00000000	0,46336218
488,20000000	0,46841943
488,40000000	0,47140097
488,60000000	0,47243102
488,80000000	0,47138924
489,00000000	0,47170924
489,20000000	0,47740543
489,40000000	0,48088935
489,60000000	0,48147583
489,80000000	0,48521857
490,00000000	0,49451455
490,20000000	0,50078697
490,40000000	0,50176671
490,60000000	0,50375406
490,80000000	0,50330794
491,00000000	0,50246426
491,20000000	0,50804383
491,40000000	0,52256616
491,60000000	0,52675268
491,80000000	0,52211590
492,00000000	0,52428287
492,20000000	0,52768147
492,40000000	0,53246894
492,60000000	0,53966639
492,80000000	0,54281438
493,00000000	0,54170367
493,20000000	0,54288811
493,40000000	0,54443142
493,60000000	0,54608687
493,80000000	0,55286943
494,00000000	0,55839385
494,20000000	0,55965933
494,40000000	0,56170884
494,60000000	0,56515885
494,80000000	0,57072567
495,00000000	0,57216532
495,20000000	0,57390345
495,40000000	0,57965053
495,60000000	0,58163425
495,80000000	0,58462855
496,00000000	0,58971775
496,20000000	0,59273061
496,40000000	0,59727700
496,60000000	0,59732618
496,80000000	0,59731612
497,00000000	0,60072508
497,20000000	0,60437240
497,40000000	0,60703925
497,60000000	0,60826375
497,80000000	0,61027372
498,00000000	0,61750088
498,20000000	0,62187507
498,40000000	0,62364406
498,60000000	0,62545833
498,80000000	0,62741175
499,00000000	0,62988913
499,20000000	0,63143313
499,40000000	0,63687564
499,60000000	0,64133901
499,80000000	0,64228527
500,00000000	0,64520618
500,20000000	0,64789213
500,40000000	0,65038302
500,60000000	0,65157741
500,80000000	0,65080750
501,00000000	0,65383801
501,20000000	0,65946893
501,40000000	0,66086272
501,60000000	0,66115968
501,80000000	0,66233829
502,00000000	0,66506030
502,20000000	0,66872380
502,40000000	0,67147222
502,60000000	0,67038711
502,80000000	0,67038382
503,00000000	0,67430434
503,20000000	0,67620651
503,40000000	0,67963327
503,60000000	0,68325959
503,80000000	0,68709963
504,00000000	0,68856443
504,20000000	0,68852638
504,40000000	0,68671576
504,60000000	0,68547908
504,80000000	0,68719921
505,00000000	0,68874944
505,20000000	0,68865679
505,40000000	0,68837049
505,60000000	0,68983303
505,80000000	0,69217412
506,00000000	0,69129512
506,20000000	0,68994727
506,40000000	0,68877409
506,60000000	0,68772100
506,80000000	0,69258138
507,00000000	0,69425189
507,20000000	0,69278980
507,40000000	0,69167654
507,60000000	0,69108533
507,80000000	0,69178254
508,00000000	0,69221054
508,20000000	0,69027418
508,40000000	0,68955416
508,60000000	0,68928142
508,80000000	0,68994253
509,00000000	0,69067367
509,20000000	0,68711008
509,40000000	0,68603329
509,60000000	0,68662683
509,80000000	0,68536479
510,00000000	0,68188240
510,20000000	0,68157697
510,40000000	0,68163489
510,60000000	0,67962867
510,80000000	0,67910100
511,00000000	0,67801781
511,20000000	0,67551013
511,40000000	0,67307742
511,60000000	0,67231734
511,80000000	0,67123063
512,00000000	0,66947311
512,20000000	0,66839169
512,40000000	0,66573935
512,60000000	0,66395466
512,80000000	0,66202397
513,00000000	0,65997269
513,20000000	0,65862768
513,40000000	0,65760842
513,60000000	0,65594044
513,80000000	0,65270869
514,00000000	0,65029447
514,20000000	0,64821734
514,40000000	0,64609289
514,60000000	0,64325742
514,80000000	0,64160570
515,00000000	0,63917151
515,20000000	0,63758597
515,40000000	0,63645540
515,60000000	0,63367821
515,80000000	0,63099685
516,00000000	0,62816019
516,20000000	0,62640044
516,40000000	0,62388275
516,60000000	0,62121691
516,80000000	0,61836042
517,00000000	0,61715392
517,20000000	0,61562842
517,40000000	0,61285976
517,60000000	0,61077176
517,80000000	0,60803122
518,00000000	0,60667483
518,20000000	0,60441347
518,40000000	0,60124424
518,60000000	0,59860672
518,80000000	0,59652337
519,00000000	0,59358612
519,20000000	0,59096357
519,40000000	0,58958571
519,60000000	0,58741928
519,80000000	0,58576673
520,00000000	0,58347765
520,20000000	0,58098972
520,40000000	0,57829694
520,60000000	0,57621891
520,80000000	0,57372884
521,00000000	0,57132496
521,20000000	0,56951443
521,40000000	0,56744298
521,60000000	0,56609787
521,80000000	0,56376562
522,00000000	0,56179057
522,20000000	0,55937571
522,40000000	0,55766863
522,60000000	0,55515147
522,80000000	0,55313615
523,00000000	0,55173386
523,20000000	0,54958826
523,40000000	0,54827064
523,60000000	0,54607212
523,80000000	0,54470100
524,00000000	0,54273215
524,20000000	0,54081655
524,40000000	0,53826016
524,60000000	0,53637363
524,80000000	0,53436546
525,00000000	0,53284299
525,20000000	0,53204736
525,40000000	0,53003070
525,60000000	0,52892422
525,80000000	0,52732861
526,00000000	0,52608466
526,20000000	0,52362089
526,40000000	0,52184964
526,60000000	0,51989937
526,80000000	0,51785130
527,00000000	0,51681821
527,20000000	0,51521047
527,40000000	0,51427558
527,60000000	0,51341433
527,80000000	0,51324115
528,00000000	0,51192313
528,20000000	0,51017650
528,40000000	0,50819370
528,60000000	0,50626058
528,80000000	0,50448894
529,00000000	0,50211169
529,20000000	0,50079657
529,40000000	0,49983527
529,60000000	0,49966010
529,80000000	0,49896658
530,00000000	0,49865708
530,20000000	0,49844476
530,40000000	0,49716685
530,60000000	0,49635627
530,80000000	0,49424045
531,00000000	0,49213883
531,20000000	0,48955898
531,40000000	0,48839886
531,60000000	0,48719297
531,80000000	0,48601758
532,00000000	0,48538448
532,20000000	0,48537963
532,40000000	0,48658738
532,60000000	0,48668653
532,80000000	0,48636504
533,00000000	0,48521092
533,20000000	0,48308070
533,40000000	0,47980038
533,60000000	0,47801921
533,80000000	0,47676972
534,00000000	0,47490828
534,20000000	0,47518242
534,40000000	0,47677832
534,60000000	0,47844324
534,80000000	0,47848765
535,00000000	0,47911472
535,20000000	0,47799473
535,40000000	0,47555297
535,60000000	0,47242655
535,80000000	0,46972199
536,00000000	0,46809957
536,20000000	0,46721186
536,40000000	0,46815773
536,60000000	0,46932688
536,80000000	0,47084019
537,00000000	0,47300727
537,20000000	0,47323473
537,40000000	0,47095411
537,60000000	0,46957062
537,80000000	0,46690426
538,00000000	0,46352956
538,20000000	0,46326126
538,40000000	0,46356483
538,60000000	0,46446637
538,80000000	0,46581771
539,00000000	0,46565326
539,20000000	0,46707872
539,40000000	0,46790755
539,60000000	0,46624905
539,80000000	0,46282683
540,00000000	0,46146923
540,20000000	0,46308844
540,40000000	0,46182388
540,60000000	0,46246261
540,80000000	0,46208928
541,00000000	0,46250057
541,20000000	0,46371187
541,40000000	0,46452630
541,60000000	0,46386457
541,80000000	0,46276042
542,00000000	0,46064745
542,20000000	0,45986769
542,40000000	0,46127263
542,60000000	0,46098774
542,80000000	0,46180001
543,00000000	0,46146720
543,20000000	0,46373588
543,40000000	0,46395889
543,60000000	0,46319716
543,80000000	0,46130369
544,00000000	0,45953004
544,20000000	0,46090578
544,40000000	0,45995779
544,60000000	0,46046430
544,80000000	0,46205464
545,00000000	0,46390242
545,20000000	0,46235065
545,40000000	0,46435456
545,60000000	0,46357463
545,80000000	0,46161885
546,00000000	0,46050960
546,20000000	0,46159698
546,40000000	0,46402663
546,60000000	0,46513310
546,80000000	0,46751981
547,00000000	0,46772366
547,20000000	0,46792029
547,40000000	0,46670377
547,60000000	0,46707470
547,80000000	0,46808720
548,00000000	0,46795338
548,20000000	0,46513554
548,40000000	0,46889758
548,60000000	0,46895039
548,80000000	0,47126170
549,00000000	0,47091460
549,20000000	0,46972789
549,40000000	0,47222733
549,60000000	0,47251279
549,80000000	0,47211653
550,00000000	0,47024121
550,20000000	0,47355264
550,40000000	0,47624158
550,60000000	0,47540468
550,80000000	0,47437219
551,00000000	0,47630393
551,20000000	0,47932158
551,40000000	0,48267193
551,60000000	0,48208804
551,80000000	0,48339965
552,00000000	0,48419391
552,20000000	0,48305542
552,40000000	0,48593066
552,60000000	0,48475171
552,80000000	0,48568799
553,00000000	0,48735988
553,20000000	0,48856350
553,40000000	0,49023475
553,60000000	0,49221127
553,80000000	0,49038029
554,00000000	0,48957400
554,20000000	0,49411694
554,40000000	0,49463032
554,60000000	0,49476951
554,80000000	0,49365122
555,00000000	0,49547271
555,20000000	0,49835162
555,40000000	0,50230662
555,60000000	0,49762732
555,80000000	0,50138583
556,00000000	0,50528335
556,20000000	0,50569018
556,40000000	0,50654597
556,60000000	0,50557755
556,80000000	0,50661873
557,00000000	0,50874983
557,20000000	0,50868286
557,40000000	0,51026016
557,60000000	0,51262280
557,80000000	0,51528467
558,00000000	0,52075177
558,20000000	0,51997681
558,40000000	0,51899116
558,60000000	0,51993980
558,80000000	0,52263017
559,00000000	0,52450927
559,20000000	0,52513919
559,40000000	0,53003780
559,60000000	0,53000768
559,80000000	0,52760627
560,00000000	0,52540722
560,20000000	0,53026327
560,40000000	0,53429234
560,60000000	0,53738112
560,80000000	0,53495899
561,00000000	0,53896913
561,20000000	0,53974939
561,40000000	0,54033257
561,60000000	0,54261523
561,80000000	0,54462746
562,00000000	0,54337977
562,20000000	0,54648602
562,40000000	0,55031733
562,60000000	0,54665433
562,80000000	0,54898736
563,00000000	0,55077530
563,20000000	0,55339858
563,40000000	0,55689616
563,60000000	0,55958934
563,80000000	0,55867188
564,00000000	0,55822023
564,20000000	0,55563851
564,40000000	0,55868873
564,60000000	0,55962229
564,80000000	0,56367056
565,00000000	0,57033546
565,20000000	0,56770516
565,40000000	0,57117681
565,60000000	0,57138267
565,80000000	0,57282140
566,00000000	0,57220586
566,20000000	0,57109280
566,40000000	0,57198314
566,60000000	0,57576595
566,80000000	0,57699366
567,00000000	0,58268226
567,20000000	0,58531023
567,40000000	0,58335065
567,60000000	0,58791544
567,80000000	0,58669424
568,00000000	0,58644327
568,20000000	0,58957941
568,40000000	0,59341048
568,60000000	0,59251016
568,80000000	0,59457260
569,00000000	0,59594289
569,20000000	0,59722807
569,40000000	0,59888411
569,60000000	0,59909412
569,80000000	0,60337359
570,00000000	0,60181780
570,20000000	0,60369319
570,40000000	0,60465739
570,60000000	0,60593783
570,80000000	0,60567862
571,00000000	0,60723780
571,20000000	0,61282760
571,40000000	0,61755830
571,60000000	0,62003854
571,80000000	0,62271891
572,00000000	0,61872110
572,20000000	0,61814798
572,40000000	0,61456615
572,60000000	0,61511794
572,80000000	0,62050524
573,00000000	0,62503454
573,20000000	0,63014246
573,40000000	0,63492302
573,60000000	0,63561619
573,80000000	0,63078695
574,00000000	0,62759564
574,20000000	0,62857909
574,40000000	0,63149843
574,60000000	0,63761748
574,80000000	0,64024079
575,00000000	0,64120202
575,20000000	0,64344024
575,40000000	0,64299422
575,60000000	0,64338124
575,80000000	0,64310787
576,00000000	0,64352738
576,20000000	0,64617565
576,40000000	0,64940413
576,60000000	0,65364469
576,80000000	0,65152259
577,00000000	0,65239961
577,20000000	0,65657356
577,40000000	0,65812373
577,60000000	0,65597761
577,80000000	0,65640200
578,00000000	0,65887719
578,20000000	0,66386622
578,40000000	0,66424237
578,60000000	0,66577207
578,80000000	0,66837686
579,00000000	0,66858487
579,20000000	0,66961650
579,40000000	0,67265613
579,60000000	0,67828145
579,80000000	0,67902940
580,00000000	0,67670889
580,20000000	0,67821183
580,40000000	0,67811628
580,60000000	0,67920688
580,80000000	0,68414444
581,00000000	0,68634843
581,20000000	0,68697090
581,40000000	0,69026224
581,60000000	0,69102616
581,80000000	0,68943674
582,00000000	0,68934109
582,20000000	0,69015966
582,40000000	0,69309005
582,60000000	0,69839298
582,80000000	0,70201921
583,00000000	0,70479299
583,20000000	0,70531101
583,40000000	0,70703441
583,60000000	0,70591141
583,80000000	0,70358839
584,00000000	0,70602706
584,20000000	0,70819711
584,40000000	0,71455086
584,60000000	0,71838115
584,80000000	0,71863802
585,00000000	0,71421235
585,20000000	0,71476787
585,40000000	0,72032697
585,60000000	0,72266121
585,80000000	0,72344041
586,00000000	0,72534686
586,20000000	0,72919403
586,40000000	0,73176662
586,60000000	0,73317487
586,80000000	0,73486092
587,00000000	0,73631910
587,20000000	0,73724283
587,40000000	0,74063076
587,60000000	0,74005588
587,80000000	0,74118542
588,00000000	0,74192842
588,20000000	0,74654868
588,40000000	0,75143198
588,60000000	0,75032462
588,80000000	0,74897148
589,00000000	0,75265450
589,20000000	0,75683116
589,40000000	0,75521768
589,60000000	0,75540842
589,80000000	0,75570541
590,00000000	0,76070799
590,20000000	0,76284858
590,40000000	0,76629952
590,60000000	0,76645864
590,80000000	0,76930276
591,00000000	0,76910996
591,20000000	0,77067447
591,40000000	0,77336750
591,60000000	0,77624279
591,80000000	0,77754335
592,00000000	0,77850055
592,20000000	0,78178303
592,40000000	0,78598567
592,60000000	0,78311831
592,80000000	0,78404350
593,00000000	0,78840816
593,20000000	0,78691393
593,40000000	0,78898160
593,60000000	0,79258036
593,80000000	0,79400283
594,00000000	0,79449201
594,20000000	0,79509133
594,40000000	0,79670675
594,60000000	0,79945533
594,80000000	0,80309747
595,00000000	0,80413807
595,20000000	0,80540732
595,40000000	0,80687056
595,60000000	0,80761566
595,80000000	0,80890635
596,00000000	0,81253373
596,20000000	0,81400304
596,40000000	0,81467470
596,60000000	0,81815044
596,80000000	0,81727852
597,00000000	0,81818588
597,20000000	0,82128500
597,40000000	0,82288365
597,60000000	0,82543328
597,80000000	0,82425043
598,00000000	0,82748516
598,20000000	0,83001179
598,40000000	0,83275771
598,60000000	0,83404352
598,80000000	0,83506799
599,00000000	0,83582814
599,20000000	0,83768483
599,40000000	0,84003175
599,60000000	0,83975976
599,80000000	0,84204412
600,00000000	0,84434611
600,20000000	0,84620948
600,40000000	0,84757754
600,60000000	0,84736952
600,80000000	0,85043505
601,00000000	0,85103738
601,20000000	0,85213944
601,40000000	0,85567417
601,60000000	0,85712724
601,80000000	0,85941278
602,00000000	0,86340316
602,20000000	0,86278004
602,40000000	0,86211443
602,60000000	0,86480373
602,80000000	0,86701497
603,00000000	0,86700206
603,20000000	0,86845516
603,40000000	0,87145163
603,60000000	0,87368148
603,80000000	0,87446747
604,00000000	0,87463119
604,20000000	0,87597961
604,40000000	0,87831167
604,60000000	0,88099305
604,80000000	0,88294434
605,00000000	0,88460618
605,20000000	0,88479794
605,40000000	0,88594464
605,60000000	0,88837833
605,80000000	0,88944545
606,00000000	0,88975066
606,20000000	0,89122021
606,40000000	0,89180908
606,60000000	0,89458437
606,80000000	0,89613356
607,00000000	0,89836006
607,20000000	0,89794429
607,40000000	0,90060361
607,60000000	0,90126351
607,80000000	0,90298988
608,00000000	0,90465973
608,20000000	0,90577365
608,40000000	0,90536825
608,60000000	0,90746100
608,80000000	0,91024481
609,00000000	0,91240036
609,20000000	0,91445863
609,40000000	0,91622983
609,60000000	0,91473003
609,80000000	0,91581412
610,00000000	0,91800894
610,20000000	0,92025405
610,40000000	0,92178807
610,60000000	0,92232641
610,80000000	0,92425151
611,00000000	0,92549720
611,20000000	0,92547007
611,40000000	0,92713532
611,60000000	0,92871439
611,80000000	0,93059215
612,00000000	0,93223696
612,20000000	0,93277243
612,40000000	0,93286594
612,60000000	0,93405204
612,80000000	0,93558103
613,00000000	0,93810607
613,20000000	0,93905589
613,40000000	0,93971314
613,60000000	0,94136847
613,80000000	0,94209057
614,00000000	0,94358871
614,20000000	0,94420895
614,40000000	0,94545192
614,60000000	0,94706924
614,80000000	0,94820850
615,00000000	0,94868276
615,20000000	0,94979780
615,40000000	0,95087834
615,60000000	0,95314798
615,80000000	0,95242715
616,00000000	0,95377789
616,20000000	0,95467555
616,40000000	0,95557832
616,60000000	0,95769246
616,80000000	0,95896900
617,00000000	0,95880394
617,20000000	0,95988357
617,40000000	0,96084679
617,60000000	0,96243212
617,80000000	0,96334523
618,00000000	0,96425046
618,20000000	0,96496599
618,40000000	0,96548628
618,60000000	0,96665716
618,80000000	0,96731569
619,00000000	0,96838872
619,20000000	0,96967114
619,40000000	0,97049722
619,60000000	0,97089938
619,80000000	0,97132802
620,00000000	0,97259072
620,20000000	0,97381718
620,40000000	0,97455625
620,60000000	0,97507138
620,80000000	0,97580606
621,00000000	0,97656381
621,20000000	0,97753318
621,40000000	0,97765970
621,60000000	0,97878741
621,80000000	0,97982505
622,00000000	0,98072320
622,20000000	0,98113045
622,40000000	0,98147629
622,60000000	0,98186731
622,80000000	0,98266099
623,00000000	0,98399512
623,20000000	0,98493512
623,40000000	0,98502981
623,60000000	0,98518157
623,80000000	0,98581621
624,00000000	0,98660355
624,20000000	0,98720761
624,40000000	0,98757832
624,60000000	0,98809949
624,80000000	0,98897193
625,00000000	0,98951352
625,20000000	0,98936306
625,40000000	0,98976061
625,60000000	0,99068742
625,80000000	0,99159390
626,00000000	0,99170251
626,20000000	0,99201070
626,40000000	0,99282393
626,60000000	0,99299791
626,80000000	0,99324092
627,00000000	0,99371817
627,20000000	0,99409994
627,40000000	0,99450759
627,60000000	0,99494288
627,80000000	0,99526212
628,00000000	0,99554214
628,20000000	0,99590641
628,40000000	0,99619453
628,60000000	0,99644625
628,80000000	0,99664820
629,00000000	0,99686707
629,20000000	0,99713873
629,40000000	0,99748912
629,60000000	0,99782238
629,80000000	0,99792415
630,00000000	0,99816055
630,20000000	0,99831473
630,40000000	0,99858059
630,60000000	0,99871825
630,80000000	0,99891855
631,00000000	0,99903519
631,20000000	0,99918836
631,40000000	0,99939703
631,60000000	0,99940656
631,80000000	0,99950734
632,00000000	0,99968344
632,20000000	0,99972438
632,40000000	0,99980056
632,60000000	0,99985507
632,80000000	0,99989198
633,00000000	0,99991559
633,20000000	0,99994553
633,40000000	0,99998509
633,60000000	0,99999987
633,80000000	0,99999387
634,00000000	0,99998356
634,20000000	0,99996522
634,40000000	0,99992692
634,60000000	0,99989266
634,80000000	0,99983903
635,00000000	0,99971131
635,20000000	0,99968004
635,40000000	0,99966242
635,60000000	0,99954198
635,80000000	0,99947786
636,00000000	0,99931436
636,20000000	0,99917306
636,40000000	0,99911743
636,60000000	0,99892741
636,80000000	0,99878629
637,00000000	0,99871912
637,20000000	0,99862297
637,40000000	0,99837890
637,60000000	0,99811740
637,80000000	0,99796615
638,00000000	0,99785945
638,20000000	0,99767860
638,40000000	0,99746095
638,60000000	0,99717163
638,80000000	0,99703271
639,00000000	0,99673798
639,20000000	0,99648182
639,40000000	0,99617462
639,60000000	0,99586147
639,80000000	0,99590185
640,00000000	0,99565610
640,20000000	0,99523048
640,40000000	0,99504356
640,60000000	0,99463781
640,80000000	0,99447270
641,00000000	0,99422214
641,20000000	0,99404621
641,40000000	0,99373175
641,60000000	0,99354760
641,80000000	0,99323294
642,00000000	0,99304224
642,20000000	0,99220228
642,40000000	0,99215763
642,60000000	0,99189387
642,80000000	0,99197608
643,00000000	0,99173978
643,20000000	0,99114988
643,40000000	0,99057591
643,60000000	0,99052722
643,80000000	0,99012361
644,00000000	0,98995308
644,20000000	0,98982570
644,40000000	0,98959119
644,60000000	0,98892434
644,80000000	0,98878816
645,00000000	0,98823828
645,20000000	0,98793141
645,40000000	0,98789138
645,60000000	0,98798380
645,80000000	0,98741469
646,00000000	0,98724213
646,20000000	0,98690009
646,40000000	0,98652596
646,60000000	0,98576441
646,80000000	0,98597632
647,00000000	0,98601954
647,20000000	0,98558231
647,40000000	0,98533852
647,60000000	0,98508938
647,80000000	0,98418808
648,00000000	0,98425305
648,20000000	0,98423163
648,40000000	0,98429527
648,60000000	0,98380269
648,80000000	0,98377408
649,00000000	0,98351472
649,20000000	0,98314984
649,40000000	0,98240175
649,60000000	0,98287855
649,80000000	0,98222207
650,00000000	0,98255019
650,20000000	0,98211763
650,40000000	0,98216038
650,60000000	0,98198005
650,80000000	0,98156051
651,00000000	0,98140274
651,20000000	0,98127737
651,40000000	0,98053244
651,60000000	0,98128875
651,80000000	0,98084383
652,00000000	0,98114936
652,20000000	0,98054807
652,40000000	0,98056549
652,60000000	0,98035902
652,80000000	0,98014292
653,00000000	0,98014454
653,20000000	0,98030575
653,40000000	0,98019784
653,60000000	0,98069966
653,80000000	0,97979812
654,00000000	0,98001853
654,20000000	0,97935114
654,40000000	0,97978618
654,60000000	0,97970580
654,80000000	0,97933577
655,00000000	0,97930438
655,20000000	0,97932701
655,40000000	0,97943165
655,60000000	0,97967858
655,80000000	0,97945803
656,00000000	0,97948754
656,20000000	0,97911892
656,40000000	0,97961128
656,60000000	0,97953611
656,80000000	0,97863785
657,00000000	0,97887263
657,20000000	0,97877949
657,40000000	0,97949548
657,60000000	0,97961176
657,80000000	0,97956494
658,00000000	0,97971703
658,20000000	0,97970248
658,40000000	0,97947310
658,60000000	0,97938045
658,80000000	0,97911546
659,00000000	0,97971945
659,20000000	0,97881433
659,40000000	0,97942180
659,60000000	0,97903312
659,80000000	0,97937982
660,00000000	0,97885129
660,20000000	0,97931178
660,40000000	0,97899917
660,60000000	0,97967720
660,80000000	0,97929635
661,00000000	0,98003897
661,20000000	0,97874235
661,40000000	0,97913150
661,60000000	0,97930978
661,80000000	0,97958515
662,00000000	0,97930123
662,20000000	0,97933851
662,40000000	0,97955836
662,60000000	0,97999922
662,80000000	0,97923031
663,00000000	0,97925753
663,20000000	0,97920537
663,40000000	0,97942410
663,60000000	0,97919498
663,80000000	0,97942866
664,00000000	0,97927530
664,20000000	0,97855177
664,40000000	0,97911177
664,60000000	0,97894219
664,80000000	0,97921441
665,00000000	0,97961170
665,20000000	0,97887988
665,40000000	0,97862273
665,60000000	0,97929445
665,80000000	0,97793307
666,00000000	0,97829495
666,20000000	0,97823995
666,40000000	0,97857511
666,60000000	0,97804363
666,80000000	0,97835616
667,00000000	0,97769660
667,20000000	0,97774702
667,40000000	0,97781072
667,60000000	0,97786633
667,80000000	0,97755809
668,00000000	0,97755830
668,20000000	0,97697768
668,40000000	0,97747285
668,60000000	0,97668429
668,80000000	0,97717979
669,00000000	0,97647613
669,20000000	0,97627283
669,40000000	0,97652291
669,60000000	0,97664630
669,80000000	0,97640947
670,00000000	0,97596799
670,20000000	0,97571069
670,40000000	0,97610704
670,60000000	0,97522861
670,80000000	0,97533750
671,00000000	0,97638015
671,20000000	0,97527680
671,40000000	0,97452540
671,60000000	0,97414067
671,80000000	0,97498468
672,00000000	0,97505722
672,20000000	0,97480533
672,40000000	0,97386450
672,60000000	0,97417914
672,80000000	0,97398008
673,00000000	0,97400633
673,20000000	0,97386724
673,40000000	0,97345059
673,60000000	0,97340887
673,80000000	0,97349782
674,00000000	0,97290158
674,20000000	0,97279966
674,40000000	0,97171787
674,60000000	0,97184951
674,80000000	0,97235758
675,00000000	0,97185706
675,20000000	0,97238453
675,40000000	0,97159712
675,60000000	0,97176187
675,80000000	0,97193899
676,00000000	0,97162095
676,20000000	0,97150525
676,40000000	0,97148744
676,60000000	0,97153390
676,80000000	0,97164684
677,00000000	0,97049560
677,20000000	0,97115458
677,40000000	0,97098934
677,60000000	0,97089089
677,80000000	0,97079256
678,00000000	0,97093841
678,20000000	0,97122303
678,40000000	0,97092734
678,60000000	0,97088947
678,80000000	0,97107760
679,00000000	0,97033237
679,20000000	0,97023880
679,40000000	0,97055960
679,60000000	0,97076608
679,80000000	0,97079577
680,00000000	0,97049791
680,20000000	0,97035901
680,40000000	0,97096982
680,60000000	0,97078798
680,80000000	0,97033829
681,00000000	0,97032454
681,20000000	0,97051353
681,40000000	0,97068731
681,60000000	0,97053789
681,80000000	0,97051887
682,00000000	0,97083809
682,20000000	0,97121187
682,40000000	0,97108370
682,60000000	0,97165189
682,80000000	0,97137981
683,00000000	0,97135285
683,20000000	0,97125967
683,40000000	0,97114237
683,60000000	0,97152955
683,80000000	0,97152917
684,00000000	0,97189476
684,20000000	0,97161111
684,40000000	0,97175355
684,60000000	0,97185693
684,80000000	0,97167313
685,00000000	0,97279275
685,20000000	0,97250323
685,40000000	0,97215166
685,60000000	0,97266513
685,80000000	0,97273034
686,00000000	0,97335391
686,20000000	0,97298040
686,40000000	0,97307684
686,60000000	0,97299039
686,80000000	0,97352732
687,00000000	0,97319096
687,20000000	0,97364970
687,40000000	0,97366649
687,60000000	0,97429925
687,80000000	0,97382058
688,00000000	0,97428229
688,20000000	0,97427175
688,40000000	0,97486752
688,60000000	0,97503257
688,80000000	0,97468318
689,00000000	0,97501838
689,20000000	0,97511755
689,40000000	0,97568822
689,60000000	0,97557621
689,80000000	0,97589769
690,00000000	0,97510716
690,20000000	0,97584214
690,40000000	0,97602667
690,60000000	0,97712357
690,80000000	0,97626718
691,00000000	0,97652672
691,20000000	0,97615742
691,40000000	0,97711399
691,60000000	0,97703751
691,80000000	0,97701510
692,00000000	0,97590745
692,20000000	0,97716774
692,40000000	0,97714706
692,60000000	0,97771964
692,80000000	0,97811266
693,00000000	0,97756038
693,20000000	0,97832717
693,40000000	0,97800557
693,60000000	0,97835569
693,80000000	0,97792303
694,00000000	0,97892553
694,20000000	0,97848453
694,40000000	0,97845264
694,60000000	0,97771995
694,80000000	0,97883429
695,00000000	0,97930729
695,20000000	0,97945325
695,40000000	0,97842150
695,60000000	0,97856813
695,80000000	0,97864780
696,00000000	0,98001238
696,20000000	0,97947425
696,40000000	0,97919841
696,60000000	0,97978973
696,80000000	0,97928040
697,00000000	0,98005698
697,20000000	0,97956424
697,40000000	0,98042993
697,60000000	0,97943448
697,80000000	0,98038011
698,00000000	0,97991302
698,20000000	0,98044007
698,40000000	0,98047029
698,60000000	0,98037667
698,80000000	0,98047101
699,00000000	0,98111068
699,20000000	0,98080536
699,40000000	0,98081833
699,60000000	0,98093104
699,80000000	0,98065914
700,00000000	0,98053783
700,20000000	0,98022660
700,40000000	0,98166779
700,60000000	0,98078139
700,80000000	0,98089398
701,00000000	0,98078822
701,20000000	0,98119324
701,40000000	0,98141805
701,60000000	0,98159621
701,80000000	0,98102835
702,00000000	0,98139142
702,20000000	0,98161195
702,40000000	0,98156931
702,60000000	0,98206371
702,80000000	0,98231405
703,00000000	0,98207966
703,20000000	0,98124195
703,40000000	0,98242388
703,60000000	0,98208127
703,80000000	0,98189159
704,00000000	0,98179913
704,20000000	0,98332457
704,40000000	0,98258145
704,60000000	0,98285504
704,80000000	0,98300203
705,00000000	0,98344605
705,20000000	0,98380600
705,40000000	0,98348257
705,60000000	0,98332306
705,80000000	0,98361565
706,00000000	0,98431269
706,20000000	0,98339386
706,40000000	0,98432397
706,60000000	0,98373697
706,80000000	0,98402286
707,00000000	0,98411666
707,20000000	0,98528739
707,40000000	0,98465001
707,60000000	0,98454364
707,80000000	0,98492154
708,00000000	0,98554014
708,20000000	0,98518472
708,40000000	0,98497021
708,60000000	0,98573196
708,80000000	0,98651773
709,00000000	0,98644840
709,20000000	0,98624188
709,40000000	0,98661299
709,60000000	0,98661567
709,80000000	0,98726004
710,00000000	0,98696409
710,20000000	0,98717977
710,40000000	0,98750968
710,60000000	0,98765938
710,80000000	0,98776838
711,00000000	0,98787325
711,20000000	0,98801489
711,40000000	0,98843255
711,60000000	0,98920867
711,80000000	0,98887498
712,00000000	0,98952157
712,20000000	0,98958859
712,40000000	0,99009073
712,60000000	0,99021487
712,80000000	0,99018991
713,00000000	0,99034598
713,20000000	0,99057741
713,40000000	0,99054893
713,60000000	0,99105291
713,80000000	0,99129203
714,00000000	0,99187337
714,20000000	0,99177733
714,40000000	0,99167931
714,60000000	0,99227360
714,80000000	0,99214825
715,00000000	0,99245575
715,20000000	0,99253568
715,40000000	0,99342231
715,60000000	0,99293525
715,80000000	0,99324427
716,00000000	0,99333865
716,20000000	0,99371406
716,40000000	0,99397543
716,60000000	0,99412164
716,80000000	0,99426262
717,00000000	0,99454943
717,20000000	0,99450752
717,40000000	0,99464975
717,60000000	0,99481236
717,80000000	0,99488250
718,00000000	0,99534701
718,20000000	0,99527809
718,40000000	0,99548895
718,60000000	0,99542527
718,80000000	0,99592266
719,00000000	0,99589330
719,20000000	0,99608837
719,40000000	0,99599247
719,60000000	0,99637451
719,80000000	0,99659976
720,00000000	0,99663797
720,20000000	0,99683904
720,40000000	0,99670965
720,60000000	0,99683549
720,80000000	0,99696911
721,00000000	0,99714965
721,20000000	0,99703241
721,40000000	0,99731579
721,60000000	0,99745525
721,80000000	0,99752924
722,00000000	0,99750211
722,20000000	0,99758763
722,40000000	0,99764093
722,60000000	0,99782973
722,80000000	0,99803904
723,00000000	0,99790843
723,20000000	0,99796792
723,40000000	0,99804438
723,60000000	0,99813673
723,80000000	0,99808176
724,00000000	0,99809266
724,20000000	0,99815496
724,40000000	0,99827834
724,60000000	0,99824471
724,80000000	0,99824000
725,00000000	0,99831468
725,20000000	0,99834976
725,40000000	0,99857017
725,60000000	0,99845069
725,80000000	0,99845957
726,00000000	0,99850920
726,20000000	0,99860083
726,40000000	0,99845110
726,60000000	0,99855544
726,80000000	0,99847039
727,00000000	0,99865207
727,20000000	0,99865137
727,40000000	0,99877490
727,60000000	0,99873834
727,80000000	0,99854998
728,00000000	0,99869966
728,20000000	0,99874995
728,40000000	0,99890232
728,60000000	0,99877474
728,80000000	0,99893117
729,00000000	0,99887974
729,20000000	0,99907016
729,40000000	0,99902379
729,60000000	0,99892185
729,80000000	0,99892451
730,00000000	0,99911569
730,20000000	0,99911115
730,40000000	0,99890066
730,60000000	0,99908925
730,80000000	0,99907547
731,00000000	0,99917432
731,20000000	0,99931845
731,40000000	0,99921869
731,60000000	0,99912005
731,80000000	0,99929096
732,00000000	0,99929103
732,20000000	0,99933675
732,40000000	0,99937526
732,60000000	0,99933142
732,80000000	0,99942489
733,00000000	0,99944001
733,20000000	0,99948258
733,40000000	0,99946028
733,60000000	0,99957415
733,80000000	0,99962927
734,00000000	0,99967376
734,20000000	0,99958380
734,40000000	0,99960595
734,60000000	0,99968284
734,80000000	0,99976308
735,00000000	0,99975172
735,20000000	0,99973094
735,40000000	0,99981650
735,60000000	0,99981605
735,80000000	0,99983379
736,00000000	0,99983729
736,20000000	0,99987089
736,40000000	0,99989877
736,60000000	0,99992404
736,80000000	0,99994824
737,00000000	0,99994619
737,20000000	0,99995016
737,40000000	0,99995870
737,60000000	0,99994606
737,80000000	0,99997767
738,00000000	0,99996298
738,20000000	0,99993374
738,40000000	0,99992751
738,60000000	0,99991337
738,80000000	0,99990282
739,00000000	0,99982503
739,20000000	0,99978291
739,40000000	0,99978446
739,60000000	0,99970587
739,80000000	0,99960333
740,00000000	0,99963528
740,20000000	0,99952245
740,40000000	0,99948332
740,60000000	0,99940278
740,80000000	0,99923547
741,00000000	0,99917774
741,20000000	0,99916201
741,40000000	0,99905659
741,60000000	0,99891731
741,80000000	0,99885385
742,00000000	0,99855033
742,20000000	0,99842465
742,40000000	0,99842478
742,60000000	0,99828432
742,80000000	0,99809030
743,00000000	0,99798871
743,20000000	0,99772234
743,40000000	0,99765741
743,60000000	0,99744846
743,80000000	0,99701848
744,00000000	0,99681919
744,20000000	0,99674229
744,40000000	0,99655544
744,60000000	0,99628427
744,80000000	0,99607047
745,00000000	0,99572878
745,20000000	0,99552987
745,40000000	0,99507898
745,60000000	0,99483339
745,80000000	0,99467424
746,00000000	0,99459315
746,20000000	0,99398069
746,40000000	0,99362744
746,60000000	0,99338698
746,80000000	0,99321464
747,00000000	0,99269307
747,20000000	0,99225098
747,40000000	0,99193372
747,60000000	0,99161632
747,80000000	0,99113021
748,00000000	0,99096324
748,20000000	0,99042108
748,40000000	0,98983204
748,60000000	0,98952324
748,80000000	0,98954081
749,00000000	0,98894373
749,20000000	0,98883829
749,40000000	0,98802776
749,60000000	0,98742274
749,80000000	0,98706256
750,00000000	0,98684152
750,20000000	0,98592692
750,40000000	0,98556935
750,60000000	0,98501261
750,80000000	0,98447703
751,00000000	0,98410245
751,20000000	0,98339456
751,40000000	0,98313282
751,60000000	0,98288474
751,80000000	0,98213979
752,00000000	0,98145825
752,20000000	0,98126013
752,40000000	0,98063144
752,60000000	0,98002124
752,80000000	0,97942390
753,00000000	0,97862087
753,20000000	0,97808802
753,40000000	0,97797945
753,60000000	0,97716239
753,80000000	0,97601794
754,00000000	0,97589842
754,20000000	0,97514978
754,40000000	0,97422846
754,60000000	0,97400572
754,80000000	0,97260859
755,00000000	0,97275126
755,20000000	0,97186902
755,40000000	0,97195332
755,60000000	0,97030163
755,80000000	0,97043443
756,00000000	0,96907055
756,20000000	0,96893529
756,40000000	0,96815438
756,60000000	0,96673305
756,80000000	0,96686619
757,00000000	0,96665174
757,20000000	0,96598960
757,40000000	0,96540465
757,60000000	0,96469874
757,80000000	0,96364000
758,00000000	0,96300462
758,20000000	0,96212927
758,40000000	0,96095859
758,60000000	0,96114699
758,80000000	0,96014364
759,00000000	0,95974671
759,20000000	0,95871276
759,40000000	0,95801373
759,60000000	0,95744751
759,80000000	0,95699699
760,00000000	0,95630301
760,20000000	0,95521425
760,40000000	0,95453108
760,60000000	0,95407434
760,80000000	0,95293779
761,00000000	0,95219394
761,20000000	0,95157894
761,40000000	0,95048875
761,60000000	0,95005773
761,80000000	0,94945520
762,00000000	0,94835809
762,20000000	0,94782090
762,40000000	0,94706483
762,60000000	0,94694409
762,80000000	0,94637600
763,00000000	0,94479504
763,20000000	0,94465793
763,40000000	0,94391438
763,60000000	0,94301889
763,80000000	0,94203286
764,00000000	0,94174604
764,20000000	0,93998581
764,40000000	0,94065075
764,60000000	0,93987534
764,80000000	0,93939898
765,00000000	0,93699157
765,20000000	0,93750284
765,40000000	0,93646183
765,60000000	0,93574145
765,80000000	0,93438459
766,00000000	0,93436760
766,20000000	0,93296092
766,40000000	0,93287137
766,60000000	0,93230792
766,80000000	0,93151887
767,00000000	0,93126590
767,20000000	0,92966272
767,40000000	0,92926875
767,60000000	0,92908886
767,80000000	0,92872453
768,00000000	0,92815527
768,20000000	0,92580586
768,40000000	0,92673292
768,60000000	0,92383643
768,80000000	0,92381734
769,00000000	0,92339289
769,20000000	0,92392280
769,40000000	0,92163448
769,60000000	0,92146681
769,80000000	0,92050184
770,00000000	0,92041578
770,20000000	0,92029721
770,40000000	0,91908511
770,60000000	0,91852906
770,80000000	0,91743850
771,00000000	0,91618785
771,20000000	0,91539912
771,40000000	0,91578149
771,60000000	0,91549485
771,80000000	0,91421999
772,00000000	0,91344004
772,20000000	0,91332692
772,40000000	0,91289307
772,60000000	0,91121807
772,80000000	0,91008793
773,00000000	0,91018351
773,20000000	0,90884390
773,40000000	0,90715531
773,60000000	0,90814343
773,80000000	0,90699496
774,00000000	0,90648416
774,20000000	0,90667004
774,40000000	0,90380732
774,60000000	0,90385996
774,80000000	0,90439464
775,00000000	0,90365215
775,20000000	0,90172780
775,40000000	0,90213908
775,60000000	0,90062564
775,80000000	0,90003995
776,00000000	0,89971856
776,20000000	0,90046342
776,40000000	0,89877561
776,60000000	0,89784648
776,80000000	0,89763377
777,00000000	0,89583617
777,20000000	0,89546824
777,40000000	0,89641504
777,60000000	0,89410007
777,80000000	0,89295732
778,00000000	0,89261524
778,20000000	0,89429628
778,40000000	0,89241240
778,60000000	0,89169013
778,80000000	0,89008144
779,00000000	0,88863006
779,20000000	0,88848700
779,40000000	0,88864337
779,60000000	0,88662409
779,80000000	0,88752464
780,00000000	0,88767394
780,20000000	0,88446138
780,40000000	0,88558137
780,60000000	0,88502848
780,80000000	0,88446180
781,00000000	0,88318942
781,20000000	0,88167960
781,40000000	0,88203963
781,60000000	0,88045224
781,80000000	0,87989933
782,00000000	0,87924241
782,20000000	0,87741274
782,40000000	0,87781632
782,60000000	0,87865024
782,80000000	0,87691856
783,00000000	0,87560315
783,20000000	0,87527223
783,40000000	0,87460609
783,60000000	0,87628734
783,80000000	0,87191414
784,00000000	0,87095762
784,20000000	0,87150080
784,40000000	0,87028800
784,60000000	0,86907506
784,80000000	0,86728629
785,00000000	0,86679997
785,20000000	0,86695416
785,40000000	0,86702867
785,60000000	0,86703580
785,80000000	0,86353992
786,00000000	0,86448681
786,20000000	0,86439140
786,40000000	0,86098958
786,60000000	0,85910157
786,80000000	0,85795347
787,00000000	0,86053008
787,20000000	0,85997576
787,40000000	0,85866144
787,60000000	0,85789204
787,80000000	0,85614506
788,00000000	0,85481857
788,20000000	0,85563260
788,40000000	0,85262091
788,60000000	0,85199888
788,80000000	0,85263300
789,00000000	0,85291678
789,20000000	0,85221141
789,40000000	0,84826090
789,60000000	0,84871719
789,80000000	0,84863808
790,00000000	0,84911525
790,20000000	0,84368067
790,40000000	0,84540526
790,60000000	0,84425954
790,80000000	0,84389293
791,00000000	0,84191067
791,20000000	0,83902206
791,40000000	0,83994725
791,60000000	0,83997515
791,80000000	0,83936787
792,00000000	0,83893046
792,20000000	0,83600673
792,40000000	0,83439420
792,60000000	0,83563325
792,80000000	0,83557150
793,00000000	0,83263102
793,20000000	0,83202670
793,40000000	0,83382689
793,60000000	0,82961450
793,80000000	0,82947038
794,00000000	0,82636627
794,20000000	0,82942204
794,40000000	0,82697052
794,60000000	0,82587676
794,80000000	0,82483201
795,00000000	0,82574509
795,20000000	0,82739628
795,40000000	0,82223360
795,60000000	0,82253184
795,80000000	0,81935446
796,00000000	0,82238778
796,20000000	0,81989520
796,40000000	0,81826378
796,60000000	0,81895960
796,80000000	0,81625246
797,00000000	0,81563484
797,20000000	0,81687166
797,40000000	0,81484792
797,60000000	0,81624011
797,80000000	0,81148403
798,00000000	0,81138299
798,20000000	0,81152618
798,40000000	0,81236763
798,60000000	0,81122288
798,80000000	0,80806399
799,00000000	0,81094013
799,20000000	0,80604982
799,40000000	0,80868422
799,60000000	0,80705195
799,80000000	0,80362279
800,00000000	0,80583481
800,20000000	0,80248759
800,40000000	0,80117841
800,60000000	0,80022126
800,80000000	0,80160418
801,00000000	0,80225483
801,20000000	0,80234790
801,40000000	0,79950915
801,60000000	0,79755742
801,80000000	0,80061310
802,00000000	0,80097134
802,20000000	0,79361789
802,40000000	0,79840732
802,60000000	0,79635648
802,80000000	0,79572468
803,00000000	0,79393744
803,20000000	0,79448990
803,40000000	0,79342903
803,60000000	0,79455536
803,80000000	0,79178428
804,00000000	0,79267385
804,20000000	0,79145931
804,40000000	0,78985600
804,60000000	0,79158635
804,80000000	0,78595431
805,00000000	0,78994172
805,20000000	0,78984467
805,40000000	0,78716554
805,60000000	0,79370314
805,80000000	0,78724137
806,00000000	0,78758893
806,20000000	0,78776863
806,40000000	0,78687805
806,60000000	0,78715622
806,80000000	0,78773696
807,00000000	0,78174563
807,20000000	0,78600010
807,40000000	0,78544919
807,60000000	0,78584145
807,80000000	0,78708164
808,00000000	0,78268635
808,20000000	0,78208785
808,40000000	0,78353028
808,60000000	0,78153966
808,80000000	0,78211446
809,00000000	0,78232713
809,20000000	0,78260193
809,40000000	0,78410300
809,60000000	0,78089668
809,80000000	0,77942203
810,00000000	0,77841191
810,20000000	0,77899931
810,40000000	0,78010008
810,60000000	0,77881618
810,80000000	0,77764333
811,00000000	0,77647470
811,20000000	0,77545932
811,40000000	0,77635074
811,60000000	0,77561334
811,80000000	0,77541017
812,00000000	0,77504797
812,20000000	0,77359905
812,40000000	0,77272061
812,60000000	0,77573297
812,80000000	0,77317901
813,00000000	0,77282382
813,20000000	0,77073511
813,40000000	0,76780931
813,60000000	0,77184320
813,80000000	0,76654575
814,00000000	0,76753984
814,20000000	0,76959398
814,40000000	0,76805687
814,60000000	0,76762483
814,80000000	0,76716682
815,00000000	0,76783678
815,20000000	0,76546578
815,40000000	0,76299910
815,60000000	0,76492249
815,80000000	0,76352665
816,00000000	0,76389399
816,20000000	0,76000246
816,40000000	0,75940840
816,60000000	0,75931893
816,80000000	0,75933488
817,00000000	0,76001604
817,20000000	0,75473766
817,40000000	0,76050071
817,60000000	0,75650430
817,80000000	0,75649749
818,00000000	0,75297511
818,20000000	0,75472356
818,40000000	0,75177612
818,60000000	0,74885889
818,80000000	0,75068437
819,00000000	0,74878490
819,20000000	0,74972428
819,40000000	0,74736035
819,60000000	0,74645323
819,80000000	0,74520983
820,00000000	0,74969466
820,20000000	0,74791526
820,40000000	0,74062907
820,60000000	0,74107060
820,80000000	0,74042113
821,00000000	0,74275682
821,20000000	0,73825377
821,40000000	0,73631733
821,60000000	0,73382999
821,80000000	0,73508887
822,00000000	0,73608680
822,20000000	0,73195573
822,40000000	0,72908794
822,60000000	0,72605684
822,80000000	0,72858489
823,00000000	0,72961138
823,20000000	0,72596630
823,40000000	0,72268331
823,60000000	0,72333700
823,80000000	0,72176522
824,00000000	0,72183564
824,20000000	0,71785922
824,40000000	0,71620553
824,60000000	0,71973780
824,80000000	0,71822022
825,00000000	0,71246795
825,20000000	0,71568083
825,40000000	0,71094031
825,60000000	0,71216904
825,80000000	0,71221336
826,00000000	0,70542034
826,20000000	0,70850127
826,40000000	0,70602496
826,60000000	0,70307215
826,80000000	0,70036838
827,00000000	0,70362343
827,20000000	0,70128118
827,40000000	0,70107280
827,60000000	0,69895742
827,80000000	0,69531716
828,00000000	0,69189254
828,20000000	0,69595645
828,40000000	0,69827141
828,60000000	0,69267467
828,80000000	0,68970876
829,00000000	0,68805530
829,20000000	0,68770106
829,40000000	0,68880372
829,60000000	0,68908092
829,80000000	0,68380592
830,00000000	0,68390144
830,20000000	0,67945822
830,40000000	0,68678422
830,60000000	0,67995019
830,80000000	0,67556266
831,00000000	0,68233224
831,20000000	0,67992235
831,40000000	0,67715242
831,60000000	0,67317670
831,80000000	0,67406436
832,00000000	0,67700370
832,20000000	0,67421846
832,40000000	0,67179766
832,60000000	0,66730288
832,80000000	0,67392907
833,00000000	0,67161944
833,20000000	0,67122714
833,40000000	0,66585410
833,60000000	0,66292950
833,80000000	0,66789554
834,00000000	0,67138664
834,20000000	0,66436067
834,40000000	0,65535843
834,60000000	0,66254325
834,80000000	0,66788453
835,00000000	0,67020617
835,20000000	0,65823436
835,40000000	0,65578085
835,60000000	0,66063360
835,80000000	0,66245324
836,00000000	0,66487474
836,20000000	0,65563175
836,40000000	0,65122372
836,60000000	0,65928365
836,80000000	0,66205361
837,00000000	0,65806332
837,20000000	0,65021635
837,40000000	0,65131328
837,60000000	0,66161689
837,80000000	0,66128333
838,00000000	0,65394666
838,20000000	0,64401844
838,40000000	0,65265213
838,60000000	0,65932663
838,80000000	0,65499834
839,00000000	0,64830868
839,20000000	0,65195873
839,40000000	0,65586762
839,60000000	0,65967376
839,80000000	0,65580157
840,00000000	0,64729383
840,20000000	0,65020864
840,40000000	0,65754746
840,60000000	0,66036530
840,80000000	0,64915256
841,00000000	0,64449152
841,20000000	0,65083998
841,40000000	0,66134034
841,60000000	0,65388407
841,80000000	0,65067763
842,00000000	0,64956066
842,20000000	0,65138364
842,40000000	0,65937657
842,60000000	0,65682266
842,80000000	0,64910387
843,00000000	0,65150863
843,20000000	0,65984555
843,40000000	0,66314129
843,60000000	0,65552984
843,80000000	0,64660023
844,00000000	0,65644754
844,20000000	0,65667080
844,40000000	0,65636171
844,60000000	0,65582009
844,80000000	0,64883807
845,00000000	0,65723717
845,20000000	0,65866702
845,40000000	0,66064797
845,60000000	0,65498855
845,80000000	0,65291324
846,00000000	0,65898492
846,20000000	0,66050986
846,40000000	0,65932536
846,60000000	0,65603285
846,80000000	0,65662217
847,00000000	0,66205006
847,20000000	0,66315463
847,40000000	0,65741325
847,60000000	0,65793362
847,80000000	0,66000359
848,00000000	0,66683880
848,20000000	0,66381283
848,40000000	0,65314205
848,60000000	0,65486066
848,80000000	0,66569426
849,00000000	0,66305128
849,20000000	0,65957538
849,40000000	0,65738942
849,60000000	0,66133643
849,80000000	0,66520379
850,00000000	0,66566125
850,20000000	0,65999898
850,40000000	0,65801980
850,60000000	0,66458581
850,80000000	0,66802141
851,00000000	0,66352288
851,20000000	0,66164727
851,40000000	0,65762824
851,60000000	0,66623696
851,80000000	0,66857441
852,00000000	0,66606767
852,20000000	0,66381523
852,40000000	0,66630419
852,60000000	0,66451363
852,80000000	0,66572631
853,00000000	0,66551788
853,20000000	0,66408762
853,40000000	0,66654347
853,60000000	0,66828831
853,80000000	0,66632405
854,00000000	0,66546208
854,20000000	0,66664695
854,40000000	0,66473740
854,60000000	0,66693008
854,80000000	0,66101013
855,00000000	0,66360872
855,20000000	0,66232030
855,40000000	0,66909235
855,60000000	0,66049315
855,80000000	0,66143230
856,00000000	0,66280172
856,20000000	0,66732838
856,40000000	0,66850504
856,60000000	0,65936062
856,80000000	0,66313612
857,00000000	0,66597886
857,20000000	0,66565303
857,40000000	0,66064554
857,60000000	0,66347751
857,80000000	0,66028182
858,00000000	0,66447878
858,20000000	0,66570119
858,40000000	0,66247489
858,60000000	0,65459050
858,80000000	0,66015644
859,00000000	0,66346027
859,20000000	0,66639060
859,40000000	0,66187781
859,60000000	0,65990926
859,80000000	0,65802978
860,00000000	0,66054206
860,20000000	0,66093849
860,40000000	0,65506593
860,60000000	0,65929773
860,80000000	0,66126527
861,00000000	0,65797260
861,20000000	0,65488742
861,40000000	0,65664868
861,60000000	0,65973456
861,80000000	0,65779354
862,00000000	0,65312906
862,20000000	0,65608665
862,40000000	0,65538407
862,60000000	0,65531632
862,80000000	0,65785068
863,00000000	0,65422299
863,20000000	0,65028100
863,40000000	0,65369316
863,60000000	0,65682195
863,80000000	0,65216187
864,00000000	0,64809880
864,20000000	0,65186804
864,40000000	0,65378826
864,60000000	0,65632952
864,80000000	0,64984458
865,00000000	0,65101105
865,20000000	0,65137548
865,40000000	0,65012029
865,60000000	0,64542183
865,80000000	0,64763456
866,00000000	0,64728017
866,20000000	0,64795170
866,40000000	0,64759723
866,60000000	0,64657318
866,80000000	0,64038612
867,00000000	0,64709103
867,20000000	0,64899531
867,40000000	0,64787968
867,60000000	0,63939889
867,80000000	0,64416577
868,00000000	0,64426579
868,20000000	0,64767354
868,40000000	0,64175408
868,60000000	0,64307069
868,80000000	0,64199700
869,00000000	0,64071430
869,20000000	0,64222505
869,40000000	0,64081188
869,60000000	0,64062553
869,80000000	0,64104954
870,00000000	0,64598610
870,20000000	0,64005717
870,40000000	0,63924611
870,60000000	0,64135370
870,80000000	0,64113976
871,00000000	0,64198837
871,20000000	0,63935846
871,40000000	0,63621934
871,60000000	0,64106934
871,80000000	0,64132414
872,00000000	0,63950984
872,20000000	0,63970726
872,40000000	0,63949588
872,60000000	0,63783707
872,80000000	0,64067670
873,00000000	0,63461716
873,20000000	0,63794786
873,40000000	0,63844356
873,60000000	0,63826077
873,80000000	0,63806447
874,00000000	0,63894480
874,20000000	0,63628121
874,40000000	0,63621589
874,60000000	0,63763569
874,80000000	0,64118979
875,00000000	0,63501361
875,20000000	0,63356402
875,40000000	0,63641293
875,60000000	0,63817005
875,80000000	0,63451366
876,00000000	0,63152930
876,20000000	0,63177199
876,40000000	0,63589604
876,60000000	0,63744597
876,80000000	0,63425790
877,00000000	0,63537181
877,20000000	0,63612679
877,40000000	0,63731639
877,60000000	0,63747362
877,80000000	0,63033999
878,00000000	0,63187913
878,20000000	0,63607081
878,40000000	0,63559854
878,60000000	0,63210397
878,80000000	0,63242293
879,00000000	0,63509806
879,20000000	0,63453120
879,40000000	0,63341640
879,60000000	0,62946731
879,80000000	0,63169190
880,00000000	0,63486441
880,20000000	0,63323059
880,40000000	0,63384624
880,60000000	0,63136512
880,80000000	0,63400971
881,00000000	0,63300547
881,20000000	0,63153954
881,40000000	0,62926806
881,60000000	0,62785576
881,80000000	0,62906437
882,00000000	0,63350865
882,20000000	0,62855028
882,40000000	0,63108155
882,60000000	0,63008948
882,80000000	0,63228916
883,00000000	0,63077711
883,20000000	0,62784412
883,40000000	0,62667151
883,60000000	0,62652499
883,80000000	0,62937962
884,00000000	0,62684593
884,20000000	0,62379400
884,40000000	0,62462712
884,60000000	0,62894299
884,80000000	0,62771562
885,00000000	0,62474673
885,20000000	0,62624745
885,40000000	0,62515277
885,60000000	0,62929748
885,80000000	0,62586421
886,00000000	0,62224399
886,20000000	0,62377587
886,40000000	0,62576935
886,60000000	0,62568982
886,80000000	0,62291102
887,00000000	0,62393401
887,20000000	0,62384032
887,40000000	0,62558966
887,60000000	0,62374069
887,80000000	0,61752225
888,00000000	0,62115964
888,20000000	0,62388717
888,40000000	0,62227676
888,60000000	0,62106110
888,80000000	0,62048398
889,00000000	0,61922284
889,20000000	0,62473497
889,40000000	0,62101737
889,60000000	0,61664143
889,80000000	0,61765369
890,00000000	0,62115296
890,20000000	0,61959369
890,40000000	0,61786659
890,60000000	0,61687881
890,80000000	0,61453259
891,00000000	0,62093443
891,20000000	0,62006484
891,40000000	0,62081881
891,60000000	0,61583032
891,80000000	0,61912221
892,00000000	0,61663413
892,20000000	0,61848035
892,40000000	0,61637100
892,60000000	0,61529233
892,80000000	0,61864564
893,00000000	0,62004753
893,20000000	0,61751664
893,40000000	0,61753233
893,60000000	0,61593644
893,80000000	0,61562199
894,00000000	0,61870659
894,20000000	0,62218091
894,40000000	0,61379672
894,60000000	0,61709761
894,80000000	0,62194253
895,00000000	0,62071861
895,20000000	0,61674745
895,40000000	0,61716912
895,60000000	0,61933443
895,80000000	0,61974752
896,00000000	0,61957481
896,20000000	0,61647261
896,40000000	0,61987532
896,60000000	0,61810412
896,80000000	0,62201256
897,00000000	0,62315689
897,20000000	0,61783558
897,40000000	0,62027813
897,60000000	0,62205858
897,80000000	0,62321906
898,00000000	0,62068739
898,20000000	0,62191104
898,40000000	0,62374890
898,60000000	0,62832917
898,80000000	0,62372365
899,00000000	0,62259639
899,20000000	0,62464104
899,40000000	0,62572474
899,60000000	0,62791163
899,80000000	0,62606931
900,00000000	0,62623938
