200,00000000	0,94193737
200,20000000	0,95050503
200,40000000	0,94578860
200,60000000	0,93701833
200,80000000	0,93940521
201,00000000	0,93695301
201,20000000	0,93156624
201,40000000	0,93535474
201,60000000	0,92977255
201,80000000	0,93684247
202,00000000	0,92441109
202,20000000	0,91318338
202,40000000	0,91887826
202,60000000	0,92226434
202,80000000	0,91831776
203,00000000	0,90552605
203,20000000	0,90527526
203,40000000	0,90034085
203,60000000	0,91503254
203,80000000	0,90896723
204,00000000	0,89240409
204,20000000	0,88011976
204,40000000	0,89397234
204,60000000	0,89631915
204,80000000	0,89394712
205,00000000	0,88220149
205,20000000	0,87558961
205,40000000	0,86874635
205,60000000	0,87358490
205,80000000	0,87933187
206,00000000	0,86974764
206,20000000	0,86661884
206,40000000	0,85736173
206,60000000	0,85266120
206,80000000	0,87023706
207,00000000	0,82824043
207,20000000	0,85432826
207,40000000	0,83042266
207,60000000	0,82448555
207,80000000	0,81617644
208,00000000	0,80909021
208,20000000	0,82784023
208,40000000	0,81622325
208,60000000	0,82472288
208,80000000	0,78341980
209,00000000	0,79026034
209,20000000	0,81308210
209,40000000	0,81286221
209,60000000	0,80273845
209,80000000	0,79356137
210,00000000	0,77748629
210,20000000	0,77115130
210,40000000	0,78156143
210,60000000	0,77409058
210,80000000	0,75979186
211,00000000	0,76438216
211,20000000	0,75925779
211,40000000	0,74060236
211,60000000	0,75435066
211,80000000	0,74452590
212,00000000	0,72582177
212,20000000	0,73958251
212,40000000	0,73335016
212,60000000	0,72602816
212,80000000	0,73473905
213,00000000	0,70950861
213,20000000	0,71264025
213,40000000	0,72160609
213,60000000	0,70507568
213,80000000	0,70802785
214,00000000	0,70473138
214,20000000	0,69241385
214,40000000	0,69475172
214,60000000	0,68153012
214,80000000	0,68789404
215,00000000	0,69221768
215,20000000	0,65226733
215,40000000	0,66503501
215,60000000	0,66493278
215,80000000	0,67594107
216,00000000	0,65767579
216,20000000	0,64748745
216,40000000	0,65036742
216,60000000	0,65098227
216,80000000	0,65778642
217,00000000	0,64642701
217,20000000	0,65586055
217,40000000	0,62923017
217,60000000	0,63944872
217,80000000	0,63033937
218,00000000	0,62730465
218,20000000	0,62032101
218,40000000	0,61519404
218,60000000	0,62347512
218,80000000	0,62268871
219,00000000	0,64341651
219,20000000	0,62722849
219,40000000	0,59348879
219,60000000	0,59995989
219,80000000	0,61418271
220,00000000	0,62424330
220,20000000	0,61017269
220,40000000	0,60479086
220,60000000	0,59997591
220,80000000	0,60187629
221,00000000	0,61894565
221,20000000	0,59716140
221,40000000	0,60209472
221,60000000	0,58745788
221,80000000	0,59990739
222,00000000	0,60924770
222,20000000	0,59191789
222,40000000	0,60285407
222,60000000	0,59331921
222,80000000	0,59337152
223,00000000	0,60370633
223,20000000	0,59509818
223,40000000	0,58154890
223,60000000	0,59507643
223,80000000	0,59819612
224,00000000	0,58624944
224,20000000	0,58667071
224,40000000	0,58170904
224,60000000	0,58445851
224,80000000	0,59157372
225,00000000	0,58136005
225,20000000	0,58639979
225,40000000	0,60349634
225,60000000	0,58515542
225,80000000	0,58372058
226,00000000	0,58022075
226,20000000	0,58212983
226,40000000	0,60380237
226,60000000	0,59892509
226,80000000	0,59948562
227,00000000	0,61519147
227,20000000	0,60936210
227,40000000	0,59742370
227,60000000	0,59159765
227,80000000	0,61387951
228,00000000	0,60508626
228,20000000	0,61785673
228,40000000	0,61047605
228,60000000	0,61699515
228,80000000	0,61054177
229,00000000	0,60731768
229,20000000	0,60183092
229,40000000	0,60852324
229,60000000	0,62206729
229,80000000	0,62441175
230,00000000	0,62750375
230,20000000	0,62154030
230,40000000	0,62193402
230,60000000	0,62418058
230,80000000	0,62645609
231,00000000	0,63650114
231,20000000	0,64444984
231,40000000	0,64839178
231,60000000	0,63923169
231,80000000	0,64086753
232,00000000	0,64824329
232,20000000	0,64536868
232,40000000	0,65327654
232,60000000	0,65675700
232,80000000	0,66345571
233,00000000	0,67285479
233,20000000	0,66603013
233,40000000	0,66886319
233,60000000	0,67778698
233,80000000	0,67941476
234,00000000	0,68350706
234,20000000	0,68816489
234,40000000	0,68649007
234,60000000	0,68659177
234,80000000	0,69475129
235,00000000	0,70595277
235,20000000	0,70415674
235,40000000	0,71038513
235,60000000	0,72544322
235,80000000	0,71874051
236,00000000	0,72287445
236,20000000	0,73223726
236,40000000	0,73434083
236,60000000	0,74295114
236,80000000	0,74035793
237,00000000	0,74161941
237,20000000	0,75099792
237,40000000	0,75902164
237,60000000	0,76687546
237,80000000	0,76902214
238,00000000	0,77666887
238,20000000	0,78008793
238,40000000	0,78405341
238,60000000	0,78250035
238,80000000	0,78540727
239,00000000	0,79359938
239,20000000	0,80080721
239,40000000	0,80856508
239,60000000	0,81365822
239,80000000	0,81696889
240,00000000	0,82288443
240,20000000	0,83081294
240,40000000	0,83588918
240,60000000	0,84105127
240,80000000	0,84590120
241,00000000	0,85084091
241,20000000	0,85445192
241,40000000	0,86117388
241,60000000	0,86435035
241,80000000	0,87221698
242,00000000	0,87982842
242,20000000	0,88275484
242,40000000	0,88763808
242,60000000	0,89339177
242,80000000	0,89968734
243,00000000	0,90613171
243,20000000	0,90878207
243,40000000	0,91609967
243,60000000	0,92167609
243,80000000	0,92404771
244,00000000	0,92915637
244,20000000	0,93374187
244,40000000	0,93520293
244,60000000	0,93859317
244,80000000	0,94505773
245,00000000	0,94733217
245,20000000	0,95134483
245,40000000	0,95214038
245,60000000	0,95517959
245,80000000	0,95872224
246,00000000	0,96072619
246,20000000	0,96152246
246,40000000	0,96201842
246,60000000	0,96320272
246,80000000	0,96375734
247,00000000	0,96451830
247,20000000	0,96519164
247,40000000	0,96314838
247,60000000	0,96142817
247,80000000	0,96349923
248,00000000	0,96159220
248,20000000	0,96168772
248,40000000	0,95720907
248,60000000	0,95641807
248,80000000	0,95361699
249,00000000	0,94872121
249,20000000	0,94589870
249,40000000	0,94248101
249,60000000	0,94022787
249,80000000	0,93591161
250,00000000	0,93299889
250,20000000	0,93048812
250,40000000	0,92230197
250,60000000	0,92077157
250,80000000	0,91851605
251,00000000	0,90967132
251,20000000	0,90439097
251,40000000	0,90000444
251,60000000	0,89544523
251,80000000	0,88859659
252,00000000	0,88391991
252,20000000	0,88398948
252,40000000	0,88226390
252,60000000	0,87582094
252,80000000	0,86870508
253,00000000	0,86475798
253,20000000	0,86488538
253,40000000	0,86112054
253,60000000	0,85950370
253,80000000	0,85663282
254,00000000	0,85171618
254,20000000	0,84695874
254,40000000	0,84442072
254,60000000	0,84354657
254,80000000	0,84701182
255,00000000	0,84293246
255,20000000	0,84543794
255,40000000	0,84791169
255,60000000	0,84230553
255,80000000	0,84108743
256,00000000	0,84229869
256,20000000	0,84556172
256,40000000	0,84652185
256,60000000	0,84283194
256,80000000	0,84553744
257,00000000	0,85139093
257,20000000	0,85502864
257,40000000	0,85919408
257,60000000	0,86564473
257,80000000	0,86419317
258,00000000	0,86780526
258,20000000	0,87488854
258,40000000	0,87908780
258,60000000	0,88329221
258,80000000	0,89109821
259,00000000	0,89726076
259,20000000	0,90104525
259,40000000	0,90469973
259,60000000	0,91119329
259,80000000	0,91965997
260,00000000	0,92319979
260,20000000	0,92769769
260,40000000	0,93412305
260,60000000	0,93576711
260,80000000	0,93804423
261,00000000	0,94251959
261,20000000	0,94572787
261,40000000	0,94559823
261,60000000	0,94545976
261,80000000	0,94521414
262,00000000	0,94881417
262,20000000	0,94317141
262,40000000	0,94224311
262,60000000	0,93809952
262,80000000	0,93183561
263,00000000	0,92589596
263,20000000	0,91355860
263,40000000	0,90954493
263,60000000	0,90173053
263,80000000	0,88910795
264,00000000	0,88066306
264,20000000	0,86709868
264,40000000	0,85076024
264,60000000	0,84153177
264,80000000	0,83404905
265,00000000	0,81860530
265,20000000	0,80508963
265,40000000	0,78949644
265,60000000	0,76951652
265,80000000	0,75944545
266,00000000	0,73870240
266,20000000	0,72687511
266,40000000	0,71394330
266,60000000	0,69704101
266,80000000	0,68793519
267,00000000	0,66922207
267,20000000	0,64651587
267,40000000	0,64585251
267,60000000	0,63257117
267,80000000	0,63006172
268,00000000	0,61039057
268,20000000	0,59793105
268,40000000	0,58842140
268,60000000	0,58012861
268,80000000	0,57458183
269,00000000	0,56168506
269,20000000	0,54119378
269,40000000	0,54093175
269,60000000	0,54184120
269,80000000	0,54070595
270,00000000	0,52495098
270,20000000	0,50901580
270,40000000	0,50345437
270,60000000	0,50362032
270,80000000	0,49900980
271,00000000	0,48937209
271,20000000	0,48648749
271,40000000	0,47563683
271,60000000	0,48209897
271,80000000	0,48564789
272,00000000	0,46495614
272,20000000	0,46095625
272,40000000	0,46030829
272,60000000	0,45829581
272,80000000	0,45093283
273,00000000	0,45845441
273,20000000	0,44815460
273,40000000	0,44833632
273,60000000	0,45019372
273,80000000	0,45658175
274,00000000	0,44051303
274,20000000	0,44231931
274,40000000	0,45253395
274,60000000	0,43995360
274,80000000	0,44174984
275,00000000	0,43794146
275,20000000	0,43820447
275,40000000	0,43667831
275,60000000	0,43233012
275,80000000	0,42767641
276,00000000	0,42115636
276,20000000	0,42180531
276,40000000	0,43051338
276,60000000	0,42460259
276,80000000	0,41652606
277,00000000	0,41751583
277,20000000	0,42490132
277,40000000	0,41525264
277,60000000	0,41121019
277,80000000	0,40863157
278,00000000	0,39843535
278,20000000	0,40954276
278,40000000	0,40544071
278,60000000	0,41123612
278,80000000	0,41762237
279,00000000	0,40874438
279,20000000	0,41500654
279,40000000	0,42413071
279,60000000	0,42256030
279,80000000	0,41792800
280,00000000	0,42900894
280,20000000	0,44171447
280,40000000	0,44372084
280,60000000	0,45293550
280,80000000	0,46110362
281,00000000	0,46129501
281,20000000	0,47526195
281,40000000	0,48935559
281,60000000	0,48538759
281,80000000	0,49495781
282,00000000	0,50461287
282,20000000	0,51064652
282,40000000	0,51759187
282,60000000	0,52589655
282,80000000	0,52929974
283,00000000	0,53031239
283,20000000	0,53120899
283,40000000	0,52998529
283,60000000	0,52517197
283,80000000	0,52788588
284,00000000	0,52482744
284,20000000	0,51686980
284,40000000	0,50489633
284,60000000	0,49374726
284,80000000	0,48877458
285,00000000	0,47823018
285,20000000	0,46397736
285,40000000	0,44917811
285,60000000	0,43624220
285,80000000	0,42700984
286,00000000	0,41494908
286,20000000	0,40673705
286,40000000	0,39818847
286,60000000	0,39138209
286,80000000	0,38100709
287,00000000	0,36801830
287,20000000	0,35858740
287,40000000	0,34375087
287,60000000	0,33475484
287,80000000	0,33187543
288,00000000	0,32659892
288,20000000	0,31399856
288,40000000	0,30909634
288,60000000	0,30566456
288,80000000	0,29882102
289,00000000	0,29211772
289,20000000	0,29189241
289,40000000	0,29117704
289,60000000	0,27975446
289,80000000	0,26919559
290,00000000	0,27006837
290,20000000	0,27104235
290,40000000	0,26334341
290,60000000	0,26193208
290,80000000	0,26206389
291,00000000	0,25819748
291,20000000	0,25617475
291,40000000	0,24935724
291,60000000	0,24764300
291,80000000	0,24770369
292,00000000	0,23993558
292,20000000	0,23607051
292,40000000	0,23400023
292,60000000	0,23639266
292,80000000	0,23231639
293,00000000	0,23035795
293,20000000	0,22648179
293,40000000	0,21811232
293,60000000	0,22068567
293,80000000	0,22581451
294,00000000	0,22662096
294,20000000	0,22312648
294,40000000	0,21853714
294,60000000	0,22091155
294,80000000	0,22254156
295,00000000	0,22253544
295,20000000	0,21406948
295,40000000	0,20547469
295,60000000	0,21168855
295,80000000	0,21793206
296,00000000	0,22027565
296,20000000	0,21568145
296,40000000	0,21073431
296,60000000	0,20255889
296,80000000	0,20513335
297,00000000	0,20083890
297,20000000	0,19892818
297,40000000	0,20067402
297,60000000	0,20341274
297,80000000	0,20439276
298,00000000	0,20394845
298,20000000	0,20218871
298,40000000	0,19968309
298,60000000	0,19845912
298,80000000	0,19854281
299,00000000	0,19772371
299,20000000	0,19704480
299,40000000	0,19479133
299,60000000	0,19433263
299,80000000	0,19770799
300,00000000	0,19326814
300,20000000	0,18657150
300,40000000	0,18704003
300,60000000	0,18807114
300,80000000	0,19066429
301,00000000	0,19284039
301,20000000	0,19308899
301,40000000	0,19220975
301,60000000	0,19085832
301,80000000	0,18820604
302,00000000	0,18834567
302,20000000	0,18546033
302,40000000	0,18909727
302,60000000	0,18907955
302,80000000	0,18296060
303,00000000	0,18218369
303,20000000	0,18367742
303,40000000	0,18413703
303,60000000	0,18262620
303,80000000	0,18317238
304,00000000	0,18416843
304,20000000	0,18110735
304,40000000	0,18079002
304,60000000	0,17904620
304,80000000	0,18056625
305,00000000	0,18227372
305,20000000	0,18203617
305,40000000	0,18006089
305,60000000	0,18115120
305,80000000	0,18310084
306,00000000	0,18248847
306,20000000	0,17749369
306,40000000	0,17862774
306,60000000	0,17997530
306,80000000	0,17770668
307,00000000	0,17538313
307,20000000	0,17441278
307,40000000	0,17824384
307,60000000	0,17621296
307,80000000	0,17478691
308,00000000	0,17764978
308,20000000	0,17879624
308,40000000	0,17713856
308,60000000	0,17498174
308,80000000	0,17632924
309,00000000	0,17625095
309,20000000	0,17510972
309,40000000	0,17642888
309,60000000	0,17603368
309,80000000	0,17375753
310,00000000	0,17247575
310,20000000	0,17184018
310,40000000	0,17117440
310,60000000	0,17182148
310,80000000	0,17321408
311,00000000	0,17414344
311,20000000	0,17280880
311,40000000	0,16875534
311,60000000	0,16837045
311,80000000	0,17123428
312,00000000	0,17001634
312,20000000	0,16839556
312,40000000	0,16948405
312,60000000	0,16965136
312,80000000	0,17040774
313,00000000	0,17240161
313,20000000	0,17159676
313,40000000	0,17010299
313,60000000	0,16929626
313,80000000	0,16810106
314,00000000	0,16974606
314,20000000	0,17133867
314,40000000	0,16892069
314,60000000	0,16845266
314,80000000	0,16943178
315,00000000	0,16846077
315,20000000	0,16715956
315,40000000	0,16801946
315,60000000	0,16785988
315,80000000	0,16820067
316,00000000	0,16588257
316,20000000	0,16406108
316,40000000	0,16586001
316,60000000	0,16813792
316,80000000	0,16745053
317,00000000	0,16604485
317,20000000	0,16581411
317,40000000	0,16583757
317,60000000	0,16588796
317,80000000	0,16602274
318,00000000	0,16644497
318,20000000	0,16589238
318,40000000	0,16505085
318,60000000	0,16367394
318,80000000	0,16335246
319,00000000	0,16514367
319,20000000	0,16443232
319,40000000	0,16294182
319,60000000	0,16336495
319,80000000	0,16359232
320,00000000	0,16321663
320,20000000	0,16311804
320,40000000	0,16186623
320,60000000	0,16220812
320,80000000	0,16203219
321,00000000	0,16113846
321,20000000	0,16197805
321,40000000	0,16299843
321,60000000	0,16180645
321,80000000	0,16097312
322,00000000	0,16221253
322,20000000	0,16123135
322,40000000	0,16090891
322,60000000	0,15995534
322,80000000	0,16005354
323,00000000	0,16106545
323,20000000	0,16020820
323,40000000	0,15956721
323,60000000	0,15975232
323,80000000	0,15929371
324,00000000	0,15901847
324,20000000	0,15954898
324,40000000	0,15926831
324,60000000	0,15870978
324,80000000	0,15917835
325,00000000	0,15903574
325,20000000	0,15802563
325,40000000	0,15763213
325,60000000	0,15723298
325,80000000	0,15741968
326,00000000	0,15759041
326,20000000	0,15814549
326,40000000	0,15797518
326,60000000	0,15776179
326,80000000	0,15820291
327,00000000	0,15768684
327,20000000	0,15739389
327,40000000	0,15728690
327,60000000	0,15616183
327,80000000	0,15608500
328,00000000	0,15707323
328,20000000	0,15699970
328,40000000	0,15706081
328,60000000	0,15661244
328,80000000	0,15579446
329,00000000	0,15608979
329,20000000	0,15636805
329,40000000	0,15655465
329,60000000	0,15623873
329,80000000	0,15559111
330,00000000	0,15563975
330,20000000	0,15579677
330,40000000	0,15586102
330,60000000	0,15541628
330,80000000	0,15547353
331,00000000	0,15604383
331,20000000	0,15632467
331,40000000	0,15607093
331,60000000	0,15554751
331,80000000	0,15584903
332,00000000	0,15563220
332,20000000	0,15546899
332,40000000	0,15590270
332,60000000	0,15584359
332,80000000	0,15620390
333,00000000	0,15599413
333,20000000	0,15534497
333,40000000	0,15555390
333,60000000	0,15610667
333,80000000	0,15604359
334,00000000	0,15589662
334,20000000	0,15565434
334,40000000	0,15553267
334,60000000	0,15599099
334,80000000	0,15628834
335,00000000	0,15629043
335,20000000	0,15634651
335,40000000	0,15653523
335,60000000	0,15658980
335,80000000	0,15676021
336,00000000	0,15738591
336,20000000	0,15806085
336,40000000	0,15775311
336,60000000	0,15729819
336,80000000	0,15777094
337,00000000	0,15803539
337,20000000	0,15833762
337,40000000	0,15882728
337,60000000	0,15929459
337,80000000	0,15971148
338,00000000	0,15997199
338,20000000	0,16044229
338,40000000	0,16111351
338,60000000	0,16136991
338,80000000	0,16141307
339,00000000	0,16182807
339,20000000	0,16252086
339,40000000	0,16310642
339,60000000	0,16406355
339,80000000	0,16518040
340,00000000	0,16598169
340,20000000	0,16671154
340,40000000	0,16753570
340,60000000	0,16821446
340,80000000	0,16896723
341,00000000	0,16996447
341,20000000	0,17118800
341,40000000	0,17268864
341,60000000	0,17396966
341,80000000	0,17527485
342,00000000	0,17666510
342,20000000	0,17814429
342,40000000	0,18000028
342,60000000	0,18185156
342,80000000	0,18363241
343,00000000	0,18563620
343,20000000	0,18772079
343,40000000	0,18984235
343,60000000	0,19214746
343,80000000	0,19442028
344,00000000	0,19677021
344,20000000	0,19930992
344,40000000	0,20186204
344,60000000	0,20436257
344,80000000	0,20695486
345,00000000	0,20969974
345,20000000	0,21213654
345,40000000	0,21411327
345,60000000	0,21611203
345,80000000	0,21824184
346,00000000	0,22002566
346,20000000	0,22147860
346,40000000	0,22274635
346,60000000	0,22367219
346,80000000	0,22390539
347,00000000	0,22394381
347,20000000	0,22352255
347,40000000	0,22282940
347,60000000	0,22214803
347,80000000	0,22078740
348,00000000	0,21906672
348,20000000	0,21763907
348,40000000	0,21591581
348,60000000	0,21376730
348,80000000	0,21146735
349,00000000	0,20905374
349,20000000	0,20653226
349,40000000	0,20393849
349,60000000	0,20156340
349,80000000	0,19913435
350,00000000	0,19669876
350,20000000	0,19444725
350,40000000	0,19210884
350,60000000	0,18969322
350,80000000	0,18745570
351,00000000	0,18539145
351,20000000	0,18347905
351,40000000	0,18161894
351,60000000	0,17980766
351,80000000	0,17802786
352,00000000	0,17623450
352,20000000	0,17470475
352,40000000	0,17329246
352,60000000	0,17180206
352,80000000	0,17052497
353,00000000	0,16933102
353,20000000	0,16806963
353,40000000	0,16691210
353,60000000	0,16588373
353,80000000	0,16477677
354,00000000	0,16375221
354,20000000	0,16276860
354,40000000	0,16187796
354,60000000	0,16108451
354,80000000	0,16011574
355,00000000	0,15915947
355,20000000	0,15838934
355,40000000	0,15766221
355,60000000	0,15693505
355,80000000	0,15630487
356,00000000	0,15576966
356,20000000	0,15519923
356,40000000	0,15462121
356,60000000	0,15410712
356,80000000	0,15354046
357,00000000	0,15290362
357,20000000	0,15227790
357,40000000	0,15168763
357,60000000	0,15136441
357,80000000	0,15105175
358,00000000	0,15040798
358,20000000	0,14991784
358,40000000	0,14959926
358,60000000	0,14925316
358,80000000	0,14884899
359,00000000	0,14843006
359,20000000	0,14793410
359,40000000	0,14753648
359,60000000	0,14726622
359,80000000	0,14687694
360,00000000	0,14656533
360,20000000	0,14652765
360,40000000	0,14638442
360,60000000	0,14589897
360,80000000	0,14554062
361,00000000	0,14535202
361,20000000	0,14512105
361,40000000	0,14477399
361,60000000	0,14440056
361,80000000	0,14416699
362,00000000	0,14401555
362,20000000	0,14362367
362,40000000	0,14326040
362,60000000	0,14327401
362,80000000	0,14315783
363,00000000	0,14290570
363,20000000	0,14258123
363,40000000	0,14215863
363,60000000	0,14176635
363,80000000	0,14144723
364,00000000	0,14126241
364,20000000	0,14134407
364,40000000	0,14127628
364,60000000	0,14078127
364,80000000	0,14048249
365,00000000	0,14041369
365,20000000	0,14047050
365,40000000	0,14059421
365,60000000	0,14052885
365,80000000	0,14045795
366,00000000	0,14041690
366,20000000	0,14042641
366,40000000	0,14001081
366,60000000	0,13920183
366,80000000	0,13873233
367,00000000	0,13868717
367,20000000	0,13872267
367,40000000	0,13863060
367,60000000	0,13862345
367,80000000	0,13880328
368,00000000	0,13868533
368,20000000	0,13839894
368,40000000	0,13850120
368,60000000	0,13865219
368,80000000	0,13849901
369,00000000	0,13826295
369,20000000	0,13796529
369,40000000	0,13749476
369,60000000	0,13738137
369,80000000	0,13705597
370,00000000	0,13680976
370,20000000	0,13679647
370,40000000	0,13668790
370,60000000	0,13642369
370,80000000	0,13625093
371,00000000	0,13660412
371,20000000	0,13695400
371,40000000	0,13667312
371,60000000	0,13611229
371,80000000	0,13580708
372,00000000	0,13585106
372,20000000	0,13585659
372,40000000	0,13566440
372,60000000	0,13564480
372,80000000	0,13592502
373,00000000	0,13587915
373,20000000	0,13542571
373,40000000	0,13537860
373,60000000	0,13563938
373,80000000	0,13535590
374,00000000	0,13506815
374,20000000	0,13512804
374,40000000	0,13495142
374,60000000	0,13470465
374,80000000	0,13509095
375,00000000	0,13534328
375,20000000	0,13520780
375,40000000	0,13499901
375,60000000	0,13440727
375,80000000	0,13456454
376,00000000	0,13520135
376,20000000	0,13563704
376,40000000	0,13533758
376,60000000	0,13386946
376,80000000	0,13331280
377,00000000	0,13388260
377,20000000	0,13420378
377,40000000	0,13437853
377,60000000	0,13407042
377,80000000	0,13394181
378,00000000	0,13398416
378,20000000	0,13338600
378,40000000	0,13426211
378,60000000	0,13509492
378,80000000	0,13418724
379,00000000	0,13339582
379,20000000	0,13342154
379,40000000	0,13308160
379,60000000	0,13318799
379,80000000	0,13451416
380,00000000	0,13448729
380,20000000	0,13304263
380,40000000	0,13304802
380,60000000	0,13397550
380,80000000	0,13353031
381,00000000	0,13340407
381,20000000	0,13385811
381,40000000	0,13384506
381,60000000	0,13384705
381,80000000	0,13381078
382,00000000	0,13374536
382,20000000	0,13324235
382,40000000	0,13316104
382,60000000	0,13346541
382,80000000	0,13352974
383,00000000	0,13378672
383,20000000	0,13366480
383,40000000	0,13359026
383,60000000	0,13399047
383,80000000	0,13402871
384,00000000	0,13398655
384,20000000	0,13343908
384,40000000	0,13250391
384,60000000	0,13314641
384,80000000	0,13374268
385,00000000	0,13338807
385,20000000	0,13341186
385,40000000	0,13400668
385,60000000	0,13466576
385,80000000	0,13391227
386,00000000	0,13274162
386,20000000	0,13214091
386,40000000	0,13315722
386,60000000	0,13415442
386,80000000	0,13356153
387,00000000	0,13313562
387,20000000	0,13319223
387,40000000	0,13449340
387,60000000	0,13533530
387,80000000	0,13437194
388,00000000	0,13479104
388,20000000	0,13519936
388,40000000	0,13397488
388,60000000	0,13379148
388,80000000	0,13368580
389,00000000	0,13298291
389,20000000	0,13305416
389,40000000	0,13409853
389,60000000	0,13404732
389,80000000	0,13255982
390,00000000	0,13167379
390,20000000	0,13132555
390,40000000	0,13171777
390,60000000	0,13201874
390,80000000	0,13239596
391,00000000	0,13384213
391,20000000	0,13459156
391,40000000	0,13355365
391,60000000	0,13224700
391,80000000	0,13239302
392,00000000	0,13289029
392,20000000	0,13358229
392,40000000	0,13478215
392,60000000	0,13476660
392,80000000	0,13447375
393,00000000	0,13433891
393,20000000	0,13324824
393,40000000	0,13131536
393,60000000	0,13129594
393,80000000	0,13338256
394,00000000	0,13361594
394,20000000	0,13276932
394,40000000	0,13213594
394,60000000	0,13131359
394,80000000	0,13129251
395,00000000	0,13123403
395,20000000	0,13012503
395,40000000	0,13115730
395,60000000	0,13309764
395,80000000	0,13195607
396,00000000	0,13002214
396,20000000	0,13192006
396,40000000	0,13509231
396,60000000	0,13508907
396,80000000	0,13377773
397,00000000	0,13243549
397,20000000	0,13161594
397,40000000	0,13245878
397,60000000	0,13405284
397,80000000	0,13508413
398,00000000	0,13430386
398,20000000	0,13304159
398,40000000	0,13289572
398,60000000	0,13266491
398,80000000	0,13127966
399,00000000	0,13165760
399,20000000	0,13335915
399,40000000	0,13308712
399,60000000	0,13314055
399,80000000	0,13185835
400,00000000	0,13060400
400,20000000	0,13323622
400,40000000	0,13453343
400,60000000	0,13416037
400,80000000	0,13256426
401,00000000	0,13124346
401,20000000	0,13277388
401,40000000	0,13375202
401,60000000	0,13458847
401,80000000	0,13599998
402,00000000	0,13623403
402,20000000	0,13502446
402,40000000	0,13518766
402,60000000	0,13581289
402,80000000	0,13447411
403,00000000	0,13369635
403,20000000	0,13375292
403,40000000	0,13378733
403,60000000	0,13332040
403,80000000	0,13302108
404,00000000	0,13361392
404,20000000	0,13331843
404,40000000	0,13330673
404,60000000	0,13423904
404,80000000	0,13422156
405,00000000	0,13453129
405,20000000	0,13592704
405,40000000	0,13646294
405,60000000	0,13574695
405,80000000	0,13405165
406,00000000	0,13244096
406,20000000	0,13469131
406,40000000	0,13780548
406,60000000	0,13797851
406,80000000	0,13731779
407,00000000	0,13551472
407,20000000	0,13563670
407,40000000	0,13804489
407,60000000	0,13951223
407,80000000	0,13932165
408,00000000	0,13519939
408,20000000	0,13287265
408,40000000	0,13416514
408,60000000	0,13358542
408,80000000	0,13346912
409,00000000	0,13774041
409,20000000	0,14219399
409,40000000	0,13923484
409,60000000	0,13422071
409,80000000	0,13340101
410,00000000	0,13595853
410,20000000	0,13757207
410,40000000	0,13759105
410,60000000	0,13924622
410,80000000	0,13877459
411,00000000	0,13632520
411,20000000	0,13593973
411,40000000	0,13910464
411,60000000	0,14095745
411,80000000	0,13974377
412,00000000	0,14022826
412,20000000	0,13970858
412,40000000	0,13834983
412,60000000	0,13877940
412,80000000	0,13784096
413,00000000	0,13915017
413,20000000	0,14179709
413,40000000	0,14213357
413,60000000	0,14272396
413,80000000	0,14229151
414,00000000	0,14224675
414,20000000	0,14343977
414,40000000	0,14237054
414,60000000	0,14068870
414,80000000	0,14189096
415,00000000	0,14624427
415,20000000	0,15023405
415,40000000	0,14717377
415,60000000	0,13918787
415,80000000	0,13787717
416,00000000	0,14465316
416,20000000	0,14653706
416,40000000	0,14367690
416,60000000	0,14364892
416,80000000	0,14371917
417,00000000	0,14281882
417,20000000	0,14172732
417,40000000	0,14216184
417,60000000	0,14333481
417,80000000	0,14275828
418,00000000	0,14211076
418,20000000	0,14400871
418,40000000	0,14269669
418,60000000	0,13827306
418,80000000	0,13946556
419,00000000	0,14418536
419,20000000	0,14759303
419,40000000	0,14692916
419,60000000	0,14571887
419,80000000	0,14459752
420,00000000	0,14011579
420,20000000	0,14107692
420,40000000	0,14463046
420,60000000	0,14387313
420,80000000	0,14581321
421,00000000	0,14911166
421,20000000	0,14912543
421,40000000	0,14591162
421,60000000	0,14366428
421,80000000	0,14574376
422,00000000	0,14903964
422,20000000	0,15089704
422,40000000	0,14920890
422,60000000	0,14584556
422,80000000	0,14408206
423,00000000	0,14471612
423,20000000	0,14692428
423,40000000	0,14776394
423,60000000	0,14703239
423,80000000	0,14575109
424,00000000	0,14482783
424,20000000	0,14399866
424,40000000	0,14497335
424,60000000	0,14958230
424,80000000	0,14868337
425,00000000	0,14475121
425,20000000	0,14862895
425,40000000	0,15149712
425,60000000	0,14946191
425,80000000	0,14745389
426,00000000	0,14422815
426,20000000	0,14404619
426,40000000	0,14860617
426,60000000	0,15168988
426,80000000	0,15170326
427,00000000	0,15035212
427,20000000	0,14914959
427,40000000	0,14886036
427,60000000	0,14959477
427,80000000	0,15179870
428,00000000	0,15433323
428,20000000	0,15460365
428,40000000	0,15564496
428,60000000	0,15896945
428,80000000	0,15634191
429,00000000	0,14896138
429,20000000	0,14724698
429,40000000	0,15129197
429,60000000	0,15291215
429,80000000	0,15334471
430,00000000	0,15210650
430,20000000	0,14840171
430,40000000	0,15040107
430,60000000	0,15540713
430,80000000	0,15856217
431,00000000	0,16041361
431,20000000	0,16076993
431,40000000	0,15877486
431,60000000	0,15807317
431,80000000	0,16075245
432,00000000	0,16163078
432,20000000	0,15888951
432,40000000	0,15443361
432,60000000	0,15337022
432,80000000	0,15912854
433,00000000	0,16419352
433,20000000	0,16462350
433,40000000	0,16333896
433,60000000	0,16192629
433,80000000	0,16388049
434,00000000	0,16621394
434,20000000	0,16640696
434,40000000	0,16818613
434,60000000	0,16840467
434,80000000	0,16570821
435,00000000	0,16317011
435,20000000	0,15985517
435,40000000	0,15863477
435,60000000	0,15934837
435,80000000	0,15708407
436,00000000	0,15540798
436,20000000	0,15886828
436,40000000	0,16467575
436,60000000	0,16612929
436,80000000	0,16456276
437,00000000	0,16461749
437,20000000	0,16592606
437,40000000	0,16951998
437,60000000	0,16825760
437,80000000	0,16415940
438,00000000	0,16472872
438,20000000	0,16594357
438,40000000	0,16946310
438,60000000	0,16954053
438,80000000	0,16663699
439,00000000	0,16763018
439,20000000	0,17044186
439,40000000	0,17420233
439,60000000	0,17659745
439,80000000	0,17525844
440,00000000	0,17401888
440,20000000	0,17428663
440,40000000	0,17087137
440,60000000	0,16761660
440,80000000	0,16988896
441,00000000	0,17065631
441,20000000	0,16807165
441,40000000	0,16924643
441,60000000	0,17185984
441,80000000	0,17423606
442,00000000	0,17779662
442,20000000	0,17956550
442,40000000	0,17983905
442,60000000	0,17836241
442,80000000	0,17248516
443,00000000	0,17141955
443,20000000	0,17801820
443,40000000	0,17888554
443,60000000	0,17687112
443,80000000	0,17658001
444,00000000	0,17752531
444,20000000	0,17870653
444,40000000	0,17264276
444,60000000	0,16766990
444,80000000	0,17206130
445,00000000	0,18232975
445,20000000	0,19072637
445,40000000	0,18795795
445,60000000	0,18448417
445,80000000	0,19014880
446,00000000	0,18900731
446,20000000	0,18355278
446,40000000	0,18309241
446,60000000	0,18302636
446,80000000	0,18562974
447,00000000	0,18645928
447,20000000	0,18895649
447,40000000	0,19601901
447,60000000	0,19290733
447,80000000	0,18553557
448,00000000	0,19154472
448,20000000	0,20031049
448,40000000	0,19934213
448,60000000	0,19695897
448,80000000	0,19863520
449,00000000	0,19775718
449,20000000	0,19716168
449,40000000	0,19982573
449,60000000	0,20036785
449,80000000	0,19922638
450,00000000	0,20218426
450,20000000	0,20299606
450,40000000	0,19810326
450,60000000	0,20163526
450,80000000	0,20556080
451,00000000	0,20647906
451,20000000	0,20446223
451,40000000	0,20016578
451,60000000	0,20437957
451,80000000	0,20857595
452,00000000	0,21091859
452,20000000	0,21437845
452,40000000	0,21550643
452,60000000	0,21440341
452,80000000	0,21451195
453,00000000	0,21292692
453,20000000	0,21387200
453,40000000	0,22033434
453,60000000	0,21911158
453,80000000	0,21751811
454,00000000	0,22220383
454,20000000	0,22339540
454,40000000	0,22401918
454,60000000	0,22532683
454,80000000	0,22250537
455,00000000	0,21985558
455,20000000	0,21929013
455,40000000	0,22421126
455,60000000	0,23157251
455,80000000	0,23187896
456,00000000	0,23468796
456,20000000	0,24025308
456,40000000	0,23774450
456,60000000	0,23297133
456,80000000	0,23179918
457,00000000	0,23604943
457,20000000	0,23916236
457,40000000	0,23940730
457,60000000	0,24197791
457,80000000	0,24149253
458,00000000	0,24248010
458,20000000	0,24949371
458,40000000	0,25441688
458,60000000	0,26104357
458,80000000	0,26344779
459,00000000	0,26051047
459,20000000	0,26105405
459,40000000	0,26006141
459,60000000	0,26234947
459,80000000	0,27240337
460,00000000	0,27792175
460,20000000	0,27282406
460,40000000	0,26996522
460,60000000	0,26757730
460,80000000	0,26066515
461,00000000	0,26401966
461,20000000	0,27338784
461,40000000	0,28004309
461,60000000	0,28713323
461,80000000	0,29040610
462,00000000	0,28901776
462,20000000	0,28529153
462,40000000	0,28664213
462,60000000	0,29678323
462,80000000	0,30301010
463,00000000	0,29951834
463,20000000	0,29820486
463,40000000	0,30476209
463,60000000	0,30625709
463,80000000	0,30501954
464,00000000	0,30733775
464,20000000	0,31173044
464,40000000	0,31969408
464,60000000	0,32220956
464,80000000	0,32169158
465,00000000	0,32971023
465,20000000	0,33441923
465,40000000	0,32377373
465,60000000	0,31618631
465,80000000	0,32514871
466,00000000	0,33172495
466,20000000	0,33442784
466,40000000	0,33861037
466,60000000	0,34409830
466,80000000	0,34949407
467,00000000	0,34927017
467,20000000	0,35243054
467,40000000	0,35448430
467,60000000	0,35308684
467,80000000	0,35470062
468,00000000	0,35972215
468,20000000	0,36806077
468,40000000	0,37275717
468,60000000	0,37361953
468,80000000	0,37399303
469,00000000	0,37706329
469,20000000	0,38214493
469,40000000	0,38301836
469,60000000	0,38650736
469,80000000	0,39234971
470,00000000	0,38900787
470,20000000	0,38936775
470,40000000	0,39406087
470,60000000	0,39676896
470,80000000	0,40487657
471,00000000	0,41347415
471,20000000	0,41752696
471,40000000	0,42134339
471,60000000	0,42659835
471,80000000	0,42588701
472,00000000	0,42394361
472,20000000	0,42312657
472,40000000	0,42755376
472,60000000	0,43798803
472,80000000	0,43837683
473,00000000	0,43505873
473,20000000	0,43393060
473,40000000	0,43464609
473,60000000	0,44638154
473,80000000	0,45945380
474,00000000	0,45884818
474,20000000	0,45276476
474,40000000	0,45643103
474,60000000	0,45994971
474,80000000	0,45888919
475,00000000	0,45914409
475,20000000	0,46581870
475,40000000	0,47418972
475,60000000	0,47665484
475,80000000	0,47513354
476,00000000	0,47658194
476,20000000	0,48375771
476,40000000	0,48334565
476,60000000	0,48169104
476,80000000	0,48707472
477,00000000	0,49095168
477,20000000	0,49269462
477,40000000	0,49321995
477,60000000	0,49461965
477,80000000	0,49488527
478,00000000	0,49379067
478,20000000	0,49667234
478,40000000	0,50048980
478,60000000	0,50203028
478,80000000	0,49700693
479,00000000	0,49607278
479,20000000	0,50178312
479,40000000	0,50423490
479,60000000	0,50897019
479,80000000	0,51209374
480,00000000	0,50944326
480,20000000	0,50865611
480,40000000	0,51501949
480,60000000	0,51989328
480,80000000	0,52098642
481,00000000	0,52106730
481,20000000	0,52127315
481,40000000	0,52555026
481,60000000	0,52471183
481,80000000	0,51990584
482,00000000	0,51849637
482,20000000	0,52068697
482,40000000	0,52639618
482,60000000	0,52723758
482,80000000	0,52071912
483,00000000	0,52270350
483,20000000	0,52409603
483,40000000	0,52332294
483,60000000	0,52126661
483,80000000	0,51983314
484,00000000	0,52329959
484,20000000	0,52572328
484,40000000	0,52622971
484,60000000	0,52667010
484,80000000	0,52900809
485,00000000	0,52929807
485,20000000	0,52922684
485,40000000	0,53303053
485,60000000	0,53054656
485,80000000	0,53003041
486,00000000	0,53068901
486,20000000	0,53405343
486,40000000	0,53973837
486,60000000	0,53998335
486,80000000	0,53386004
487,00000000	0,53344389
487,20000000	0,53579587
487,40000000	0,53446603
487,60000000	0,53715134
487,80000000	0,53929506
488,00000000	0,53846747
488,20000000	0,53502518
488,40000000	0,53605961
488,60000000	0,53969320
488,80000000	0,54516856
489,00000000	0,54662574
489,20000000	0,54386825
489,40000000	0,54267774
489,60000000	0,54658130
489,80000000	0,55058799
490,00000000	0,54996747
490,20000000	0,55025442
490,40000000	0,54754321
490,60000000	0,54746474
490,80000000	0,55028120
491,00000000	0,55108445
491,20000000	0,55083082
491,40000000	0,55123164
491,60000000	0,55395341
491,80000000	0,55718779
492,00000000	0,56023193
492,20000000	0,56096959
492,40000000	0,55768260
492,60000000	0,55882257
492,80000000	0,56218610
493,00000000	0,56119694
493,20000000	0,55908933
493,40000000	0,56244772
493,60000000	0,56548995
493,80000000	0,57041886
494,00000000	0,57127353
494,20000000	0,56987027
494,40000000	0,57181521
494,60000000	0,56899861
494,80000000	0,56618089
495,00000000	0,56924945
495,20000000	0,57151054
495,40000000	0,57231819
495,60000000	0,57693871
495,80000000	0,57672195
496,00000000	0,57790388
496,20000000	0,58190813
496,40000000	0,58252471
496,60000000	0,58032773
496,80000000	0,58321979
497,00000000	0,59053550
497,20000000	0,59154199
497,40000000	0,59066994
497,60000000	0,59017967
497,80000000	0,59220731
498,00000000	0,59268942
498,20000000	0,59048474
498,40000000	0,59093273
498,60000000	0,59622095
498,80000000	0,60197787
499,00000000	0,60542310
499,20000000	0,60517009
499,40000000	0,60407297
499,60000000	0,60275221
499,80000000	0,60261382
500,00000000	0,60564909
500,20000000	0,60909770
500,40000000	0,60838005
500,60000000	0,61113688
500,80000000	0,61501140
501,00000000	0,61886336
501,20000000	0,62073836
501,40000000	0,61958198
501,60000000	0,61925005
501,80000000	0,61810360
502,00000000	0,62161782
502,20000000	0,62588776
502,40000000	0,62813281
502,60000000	0,63519495
502,80000000	0,63787804
503,00000000	0,63442434
503,20000000	0,63304429
503,40000000	0,63477202
503,60000000	0,63803567
503,80000000	0,64016933
504,00000000	0,64097046
504,20000000	0,64344131
504,40000000	0,64764160
504,60000000	0,65163937
504,80000000	0,65318677
505,00000000	0,65376952
505,20000000	0,65709675
505,40000000	0,66087966
505,60000000	0,66225482
505,80000000	0,66336324
506,00000000	0,66831541
506,20000000	0,67089398
506,40000000	0,67099454
506,60000000	0,66978552
506,80000000	0,66760056
507,00000000	0,67118872
507,20000000	0,67636386
507,40000000	0,67727933
507,60000000	0,68068828
507,80000000	0,68553158
508,00000000	0,68656168
508,20000000	0,68789731
508,40000000	0,68986441
508,60000000	0,69205410
508,80000000	0,69552664
509,00000000	0,69848339
509,20000000	0,69906430
509,40000000	0,70164563
509,60000000	0,70619512
509,80000000	0,70662147
510,00000000	0,70480673
510,20000000	0,70673206
510,40000000	0,70897052
510,60000000	0,71028875
510,80000000	0,71140775
511,00000000	0,71247871
511,20000000	0,71618385
511,40000000	0,71980755
511,60000000	0,72232878
511,80000000	0,72509197
512,00000000	0,72753622
512,20000000	0,73020897
512,40000000	0,73218195
512,60000000	0,73453196
512,80000000	0,73671178
513,00000000	0,73692857
513,20000000	0,73853708
513,40000000	0,74321258
513,60000000	0,74501859
513,80000000	0,74410493
514,00000000	0,74581186
514,20000000	0,74899505
514,40000000	0,75092490
514,60000000	0,75407008
514,80000000	0,75673807
515,00000000	0,75792617
515,20000000	0,75899449
515,40000000	0,76265477
515,60000000	0,76568728
515,80000000	0,76724030
516,00000000	0,76917619
516,20000000	0,77169529
516,40000000	0,77299130
516,60000000	0,77581962
516,80000000	0,77948680
517,00000000	0,78051324
517,20000000	0,78067868
517,40000000	0,78260024
517,60000000	0,78494810
517,80000000	0,78747153
518,00000000	0,79040387
518,20000000	0,79184306
518,40000000	0,79412251
518,60000000	0,79632053
518,80000000	0,79813880
519,00000000	0,79857134
519,20000000	0,80057945
519,40000000	0,80323444
519,60000000	0,80680098
519,80000000	0,80860312
520,00000000	0,81051986
520,20000000	0,81305124
520,40000000	0,81446385
520,60000000	0,81608042
520,80000000	0,81596291
521,00000000	0,81682752
521,20000000	0,81912230
521,40000000	0,82196715
521,60000000	0,82335062
521,80000000	0,82487216
522,00000000	0,82692810
522,20000000	0,82814894
522,40000000	0,82987308
522,60000000	0,83168849
522,80000000	0,83260104
523,00000000	0,83420394
523,20000000	0,83690556
523,40000000	0,83859428
523,60000000	0,84081547
523,80000000	0,84346705
524,00000000	0,84420772
524,20000000	0,84538435
524,40000000	0,84681392
524,60000000	0,84749001
524,80000000	0,84824301
525,00000000	0,84866460
525,20000000	0,85030335
525,40000000	0,85176509
525,60000000	0,85295801
525,80000000	0,85437737
526,00000000	0,85557300
526,20000000	0,85773289
526,40000000	0,85908343
526,60000000	0,86024924
526,80000000	0,86091382
527,00000000	0,86150283
527,20000000	0,86260247
527,40000000	0,86317898
527,60000000	0,86434680
527,80000000	0,86574166
528,00000000	0,86757414
528,20000000	0,86942420
528,40000000	0,87049759
528,60000000	0,87079832
528,80000000	0,87144772
529,00000000	0,87288866
529,20000000	0,87382364
529,40000000	0,87497579
529,60000000	0,87682378
529,80000000	0,87728364
530,00000000	0,87748731
530,20000000	0,87861830
530,40000000	0,87976395
530,60000000	0,88089541
530,80000000	0,88146049
531,00000000	0,88203760
531,20000000	0,88335243
531,40000000	0,88447219
531,60000000	0,88520583
531,80000000	0,88587472
532,00000000	0,88648485
532,20000000	0,88750852
532,40000000	0,88780394
532,60000000	0,88830306
532,80000000	0,88998104
533,00000000	0,89131809
533,20000000	0,89168704
533,40000000	0,89174400
533,60000000	0,89256153
533,80000000	0,89409877
534,00000000	0,89510096
534,20000000	0,89568243
534,40000000	0,89648741
534,60000000	0,89785891
534,80000000	0,89885827
535,00000000	0,89907524
535,20000000	0,89954237
535,40000000	0,90078368
535,60000000	0,90220694
535,80000000	0,90269480
536,00000000	0,90343428
536,20000000	0,90428401
536,40000000	0,90486935
536,60000000	0,90533565
536,80000000	0,90584345
537,00000000	0,90645566
537,20000000	0,90734679
537,40000000	0,90823437
537,60000000	0,90909722
537,80000000	0,90950036
538,00000000	0,91016481
538,20000000	0,91101822
538,40000000	0,91161909
538,60000000	0,91214332
538,80000000	0,91301807
539,00000000	0,91381404
539,20000000	0,91456008
539,40000000	0,91571072
539,60000000	0,91665731
539,80000000	0,91744420
540,00000000	0,91822561
540,20000000	0,91940596
540,40000000	0,92048383
540,60000000	0,92112347
540,80000000	0,92170248
541,00000000	0,92234533
541,20000000	0,92301435
541,40000000	0,92386907
541,60000000	0,92459635
541,80000000	0,92522240
542,00000000	0,92583827
542,20000000	0,92651145
542,40000000	0,92731410
542,60000000	0,92857846
542,80000000	0,92931911
543,00000000	0,92982410
543,20000000	0,93080021
543,40000000	0,93162447
543,60000000	0,93224422
543,80000000	0,93296640
544,00000000	0,93393554
544,20000000	0,93479370
544,40000000	0,93541998
544,60000000	0,93623961
544,80000000	0,93722720
545,00000000	0,93812978
545,20000000	0,93914456
545,40000000	0,93975526
545,60000000	0,94055414
545,80000000	0,94114467
546,00000000	0,94207564
546,20000000	0,94319463
546,40000000	0,94396555
546,60000000	0,94430616
546,80000000	0,94517552
547,00000000	0,94575812
547,20000000	0,94614854
547,40000000	0,94701275
547,60000000	0,94786264
547,80000000	0,94841037
548,00000000	0,94926735
548,20000000	0,95010718
548,40000000	0,95114967
548,60000000	0,95177834
548,80000000	0,95248563
549,00000000	0,95311101
549,20000000	0,95389486
549,40000000	0,95449295
549,60000000	0,95506169
549,80000000	0,95602499
550,00000000	0,95719471
550,20000000	0,95810700
550,40000000	0,95854081
550,60000000	0,95927736
550,80000000	0,95989759
551,00000000	0,96014870
551,20000000	0,96125437
551,40000000	0,96233257
551,60000000	0,96293353
551,80000000	0,96316815
552,00000000	0,96309590
552,20000000	0,96381411
552,40000000	0,96458629
552,60000000	0,96500659
552,80000000	0,96569842
553,00000000	0,96661289
553,20000000	0,96736196
553,40000000	0,96770562
553,60000000	0,96794986
553,80000000	0,96885619
554,00000000	0,96963603
554,20000000	0,97022211
554,40000000	0,97050727
554,60000000	0,97087128
554,80000000	0,97151022
555,00000000	0,97203113
555,20000000	0,97263880
555,40000000	0,97338255
555,60000000	0,97403112
555,80000000	0,97455940
556,00000000	0,97493704
556,20000000	0,97524288
556,40000000	0,97550425
556,60000000	0,97594304
556,80000000	0,97592654
557,00000000	0,97588920
557,20000000	0,97646118
557,40000000	0,97706271
557,60000000	0,97736825
557,80000000	0,97777943
558,00000000	0,97840221
558,20000000	0,97866100
558,40000000	0,97887670
558,60000000	0,97952183
558,80000000	0,98023159
559,00000000	0,98039301
559,20000000	0,98041975
559,40000000	0,98067436
559,60000000	0,98072787
559,80000000	0,98096805
560,00000000	0,98144611
560,20000000	0,98209373
560,40000000	0,98205863
560,60000000	0,98212524
560,80000000	0,98274333
561,00000000	0,98325223
561,20000000	0,98330388
561,40000000	0,98326900
561,60000000	0,98356979
561,80000000	0,98357279
562,00000000	0,98330943
562,20000000	0,98354996
562,40000000	0,98381105
562,60000000	0,98441553
562,80000000	0,98483157
563,00000000	0,98490157
563,20000000	0,98493754
563,40000000	0,98519486
563,60000000	0,98516313
563,80000000	0,98525856
564,00000000	0,98519079
564,20000000	0,98513248
564,40000000	0,98497043
564,60000000	0,98512430
564,80000000	0,98498137
565,00000000	0,98517392
565,20000000	0,98537723
565,40000000	0,98521307
565,60000000	0,98553905
565,80000000	0,98614693
566,00000000	0,98609713
566,20000000	0,98602461
566,40000000	0,98617521
566,60000000	0,98627841
566,80000000	0,98639589
567,00000000	0,98670380
567,20000000	0,98651136
567,40000000	0,98614228
567,60000000	0,98605782
567,80000000	0,98592054
568,00000000	0,98596233
568,20000000	0,98608838
568,40000000	0,98630971
568,60000000	0,98643860
568,80000000	0,98641749
569,00000000	0,98626238
569,20000000	0,98636662
569,40000000	0,98661659
569,60000000	0,98655541
569,80000000	0,98630485
570,00000000	0,98642990
570,20000000	0,98665008
570,40000000	0,98671976
570,60000000	0,98647024
570,80000000	0,98615147
571,00000000	0,98623459
571,20000000	0,98646566
571,40000000	0,98643885
571,60000000	0,98654247
571,80000000	0,98665040
572,00000000	0,98678328
572,20000000	0,98676046
572,40000000	0,98663047
572,60000000	0,98661825
572,80000000	0,98673144
573,00000000	0,98645104
573,20000000	0,98621548
573,40000000	0,98647534
573,60000000	0,98683051
573,80000000	0,98669230
574,00000000	0,98652646
574,20000000	0,98681120
574,40000000	0,98702898
574,60000000	0,98685774
574,80000000	0,98703134
575,00000000	0,98710412
575,20000000	0,98711587
575,40000000	0,98683245
575,60000000	0,98658949
575,80000000	0,98665723
576,00000000	0,98688786
576,20000000	0,98693971
576,40000000	0,98685770
576,60000000	0,98694145
576,80000000	0,98724761
577,00000000	0,98745001
577,20000000	0,98755277
577,40000000	0,98768753
577,60000000	0,98817690
577,80000000	0,98827265
578,00000000	0,98802832
578,20000000	0,98795092
578,40000000	0,98768010
578,60000000	0,98775060
578,80000000	0,98790835
579,00000000	0,98809614
579,20000000	0,98831852
579,40000000	0,98846317
579,60000000	0,98888893
579,80000000	0,98918272
580,00000000	0,98892559
580,20000000	0,98870948
580,40000000	0,98927082
580,60000000	0,98949418
580,80000000	0,98960364
581,00000000	0,98944890
581,20000000	0,98932248
581,40000000	0,98935573
581,60000000	0,98929092
581,80000000	0,98968526
582,00000000	0,99002934
582,20000000	0,98988167
582,40000000	0,98993970
582,60000000	0,99049480
582,80000000	0,99077761
583,00000000	0,99090285
583,20000000	0,99085764
583,40000000	0,99111869
583,60000000	0,99120154
583,80000000	0,99132084
584,00000000	0,99164466
584,20000000	0,99171329
584,40000000	0,99191948
584,60000000	0,99202326
584,80000000	0,99213714
585,00000000	0,99215628
585,20000000	0,99208249
585,40000000	0,99211488
585,60000000	0,99262738
585,80000000	0,99291704
586,00000000	0,99301692
586,20000000	0,99326513
586,40000000	0,99360160
586,60000000	0,99363215
586,80000000	0,99347571
587,00000000	0,99383373
587,20000000	0,99394579
587,40000000	0,99406092
587,60000000	0,99424095
587,80000000	0,99407440
588,00000000	0,99433773
588,20000000	0,99472396
588,40000000	0,99482803
588,60000000	0,99500135
588,80000000	0,99506306
589,00000000	0,99525507
589,20000000	0,99545761
589,40000000	0,99575298
589,60000000	0,99581308
589,80000000	0,99601581
590,00000000	0,99617599
590,20000000	0,99596348
590,40000000	0,99597058
590,60000000	0,99615616
590,80000000	0,99625175
591,00000000	0,99633872
591,20000000	0,99672615
591,40000000	0,99693002
591,60000000	0,99695418
591,80000000	0,99702394
592,00000000	0,99711895
592,20000000	0,99728792
592,40000000	0,99748488
592,60000000	0,99750767
592,80000000	0,99751936
593,00000000	0,99761426
593,20000000	0,99768285
593,40000000	0,99783888
593,60000000	0,99793116
593,80000000	0,99814235
594,00000000	0,99807874
594,20000000	0,99801235
594,40000000	0,99810768
594,60000000	0,99834500
594,80000000	0,99842826
595,00000000	0,99832973
595,20000000	0,99848154
595,40000000	0,99851777
595,60000000	0,99849982
595,80000000	0,99871702
596,00000000	0,99867793
596,20000000	0,99867328
596,40000000	0,99871908
596,60000000	0,99862874
596,80000000	0,99866275
597,00000000	0,99878548
597,20000000	0,99877416
597,40000000	0,99887835
597,60000000	0,99888188
597,80000000	0,99887627
598,00000000	0,99886029
598,20000000	0,99889423
598,40000000	0,99896416
598,60000000	0,99894393
598,80000000	0,99899747
599,00000000	0,99898239
599,20000000	0,99905110
599,40000000	0,99894155
599,60000000	0,99887337
599,80000000	0,99900972
600,00000000	0,99892246
600,20000000	0,99889999
600,40000000	0,99901676
600,60000000	0,99907747
600,80000000	0,99902951
601,00000000	0,99906551
601,20000000	0,99905625
601,40000000	0,99890133
601,60000000	0,99879071
601,80000000	0,99887830
602,00000000	0,99892151
602,20000000	0,99890052
602,40000000	0,99888680
602,60000000	0,99893172
602,80000000	0,99896830
603,00000000	0,99887843
603,20000000	0,99886635
603,40000000	0,99887914
603,60000000	0,99891501
603,80000000	0,99897573
604,00000000	0,99886494
604,20000000	0,99885122
604,40000000	0,99882764
604,60000000	0,99893826
604,80000000	0,99895650
605,00000000	0,99886132
605,20000000	0,99883961
605,40000000	0,99893298
605,60000000	0,99898893
605,80000000	0,99887047
606,00000000	0,99877314
606,20000000	0,99873702
606,40000000	0,99869774
606,60000000	0,99868640
606,80000000	0,99873173
607,00000000	0,99879338
607,20000000	0,99877611
607,40000000	0,99875256
607,60000000	0,99867431
607,80000000	0,99859997
608,00000000	0,99866666
608,20000000	0,99873894
608,40000000	0,99883748
608,60000000	0,99875585
608,80000000	0,99873741
609,00000000	0,99866080
609,20000000	0,99860764
609,40000000	0,99871316
609,60000000	0,99877243
609,80000000	0,99868367
610,00000000	0,99855645
610,20000000	0,99848431
610,40000000	0,99850117
610,60000000	0,99856443
610,80000000	0,99843257
611,00000000	0,99836789
611,20000000	0,99851512
611,40000000	0,99856635
611,60000000	0,99853071
611,80000000	0,99850307
612,00000000	0,99835044
612,20000000	0,99827313
612,40000000	0,99819965
612,60000000	0,99828885
612,80000000	0,99835785
613,00000000	0,99819956
613,20000000	0,99821136
613,40000000	0,99836630
613,60000000	0,99837858
613,80000000	0,99829213
614,00000000	0,99807141
614,20000000	0,99809754
614,40000000	0,99799113
614,60000000	0,99787891
614,80000000	0,99778505
615,00000000	0,99775024
615,20000000	0,99783264
615,40000000	0,99786676
615,60000000	0,99764982
615,80000000	0,99763660
616,00000000	0,99750294
616,20000000	0,99731009
616,40000000	0,99729949
616,60000000	0,99729906
616,80000000	0,99746949
617,00000000	0,99751524
617,20000000	0,99718290
617,40000000	0,99695715
617,60000000	0,99697583
617,80000000	0,99696453
618,00000000	0,99703040
618,20000000	0,99691173
618,40000000	0,99656004
618,60000000	0,99648953
618,80000000	0,99654525
619,00000000	0,99634367
619,20000000	0,99627374
619,40000000	0,99623163
619,60000000	0,99590885
619,80000000	0,99569929
620,00000000	0,99575818
620,20000000	0,99556269
620,40000000	0,99531740
620,60000000	0,99519268
620,80000000	0,99543460
621,00000000	0,99528650
621,20000000	0,99496110
621,40000000	0,99458678
621,60000000	0,99439225
621,80000000	0,99437020
622,00000000	0,99402090
622,20000000	0,99392118
622,40000000	0,99403712
622,60000000	0,99391145
622,80000000	0,99350564
623,00000000	0,99350964
623,20000000	0,99348241
623,40000000	0,99326914
623,60000000	0,99279072
623,80000000	0,99244630
624,00000000	0,99229725
624,20000000	0,99237881
624,40000000	0,99240492
624,60000000	0,99208893
624,80000000	0,99205748
625,00000000	0,99204724
625,20000000	0,99173676
625,40000000	0,99141956
625,60000000	0,99137372
625,80000000	0,99123387
626,00000000	0,99085154
626,20000000	0,99082169
626,40000000	0,99077084
626,60000000	0,99031088
626,80000000	0,99026904
627,00000000	0,99010771
627,20000000	0,98982230
627,40000000	0,98959437
627,60000000	0,98937018
627,80000000	0,98961088
628,00000000	0,98937441
628,20000000	0,98877788
628,40000000	0,98834430
628,60000000	0,98792073
628,80000000	0,98813930
629,00000000	0,98860877
629,20000000	0,98855856
629,40000000	0,98798328
629,60000000	0,98741604
629,80000000	0,98739161
630,00000000	0,98783789
630,20000000	0,98706981
630,40000000	0,98644643
630,60000000	0,98665969
630,80000000	0,98698169
631,00000000	0,98650867
631,20000000	0,98637272
631,40000000	0,98615012
631,60000000	0,98643824
631,80000000	0,98604582
632,00000000	0,98561269
632,20000000	0,98615238
632,40000000	0,98566216
632,60000000	0,98520869
632,80000000	0,98525262
633,00000000	0,98514769
633,20000000	0,98505293
633,40000000	0,98478813
633,60000000	0,98412493
633,80000000	0,98452482
634,00000000	0,98505667
634,20000000	0,98505061
634,40000000	0,98508320
634,60000000	0,98406885
634,80000000	0,98360993
635,00000000	0,98352886
635,20000000	0,98379613
635,40000000	0,98405575
635,60000000	0,98355674
635,80000000	0,98343128
636,00000000	0,98316894
636,20000000	0,98372915
636,40000000	0,98403359
636,60000000	0,98343588
636,80000000	0,98268698
637,00000000	0,98273319
637,20000000	0,98314564
637,40000000	0,98270665
637,60000000	0,98302849
637,80000000	0,98292935
638,00000000	0,98228854
638,20000000	0,98201195
638,40000000	0,98244587
638,60000000	0,98226067
638,80000000	0,98201810
639,00000000	0,98209247
639,20000000	0,98185469
639,40000000	0,98125401
639,60000000	0,98115955
639,80000000	0,98073080
640,00000000	0,98063192
640,20000000	0,98065110
640,40000000	0,98125893
640,60000000	0,98105663
640,80000000	0,98092700
641,00000000	0,98026019
641,20000000	0,98012841
641,40000000	0,98081461
641,60000000	0,98024938
641,80000000	0,98017334
642,00000000	0,97999047
642,20000000	0,97981449
642,40000000	0,97979310
642,60000000	0,98010866
642,80000000	0,97961644
643,00000000	0,97898805
643,20000000	0,97928677
643,40000000	0,97842787
643,60000000	0,97773526
643,80000000	0,97841414
644,00000000	0,97855551
644,20000000	0,97786031
644,40000000	0,97728606
644,60000000	0,97717359
644,80000000	0,97715256
645,00000000	0,97678299
645,20000000	0,97647038
645,40000000	0,97663917
645,60000000	0,97663137
645,80000000	0,97583049
646,00000000	0,97523328
646,20000000	0,97474649
646,40000000	0,97447661
646,60000000	0,97502896
646,80000000	0,97512801
647,00000000	0,97378107
647,20000000	0,97358962
647,40000000	0,97253475
647,60000000	0,97288137
647,80000000	0,97304808
648,00000000	0,97233889
648,20000000	0,97170440
648,40000000	0,97150729
648,60000000	0,97163338
648,80000000	0,97184481
649,00000000	0,97105169
649,20000000	0,96934789
649,40000000	0,96934791
649,60000000	0,96925782
649,80000000	0,96934897
650,00000000	0,96872452
650,20000000	0,96773111
650,40000000	0,96744244
650,60000000	0,96729244
650,80000000	0,96665812
651,00000000	0,96555145
651,20000000	0,96503936
651,40000000	0,96542576
651,60000000	0,96528776
651,80000000	0,96462104
652,00000000	0,96446721
652,20000000	0,96339051
652,40000000	0,96247007
652,60000000	0,96298267
652,80000000	0,96232902
653,00000000	0,96168301
653,20000000	0,96009953
653,40000000	0,95863315
653,60000000	0,95978877
653,80000000	0,95951753
654,00000000	0,95938155
654,20000000	0,95943524
654,40000000	0,95813978
654,60000000	0,95848152
654,80000000	0,95755680
655,00000000	0,95671661
655,20000000	0,95734070
655,40000000	0,95605373
655,60000000	0,95476748
655,80000000	0,95441283
656,00000000	0,95389926
656,20000000	0,95366813
656,40000000	0,95271384
656,60000000	0,95408774
656,80000000	0,95398071
657,00000000	0,95284497
657,20000000	0,95200316
657,40000000	0,95182127
657,60000000	0,95231363
657,80000000	0,95114185
658,00000000	0,95042997
658,20000000	0,94987342
658,40000000	0,94887069
658,60000000	0,94915163
658,80000000	0,94907117
659,00000000	0,94902055
659,20000000	0,94855047
659,40000000	0,94711178
659,60000000	0,94784591
659,80000000	0,94860800
660,00000000	0,94679024
660,20000000	0,94678660
660,40000000	0,94644086
660,60000000	0,94755289
660,80000000	0,94884673
661,00000000	0,94585638
661,20000000	0,94439099
661,40000000	0,94366333
661,60000000	0,94395942
661,80000000	0,94562284
662,00000000	0,94454201
662,20000000	0,94442595
662,40000000	0,94464659
662,60000000	0,94499089
662,80000000	0,94379229
663,00000000	0,94294335
663,20000000	0,94363450
663,40000000	0,94351256
663,60000000	0,94275853
663,80000000	0,94235840
664,00000000	0,94238299
664,20000000	0,94297714
664,40000000	0,94277155
664,60000000	0,94237258
664,80000000	0,94308593
665,00000000	0,94299605
665,20000000	0,94275292
665,40000000	0,94122669
665,60000000	0,94176461
665,80000000	0,94227711
666,00000000	0,94313075
666,20000000	0,94347829
666,40000000	0,94275475
666,60000000	0,94151726
666,80000000	0,94164959
667,00000000	0,94219392
667,20000000	0,94209152
667,40000000	0,94368237
667,60000000	0,94269928
667,80000000	0,94192474
668,00000000	0,94304843
668,20000000	0,94193079
668,40000000	0,94146567
668,60000000	0,94370989
668,80000000	0,94299835
669,00000000	0,94280172
669,20000000	0,94229602
669,40000000	0,94276539
669,60000000	0,94317600
669,80000000	0,94259103
670,00000000	0,94153909
670,20000000	0,94270396
670,40000000	0,94346051
670,60000000	0,94404275
670,80000000	0,94265229
671,00000000	0,94180976
671,20000000	0,94213787
671,40000000	0,94220388
671,60000000	0,94159808
671,80000000	0,94216915
672,00000000	0,94319190
672,20000000	0,94234088
672,40000000	0,94302338
672,60000000	0,94317756
672,80000000	0,94350389
673,00000000	0,94241415
673,20000000	0,94255137
673,40000000	0,94256328
673,60000000	0,94287835
673,80000000	0,94245780
674,00000000	0,94308239
674,20000000	0,94417912
674,40000000	0,94429057
674,60000000	0,94266829
674,80000000	0,94304195
675,00000000	0,94346474
675,20000000	0,94361729
675,40000000	0,94399657
675,60000000	0,94334739
675,80000000	0,94258903
676,00000000	0,94334843
676,20000000	0,94337782
676,40000000	0,94256303
676,60000000	0,94241490
676,80000000	0,94242309
677,00000000	0,94167651
677,20000000	0,94277137
677,40000000	0,94167530
677,60000000	0,94173016
677,80000000	0,94295713
678,00000000	0,94196652
678,20000000	0,94168125
678,40000000	0,94224592
678,60000000	0,94142722
678,80000000	0,94124941
679,00000000	0,94041243
679,20000000	0,94142470
679,40000000	0,94197722
679,60000000	0,94075660
679,80000000	0,94214635
680,00000000	0,94235774
680,20000000	0,94053235
680,40000000	0,93882849
680,60000000	0,94063976
680,80000000	0,94041254
681,00000000	0,93961510
681,20000000	0,93876659
681,40000000	0,93938631
681,60000000	0,94074091
681,80000000	0,93914593
682,00000000	0,93806157
682,20000000	0,93922812
682,40000000	0,93961216
682,60000000	0,93882512
682,80000000	0,93932454
683,00000000	0,93881277
683,20000000	0,93838077
683,40000000	0,93809567
683,60000000	0,93606365
683,80000000	0,93736360
684,00000000	0,93767337
684,20000000	0,93738088
684,40000000	0,93711174
684,60000000	0,93705152
684,80000000	0,93791096
685,00000000	0,93680961
685,20000000	0,93645158
685,40000000	0,93752868
685,60000000	0,93856538
685,80000000	0,93797753
686,00000000	0,93682550
686,20000000	0,93611127
686,40000000	0,93612594
686,60000000	0,93684576
686,80000000	0,93593024
687,00000000	0,93476803
687,20000000	0,93602876
687,40000000	0,93500187
687,60000000	0,93492363
687,80000000	0,93522751
688,00000000	0,93689500
688,20000000	0,93565175
688,40000000	0,93416066
688,60000000	0,93429937
688,80000000	0,93442739
689,00000000	0,93505695
689,20000000	0,93602172
689,40000000	0,93500436
689,60000000	0,93420918
689,80000000	0,93591355
690,00000000	0,93627303
690,20000000	0,93431941
690,40000000	0,93350868
690,60000000	0,93438376
690,80000000	0,93569887
691,00000000	0,93574869
691,20000000	0,93558404
691,40000000	0,93455805
691,60000000	0,93547166
691,80000000	0,93442761
692,00000000	0,93355373
692,20000000	0,93441311
692,40000000	0,93483550
692,60000000	0,93604301
692,80000000	0,93608415
693,00000000	0,93540314
693,20000000	0,93465023
693,40000000	0,93598230
693,60000000	0,93597607
693,80000000	0,93502724
694,00000000	0,93611901
694,20000000	0,93678659
694,40000000	0,93499725
694,60000000	0,93500281
694,80000000	0,93622931
695,00000000	0,93628942
695,20000000	0,93697885
695,40000000	0,93592643
695,60000000	0,93686433
695,80000000	0,93853380
696,00000000	0,93696195
696,20000000	0,93598828
696,40000000	0,93758809
696,60000000	0,93926482
696,80000000	0,93759602
697,00000000	0,93628016
697,20000000	0,93850985
697,40000000	0,93991696
697,60000000	0,93799144
697,80000000	0,93669027
698,00000000	0,93836351
698,20000000	0,93894709
698,40000000	0,93770432
698,60000000	0,93746889
698,80000000	0,93822065
699,00000000	0,93965725
699,20000000	0,93898987
699,40000000	0,93678975
699,60000000	0,93889578
699,80000000	0,93928776
700,00000000	0,93924968
700,20000000	0,93778544
700,40000000	0,93749490
700,60000000	0,93937196
700,80000000	0,93883932
701,00000000	0,93863507
701,20000000	0,93880372
701,40000000	0,93919163
701,60000000	0,94048949
701,80000000	0,93906906
702,00000000	0,93822286
702,20000000	0,93876907
702,40000000	0,93856964
702,60000000	0,93900260
702,80000000	0,93858995
703,00000000	0,93958595
703,20000000	0,93945910
703,40000000	0,93762533
703,60000000	0,93715779
703,80000000	0,93818212
704,00000000	0,93919344
704,20000000	0,93921056
704,40000000	0,93881828
704,60000000	0,93849935
704,80000000	0,93755564
705,00000000	0,93760850
705,20000000	0,93723392
705,40000000	0,93897044
705,60000000	0,93824781
705,80000000	0,93737841
706,00000000	0,93682197
706,20000000	0,93665584
706,40000000	0,93885383
706,60000000	0,93847707
706,80000000	0,93757124
707,00000000	0,93802122
707,20000000	0,93634192
707,40000000	0,93637376
707,60000000	0,93701493
707,80000000	0,93689688
708,00000000	0,93713687
708,20000000	0,93707662
708,40000000	0,93706384
708,60000000	0,93564748
708,80000000	0,93677934
709,00000000	0,93768129
709,20000000	0,93548502
709,40000000	0,93508498
709,60000000	0,93462913
709,80000000	0,93622491
710,00000000	0,93622422
710,20000000	0,93573056
710,40000000	0,93456604
710,60000000	0,93392055
710,80000000	0,93507740
711,00000000	0,93461516
711,20000000	0,93515417
711,40000000	0,93582676
711,60000000	0,93432281
711,80000000	0,93295942
712,00000000	0,93317050
712,20000000	0,93538382
712,40000000	0,93548947
712,60000000	0,93414006
712,80000000	0,93369047
713,00000000	0,93373089
713,20000000	0,93432723
713,40000000	0,93400207
713,60000000	0,93353099
713,80000000	0,93462970
714,00000000	0,93299056
714,20000000	0,93364014
714,40000000	0,93428006
714,60000000	0,93529060
714,80000000	0,93447942
715,00000000	0,93345556
715,20000000	0,93396816
715,40000000	0,93420827
715,60000000	0,93338470
715,80000000	0,93359535
716,00000000	0,93514810
716,20000000	0,93528464
716,40000000	0,93478841
716,60000000	0,93445135
716,80000000	0,93471724
717,00000000	0,93596675
717,20000000	0,93535532
717,40000000	0,93491898
717,60000000	0,93588415
717,80000000	0,93690581
718,00000000	0,93745250
718,20000000	0,93610662
718,40000000	0,93590738
718,60000000	0,93627344
718,80000000	0,93615761
719,00000000	0,93630328
719,20000000	0,93633130
719,40000000	0,93705241
719,60000000	0,93836205
719,80000000	0,93857899
720,00000000	0,93762681
720,20000000	0,93784522
720,40000000	0,93966129
720,60000000	0,93957463
720,80000000	0,93926404
721,00000000	0,94016242
721,20000000	0,94108383
721,40000000	0,94153179
721,60000000	0,94099048
721,80000000	0,94076847
722,00000000	0,94198142
722,20000000	0,94206617
722,40000000	0,94295649
722,60000000	0,94331846
722,80000000	0,94347028
723,00000000	0,94296606
723,20000000	0,94254326
723,40000000	0,94434982
723,60000000	0,94542384
723,80000000	0,94580617
724,00000000	0,94539085
724,20000000	0,94587650
724,40000000	0,94718364
724,60000000	0,94761009
724,80000000	0,94747770
725,00000000	0,94792795
725,20000000	0,94880750
725,40000000	0,94806280
725,60000000	0,94788535
725,80000000	0,94907840
726,00000000	0,95043063
726,20000000	0,95008523
726,40000000	0,95060618
726,60000000	0,95144508
726,80000000	0,95172669
727,00000000	0,95155289
727,20000000	0,95215665
727,40000000	0,95251307
727,60000000	0,95325130
727,80000000	0,95386593
728,00000000	0,95380938
728,20000000	0,95440687
728,40000000	0,95462724
728,60000000	0,95450993
728,80000000	0,95463826
729,00000000	0,95546343
729,20000000	0,95625700
729,40000000	0,95683792
729,60000000	0,95703662
729,80000000	0,95712335
730,00000000	0,95727264
730,20000000	0,95794417
730,40000000	0,95846317
730,60000000	0,95875050
730,80000000	0,95867317
731,00000000	0,95927329
731,20000000	0,95963004
731,40000000	0,95974891
731,60000000	0,96003340
731,80000000	0,96071573
732,00000000	0,96053968
732,20000000	0,96004076
732,40000000	0,96095701
732,60000000	0,96162439
732,80000000	0,96154233
733,00000000	0,96140644
733,20000000	0,96193054
733,40000000	0,96243596
733,60000000	0,96225509
733,80000000	0,96161813
734,00000000	0,96124053
734,20000000	0,96213308
734,40000000	0,96268434
734,60000000	0,96247686
734,80000000	0,96303444
735,00000000	0,96368271
735,20000000	0,96375578
735,40000000	0,96330999
735,60000000	0,96389958
735,80000000	0,96411608
736,00000000	0,96329749
736,20000000	0,96354127
736,40000000	0,96357264
736,60000000	0,96380428
736,80000000	0,96500966
737,00000000	0,96386007
737,20000000	0,96292954
737,40000000	0,96291500
737,60000000	0,96519192
737,80000000	0,96375225
738,00000000	0,96301253
738,20000000	0,96412483
738,40000000	0,96460272
738,60000000	0,96376630
738,80000000	0,96353949
739,00000000	0,96387677
739,20000000	0,96426123
739,40000000	0,96301214
739,60000000	0,96321639
739,80000000	0,96365057
740,00000000	0,96429903
740,20000000	0,96386981
740,40000000	0,96332049
740,60000000	0,96374764
740,80000000	0,96376761
741,00000000	0,96410380
741,20000000	0,96352210
741,40000000	0,96401141
741,60000000	0,96401953
741,80000000	0,96342515
742,00000000	0,96315945
742,20000000	0,96405711
742,40000000	0,96409026
742,60000000	0,96334898
742,80000000	0,96278569
743,00000000	0,96285667
743,20000000	0,96395805
743,40000000	0,96326382
743,60000000	0,96302298
743,80000000	0,96387535
744,00000000	0,96334640
744,20000000	0,96361124
744,40000000	0,96342244
744,60000000	0,96350690
744,80000000	0,96316966
745,00000000	0,96348928
745,20000000	0,96428218
745,40000000	0,96405291
745,60000000	0,96408331
745,80000000	0,96432180
746,00000000	0,96423151
746,20000000	0,96393854
746,40000000	0,96358822
746,60000000	0,96441523
746,80000000	0,96449959
747,00000000	0,96472205
747,20000000	0,96387032
747,40000000	0,96486203
747,60000000	0,96490677
747,80000000	0,96442250
748,00000000	0,96523168
748,20000000	0,96563622
748,40000000	0,96513241
748,60000000	0,96497690
748,80000000	0,96567405
749,00000000	0,96561425
749,20000000	0,96566595
749,40000000	0,96587240
749,60000000	0,96631730
749,80000000	0,96716780
750,00000000	0,96652881
750,20000000	0,96627709
750,40000000	0,96692547
750,60000000	0,96704389
750,80000000	0,96657522
751,00000000	0,96732256
751,20000000	0,96769109
751,40000000	0,96785524
751,60000000	0,96801310
751,80000000	0,96791575
752,00000000	0,96864836
752,20000000	0,96855943
752,40000000	0,96857658
752,60000000	0,96879114
752,80000000	0,96950120
753,00000000	0,96977016
753,20000000	0,96980222
753,40000000	0,96963584
753,60000000	0,96989994
753,80000000	0,97070348
754,00000000	0,97060764
754,20000000	0,97029369
754,40000000	0,97081158
754,60000000	0,97189273
754,80000000	0,97162497
755,00000000	0,97130063
755,20000000	0,97181823
755,40000000	0,97187138
755,60000000	0,97202266
755,80000000	0,97195322
756,00000000	0,97261276
756,20000000	0,97334447
756,40000000	0,97305865
756,60000000	0,97284682
756,80000000	0,97311421
757,00000000	0,97370931
757,20000000	0,97399371
757,40000000	0,97404108
757,60000000	0,97419490
757,80000000	0,97428505
758,00000000	0,97438083
758,20000000	0,97427148
758,40000000	0,97475539
758,60000000	0,97513686
758,80000000	0,97473699
759,00000000	0,97465432
759,20000000	0,97534041
759,40000000	0,97583111
759,60000000	0,97559885
759,80000000	0,97552937
760,00000000	0,97553177
760,20000000	0,97566594
760,40000000	0,97612512
760,60000000	0,97577010
760,80000000	0,97565828
761,00000000	0,97599196
761,20000000	0,97587266
761,40000000	0,97598404
761,60000000	0,97648278
761,80000000	0,97606157
762,00000000	0,97606065
762,20000000	0,97639617
762,40000000	0,97615420
762,60000000	0,97684375
762,80000000	0,97678721
763,00000000	0,97644817
763,20000000	0,97612146
763,40000000	0,97590646
763,60000000	0,97699704
763,80000000	0,97705814
764,00000000	0,97640664
764,20000000	0,97605579
764,40000000	0,97624665
764,60000000	0,97677362
764,80000000	0,97615140
765,00000000	0,97586628
765,20000000	0,97608343
765,40000000	0,97603292
765,60000000	0,97586613
765,80000000	0,97624636
766,00000000	0,97599324
766,20000000	0,97583467
766,40000000	0,97628937
766,60000000	0,97561632
766,80000000	0,97585259
767,00000000	0,97599081
767,20000000	0,97536382
767,40000000	0,97559325
767,60000000	0,97556275
767,80000000	0,97537725
768,00000000	0,97615372
768,20000000	0,97554224
768,40000000	0,97621960
768,60000000	0,97571717
768,80000000	0,97522496
769,00000000	0,97530602
769,20000000	0,97550415
769,40000000	0,97535982
769,60000000	0,97553573
769,80000000	0,97587956
770,00000000	0,97541210
770,20000000	0,97466166
770,40000000	0,97549150
770,60000000	0,97515810
770,80000000	0,97562509
771,00000000	0,97507893
771,20000000	0,97540270
771,40000000	0,97556443
771,60000000	0,97502338
771,80000000	0,97502928
772,00000000	0,97534801
772,20000000	0,97528189
772,40000000	0,97520611
772,60000000	0,97551606
772,80000000	0,97501028
773,00000000	0,97498346
773,20000000	0,97582787
773,40000000	0,97656016
773,60000000	0,97549511
773,80000000	0,97524094
774,00000000	0,97596186
774,20000000	0,97606359
774,40000000	0,97641853
774,60000000	0,97644717
774,80000000	0,97654953
775,00000000	0,97668306
775,20000000	0,97655537
775,40000000	0,97638235
775,60000000	0,97656780
775,80000000	0,97678751
776,00000000	0,97704350
776,20000000	0,97701472
776,40000000	0,97683046
776,60000000	0,97751818
776,80000000	0,97767026
777,00000000	0,97754942
777,20000000	0,97810456
777,40000000	0,97805725
777,60000000	0,97830175
777,80000000	0,97841809
778,00000000	0,97870964
778,20000000	0,97881071
778,40000000	0,97914981
778,60000000	0,97968533
778,80000000	0,97946321
779,00000000	0,97938893
779,20000000	0,98019631
779,40000000	0,98012227
779,60000000	0,98010935
779,80000000	0,98037762
780,00000000	0,98086938
780,20000000	0,98130714
780,40000000	0,98138711
780,60000000	0,98139667
780,80000000	0,98156968
781,00000000	0,98186682
781,20000000	0,98196279
781,40000000	0,98269880
781,60000000	0,98305942
781,80000000	0,98277620
782,00000000	0,98312318
782,20000000	0,98352904
782,40000000	0,98365368
782,60000000	0,98387639
782,80000000	0,98417657
783,00000000	0,98419554
783,20000000	0,98454956
783,40000000	0,98508415
783,60000000	0,98476337
783,80000000	0,98504754
784,00000000	0,98527464
784,20000000	0,98544392
784,40000000	0,98569105
784,60000000	0,98608591
784,80000000	0,98631263
785,00000000	0,98619858
785,20000000	0,98621129
785,40000000	0,98676219
785,60000000	0,98690478
785,80000000	0,98659077
786,00000000	0,98649467
786,20000000	0,98715649
786,40000000	0,98754689
786,60000000	0,98737156
786,80000000	0,98764261
787,00000000	0,98762463
787,20000000	0,98804416
787,40000000	0,98809765
787,60000000	0,98844995
787,80000000	0,98843097
788,00000000	0,98856478
788,20000000	0,98865571
788,40000000	0,98844880
788,60000000	0,98864494
788,80000000	0,98896404
789,00000000	0,98867043
789,20000000	0,98871817
789,40000000	0,98864275
789,60000000	0,98907694
789,80000000	0,98935004
790,00000000	0,98912610
790,20000000	0,98916273
790,40000000	0,98879640
790,60000000	0,98906114
790,80000000	0,98883496
791,00000000	0,98920790
791,20000000	0,98912511
791,40000000	0,98899642
791,60000000	0,98914043
791,80000000	0,98859313
792,00000000	0,98856476
792,20000000	0,98912622
792,40000000	0,98878366
792,60000000	0,98820833
792,80000000	0,98830397
793,00000000	0,98882258
793,20000000	0,98858149
793,40000000	0,98821229
793,60000000	0,98865774
793,80000000	0,98835688
794,00000000	0,98814631
794,20000000	0,98838979
794,40000000	0,98819106
794,60000000	0,98804985
794,80000000	0,98813321
795,00000000	0,98777215
795,20000000	0,98799181
795,40000000	0,98783918
795,60000000	0,98772064
795,80000000	0,98713879
796,00000000	0,98759817
796,20000000	0,98802537
796,40000000	0,98750170
796,60000000	0,98725100
796,80000000	0,98711909
797,00000000	0,98758519
797,20000000	0,98756786
797,40000000	0,98673011
797,60000000	0,98664487
797,80000000	0,98645361
798,00000000	0,98674837
798,20000000	0,98661833
798,40000000	0,98620663
798,60000000	0,98633413
798,80000000	0,98637003
799,00000000	0,98637095
799,20000000	0,98592432
799,40000000	0,98577472
799,60000000	0,98550778
799,80000000	0,98550168
800,00000000	0,98568777
800,20000000	0,98526576
800,40000000	0,98520711
800,60000000	0,98527116
800,80000000	0,98497454
801,00000000	0,98503437
801,20000000	0,98520329
801,40000000	0,98474919
801,60000000	0,98466852
801,80000000	0,98520285
802,00000000	0,98494244
802,20000000	0,98507271
802,40000000	0,98474039
802,60000000	0,98449757
802,80000000	0,98521134
803,00000000	0,98471011
803,20000000	0,98441261
803,40000000	0,98486238
803,60000000	0,98448820
803,80000000	0,98457768
804,00000000	0,98430110
804,20000000	0,98450144
804,40000000	0,98413304
804,60000000	0,98438835
804,80000000	0,98430526
805,00000000	0,98393845
805,20000000	0,98428698
805,40000000	0,98399249
805,60000000	0,98410850
805,80000000	0,98389757
806,00000000	0,98412366
806,20000000	0,98400104
806,40000000	0,98416920
806,60000000	0,98386176
806,80000000	0,98407030
807,00000000	0,98431757
807,20000000	0,98443132
807,40000000	0,98428639
807,60000000	0,98446166
807,80000000	0,98411071
808,00000000	0,98355459
808,20000000	0,98378307
808,40000000	0,98414020
808,60000000	0,98409001
808,80000000	0,98445890
809,00000000	0,98444634
809,20000000	0,98413845
809,40000000	0,98461995
809,60000000	0,98433461
809,80000000	0,98438732
810,00000000	0,98436916
810,20000000	0,98440797
810,40000000	0,98445220
810,60000000	0,98381597
810,80000000	0,98464984
811,00000000	0,98469250
811,20000000	0,98453640
811,40000000	0,98425088
811,60000000	0,98445666
811,80000000	0,98449569
812,00000000	0,98506357
812,20000000	0,98412930
812,40000000	0,98431017
812,60000000	0,98491504
812,80000000	0,98467867
813,00000000	0,98450025
813,20000000	0,98480691
813,40000000	0,98539951
813,60000000	0,98497556
813,80000000	0,98502845
814,00000000	0,98494683
814,20000000	0,98522249
814,40000000	0,98522918
814,60000000	0,98579111
814,80000000	0,98508122
815,00000000	0,98527869
815,20000000	0,98524354
815,40000000	0,98559645
815,60000000	0,98553466
815,80000000	0,98549868
816,00000000	0,98600648
816,20000000	0,98588292
816,40000000	0,98617648
816,60000000	0,98629028
816,80000000	0,98644220
817,00000000	0,98611880
817,20000000	0,98631117
817,40000000	0,98629004
817,60000000	0,98684433
817,80000000	0,98636258
818,00000000	0,98617241
818,20000000	0,98667899
818,40000000	0,98699065
818,60000000	0,98699843
818,80000000	0,98649727
819,00000000	0,98738724
819,20000000	0,98746544
819,40000000	0,98698089
819,60000000	0,98734538
819,80000000	0,98767880
820,00000000	0,98730618
820,20000000	0,98702701
820,40000000	0,98754324
820,60000000	0,98763434
820,80000000	0,98764582
821,00000000	0,98715820
821,20000000	0,98793154
821,40000000	0,98803644
821,60000000	0,98844900
821,80000000	0,98844534
822,00000000	0,98812934
822,20000000	0,98799692
822,40000000	0,98817991
822,60000000	0,98842263
822,80000000	0,98899597
823,00000000	0,98863637
823,20000000	0,98846026
823,40000000	0,98891388
823,60000000	0,98874122
823,80000000	0,98839590
824,00000000	0,98929137
824,20000000	0,98975399
824,40000000	0,98876837
824,60000000	0,98879720
824,80000000	0,98940414
825,00000000	0,98940688
825,20000000	0,98847732
825,40000000	0,98921778
825,60000000	0,98966180
825,80000000	0,98847257
826,00000000	0,98933927
826,20000000	0,98960470
826,40000000	0,98882352
826,60000000	0,98887010
826,80000000	0,98925179
827,00000000	0,98908587
827,20000000	0,98844434
827,40000000	0,98872162
827,60000000	0,98912579
827,80000000	0,98864650
828,00000000	0,98795230
828,20000000	0,98822825
828,40000000	0,98826901
828,60000000	0,98811127
828,80000000	0,98839086
829,00000000	0,98810349
829,20000000	0,98733409
829,40000000	0,98739302
829,60000000	0,98753116
829,80000000	0,98778275
830,00000000	0,98691961
830,20000000	0,98674807
830,40000000	0,98668065
830,60000000	0,98663387
830,80000000	0,98577567
831,00000000	0,98604485
831,20000000	0,98639444
831,40000000	0,98565196
831,60000000	0,98474680
831,80000000	0,98511446
832,00000000	0,98522677
832,20000000	0,98518471
832,40000000	0,98446599
832,60000000	0,98421853
832,80000000	0,98345617
833,00000000	0,98334964
833,20000000	0,98327980
833,40000000	0,98351865
833,60000000	0,98195711
833,80000000	0,98210302
834,00000000	0,98241590
834,20000000	0,98123243
834,40000000	0,97977991
834,60000000	0,98034896
834,80000000	0,98039062
835,00000000	0,97868095
835,20000000	0,97863601
835,40000000	0,97898457
835,60000000	0,97803647
835,80000000	0,97728742
836,00000000	0,97617912
836,20000000	0,97634643
836,40000000	0,97533139
836,60000000	0,97535817
836,80000000	0,97502725
837,00000000	0,97329535
837,20000000	0,97347788
837,40000000	0,97340984
837,60000000	0,97189563
837,80000000	0,97133731
838,00000000	0,97115219
838,20000000	0,97058840
838,40000000	0,96875512
838,60000000	0,96883046
838,80000000	0,96912601
839,00000000	0,96761672
839,20000000	0,96729147
839,40000000	0,96685593
839,60000000	0,96638248
839,80000000	0,96490685
840,00000000	0,96466780
840,20000000	0,96503414
840,40000000	0,96457529
840,60000000	0,96296766
840,80000000	0,96223236
841,00000000	0,96237037
841,20000000	0,96161924
841,40000000	0,96119872
841,60000000	0,96029180
841,80000000	0,95990213
842,00000000	0,95948763
842,20000000	0,95947256
842,40000000	0,95824327
842,60000000	0,95776915
842,80000000	0,95806135
843,00000000	0,95712707
843,20000000	0,95689890
843,40000000	0,95637183
843,60000000	0,95609984
843,80000000	0,95474462
844,00000000	0,95471365
844,20000000	0,95482681
844,40000000	0,95463666
844,60000000	0,95444416
844,80000000	0,95312547
845,00000000	0,95276904
845,20000000	0,95325779
845,40000000	0,95253910
845,60000000	0,95202187
845,80000000	0,95226938
846,00000000	0,95191466
846,20000000	0,95135597
846,40000000	0,95164747
846,60000000	0,95106199
846,80000000	0,95073859
847,00000000	0,95144038
847,20000000	0,95115125
847,40000000	0,95019103
847,60000000	0,95024148
847,80000000	0,95055355
848,00000000	0,95050134
848,20000000	0,95004771
848,40000000	0,95016087
848,60000000	0,94987509
848,80000000	0,94956031
849,00000000	0,95046997
849,20000000	0,95043934
849,40000000	0,94974161
849,60000000	0,94953077
849,80000000	0,94919387
850,00000000	0,94961408
850,20000000	0,95040321
850,40000000	0,94993229
850,60000000	0,95024528
850,80000000	0,95008247
851,00000000	0,94996622
851,20000000	0,95103827
851,40000000	0,95080689
851,60000000	0,95092830
851,80000000	0,95135101
852,00000000	0,95103527
852,20000000	0,95165508
852,40000000	0,95230953
852,60000000	0,95193553
852,80000000	0,95246976
853,00000000	0,95231735
853,20000000	0,95251132
853,40000000	0,95291089
853,60000000	0,95350745
853,80000000	0,95403496
854,00000000	0,95412957
854,20000000	0,95375639
854,40000000	0,95491833
854,60000000	0,95501205
854,80000000	0,95520867
855,00000000	0,95514775
855,20000000	0,95607139
855,40000000	0,95644270
855,60000000	0,95661046
855,80000000	0,95742856
856,00000000	0,95727499
856,20000000	0,95762403
856,40000000	0,95889911
856,60000000	0,95918319
856,80000000	0,95935786
857,00000000	0,95986180
857,20000000	0,96046595
857,40000000	0,96052278
857,60000000	0,96091959
857,80000000	0,96157616
858,00000000	0,96145122
858,20000000	0,96240448
858,40000000	0,96370989
858,60000000	0,96311588
858,80000000	0,96328864
859,00000000	0,96421921
859,20000000	0,96442896
859,40000000	0,96536728
859,60000000	0,96508140
859,80000000	0,96630296
860,00000000	0,96656164
860,20000000	0,96674637
860,40000000	0,96768001
860,60000000	0,96828899
860,80000000	0,96797190
861,00000000	0,96843333
861,20000000	0,96956756
861,40000000	0,96973359
861,60000000	0,96971136
861,80000000	0,97069403
862,00000000	0,97114708
862,20000000	0,97106012
862,40000000	0,97216034
862,60000000	0,97295226
862,80000000	0,97314685
863,00000000	0,97309157
863,20000000	0,97385018
863,40000000	0,97368740
863,60000000	0,97457038
863,80000000	0,97501943
864,00000000	0,97528204
864,20000000	0,97534011
864,40000000	0,97653131
864,60000000	0,97668112
864,80000000	0,97706325
865,00000000	0,97711934
865,20000000	0,97728168
865,40000000	0,97804628
865,60000000	0,97876423
865,80000000	0,97900401
866,00000000	0,97895662
866,20000000	0,97944660
866,40000000	0,98027591
866,60000000	0,98019002
866,80000000	0,98060327
867,00000000	0,98095626
867,20000000	0,98107840
867,40000000	0,98141448
867,60000000	0,98180135
867,80000000	0,98239027
868,00000000	0,98277745
868,20000000	0,98266209
868,40000000	0,98247330
868,60000000	0,98315765
868,80000000	0,98419521
869,00000000	0,98431521
869,20000000	0,98399525
869,40000000	0,98482002
869,60000000	0,98478077
869,80000000	0,98498115
870,00000000	0,98545420
870,20000000	0,98602151
870,40000000	0,98598893
870,60000000	0,98692789
870,80000000	0,98608427
871,00000000	0,98621593
871,20000000	0,98696916
871,40000000	0,98728897
871,60000000	0,98730370
871,80000000	0,98790783
872,00000000	0,98795568
872,20000000	0,98801370
872,40000000	0,98824467
872,60000000	0,98860702
872,80000000	0,98833603
873,00000000	0,98907354
873,20000000	0,98974768
873,40000000	0,98928341
873,60000000	0,98935556
873,80000000	0,99026899
874,00000000	0,99034239
874,20000000	0,98978139
874,40000000	0,99053256
874,60000000	0,99080199
874,80000000	0,99105617
875,00000000	0,99111629
875,20000000	0,99162282
875,40000000	0,99141318
875,60000000	0,99163804
875,80000000	0,99195727
876,00000000	0,99221082
876,20000000	0,99201035
876,40000000	0,99242732
876,60000000	0,99284445
876,80000000	0,99245475
877,00000000	0,99302089
877,20000000	0,99345918
877,40000000	0,99315886
877,60000000	0,99350572
877,80000000	0,99412649
878,00000000	0,99413659
878,20000000	0,99380605
878,40000000	0,99421630
878,60000000	0,99444025
878,80000000	0,99461329
879,00000000	0,99487005
879,20000000	0,99516085
879,40000000	0,99484904
879,60000000	0,99496613
879,80000000	0,99547920
880,00000000	0,99569765
880,20000000	0,99577329
880,40000000	0,99599893
880,60000000	0,99594833
880,80000000	0,99611210
881,00000000	0,99626850
881,20000000	0,99655764
881,40000000	0,99644513
881,60000000	0,99689478
881,80000000	0,99718170
882,00000000	0,99703695
882,20000000	0,99700919
882,40000000	0,99733973
882,60000000	0,99739289
882,80000000	0,99752600
883,00000000	0,99758647
883,20000000	0,99778979
883,40000000	0,99794748
883,60000000	0,99803053
883,80000000	0,99825133
884,00000000	0,99820100
884,20000000	0,99837358
884,40000000	0,99851508
884,60000000	0,99848417
884,80000000	0,99867629
885,00000000	0,99858776
885,20000000	0,99872033
885,40000000	0,99883635
885,60000000	0,99897278
885,80000000	0,99900466
886,00000000	0,99899077
886,20000000	0,99911587
886,40000000	0,99931276
886,60000000	0,99929341
886,80000000	0,99929102
887,00000000	0,99930064
887,20000000	0,99942653
887,40000000	0,99941635
887,60000000	0,99951817
887,80000000	0,99952327
888,00000000	0,99959794
888,20000000	0,99955872
888,40000000	0,99968765
888,60000000	0,99968930
888,80000000	0,99970354
889,00000000	0,99968545
889,20000000	0,99970290
889,40000000	0,99976819
889,60000000	0,99979917
889,80000000	0,99976629
890,00000000	0,99979213
890,20000000	0,99976895
890,40000000	0,99979242
890,60000000	0,99982713
890,80000000	0,99981797
891,00000000	0,99981499
891,20000000	0,99982490
891,40000000	0,99985699
891,60000000	0,99986061
891,80000000	0,99981236
892,00000000	0,99979402
892,20000000	0,99983278
892,40000000	0,99986930
892,60000000	0,99981244
892,80000000	0,99974746
893,00000000	0,99972033
893,20000000	0,99978658
893,40000000	0,99974342
893,60000000	0,99979075
893,80000000	0,99978743
894,00000000	0,99962224
894,20000000	0,99963332
894,40000000	0,99976905
894,60000000	0,99973655
894,80000000	0,99966452
895,00000000	0,99973063
895,20000000	0,99965926
895,40000000	0,99957134
895,60000000	0,99968783
895,80000000	0,99969860
896,00000000	0,99950021
896,20000000	0,99959148
896,40000000	0,99965188
896,60000000	0,99967087
896,80000000	0,99965318
897,00000000	0,99966904
897,20000000	0,99956660
897,40000000	0,99954487
897,60000000	0,99960232
897,80000000	0,99960995
898,00000000	0,99963367
898,20000000	0,99956023
898,40000000	0,99965257
898,60000000	0,99963439
898,80000000	0,99954381
899,00000000	0,99962863
899,20000000	0,99966612
899,40000000	0,99956908
899,60000000	0,99969499
899,80000000	0,99957530
900,00000000	0,99966722
