150,00000000	0,92367839
150,20000000	0,92541374
150,40000000	0,92679842
150,60000000	0,93527114
150,80000000	0,93075426
151,00000000	0,93235153
151,20000000	0,92930832
151,40000000	0,93514675
151,60000000	0,93045761
151,80000000	0,93351764
152,00000000	0,92803687
152,20000000	0,93331426
152,40000000	0,93472998
152,60000000	0,93678479
152,80000000	0,93425728
153,00000000	0,94185212
153,20000000	0,92862574
153,40000000	0,93167590
153,60000000	0,92640584
153,80000000	0,92891509
154,00000000	0,94166780
154,20000000	0,93751042
154,40000000	0,92676699
154,60000000	0,93150654
154,80000000	0,93136274
155,00000000	0,94203814
155,20000000	0,93296008
155,40000000	0,93395150
155,60000000	0,92599950
155,80000000	0,92857855
156,00000000	0,93449684
156,20000000	0,93035631
156,40000000	0,92886140
156,60000000	0,93513182
156,80000000	0,92974733
157,00000000	0,92747855
157,20000000	0,93351135
157,40000000	0,92894666
157,60000000	0,93119872
157,80000000	0,93259288
158,00000000	0,92825819
158,20000000	0,92513532
158,40000000	0,92847599
158,60000000	0,92661443
158,80000000	0,93522843
159,00000000	0,92429836
159,20000000	0,93128708
159,40000000	0,92558333
159,60000000	0,92717634
159,80000000	0,91759274
160,00000000	0,92600414
160,20000000	0,92266569
160,40000000	0,92989331
160,60000000	0,92908997
160,80000000	0,92563372
161,00000000	0,92880915
161,20000000	0,92122518
161,40000000	0,92389400
161,60000000	0,92585881
161,80000000	0,92361062
162,00000000	0,92174469
162,20000000	0,91522360
162,40000000	0,92627548
162,60000000	0,93187481
162,80000000	0,92397546
163,00000000	0,92580264
163,20000000	0,93106528
163,40000000	0,92617704
163,60000000	0,91977167
163,80000000	0,92885746
164,00000000	0,92889524
164,20000000	0,92870600
164,40000000	0,92542472
164,60000000	0,93179974
164,80000000	0,93460215
165,00000000	0,92994979
165,20000000	0,93215368
165,40000000	0,93236804
165,60000000	0,93580254
165,80000000	0,92528986
166,00000000	0,92859089
166,20000000	0,93385034
166,40000000	0,93276888
166,60000000	0,93262962
166,80000000	0,93301445
167,00000000	0,93406360
167,20000000	0,93077125
167,40000000	0,93602686
167,60000000	0,94024436
167,80000000	0,93432571
168,00000000	0,93983982
168,20000000	0,93837915
168,40000000	0,93878874
168,60000000	0,94093967
168,80000000	0,93364734
169,00000000	0,94207908
169,20000000	0,94502847
169,40000000	0,93966379
169,60000000	0,94276948
169,80000000	0,94776402
170,00000000	0,94554367
170,20000000	0,94629635
170,40000000	0,94394149
170,60000000	0,94982451
170,80000000	0,95496703
171,00000000	0,95045239
171,20000000	0,94926971
171,40000000	0,95492840
171,60000000	0,95996058
171,80000000	0,95454493
172,00000000	0,96047025
172,20000000	0,95888093
172,40000000	0,95769770
172,60000000	0,95931155
172,80000000	0,96155523
173,00000000	0,96194352
173,20000000	0,96407326
173,40000000	0,96571996
173,60000000	0,96249429
173,80000000	0,96449280
174,00000000	0,96721757
174,20000000	0,96858397
174,40000000	0,96476115
174,60000000	0,97008899
174,80000000	0,97653659
175,00000000	0,97114944
175,20000000	0,97266745
175,40000000	0,97267634
175,60000000	0,97256652
175,80000000	0,97398392
176,00000000	0,97533377
176,20000000	0,97566534
176,40000000	0,97866270
176,60000000	0,97882734
176,80000000	0,97655889
177,00000000	0,97712841
177,20000000	0,98193254
177,40000000	0,98166134
177,60000000	0,98160923
177,80000000	0,98367327
178,00000000	0,98435005
178,20000000	0,98435482
178,40000000	0,98420934
178,60000000	0,98609928
178,80000000	0,98406706
179,00000000	0,98674281
179,20000000	0,98909831
179,40000000	0,98545852
179,60000000	0,98809319
179,80000000	0,98998807
180,00000000	0,99063192
180,20000000	0,99036605
180,40000000	0,98974839
180,60000000	0,99132354
180,80000000	0,99133821
181,00000000	0,99170095
181,20000000	0,99215181
181,40000000	0,99331712
181,60000000	0,99266202
181,80000000	0,99320311
182,00000000	0,99469396
182,20000000	0,99313651
182,40000000	0,99496268
182,60000000	0,99507406
182,80000000	0,99495709
183,00000000	0,99527327
183,20000000	0,99596301
183,40000000	0,99634892
183,60000000	0,99620035
183,80000000	0,99654133
184,00000000	0,99746225
184,20000000	0,99684300
184,40000000	0,99668784
184,60000000	0,99691948
184,80000000	0,99823951
185,00000000	0,99784166
185,20000000	0,99685282
185,40000000	0,99772311
185,60000000	0,99783702
185,80000000	0,99769881
186,00000000	0,99729513
186,20000000	0,99708201
186,40000000	0,99746953
186,60000000	0,99769366
186,80000000	0,99736835
187,00000000	0,99744097
187,20000000	0,99785898
187,40000000	0,99793514
187,60000000	0,99725119
187,80000000	0,99805318
188,00000000	0,99818721
188,20000000	0,99791638
188,40000000	0,99696594
188,60000000	0,99783480
188,80000000	0,99769317
189,00000000	0,99699858
189,20000000	0,99758787
189,40000000	0,99729986
189,60000000	0,99697433
189,80000000	0,99654189
190,00000000	0,99654883
190,20000000	0,99622902
190,40000000	0,99586107
190,60000000	0,99744521
190,80000000	0,99679818
191,00000000	0,99611470
191,20000000	0,99511901
191,40000000	0,99528351
191,60000000	0,99552116
191,80000000	0,99377915
192,00000000	0,99361579
192,20000000	0,99452744
192,40000000	0,99466181
192,60000000	0,99391377
192,80000000	0,99380653
193,00000000	0,99248296
193,20000000	0,99375679
193,40000000	0,99418700
193,60000000	0,99231390
193,80000000	0,99082877
194,00000000	0,99165768
194,20000000	0,99171297
194,40000000	0,99166828
194,60000000	0,99118260
194,80000000	0,99071708
195,00000000	0,99115213
195,20000000	0,98967242
195,40000000	0,98865083
195,60000000	0,98830796
195,80000000	0,98841205
196,00000000	0,98913421
196,20000000	0,98809505
196,40000000	0,98686458
196,60000000	0,98474353
196,80000000	0,98475540
197,00000000	0,98577919
197,20000000	0,98329009
197,40000000	0,98193115
197,60000000	0,98097406
197,80000000	0,98231046
198,00000000	0,98329941
198,20000000	0,98194103
198,40000000	0,97800270
198,60000000	0,98042884
198,80000000	0,98013069
199,00000000	0,97720513
199,20000000	0,97574959
199,40000000	0,97398998
199,60000000	0,97550384
199,80000000	0,97657644
200,00000000	0,97398076
200,20000000	0,97398373
200,40000000	0,97098968
200,60000000	0,96888814
200,80000000	0,96702297
201,00000000	0,96817995
201,20000000	0,96659998
201,40000000	0,96372484
201,60000000	0,96088269
201,80000000	0,96464001
202,00000000	0,96561526
202,20000000	0,96283892
202,40000000	0,95668244
202,60000000	0,96135065
202,80000000	0,96433523
203,00000000	0,95601621
203,20000000	0,95092453
203,40000000	0,95105016
203,60000000	0,95657256
203,80000000	0,95159979
204,00000000	0,94949149
204,20000000	0,95090326
204,40000000	0,95009584
204,60000000	0,94972490
204,80000000	0,94287427
205,00000000	0,94177907
205,20000000	0,94121990
205,40000000	0,94066133
205,60000000	0,93727509
205,80000000	0,93779497
206,00000000	0,93167711
206,20000000	0,93080967
206,40000000	0,93369934
206,60000000	0,93196573
206,80000000	0,92817184
207,00000000	0,92972237
207,20000000	0,92750170
207,40000000	0,92533538
207,60000000	0,92541341
207,80000000	0,92387076
208,00000000	0,92144226
208,20000000	0,91957504
208,40000000	0,91132525
208,60000000	0,90713318
208,80000000	0,90856229
209,00000000	0,91061498
209,20000000	0,91031630
209,40000000	0,90953194
209,60000000	0,90318915
209,80000000	0,89903884
210,00000000	0,90350118
210,20000000	0,90484484
210,40000000	0,89743020
210,60000000	0,89204728
210,80000000	0,89349351
211,00000000	0,88824955
211,20000000	0,88009842
211,40000000	0,88908927
211,60000000	0,88802368
211,80000000	0,88284287
212,00000000	0,87845849
212,20000000	0,87802728
212,40000000	0,87344510
212,60000000	0,87646550
212,80000000	0,88005143
213,00000000	0,87145705
213,20000000	0,87373839
213,40000000	0,87072615
213,60000000	0,87178964
213,80000000	0,87160776
214,00000000	0,86921184
214,20000000	0,86515423
214,40000000	0,85369820
214,60000000	0,85247653
214,80000000	0,86176190
215,00000000	0,85196668
215,20000000	0,84704146
215,40000000	0,84885110
215,60000000	0,84573708
215,80000000	0,85031606
216,00000000	0,84488148
216,20000000	0,83527871
216,40000000	0,83320377
216,60000000	0,83746562
216,80000000	0,83936187
217,00000000	0,82648323
217,20000000	0,82090292
217,40000000	0,82342394
217,60000000	0,82905805
217,80000000	0,82461382
218,00000000	0,81670828
218,20000000	0,81120538
218,40000000	0,81055718
218,60000000	0,80878650
218,80000000	0,81220075
219,00000000	0,80734367
219,20000000	0,80427069
219,40000000	0,79555437
219,60000000	0,79783182
219,80000000	0,79320059
220,00000000	0,78643535
220,20000000	0,79395334
220,40000000	0,78689788
220,60000000	0,77943920
220,80000000	0,78215198
221,00000000	0,77978348
221,20000000	0,76785457
221,40000000	0,76592368
221,60000000	0,76581977
221,80000000	0,76180371
222,00000000	0,75959982
222,20000000	0,75417947
222,40000000	0,75428498
222,60000000	0,74227325
222,80000000	0,74431993
223,00000000	0,74697145
223,20000000	0,74416181
223,40000000	0,73987164
223,60000000	0,73487558
223,80000000	0,74003132
224,00000000	0,73518381
224,20000000	0,72119756
224,40000000	0,71814759
224,60000000	0,71707267
224,80000000	0,71869362
225,00000000	0,71791629
225,20000000	0,71683595
225,40000000	0,70675731
225,60000000	0,69404525
225,80000000	0,69184277
226,00000000	0,69473905
226,20000000	0,69080760
226,40000000	0,68318834
226,60000000	0,68429126
226,80000000	0,67392497
227,00000000	0,66871551
227,20000000	0,67433891
227,40000000	0,67578448
227,60000000	0,68131987
227,80000000	0,66788692
228,00000000	0,64832919
228,20000000	0,64845708
228,40000000	0,66109025
228,60000000	0,65979744
228,80000000	0,65557848
229,00000000	0,65051794
229,20000000	0,64206433
229,40000000	0,64771725
229,60000000	0,64034209
229,80000000	0,62428011
230,00000000	0,62604418
230,20000000	0,61650225
230,40000000	0,60974417
230,60000000	0,61590123
230,80000000	0,62100684
231,00000000	0,61546269
231,20000000	0,59941921
231,40000000	0,59410710
231,60000000	0,59706649
231,80000000	0,59863650
232,00000000	0,59833176
232,20000000	0,59432863
232,40000000	0,58423257
232,60000000	0,58052102
232,80000000	0,57907363
233,00000000	0,57806829
233,20000000	0,57907865
233,40000000	0,58516478
233,60000000	0,57987695
233,80000000	0,57780429
234,00000000	0,57650102
234,20000000	0,57335623
234,40000000	0,56100523
234,60000000	0,55240986
234,80000000	0,55375246
235,00000000	0,54772838
235,20000000	0,55431415
235,40000000	0,56448133
235,60000000	0,55184030
235,80000000	0,54569898
236,00000000	0,54088111
236,20000000	0,54862665
236,40000000	0,54480572
236,60000000	0,53853957
236,80000000	0,54425324
237,00000000	0,53467091
237,20000000	0,52008493
237,40000000	0,51922835
237,60000000	0,51981458
237,80000000	0,51828499
238,00000000	0,51893979
238,20000000	0,50840904
238,40000000	0,51156907
238,60000000	0,51663999
238,80000000	0,51081156
239,00000000	0,50964099
239,20000000	0,50777804
239,40000000	0,50672171
239,60000000	0,50468675
239,80000000	0,49819246
240,00000000	0,49643922
240,20000000	0,50522043
240,40000000	0,49494393
240,60000000	0,49798529
240,80000000	0,48859280
241,00000000	0,47782702
241,20000000	0,48887829
241,40000000	0,49279525
241,60000000	0,49177148
241,80000000	0,48609207
242,00000000	0,48635639
242,20000000	0,49327052
242,40000000	0,49836508
242,60000000	0,48749023
242,80000000	0,48586890
243,00000000	0,48738230
243,20000000	0,47740811
243,40000000	0,46967751
243,60000000	0,46967861
243,80000000	0,47465344
244,00000000	0,47279012
244,20000000	0,47450202
244,40000000	0,47126997
244,60000000	0,46278597
244,80000000	0,46393340
245,00000000	0,47044464
245,20000000	0,46511791
245,40000000	0,46154995
245,60000000	0,46448687
245,80000000	0,46312850
246,00000000	0,45937345
246,20000000	0,45805708
246,40000000	0,45185388
246,60000000	0,45708232
246,80000000	0,46307891
247,00000000	0,46148378
247,20000000	0,46403066
247,40000000	0,45896452
247,60000000	0,45944091
247,80000000	0,45674782
248,00000000	0,45563372
248,20000000	0,45768673
248,40000000	0,45996573
248,60000000	0,45478529
248,80000000	0,45361388
249,00000000	0,45711960
249,20000000	0,45349462
249,40000000	0,45416355
249,60000000	0,45539639
249,80000000	0,45109909
250,00000000	0,45481184
250,20000000	0,45553931
250,40000000	0,45119732
250,60000000	0,45040558
250,80000000	0,44916489
251,00000000	0,45266211
251,20000000	0,45302038
251,40000000	0,45382230
251,60000000	0,45534557
251,80000000	0,45588166
252,00000000	0,45512500
252,20000000	0,44758137
252,40000000	0,44562361
252,60000000	0,44688912
252,80000000	0,44778773
253,00000000	0,44708960
253,20000000	0,45381780
253,40000000	0,45798122
253,60000000	0,45310152
253,80000000	0,45131617
254,00000000	0,45134498
254,20000000	0,45339043
254,40000000	0,45633560
254,60000000	0,45575795
254,80000000	0,45190182
255,00000000	0,44876478
255,20000000	0,45332324
255,40000000	0,45398253
255,60000000	0,45537034
255,80000000	0,45420565
256,00000000	0,45799626
256,20000000	0,46072943
256,40000000	0,45873596
256,60000000	0,46238697
256,80000000	0,46602143
257,00000000	0,46400312
257,20000000	0,46312772
257,40000000	0,47020289
257,60000000	0,47196073
257,80000000	0,47177790
258,00000000	0,47413199
258,20000000	0,47594264
258,40000000	0,47843722
258,60000000	0,48140296
258,80000000	0,48163754
259,00000000	0,48089748
259,20000000	0,48143055
259,40000000	0,48798980
259,60000000	0,49052634
259,80000000	0,49201878
260,00000000	0,49568704
260,20000000	0,49638458
260,40000000	0,49789463
260,60000000	0,50662562
260,80000000	0,51412270
261,00000000	0,51635992
261,20000000	0,51998580
261,40000000	0,52282431
261,60000000	0,52466706
261,80000000	0,52648270
262,00000000	0,52966048
262,20000000	0,53756751
262,40000000	0,54338531
262,60000000	0,55133895
262,80000000	0,55882553
263,00000000	0,56310309
263,20000000	0,56359320
263,40000000	0,56875421
263,60000000	0,57643153
263,80000000	0,58185318
264,00000000	0,58791979
264,20000000	0,59491855
264,40000000	0,60210431
264,60000000	0,60733772
264,80000000	0,61141740
265,00000000	0,61875934
265,20000000	0,62849110
265,40000000	0,63547615
265,60000000	0,64205682
265,80000000	0,65164877
266,00000000	0,66169114
266,20000000	0,66706332
266,40000000	0,67126047
266,60000000	0,67896619
266,80000000	0,68727504
267,00000000	0,69558706
267,20000000	0,70439693
267,40000000	0,71415680
267,60000000	0,72277170
267,80000000	0,72928493
268,00000000	0,73788050
268,20000000	0,74552241
268,40000000	0,75355921
268,60000000	0,76092133
268,80000000	0,76890646
269,00000000	0,78011824
269,20000000	0,78870287
269,40000000	0,79431402
269,60000000	0,80181525
269,80000000	0,80803643
270,00000000	0,81465972
270,20000000	0,82000734
270,40000000	0,82489209
270,60000000	0,82938934
270,80000000	0,83374687
271,00000000	0,83619395
271,20000000	0,83979037
271,40000000	0,84452555
271,60000000	0,84599347
271,80000000	0,84752019
272,00000000	0,84976150
272,20000000	0,84968832
272,40000000	0,84853575
272,60000000	0,84777876
272,80000000	0,84787597
273,00000000	0,84602508
273,20000000	0,84270317
273,40000000	0,83933212
273,60000000	0,83616019
273,80000000	0,83292318
274,00000000	0,82939650
274,20000000	0,82590849
274,40000000	0,82036595
274,60000000	0,81532261
274,80000000	0,81037892
275,00000000	0,80456263
275,20000000	0,80125669
275,40000000	0,79488336
275,60000000	0,78838011
275,80000000	0,78712835
276,00000000	0,78130019
276,20000000	0,77630165
276,40000000	0,77217728
276,60000000	0,76984638
276,80000000	0,76608503
277,00000000	0,76054463
277,20000000	0,75884317
277,40000000	0,75646111
277,60000000	0,75252379
277,80000000	0,75182852
278,00000000	0,75065212
278,20000000	0,74679619
278,40000000	0,74519532
278,60000000	0,74291301
278,80000000	0,74000391
279,00000000	0,73871474
279,20000000	0,73339715
279,40000000	0,72984217
279,60000000	0,72889312
279,80000000	0,72661969
280,00000000	0,72086551
280,20000000	0,71311047
280,40000000	0,70477918
280,60000000	0,69679129
280,80000000	0,68974688
281,00000000	0,68049813
281,20000000	0,66982035
281,40000000	0,65879587
281,60000000	0,64812662
281,80000000	0,63950293
282,00000000	0,62779316
282,20000000	0,61233455
282,40000000	0,59704600
282,60000000	0,58367898
282,80000000	0,57295011
283,00000000	0,56322868
283,20000000	0,54915075
283,40000000	0,53577425
283,60000000	0,52394450
283,80000000	0,50947231
284,00000000	0,49646038
284,20000000	0,48686458
284,40000000	0,47260861
284,60000000	0,46398519
284,80000000	0,45575814
285,00000000	0,44305154
285,20000000	0,43612618
285,40000000	0,42522804
285,60000000	0,41234597
285,80000000	0,40341399
286,00000000	0,40013366
286,20000000	0,39326804
286,40000000	0,38578173
286,60000000	0,37649209
286,80000000	0,37112904
287,00000000	0,36692461
287,20000000	0,35431564
287,40000000	0,34777465
287,60000000	0,34561522
287,80000000	0,33690234
288,00000000	0,32543788
288,20000000	0,31711144
288,40000000	0,31417643
288,60000000	0,31572064
288,80000000	0,31189618
289,00000000	0,30322084
289,20000000	0,29500660
289,40000000	0,29229810
289,60000000	0,29135470
289,80000000	0,28754282
290,00000000	0,28402748
290,20000000	0,27744850
290,40000000	0,27052021
290,60000000	0,26915538
290,80000000	0,26921814
291,00000000	0,26621669
291,20000000	0,26302675
291,40000000	0,25633404
291,60000000	0,25524396
291,80000000	0,25474277
292,00000000	0,24913694
292,20000000	0,24734120
292,40000000	0,24909254
292,60000000	0,24681514
292,80000000	0,24303894
293,00000000	0,23834931
293,20000000	0,23258988
293,40000000	0,22906847
293,60000000	0,22715803
293,80000000	0,22417492
294,00000000	0,22470973
294,20000000	0,22354447
294,40000000	0,22042782
294,60000000	0,21626098
294,80000000	0,21188871
295,00000000	0,21459540
295,20000000	0,21572288
295,40000000	0,21147722
295,60000000	0,21017861
295,80000000	0,21149402
296,00000000	0,20909525
296,20000000	0,20509660
296,40000000	0,20391067
296,60000000	0,20184603
296,80000000	0,20015948
297,00000000	0,20104330
297,20000000	0,19820780
297,40000000	0,19343485
297,60000000	0,19488895
297,80000000	0,19495097
298,00000000	0,19295520
298,20000000	0,18923883
298,40000000	0,18658447
298,60000000	0,18764907
298,80000000	0,18681536
299,00000000	0,18430850
299,20000000	0,18433073
299,40000000	0,18377954
299,60000000	0,18160103
299,80000000	0,18129203
300,00000000	0,18067502
300,20000000	0,17900688
300,40000000	0,17792333
300,60000000	0,17674732
300,80000000	0,17655214
301,00000000	0,17828664
301,20000000	0,17515183
301,40000000	0,17259368
301,60000000	0,17482170
301,80000000	0,17334710
302,00000000	0,17136548
302,20000000	0,17131175
302,40000000	0,17139797
302,60000000	0,17094765
302,80000000	0,17028241
303,00000000	0,16750792
303,20000000	0,16571535
303,40000000	0,16747591
303,60000000	0,16657940
303,80000000	0,16210872
304,00000000	0,16120737
304,20000000	0,16515009
304,40000000	0,16510956
304,60000000	0,16184340
304,80000000	0,16089398
305,00000000	0,16120712
305,20000000	0,16078731
305,40000000	0,15920238
305,60000000	0,15822463
305,80000000	0,15849550
306,00000000	0,15811966
306,20000000	0,15754592
306,40000000	0,15537702
306,60000000	0,15399203
306,80000000	0,15465217
307,00000000	0,15488090
307,20000000	0,15444628
307,40000000	0,15401685
307,60000000	0,15166519
307,80000000	0,15047397
308,00000000	0,15169521
308,20000000	0,15183818
308,40000000	0,15066061
308,60000000	0,14978843
308,80000000	0,15033969
309,00000000	0,15065274
309,20000000	0,15093100
309,40000000	0,15018830
309,60000000	0,14825317
309,80000000	0,14781045
310,00000000	0,14782435
310,20000000	0,14700876
310,40000000	0,14627276
310,60000000	0,14508432
310,80000000	0,14494656
311,00000000	0,14505817
311,20000000	0,14554943
311,40000000	0,14567681
311,60000000	0,14451828
311,80000000	0,14418293
312,00000000	0,14379943
312,20000000	0,14423239
312,40000000	0,14573319
312,60000000	0,14527426
312,80000000	0,14382147
313,00000000	0,14411879
313,20000000	0,14312632
313,40000000	0,14145337
313,60000000	0,14148761
313,80000000	0,14117071
314,00000000	0,14153110
314,20000000	0,14162122
314,40000000	0,14087274
314,60000000	0,14142974
314,80000000	0,14165913
315,00000000	0,14110609
315,20000000	0,14104810
315,40000000	0,14098205
315,60000000	0,14025983
315,80000000	0,13908340
316,00000000	0,13908599
316,20000000	0,13931807
316,40000000	0,13882940
316,60000000	0,13942844
316,80000000	0,14025960
317,00000000	0,14000217
317,20000000	0,13870575
317,40000000	0,13803708
317,60000000	0,13867120
317,80000000	0,13845614
318,00000000	0,13817798
318,20000000	0,13822801
318,40000000	0,13780663
318,60000000	0,13788060
318,80000000	0,13792161
319,00000000	0,13805195
319,20000000	0,13899137
319,40000000	0,13903260
319,60000000	0,13867038
319,80000000	0,13806454
320,00000000	0,13738327
320,20000000	0,13784915
320,40000000	0,13828255
320,60000000	0,13855403
320,80000000	0,13883733
321,00000000	0,13840063
321,20000000	0,13841793
321,40000000	0,13928847
321,60000000	0,14005969
321,80000000	0,14059514
322,00000000	0,14023487
322,20000000	0,13980553
322,40000000	0,14000377
322,60000000	0,14048408
322,80000000	0,14100990
323,00000000	0,14156163
323,20000000	0,14224324
323,40000000	0,14285551
323,60000000	0,14357910
323,80000000	0,14383856
324,00000000	0,14389769
324,20000000	0,14447901
324,40000000	0,14536124
324,60000000	0,14635090
324,80000000	0,14691394
325,00000000	0,14724706
325,20000000	0,14801902
325,40000000	0,14934556
325,60000000	0,15029274
325,80000000	0,15099135
326,00000000	0,15211603
326,20000000	0,15345719
326,40000000	0,15480470
326,60000000	0,15591994
326,80000000	0,15687670
327,00000000	0,15825694
327,20000000	0,16005732
327,40000000	0,16168639
327,60000000	0,16338324
327,80000000	0,16502500
328,00000000	0,16680670
328,20000000	0,16899300
328,40000000	0,17118066
328,60000000	0,17346749
328,80000000	0,17588408
329,00000000	0,17850187
329,20000000	0,18128286
329,40000000	0,18416817
329,60000000	0,18718636
329,80000000	0,19046238
330,00000000	0,19398788
330,20000000	0,19769300
330,40000000	0,20166823
330,60000000	0,20586627
330,80000000	0,21015334
331,00000000	0,21462978
331,20000000	0,21934475
331,40000000	0,22423378
331,60000000	0,22930965
331,80000000	0,23452559
332,00000000	0,24003177
332,20000000	0,24564823
332,40000000	0,25112093
332,60000000	0,25688777
332,80000000	0,26293732
333,00000000	0,26868361
333,20000000	0,27422052
333,40000000	0,27970011
333,60000000	0,28483808
333,80000000	0,28961285
334,00000000	0,29407762
334,20000000	0,29780658
334,40000000	0,30115218
334,60000000	0,30424572
334,80000000	0,30634929
335,00000000	0,30739020
335,20000000	0,30736851
335,40000000	0,30668671
335,60000000	0,30567737
335,80000000	0,30379679
336,00000000	0,30123074
336,20000000	0,29809066
336,40000000	0,29411901
336,60000000	0,28965540
336,80000000	0,28479069
337,00000000	0,27956880
337,20000000	0,27406783
337,40000000	0,26867399
337,60000000	0,26321861
337,80000000	0,25731394
338,00000000	0,25134408
338,20000000	0,24580338
338,40000000	0,24052757
338,60000000	0,23491619
338,80000000	0,22920132
339,00000000	0,22405447
339,20000000	0,21927748
339,40000000	0,21438051
339,60000000	0,20951907
339,80000000	0,20502461
340,00000000	0,20088903
340,20000000	0,19695648
340,40000000	0,19315065
340,60000000	0,18935431
340,80000000	0,18581048
341,00000000	0,18252939
341,20000000	0,17921793
341,40000000	0,17592694
341,60000000	0,17296361
341,80000000	0,17040639
342,00000000	0,16787148
342,20000000	0,16519324
342,40000000	0,16268765
342,60000000	0,16041880
342,80000000	0,15827519
343,00000000	0,15627401
343,20000000	0,15430210
343,40000000	0,15235505
343,60000000	0,15055546
343,80000000	0,14886255
344,00000000	0,14716807
344,20000000	0,14546094
344,40000000	0,14386436
344,60000000	0,14245603
344,80000000	0,14114792
345,00000000	0,13980044
345,20000000	0,13844003
345,40000000	0,13724836
345,60000000	0,13620032
345,80000000	0,13513158
346,00000000	0,13400105
346,20000000	0,13285478
346,40000000	0,13179785
346,60000000	0,13087815
346,80000000	0,12996631
347,00000000	0,12902017
347,20000000	0,12815368
347,40000000	0,12735049
347,60000000	0,12654932
347,80000000	0,12576414
348,00000000	0,12498555
348,20000000	0,12424315
348,40000000	0,12357525
348,60000000	0,12289473
348,80000000	0,12219657
349,00000000	0,12156683
349,20000000	0,12096429
349,40000000	0,12035843
349,60000000	0,11975895
349,80000000	0,11915442
350,00000000	0,11860298
350,20000000	0,11810085
350,40000000	0,11756697
350,60000000	0,11703205
350,80000000	0,11654064
351,00000000	0,11606565
351,20000000	0,11560188
351,40000000	0,11511531
351,60000000	0,11461229
351,80000000	0,11418393
352,00000000	0,11378589
352,20000000	0,11333733
352,40000000	0,11289505
352,60000000	0,11249525
352,80000000	0,11211028
353,00000000	0,11172302
353,20000000	0,11131031
353,40000000	0,11090103
353,60000000	0,11056166
353,80000000	0,11023550
354,00000000	0,10986367
354,20000000	0,10949130
354,40000000	0,10913688
354,60000000	0,10880827
354,80000000	0,10848692
355,00000000	0,10813967
355,20000000	0,10781466
355,40000000	0,10755961
355,60000000	0,10730580
355,80000000	0,10698348
356,00000000	0,10665970
356,20000000	0,10638151
356,40000000	0,10611231
356,60000000	0,10584498
356,80000000	0,10555277
357,00000000	0,10525051
357,20000000	0,10503044
357,40000000	0,10485646
357,60000000	0,10460945
357,80000000	0,10432212
358,00000000	0,10407627
358,20000000	0,10385890
358,40000000	0,10363102
358,60000000	0,10333218
358,80000000	0,10305550
359,00000000	0,10291094
359,20000000	0,10275610
359,40000000	0,10249452
359,60000000	0,10223839
359,80000000	0,10208612
360,00000000	0,10192781
360,20000000	0,10167159
360,40000000	0,10141087
360,60000000	0,10120404
360,80000000	0,10110809
361,00000000	0,10110657
361,20000000	0,10087896
361,40000000	0,10047124
361,60000000	0,10028136
361,80000000	0,10009980
362,00000000	0,09983726
362,20000000	0,09979825
362,40000000	0,09974361
362,60000000	0,09962551
362,80000000	0,09956259
363,00000000	0,09927274
363,20000000	0,09901817
363,40000000	0,09901669
363,60000000	0,09897270
363,80000000	0,09881670
364,00000000	0,09865430
364,20000000	0,09845096
364,40000000	0,09822437
364,60000000	0,09809712
364,80000000	0,09795360
365,00000000	0,09776431
365,20000000	0,09753296
365,40000000	0,09730714
365,60000000	0,09729090
365,80000000	0,09722670
366,00000000	0,09695184
366,20000000	0,09688769
366,40000000	0,09697728
366,60000000	0,09685371
366,80000000	0,09656114
367,00000000	0,09628206
367,20000000	0,09619281
367,40000000	0,09632371
367,60000000	0,09635537
367,80000000	0,09612203
368,00000000	0,09590532
368,20000000	0,09574397
368,40000000	0,09554999
368,60000000	0,09535975
368,80000000	0,09515633
369,00000000	0,09490429
369,20000000	0,09485664
369,40000000	0,09501023
369,60000000	0,09507717
369,80000000	0,09509561
370,00000000	0,09490690
370,20000000	0,09474673
370,40000000	0,09480532
370,60000000	0,09468064
370,80000000	0,09457488
371,00000000	0,09459196
371,20000000	0,09435437
371,40000000	0,09415855
371,60000000	0,09417157
371,80000000	0,09428062
372,00000000	0,09437859
372,20000000	0,09424418
372,40000000	0,09417845
372,60000000	0,09394334
372,80000000	0,09351517
373,00000000	0,09355680
373,20000000	0,09357394
373,40000000	0,09338997
373,60000000	0,09354692
373,80000000	0,09372840
374,00000000	0,09370083
374,20000000	0,09322815
374,40000000	0,09273662
374,60000000	0,09283593
374,80000000	0,09289151
375,00000000	0,09282797
375,20000000	0,09275771
375,40000000	0,09268981
375,60000000	0,09282764
375,80000000	0,09277465
376,00000000	0,09241807
376,20000000	0,09237425
376,40000000	0,09258750
376,60000000	0,09274957
376,80000000	0,09306865
377,00000000	0,09283164
377,20000000	0,09230800
377,40000000	0,09267659
377,60000000	0,09325502
377,80000000	0,09319828
378,00000000	0,09280628
378,20000000	0,09256213
378,40000000	0,09253175
378,60000000	0,09276353
378,80000000	0,09336283
379,00000000	0,09314469
379,20000000	0,09188631
379,40000000	0,09125412
379,60000000	0,09144216
379,80000000	0,09178142
380,00000000	0,09222107
380,20000000	0,09257909
380,40000000	0,09261318
380,60000000	0,09224844
380,80000000	0,09188698
381,00000000	0,09184090
381,20000000	0,09195658
381,40000000	0,09221767
381,60000000	0,09204147
381,80000000	0,09161817
382,00000000	0,09201380
382,20000000	0,09268814
382,40000000	0,09294615
382,60000000	0,09258518
382,80000000	0,09191212
383,00000000	0,09222796
383,20000000	0,09279427
383,40000000	0,09278988
383,60000000	0,09261878
383,80000000	0,09306027
384,00000000	0,09416529
384,20000000	0,09386390
384,40000000	0,09238269
384,60000000	0,09174984
384,80000000	0,09192677
385,00000000	0,09192943
385,20000000	0,09209767
385,40000000	0,09235735
385,60000000	0,09221762
385,80000000	0,09265768
386,00000000	0,09310822
386,20000000	0,09224177
386,40000000	0,09187083
386,60000000	0,09305666
386,80000000	0,09392045
387,00000000	0,09336465
387,20000000	0,09295161
387,40000000	0,09354521
387,60000000	0,09348323
387,80000000	0,09299077
388,00000000	0,09284540
388,20000000	0,09313849
388,40000000	0,09363729
388,60000000	0,09306707
388,80000000	0,09265521
389,00000000	0,09309309
389,20000000	0,09277252
389,40000000	0,09284072
389,60000000	0,09389153
389,80000000	0,09389683
390,00000000	0,09357673
390,20000000	0,09393397
390,40000000	0,09358278
390,60000000	0,09302217
390,80000000	0,09242503
391,00000000	0,09155143
391,20000000	0,09223039
391,40000000	0,09394002
391,60000000	0,09395593
391,80000000	0,09297255
392,00000000	0,09259746
392,20000000	0,09216140
392,40000000	0,09250785
392,60000000	0,09368920
392,80000000	0,09437498
393,00000000	0,09487658
393,20000000	0,09507782
393,40000000	0,09468483
393,60000000	0,09401860
393,80000000	0,09376278
394,00000000	0,09481033
394,20000000	0,09524430
394,40000000	0,09412555
394,60000000	0,09351535
394,80000000	0,09347917
395,00000000	0,09401450
395,20000000	0,09448059
395,40000000	0,09402419
395,60000000	0,09247985
395,80000000	0,09126452
396,00000000	0,09162212
396,20000000	0,09244943
396,40000000	0,09330997
396,60000000	0,09385622
396,80000000	0,09525206
397,00000000	0,09620522
397,20000000	0,09559332
397,40000000	0,09400146
397,60000000	0,09282418
397,80000000	0,09275146
398,00000000	0,09214899
398,20000000	0,09162260
398,40000000	0,09183931
398,60000000	0,09238333
398,80000000	0,09389854
399,00000000	0,09498636
399,20000000	0,09459385
399,40000000	0,09443228
399,60000000	0,09416758
399,80000000	0,09331657
400,00000000	0,09302241
400,20000000	0,09380474
400,40000000	0,09454568
400,60000000	0,09461824
400,80000000	0,09407830
401,00000000	0,09370318
401,20000000	0,09482151
401,40000000	0,09545868
401,60000000	0,09567614
401,80000000	0,09650052
402,00000000	0,09709856
402,20000000	0,09704613
402,40000000	0,09548704
402,60000000	0,09476432
402,80000000	0,09549600
403,00000000	0,09672796
403,20000000	0,09756174
403,40000000	0,09734501
403,60000000	0,09832826
403,80000000	0,09788222
404,00000000	0,09622842
404,20000000	0,09645620
404,40000000	0,09752877
404,60000000	0,09858390
404,80000000	0,09928741
405,00000000	0,09932544
405,20000000	0,10019357
405,40000000	0,09903319
405,60000000	0,09745249
405,80000000	0,09743083
406,00000000	0,09811230
406,20000000	0,10026871
406,40000000	0,09982980
406,60000000	0,09830240
406,80000000	0,09770874
407,00000000	0,09860681
407,20000000	0,10065632
407,40000000	0,10031998
407,60000000	0,09928629
407,80000000	0,09998143
408,00000000	0,09979021
408,20000000	0,09944169
408,40000000	0,10088350
408,60000000	0,10178404
408,80000000	0,10039343
409,00000000	0,09997591
409,20000000	0,10071873
409,40000000	0,10118741
409,60000000	0,09948550
409,80000000	0,09755591
410,00000000	0,09998118
410,20000000	0,10314239
410,40000000	0,10449903
410,60000000	0,10477157
410,80000000	0,10358032
411,00000000	0,10163825
411,20000000	0,10073518
411,40000000	0,10157510
411,60000000	0,10262717
411,80000000	0,10392324
412,00000000	0,10519885
412,20000000	0,10436767
412,40000000	0,10439697
412,60000000	0,10572038
412,80000000	0,10466528
413,00000000	0,10410523
413,20000000	0,10595541
413,40000000	0,10611498
413,60000000	0,10545893
413,80000000	0,10701042
414,00000000	0,10626091
414,20000000	0,10365139
414,40000000	0,10375550
414,60000000	0,10554394
414,80000000	0,10726061
415,00000000	0,10857174
415,20000000	0,10814284
415,40000000	0,10808049
415,60000000	0,10840944
415,80000000	0,10759932
416,00000000	0,10842481
416,20000000	0,10896038
416,40000000	0,10796441
416,60000000	0,10863140
416,80000000	0,11032369
417,00000000	0,10983749
417,20000000	0,10877733
417,40000000	0,10983605
417,60000000	0,11118448
417,80000000	0,11372089
418,00000000	0,11545158
418,20000000	0,11448952
418,40000000	0,11116994
418,60000000	0,11033972
418,80000000	0,11544482
419,00000000	0,11464650
419,20000000	0,10970236
419,40000000	0,11241062
419,60000000	0,11490941
419,80000000	0,11275864
420,00000000	0,11223393
420,20000000	0,11295173
420,40000000	0,11491941
420,60000000	0,11442221
420,80000000	0,11289340
421,00000000	0,11603545
421,20000000	0,11808686
421,40000000	0,11688799
421,60000000	0,11411184
421,80000000	0,11315576
422,00000000	0,11526054
422,20000000	0,11901241
422,40000000	0,11949350
422,60000000	0,11768327
422,80000000	0,11730388
423,00000000	0,11640220
423,20000000	0,11875177
423,40000000	0,12084160
423,60000000	0,11901518
423,80000000	0,12054189
424,00000000	0,12374598
424,20000000	0,12255158
424,40000000	0,12065101
424,60000000	0,11999448
424,80000000	0,12035194
425,00000000	0,12103106
425,20000000	0,12180641
425,40000000	0,12313816
425,60000000	0,12422537
425,80000000	0,12341907
426,00000000	0,12681634
426,20000000	0,12898964
426,40000000	0,12584604
426,60000000	0,12470108
426,80000000	0,12577484
427,00000000	0,12646409
427,20000000	0,12635173
427,40000000	0,12671985
427,60000000	0,12636833
427,80000000	0,12609179
428,00000000	0,12827376
428,20000000	0,12830601
428,40000000	0,12620880
428,60000000	0,12761176
428,80000000	0,12869196
429,00000000	0,12652077
429,20000000	0,12951152
429,40000000	0,13208307
429,60000000	0,13002478
429,80000000	0,12913310
430,00000000	0,13088057
430,20000000	0,13258999
430,40000000	0,13282254
430,60000000	0,13167759
430,80000000	0,12880613
431,00000000	0,12615794
431,20000000	0,12920397
431,40000000	0,13243905
431,60000000	0,13129108
431,80000000	0,13434786
432,00000000	0,13460766
432,20000000	0,13249002
432,40000000	0,13494727
432,60000000	0,13719779
432,80000000	0,14085138
433,00000000	0,14016857
433,20000000	0,13626318
433,40000000	0,13922592
433,60000000	0,14234099
433,80000000	0,14286703
434,00000000	0,14371668
434,20000000	0,13860464
434,40000000	0,13700971
434,60000000	0,13719699
434,80000000	0,13592459
435,00000000	0,13999864
435,20000000	0,14245049
435,40000000	0,14274363
435,60000000	0,14363310
435,80000000	0,14447939
436,00000000	0,14734830
436,20000000	0,14730913
436,40000000	0,14532943
436,60000000	0,14684903
436,80000000	0,14743930
437,00000000	0,14751221
437,20000000	0,14521423
437,40000000	0,14551449
437,60000000	0,14690761
437,80000000	0,14555506
438,00000000	0,14912787
438,20000000	0,15101894
438,40000000	0,15301801
438,60000000	0,15658340
438,80000000	0,15537516
439,00000000	0,15249036
439,20000000	0,14718301
439,40000000	0,14522763
439,60000000	0,15126375
439,80000000	0,15721951
440,00000000	0,15617391
440,20000000	0,15496951
440,40000000	0,16089989
440,60000000	0,16330744
440,80000000	0,15993482
441,00000000	0,15881584
441,20000000	0,15756293
441,40000000	0,15857544
441,60000000	0,16038374
441,80000000	0,15907211
442,00000000	0,15965693
442,20000000	0,16136066
442,40000000	0,16247506
442,60000000	0,16409581
442,80000000	0,16653644
443,00000000	0,16687612
443,20000000	0,16765015
443,40000000	0,17095221
443,60000000	0,16759869
443,80000000	0,16229733
444,00000000	0,16897815
444,20000000	0,17032809
444,40000000	0,16947201
444,60000000	0,17362170
444,80000000	0,17469940
445,00000000	0,17536391
445,20000000	0,17825145
445,40000000	0,18131933
445,60000000	0,18016424
445,80000000	0,17701490
446,00000000	0,17580520
446,20000000	0,17497610
446,40000000	0,17846678
446,60000000	0,17786714
446,80000000	0,17730020
447,00000000	0,18163460
447,20000000	0,18336349
447,40000000	0,18277209
447,60000000	0,18238081
447,80000000	0,18280725
448,00000000	0,18700193
448,20000000	0,19208976
448,40000000	0,19561228
448,60000000	0,19329624
448,80000000	0,18841447
449,00000000	0,18838447
449,20000000	0,19219883
449,40000000	0,19193843
449,60000000	0,18866301
449,80000000	0,18918983
450,00000000	0,19504386
450,20000000	0,19604516
450,40000000	0,19281523
450,60000000	0,19261426
450,80000000	0,19732928
451,00000000	0,19650795
451,20000000	0,19184067
451,40000000	0,19497420
451,60000000	0,19764718
451,80000000	0,20008258
452,00000000	0,20001701
452,20000000	0,19493658
452,40000000	0,19327055
452,60000000	0,19586481
452,80000000	0,19691381
453,00000000	0,19615284
453,20000000	0,19677226
453,40000000	0,20564032
453,60000000	0,21538695
453,80000000	0,21398567
454,00000000	0,21342561
454,20000000	0,21404901
454,40000000	0,20742748
454,60000000	0,20563274
454,80000000	0,20959352
455,00000000	0,21432155
455,20000000	0,21564274
455,40000000	0,21372032
455,60000000	0,21211902
455,80000000	0,21366606
456,00000000	0,21858636
456,20000000	0,22249554
456,40000000	0,22304135
456,60000000	0,22327934
456,80000000	0,22484610
457,00000000	0,22274569
457,20000000	0,22029614
457,40000000	0,22272287
457,60000000	0,22378699
457,80000000	0,22389573
458,00000000	0,22345464
458,20000000	0,22494513
458,40000000	0,22930930
458,60000000	0,22738887
458,80000000	0,22511821
459,00000000	0,23222450
459,20000000	0,23851887
459,40000000	0,23742254
459,60000000	0,23388170
459,80000000	0,23309810
460,00000000	0,23244137
460,20000000	0,23614305
460,40000000	0,23706801
460,60000000	0,23372532
460,80000000	0,23257443
461,00000000	0,23796697
461,20000000	0,24240410
461,40000000	0,24436480
461,60000000	0,24830544
461,80000000	0,24622414
462,00000000	0,24759624
462,20000000	0,25482533
462,40000000	0,25367988
462,60000000	0,24872892
462,80000000	0,25180656
463,00000000	0,25911728
463,20000000	0,25185651
463,40000000	0,24470697
463,60000000	0,25233533
463,80000000	0,26301326
464,00000000	0,25941944
464,20000000	0,25300828
464,40000000	0,25795981
464,60000000	0,26142913
464,80000000	0,26100290
465,00000000	0,26195277
465,20000000	0,26090053
465,40000000	0,26241044
465,60000000	0,26524687
465,80000000	0,26987620
466,00000000	0,27073964
466,20000000	0,26931132
466,40000000	0,27012250
466,60000000	0,26970332
466,80000000	0,27192867
467,00000000	0,27111274
467,20000000	0,27143037
467,40000000	0,28018877
467,60000000	0,28231008
467,80000000	0,28044513
468,00000000	0,27761341
468,20000000	0,28047610
468,40000000	0,28688357
468,60000000	0,28682983
468,80000000	0,28547167
469,00000000	0,28504942
469,20000000	0,29190065
469,40000000	0,29403113
469,60000000	0,29042172
469,80000000	0,28706733
470,00000000	0,28750673
470,20000000	0,29330915
470,40000000	0,29870925
470,60000000	0,29959831
470,80000000	0,29793800
471,00000000	0,30161551
471,20000000	0,31070073
471,40000000	0,31368271
471,60000000	0,31190690
471,80000000	0,31368668
472,00000000	0,31293552
472,20000000	0,30850204
472,40000000	0,30839151
472,60000000	0,31641454
472,80000000	0,31568908
473,00000000	0,31543300
473,20000000	0,32130039
473,40000000	0,32653007
473,60000000	0,32176643
473,80000000	0,31950909
474,00000000	0,32647002
474,20000000	0,32923244
474,40000000	0,32915636
474,60000000	0,33192989
474,80000000	0,33117901
475,00000000	0,32972852
475,20000000	0,33063996
475,40000000	0,33224729
475,60000000	0,33326831
475,80000000	0,34171688
476,00000000	0,34959637
476,20000000	0,34686496
476,40000000	0,34794342
476,60000000	0,34939972
476,80000000	0,35195292
477,00000000	0,35472003
477,20000000	0,35680213
477,40000000	0,35958545
477,60000000	0,36147936
477,80000000	0,35980083
478,00000000	0,36018673
478,20000000	0,36920719
478,40000000	0,37122779
478,60000000	0,36683075
478,80000000	0,36904685
479,00000000	0,37072822
479,20000000	0,37458104
479,40000000	0,37935706
479,60000000	0,37601350
479,80000000	0,37804840
480,00000000	0,38410119
480,20000000	0,38649527
480,40000000	0,38572506
480,60000000	0,38705742
480,80000000	0,38992712
481,00000000	0,39381031
481,20000000	0,39455764
481,40000000	0,39355475
481,60000000	0,39524635
481,80000000	0,40037282
482,00000000	0,40428851
482,20000000	0,40780256
482,40000000	0,40852484
482,60000000	0,41064730
482,80000000	0,41355884
483,00000000	0,41128799
483,20000000	0,41631490
483,40000000	0,42358129
483,60000000	0,42479700
483,80000000	0,42862397
484,00000000	0,42739842
484,20000000	0,42559058
484,40000000	0,42510299
484,60000000	0,42743957
484,80000000	0,43261238
485,00000000	0,43968713
485,20000000	0,44109701
485,40000000	0,44283706
485,60000000	0,44666599
485,80000000	0,45056409
486,00000000	0,45089698
486,20000000	0,45647105
486,40000000	0,45699240
486,60000000	0,45481508
486,80000000	0,45569237
487,00000000	0,45808443
487,20000000	0,46113323
487,40000000	0,45958199
487,60000000	0,46151422
487,80000000	0,46740804
488,00000000	0,46902645
488,20000000	0,47047725
488,40000000	0,47283000
488,60000000	0,47761208
488,80000000	0,47941378
489,00000000	0,48112107
489,20000000	0,48217454
489,40000000	0,47879410
489,60000000	0,48471374
489,80000000	0,49308398
490,00000000	0,49396912
490,20000000	0,49555180
490,40000000	0,49743502
490,60000000	0,49963864
490,80000000	0,50069291
491,00000000	0,50222715
491,20000000	0,50513434
491,40000000	0,50576409
491,60000000	0,51135948
491,80000000	0,51213687
492,00000000	0,51254772
492,20000000	0,51863066
492,40000000	0,52393333
492,60000000	0,52461125
492,80000000	0,52058523
493,00000000	0,51812362
493,20000000	0,52031432
493,40000000	0,52578428
493,60000000	0,53036703
493,80000000	0,53470399
494,00000000	0,53946515
494,20000000	0,54285325
494,40000000	0,54324305
494,60000000	0,53927641
494,80000000	0,53871757
495,00000000	0,54119083
495,20000000	0,54378073
495,40000000	0,54798769
495,60000000	0,55030666
495,80000000	0,55485101
496,00000000	0,56004470
496,20000000	0,56181813
496,40000000	0,56002173
496,60000000	0,56262382
496,80000000	0,56799929
497,00000000	0,57017319
497,20000000	0,56858970
497,40000000	0,56460706
497,60000000	0,56822955
497,80000000	0,57460718
498,00000000	0,58023922
498,20000000	0,58418584
498,40000000	0,58628903
498,60000000	0,58969318
498,80000000	0,58927037
499,00000000	0,58880427
499,20000000	0,59068708
499,40000000	0,59223144
499,60000000	0,59318865
499,80000000	0,59814012
500,00000000	0,60141884
500,20000000	0,60295700
500,40000000	0,60689042
500,60000000	0,60411370
500,80000000	0,60631062
501,00000000	0,61138294
501,20000000	0,60972668
501,40000000	0,60973638
501,60000000	0,61490806
501,80000000	0,61466481
502,00000000	0,61516120
502,20000000	0,62131888
502,40000000	0,62491510
502,60000000	0,62673390
502,80000000	0,62674797
503,00000000	0,62623733
503,20000000	0,63148095
503,40000000	0,63543882
503,60000000	0,63955460
503,80000000	0,64056839
504,00000000	0,63927810
504,20000000	0,64059437
504,40000000	0,64254576
504,60000000	0,64745963
504,80000000	0,65054510
505,00000000	0,65156965
505,20000000	0,65660781
505,40000000	0,65988601
505,60000000	0,65868772
505,80000000	0,66114526
506,00000000	0,66582036
506,20000000	0,66634127
506,40000000	0,66916926
506,60000000	0,67166161
506,80000000	0,67176166
507,00000000	0,67499742
507,20000000	0,68116866
507,40000000	0,67880622
507,60000000	0,68002947
507,80000000	0,68459465
508,00000000	0,68765038
508,20000000	0,69012790
508,40000000	0,68839113
508,60000000	0,69377964
508,80000000	0,69991151
509,00000000	0,69856694
509,20000000	0,70006709
509,40000000	0,70396421
509,60000000	0,70703960
509,80000000	0,71066147
510,00000000	0,71304312
510,20000000	0,71412253
510,40000000	0,71271300
510,60000000	0,71457918
510,80000000	0,71966616
511,00000000	0,72163379
511,20000000	0,72539814
511,40000000	0,72973213
511,60000000	0,73010370
511,80000000	0,73240528
512,00000000	0,73584448
512,20000000	0,73705833
512,40000000	0,73772620
512,60000000	0,73970063
512,80000000	0,74157690
513,00000000	0,74565086
513,20000000	0,74933795
513,40000000	0,74858442
513,60000000	0,75183340
513,80000000	0,75571857
514,00000000	0,75789379
514,20000000	0,76073993
514,40000000	0,76244072
514,60000000	0,76253728
514,80000000	0,76426187
515,00000000	0,77083163
515,20000000	0,77404439
515,40000000	0,77444784
515,60000000	0,77522882
515,80000000	0,77824957
516,00000000	0,78197359
516,20000000	0,78400225
516,40000000	0,78715134
516,60000000	0,78766310
516,80000000	0,78798854
517,00000000	0,79239618
517,20000000	0,79419130
517,40000000	0,79556711
517,60000000	0,79671809
517,80000000	0,79900091
518,00000000	0,80224062
518,20000000	0,80472062
518,40000000	0,80527179
518,60000000	0,80730424
518,80000000	0,81034321
519,00000000	0,81334363
519,20000000	0,81742278
519,40000000	0,81806434
519,60000000	0,81960933
519,80000000	0,82207658
520,00000000	0,82459410
520,20000000	0,82695674
520,40000000	0,82810181
520,60000000	0,82970663
520,80000000	0,83184038
521,00000000	0,83335934
521,20000000	0,83571801
521,40000000	0,83699304
521,60000000	0,83803439
521,80000000	0,84151768
522,00000000	0,84457594
522,20000000	0,84583181
522,40000000	0,84692482
522,60000000	0,84883800
522,80000000	0,85073792
523,00000000	0,85411867
523,20000000	0,85483652
523,40000000	0,85622777
523,60000000	0,85909256
523,80000000	0,86097020
524,00000000	0,86204118
524,20000000	0,86312454
524,40000000	0,86427361
524,60000000	0,86677335
524,80000000	0,86895241
525,00000000	0,87275459
525,20000000	0,87503894
525,40000000	0,87593299
525,60000000	0,87609692
525,80000000	0,87641832
526,00000000	0,87874817
526,20000000	0,88096601
526,40000000	0,88275734
526,60000000	0,88460414
526,80000000	0,88592138
527,00000000	0,88767159
527,20000000	0,88994710
527,40000000	0,89140567
527,60000000	0,89105831
527,80000000	0,89291361
528,00000000	0,89459474
528,20000000	0,89603949
528,40000000	0,89819465
528,60000000	0,89894610
528,80000000	0,90055206
529,00000000	0,90148686
529,20000000	0,90244372
529,40000000	0,90470093
529,60000000	0,90719777
529,80000000	0,90815417
530,00000000	0,91001254
530,20000000	0,91142486
530,40000000	0,91103847
530,60000000	0,91131936
530,80000000	0,91246996
531,00000000	0,91503236
531,20000000	0,91715225
531,40000000	0,91742537
531,60000000	0,91810654
531,80000000	0,91909891
532,00000000	0,92088363
532,20000000	0,92248462
532,40000000	0,92323502
532,60000000	0,92406604
532,80000000	0,92582900
533,00000000	0,92689724
533,20000000	0,92671734
533,40000000	0,92666378
533,60000000	0,92812946
533,80000000	0,93047535
534,00000000	0,93168120
534,20000000	0,93247589
534,40000000	0,93335553
534,60000000	0,93435558
534,80000000	0,93553559
535,00000000	0,93599791
535,20000000	0,93686482
535,40000000	0,93721326
535,60000000	0,93879453
535,80000000	0,94036097
536,00000000	0,94055883
536,20000000	0,94091834
536,40000000	0,94214889
536,60000000	0,94299837
536,80000000	0,94326621
537,00000000	0,94384938
537,20000000	0,94481461
537,40000000	0,94531380
537,60000000	0,94621526
537,80000000	0,94703254
538,00000000	0,94733091
538,20000000	0,94805598
538,40000000	0,94933636
538,60000000	0,94998783
538,80000000	0,94987602
539,00000000	0,95087343
539,20000000	0,95096612
539,40000000	0,95116302
539,60000000	0,95262469
539,80000000	0,95305000
540,00000000	0,95351555
540,20000000	0,95424865
540,40000000	0,95495550
540,60000000	0,95561058
540,80000000	0,95615329
541,00000000	0,95691847
541,20000000	0,95785063
541,40000000	0,95818799
541,60000000	0,95810046
541,80000000	0,95877518
542,00000000	0,95928271
542,20000000	0,95922258
542,40000000	0,95918058
542,60000000	0,96009330
542,80000000	0,96047486
543,00000000	0,96095022
543,20000000	0,96180138
543,40000000	0,96211844
543,60000000	0,96255039
543,80000000	0,96267218
544,00000000	0,96359130
544,20000000	0,96361140
544,40000000	0,96367411
544,60000000	0,96414745
544,80000000	0,96469979
545,00000000	0,96524388
545,20000000	0,96511281
545,40000000	0,96523226
545,60000000	0,96620064
545,80000000	0,96681600
546,00000000	0,96693358
546,20000000	0,96736023
546,40000000	0,96810732
546,60000000	0,96873759
546,80000000	0,96865336
547,00000000	0,96866398
547,20000000	0,96943914
547,40000000	0,96971453
547,60000000	0,96970387
547,80000000	0,96995942
548,00000000	0,97018738
548,20000000	0,97051693
548,40000000	0,97157347
548,60000000	0,97192623
548,80000000	0,97185448
549,00000000	0,97258267
549,20000000	0,97321230
549,40000000	0,97347274
549,60000000	0,97374963
549,80000000	0,97377356
550,00000000	0,97412430
550,20000000	0,97468847
550,40000000	0,97535944
550,60000000	0,97562612
550,80000000	0,97571732
551,00000000	0,97629111
551,20000000	0,97666341
551,40000000	0,97667736
551,60000000	0,97699665
551,80000000	0,97727583
552,00000000	0,97788187
552,20000000	0,97816354
552,40000000	0,97857080
552,60000000	0,97923193
552,80000000	0,97952341
553,00000000	0,97996591
553,20000000	0,98025140
553,40000000	0,98031939
553,60000000	0,98082309
553,80000000	0,98119515
554,00000000	0,98161076
554,20000000	0,98201618
554,40000000	0,98234333
554,60000000	0,98259946
554,80000000	0,98322289
555,00000000	0,98331365
555,20000000	0,98347183
555,40000000	0,98398165
555,60000000	0,98455964
555,80000000	0,98487442
556,00000000	0,98509897
556,20000000	0,98542225
556,40000000	0,98604655
556,60000000	0,98650057
556,80000000	0,98657137
557,00000000	0,98696909
557,20000000	0,98749328
557,40000000	0,98811425
557,60000000	0,98812778
557,80000000	0,98825404
558,00000000	0,98854772
558,20000000	0,98888098
558,40000000	0,98924362
558,60000000	0,98961008
558,80000000	0,98986965
559,00000000	0,99010801
559,20000000	0,99049969
559,40000000	0,99084008
559,60000000	0,99127030
559,80000000	0,99149376
560,00000000	0,99175795
560,20000000	0,99192895
560,40000000	0,99249112
560,60000000	0,99270431
560,80000000	0,99293276
561,00000000	0,99335700
561,20000000	0,99360272
561,40000000	0,99350025
561,60000000	0,99374724
561,80000000	0,99415393
562,00000000	0,99428043
562,20000000	0,99476693
562,40000000	0,99494751
562,60000000	0,99496724
562,80000000	0,99522019
563,00000000	0,99546470
563,20000000	0,99567738
563,40000000	0,99590124
563,60000000	0,99611589
563,80000000	0,99635282
564,00000000	0,99655269
564,20000000	0,99663374
564,40000000	0,99680355
564,60000000	0,99704323
564,80000000	0,99719500
565,00000000	0,99735872
565,20000000	0,99746944
565,40000000	0,99766452
565,60000000	0,99787504
565,80000000	0,99793626
566,00000000	0,99805287
566,20000000	0,99818031
566,40000000	0,99835286
566,60000000	0,99854658
566,80000000	0,99863674
567,00000000	0,99865579
567,20000000	0,99871323
567,40000000	0,99886579
567,60000000	0,99903749
567,80000000	0,99907929
568,00000000	0,99910062
568,20000000	0,99921548
568,40000000	0,99932009
568,60000000	0,99937207
568,80000000	0,99944389
569,00000000	0,99945871
569,20000000	0,99950125
569,40000000	0,99960189
569,60000000	0,99968385
569,80000000	0,99969395
570,00000000	0,99974328
570,20000000	0,99980132
570,40000000	0,99980493
570,60000000	0,99979334
570,80000000	0,99985279
571,00000000	0,99986834
571,20000000	0,99988527
571,40000000	0,99990677
571,60000000	0,99991814
571,80000000	0,99994085
572,00000000	0,99994566
572,20000000	0,99994969
572,40000000	0,99995986
572,60000000	0,99993732
572,80000000	0,99994624
573,00000000	0,99994697
573,20000000	0,99994016
573,40000000	0,99993023
573,60000000	0,99993758
573,80000000	0,99992508
574,00000000	0,99989959
574,20000000	0,99987228
574,40000000	0,99984743
574,60000000	0,99983495
574,80000000	0,99982113
575,00000000	0,99979947
575,20000000	0,99976154
575,40000000	0,99977044
575,60000000	0,99975109
575,80000000	0,99970485
576,00000000	0,99969137
576,20000000	0,99964354
576,40000000	0,99963223
576,60000000	0,99961211
576,80000000	0,99952010
577,00000000	0,99945889
577,20000000	0,99949414
577,40000000	0,99951018
577,60000000	0,99942073
577,80000000	0,99937260
578,00000000	0,99931512
578,20000000	0,99927300
578,40000000	0,99924308
578,60000000	0,99919561
578,80000000	0,99922817
579,00000000	0,99927351
579,20000000	0,99917380
579,40000000	0,99902822
579,60000000	0,99899864
579,80000000	0,99901070
580,00000000	0,99898226
580,20000000	0,99887511
580,40000000	0,99880271
580,60000000	0,99878666
580,80000000	0,99877909
581,00000000	0,99881434
581,20000000	0,99865485
581,40000000	0,99862174
581,60000000	0,99866595
581,80000000	0,99857842
582,00000000	0,99848656
582,20000000	0,99843678
582,40000000	0,99847803
582,60000000	0,99853752
582,80000000	0,99841403
583,00000000	0,99827847
583,20000000	0,99837475
583,40000000	0,99831570
583,60000000	0,99831095
583,80000000	0,99822532
584,00000000	0,99803108
584,20000000	0,99811966
584,40000000	0,99807285
584,60000000	0,99812451
584,80000000	0,99814901
585,00000000	0,99790311
585,20000000	0,99788379
585,40000000	0,99795745
585,60000000	0,99791034
585,80000000	0,99790008
586,00000000	0,99796260
586,20000000	0,99784940
586,40000000	0,99766859
586,60000000	0,99766520
586,80000000	0,99762582
587,00000000	0,99764384
587,20000000	0,99758817
587,40000000	0,99755900
587,60000000	0,99758064
587,80000000	0,99738245
588,00000000	0,99744444
588,20000000	0,99728633
588,40000000	0,99720012
588,60000000	0,99716447
588,80000000	0,99708581
589,00000000	0,99710706
589,20000000	0,99726218
589,40000000	0,99709038
589,60000000	0,99712053
589,80000000	0,99703993
590,00000000	0,99689143
590,20000000	0,99699510
590,40000000	0,99688499
590,60000000	0,99681852
590,80000000	0,99682523
591,00000000	0,99681965
591,20000000	0,99692465
591,40000000	0,99696494
591,60000000	0,99673704
591,80000000	0,99660147
592,00000000	0,99655672
592,20000000	0,99663006
592,40000000	0,99656971
592,60000000	0,99656222
592,80000000	0,99657861
593,00000000	0,99654376
593,20000000	0,99657056
593,40000000	0,99654496
593,60000000	0,99651095
593,80000000	0,99653906
594,00000000	0,99646036
594,20000000	0,99618876
594,40000000	0,99629661
594,60000000	0,99627459
594,80000000	0,99635001
595,00000000	0,99637978
595,20000000	0,99621365
595,40000000	0,99620424
595,60000000	0,99625476
595,80000000	0,99639709
596,00000000	0,99623295
596,20000000	0,99626041
596,40000000	0,99623371
596,60000000	0,99613068
596,80000000	0,99609288
597,00000000	0,99610811
597,20000000	0,99607238
597,40000000	0,99613685
597,60000000	0,99626274
597,80000000	0,99616059
598,00000000	0,99616850
598,20000000	0,99625666
598,40000000	0,99633889
598,60000000	0,99607098
598,80000000	0,99604660
599,00000000	0,99606435
599,20000000	0,99595058
599,40000000	0,99604175
599,60000000	0,99599824
599,80000000	0,99607263
600,00000000	0,99608337
600,20000000	0,99618882
600,40000000	0,99604023
600,60000000	0,99605013
600,80000000	0,99604964
601,00000000	0,99608872
601,20000000	0,99612871
601,40000000	0,99585217
601,60000000	0,99588137
601,80000000	0,99605576
602,00000000	0,99604787
602,20000000	0,99605294
602,40000000	0,99608298
602,60000000	0,99617601
602,80000000	0,99604955
603,00000000	0,99613284
603,20000000	0,99609922
603,40000000	0,99598638
603,60000000	0,99608034
603,80000000	0,99610995
604,00000000	0,99616632
604,20000000	0,99610215
604,40000000	0,99626629
604,60000000	0,99624434
604,80000000	0,99631055
605,00000000	0,99636489
605,20000000	0,99625528
605,40000000	0,99619777
605,60000000	0,99615973
605,80000000	0,99632958
606,00000000	0,99623429
606,20000000	0,99620003
606,40000000	0,99623199
606,60000000	0,99632309
606,80000000	0,99638464
607,00000000	0,99632121
607,20000000	0,99629066
607,40000000	0,99633804
607,60000000	0,99647905
607,80000000	0,99634914
608,00000000	0,99626231
608,20000000	0,99632730
608,40000000	0,99667064
608,60000000	0,99663726
608,80000000	0,99642630
609,00000000	0,99646033
609,20000000	0,99654859
609,40000000	0,99676547
609,60000000	0,99665605
609,80000000	0,99658988
610,00000000	0,99653439
610,20000000	0,99661346
610,40000000	0,99676922
610,60000000	0,99662376
610,80000000	0,99659045
611,00000000	0,99663176
611,20000000	0,99662603
611,40000000	0,99679645
611,60000000	0,99675310
611,80000000	0,99679057
612,00000000	0,99692355
612,20000000	0,99694670
612,40000000	0,99676120
612,60000000	0,99677809
612,80000000	0,99670663
613,00000000	0,99690158
613,20000000	0,99677260
613,40000000	0,99669705
613,60000000	0,99687566
613,80000000	0,99694184
614,00000000	0,99696592
614,20000000	0,99703109
614,40000000	0,99695022
614,60000000	0,99685030
614,80000000	0,99705352
615,00000000	0,99701324
615,20000000	0,99694695
615,40000000	0,99679424
615,60000000	0,99684940
615,80000000	0,99708352
616,00000000	0,99701698
616,20000000	0,99689746
616,40000000	0,99695470
616,60000000	0,99686859
616,80000000	0,99687129
617,00000000	0,99688568
617,20000000	0,99695408
617,40000000	0,99680566
617,60000000	0,99688027
617,80000000	0,99691804
618,00000000	0,99667970
618,20000000	0,99693746
618,40000000	0,99696158
618,60000000	0,99687317
618,80000000	0,99696184
619,00000000	0,99693881
619,20000000	0,99678470
619,40000000	0,99693303
619,60000000	0,99695673
619,80000000	0,99676152
620,00000000	0,99678132
620,20000000	0,99689584
620,40000000	0,99691307
620,60000000	0,99685950
620,80000000	0,99675152
621,00000000	0,99674201
621,20000000	0,99686311
621,40000000	0,99670629
621,60000000	0,99684810
621,80000000	0,99677955
622,00000000	0,99669352
622,20000000	0,99675055
622,40000000	0,99695383
622,60000000	0,99670991
622,80000000	0,99656120
623,00000000	0,99662661
623,20000000	0,99655221
623,40000000	0,99663479
623,60000000	0,99660426
623,80000000	0,99657482
624,00000000	0,99646465
624,20000000	0,99646413
624,40000000	0,99651270
624,60000000	0,99638449
624,80000000	0,99646044
625,00000000	0,99649713
625,20000000	0,99646380
625,40000000	0,99634747
625,60000000	0,99611628
625,80000000	0,99620154
626,00000000	0,99642126
626,20000000	0,99625955
626,40000000	0,99587221
626,60000000	0,99596549
626,80000000	0,99615139
627,00000000	0,99606471
627,20000000	0,99592463
627,40000000	0,99579247
627,60000000	0,99581433
627,80000000	0,99587014
628,00000000	0,99580722
628,20000000	0,99584042
628,40000000	0,99553912
628,60000000	0,99550339
628,80000000	0,99553631
629,00000000	0,99564239
629,20000000	0,99534520
629,40000000	0,99511499
629,60000000	0,99530287
629,80000000	0,99538838
630,00000000	0,99523868
630,20000000	0,99526041
630,40000000	0,99495903
630,60000000	0,99493717
630,80000000	0,99508236
631,00000000	0,99494988
631,20000000	0,99488567
631,40000000	0,99471831
631,60000000	0,99467388
631,80000000	0,99465883
632,00000000	0,99448572
632,20000000	0,99439610
632,40000000	0,99433924
632,60000000	0,99434506
632,80000000	0,99415489
633,00000000	0,99421259
633,20000000	0,99403310
633,40000000	0,99385668
633,60000000	0,99336543
633,80000000	0,99336651
634,00000000	0,99354208
634,20000000	0,99362923
634,40000000	0,99351374
634,60000000	0,99331459
634,80000000	0,99325731
635,00000000	0,99322773
635,20000000	0,99311123
635,40000000	0,99284992
635,60000000	0,99274174
635,80000000	0,99262039
636,00000000	0,99255863
636,20000000	0,99239380
636,40000000	0,99246116
636,60000000	0,99218885
636,80000000	0,99206354
637,00000000	0,99186945
637,20000000	0,99173712
637,40000000	0,99157165
637,60000000	0,99149421
637,80000000	0,99148679
638,00000000	0,99128495
638,20000000	0,99124739
638,40000000	0,99114202
638,60000000	0,99101614
638,80000000	0,99098862
639,00000000	0,99081349
639,20000000	0,99069831
639,40000000	0,99046114
639,60000000	0,99067477
639,80000000	0,99028660
640,00000000	0,98981578
640,20000000	0,98959927
640,40000000	0,98957765
640,60000000	0,98945665
640,80000000	0,98932998
641,00000000	0,98947946
641,20000000	0,98936458
641,40000000	0,98889961
641,60000000	0,98893259
641,80000000	0,98888350
642,00000000	0,98905788
642,20000000	0,98860813
642,40000000	0,98839134
642,60000000	0,98872867
642,80000000	0,98832567
643,00000000	0,98808741
643,20000000	0,98820542
643,40000000	0,98791305
643,60000000	0,98816082
643,80000000	0,98795805
644,00000000	0,98773758
644,20000000	0,98746426
644,40000000	0,98740925
644,60000000	0,98715398
644,80000000	0,98711009
645,00000000	0,98699023
645,20000000	0,98701475
645,40000000	0,98674493
645,60000000	0,98646093
645,80000000	0,98671705
646,00000000	0,98663247
646,20000000	0,98654097
646,40000000	0,98613066
646,60000000	0,98613426
646,80000000	0,98630656
647,00000000	0,98607378
647,20000000	0,98583657
647,40000000	0,98610792
647,60000000	0,98577710
647,80000000	0,98543818
648,00000000	0,98605756
648,20000000	0,98580595
648,40000000	0,98552888
648,60000000	0,98537592
648,80000000	0,98582490
649,00000000	0,98581261
649,20000000	0,98544534
649,40000000	0,98547869
649,60000000	0,98522421
649,80000000	0,98557783
650,00000000	0,98573359
650,20000000	0,98542291
650,40000000	0,98536830
650,60000000	0,98521951
650,80000000	0,98557720
651,00000000	0,98520704
651,20000000	0,98494140
651,40000000	0,98543994
651,60000000	0,98534801
651,80000000	0,98567864
652,00000000	0,98559169
652,20000000	0,98509177
652,40000000	0,98527016
652,60000000	0,98551015
652,80000000	0,98559600
653,00000000	0,98551418
653,20000000	0,98529815
653,40000000	0,98537662
653,60000000	0,98570252
653,80000000	0,98568674
654,00000000	0,98560942
654,20000000	0,98586098
654,40000000	0,98586169
654,60000000	0,98606479
654,80000000	0,98604124
655,00000000	0,98597774
655,20000000	0,98622786
655,40000000	0,98643754
655,60000000	0,98635317
655,80000000	0,98636391
656,00000000	0,98657387
656,20000000	0,98687765
656,40000000	0,98670293
656,60000000	0,98695510
656,80000000	0,98701172
657,00000000	0,98693138
657,20000000	0,98756358
657,40000000	0,98751956
657,60000000	0,98734249
657,80000000	0,98764197
658,00000000	0,98775909
658,20000000	0,98767334
658,40000000	0,98778550
658,60000000	0,98781570
658,80000000	0,98804988
659,00000000	0,98815507
659,20000000	0,98849081
659,40000000	0,98878324
659,60000000	0,98886607
659,80000000	0,98907694
660,00000000	0,98895230
660,20000000	0,98912341
660,40000000	0,98935742
660,60000000	0,98954086
660,80000000	0,98969876
661,00000000	0,98985832
661,20000000	0,98985624
661,40000000	0,99030252
661,60000000	0,99011908
661,80000000	0,99020785
662,00000000	0,99036619
662,20000000	0,99064243
662,40000000	0,99068602
662,60000000	0,99079792
662,80000000	0,99104694
663,00000000	0,99112742
663,20000000	0,99133955
663,40000000	0,99142007
663,60000000	0,99178897
663,80000000	0,99158371
664,00000000	0,99157983
664,20000000	0,99205492
664,40000000	0,99240395
664,60000000	0,99242695
664,80000000	0,99242508
665,00000000	0,99247079
665,20000000	0,99274969
665,40000000	0,99270677
665,60000000	0,99282250
665,80000000	0,99294544
666,00000000	0,99322910
666,20000000	0,99318528
666,40000000	0,99339108
666,60000000	0,99365042
666,80000000	0,99359600
667,00000000	0,99363854
667,20000000	0,99386305
667,40000000	0,99399184
667,60000000	0,99410888
667,80000000	0,99400792
668,00000000	0,99423107
668,20000000	0,99452819
668,40000000	0,99428143
668,60000000	0,99457882
668,80000000	0,99472736
669,00000000	0,99453806
669,20000000	0,99475050
669,40000000	0,99477869
669,60000000	0,99477803
669,80000000	0,99483225
670,00000000	0,99496563
670,20000000	0,99526338
670,40000000	0,99525485
670,60000000	0,99538234
670,80000000	0,99525172
671,00000000	0,99525955
671,20000000	0,99556396
671,40000000	0,99550534
671,60000000	0,99530403
671,80000000	0,99545478
672,00000000	0,99555984
672,20000000	0,99538470
672,40000000	0,99532455
672,60000000	0,99555816
672,80000000	0,99572307
673,00000000	0,99551313
673,20000000	0,99564232
673,40000000	0,99581951
673,60000000	0,99570528
673,80000000	0,99562814
674,00000000	0,99568257
674,20000000	0,99568085
674,40000000	0,99577793
674,60000000	0,99594708
674,80000000	0,99579492
675,00000000	0,99580552
675,20000000	0,99600752
675,40000000	0,99590884
675,60000000	0,99590115
675,80000000	0,99610543
676,00000000	0,99595400
676,20000000	0,99596227
676,40000000	0,99613729
676,60000000	0,99605207
676,80000000	0,99591560
677,00000000	0,99591179
677,20000000	0,99606271
677,40000000	0,99591072
677,60000000	0,99588918
677,80000000	0,99589039
678,00000000	0,99584080
678,20000000	0,99598490
678,40000000	0,99606738
678,60000000	0,99607470
678,80000000	0,99587412
679,00000000	0,99606064
679,20000000	0,99609385
679,40000000	0,99593825
679,60000000	0,99600204
679,80000000	0,99619426
680,00000000	0,99627197
680,20000000	0,99621767
680,40000000	0,99619705
680,60000000	0,99599957
680,80000000	0,99619037
681,00000000	0,99637622
681,20000000	0,99622449
681,40000000	0,99604137
681,60000000	0,99616025
681,80000000	0,99614772
682,00000000	0,99617939
682,20000000	0,99611398
682,40000000	0,99609869
682,60000000	0,99632146
682,80000000	0,99650275
683,00000000	0,99636823
683,20000000	0,99645261
683,40000000	0,99627384
683,60000000	0,99635568
683,80000000	0,99662167
684,00000000	0,99649006
684,20000000	0,99660454
684,40000000	0,99659219
684,60000000	0,99660833
684,80000000	0,99674088
685,00000000	0,99685038
685,20000000	0,99675647
685,40000000	0,99686447
685,60000000	0,99698892
685,80000000	0,99690658
686,00000000	0,99687897
686,20000000	0,99699718
686,40000000	0,99695230
686,60000000	0,99703311
686,80000000	0,99728201
687,00000000	0,99709280
687,20000000	0,99717677
687,40000000	0,99728041
687,60000000	0,99733138
687,80000000	0,99723887
688,00000000	0,99737785
688,20000000	0,99732731
688,40000000	0,99745086
688,60000000	0,99755058
688,80000000	0,99757851
689,00000000	0,99756158
689,20000000	0,99766776
689,40000000	0,99777830
689,60000000	0,99770937
689,80000000	0,99772190
690,00000000	0,99791754
690,20000000	0,99793696
690,40000000	0,99782438
690,60000000	0,99799907
690,80000000	0,99814663
691,00000000	0,99809201
691,20000000	0,99808214
691,40000000	0,99824263
691,60000000	0,99823855
691,80000000	0,99831602
692,00000000	0,99829943
692,20000000	0,99829590
692,40000000	0,99834495
692,60000000	0,99841442
692,80000000	0,99863672
693,00000000	0,99852439
693,20000000	0,99853730
693,40000000	0,99866677
693,60000000	0,99871573
693,80000000	0,99879170
694,00000000	0,99877532
694,20000000	0,99879340
694,40000000	0,99890411
694,60000000	0,99894193
694,80000000	0,99884894
695,00000000	0,99889187
695,20000000	0,99904273
695,40000000	0,99913955
695,60000000	0,99912329
695,80000000	0,99906582
696,00000000	0,99914650
696,20000000	0,99916918
696,40000000	0,99918437
696,60000000	0,99925041
696,80000000	0,99926130
697,00000000	0,99924554
697,20000000	0,99931869
697,40000000	0,99940648
697,60000000	0,99932671
697,80000000	0,99925584
698,00000000	0,99935708
698,20000000	0,99944574
698,40000000	0,99947295
698,60000000	0,99939489
698,80000000	0,99940765
699,00000000	0,99953550
699,20000000	0,99959461
699,40000000	0,99949018
699,60000000	0,99942069
699,80000000	0,99952755
700,00000000	0,99962400
700,20000000	0,99964238
700,40000000	0,99956205
700,60000000	0,99953573
700,80000000	0,99958519
701,00000000	0,99972991
701,20000000	0,99971014
701,40000000	0,99953566
701,60000000	0,99950191
701,80000000	0,99965328
702,00000000	0,99971463
702,20000000	0,99967644
702,40000000	0,99952719
702,60000000	0,99950334
702,80000000	0,99970475
703,00000000	0,99971051
703,20000000	0,99964061
703,40000000	0,99954581
703,60000000	0,99958412
703,80000000	0,99969359
704,00000000	0,99976272
704,20000000	0,99956160
704,40000000	0,99946495
704,60000000	0,99959709
704,80000000	0,99968362
705,00000000	0,99969691
705,20000000	0,99955456
705,40000000	0,99946940
705,60000000	0,99965867
705,80000000	0,99972040
706,00000000	0,99964558
706,20000000	0,99955038
706,40000000	0,99951976
706,60000000	0,99968058
706,80000000	0,99969622
707,00000000	0,99963562
707,20000000	0,99955181
707,40000000	0,99961478
707,60000000	0,99969504
707,80000000	0,99968305
708,00000000	0,99954647
708,20000000	0,99950781
708,40000000	0,99968342
708,60000000	0,99971420
708,80000000	0,99966574
709,00000000	0,99954754
709,20000000	0,99957690
709,40000000	0,99970273
709,60000000	0,99973627
709,80000000	0,99971184
710,00000000	0,99959927
710,20000000	0,99965168
710,40000000	0,99978486
710,60000000	0,99974179
710,80000000	0,99960457
711,00000000	0,99965354
711,20000000	0,99974455
711,40000000	0,99980087
711,60000000	0,99972947
711,80000000	0,99963581
712,00000000	0,99967625
712,20000000	0,99979049
712,40000000	0,99979915
712,60000000	0,99972869
712,80000000	0,99971065
713,00000000	0,99974845
713,20000000	0,99980757
713,40000000	0,99979113
713,60000000	0,99974712
713,80000000	0,99979057
714,00000000	0,99980542
714,20000000	0,99984545
714,40000000	0,99984742
714,60000000	0,99978354
714,80000000	0,99978446
715,00000000	0,99988287
715,20000000	0,99986083
715,40000000	0,99979616
715,60000000	0,99978876
715,80000000	0,99985158
716,00000000	0,99987063
716,20000000	0,99987667
716,40000000	0,99984786
716,60000000	0,99986961
716,80000000	0,99989852
717,00000000	0,99987321
717,20000000	0,99984406
717,40000000	0,99986177
717,60000000	0,99989745
717,80000000	0,99989286
718,00000000	0,99988556
718,20000000	0,99986782
718,40000000	0,99987939
718,60000000	0,99988850
718,80000000	0,99988649
719,00000000	0,99985632
719,20000000	0,99985893
719,40000000	0,99985617
719,60000000	0,99987803
719,80000000	0,99986600
720,00000000	0,99985574
720,20000000	0,99986175
720,40000000	0,99986155
720,60000000	0,99983912
720,80000000	0,99978007
721,00000000	0,99980943
721,20000000	0,99982640
721,40000000	0,99980931
721,60000000	0,99979907
721,80000000	0,99976977
722,00000000	0,99979660
722,20000000	0,99974066
722,40000000	0,99975789
722,60000000	0,99975341
722,80000000	0,99968843
723,00000000	0,99971267
723,20000000	0,99971397
723,40000000	0,99967144
723,60000000	0,99967386
723,80000000	0,99965220
724,00000000	0,99966463
724,20000000	0,99970706
724,40000000	0,99960568
724,60000000	0,99963053
724,80000000	0,99965586
725,00000000	0,99959249
725,20000000	0,99955810
725,40000000	0,99952538
725,60000000	0,99958129
725,80000000	0,99954626
726,00000000	0,99955132
726,20000000	0,99952991
726,40000000	0,99955825
726,60000000	0,99954346
726,80000000	0,99949480
727,00000000	0,99950563
727,20000000	0,99950506
727,40000000	0,99947198
727,60000000	0,99951432
727,80000000	0,99948961
728,00000000	0,99942598
728,20000000	0,99947141
728,40000000	0,99948657
728,60000000	0,99945374
728,80000000	0,99935402
729,00000000	0,99938499
729,20000000	0,99943714
729,40000000	0,99941997
729,60000000	0,99934831
729,80000000	0,99941132
730,00000000	0,99940152
730,20000000	0,99943628
730,40000000	0,99942409
730,60000000	0,99931195
730,80000000	0,99934814
731,00000000	0,99940002
731,20000000	0,99939740
731,40000000	0,99935448
731,60000000	0,99937759
731,80000000	0,99945864
732,00000000	0,99938051
732,20000000	0,99941699
732,40000000	0,99944603
732,60000000	0,99945476
732,80000000	0,99948252
733,00000000	0,99939941
733,20000000	0,99941913
733,40000000	0,99947277
733,60000000	0,99954026
733,80000000	0,99947836
734,00000000	0,99948073
734,20000000	0,99950045
734,40000000	0,99947759
734,60000000	0,99954363
734,80000000	0,99955336
735,00000000	0,99949156
735,20000000	0,99950905
735,40000000	0,99959553
735,60000000	0,99960260
735,80000000	0,99960164
736,00000000	0,99956221
736,20000000	0,99962541
736,40000000	0,99972536
736,60000000	0,99971016
736,80000000	0,99965110
737,00000000	0,99970949
737,20000000	0,99970466
737,40000000	0,99970251
737,60000000	0,99975076
737,80000000	0,99974829
738,00000000	0,99971671
738,20000000	0,99980604
738,40000000	0,99980768
738,60000000	0,99982303
738,80000000	0,99981977
739,00000000	0,99985035
739,20000000	0,99985693
739,40000000	0,99987894
739,60000000	0,99990094
739,80000000	0,99989862
740,00000000	0,99991959
740,20000000	0,99993062
740,40000000	0,99993717
740,60000000	0,99992357
740,80000000	0,99995869
741,00000000	0,99995675
741,20000000	0,99996831
741,40000000	0,99996771
741,60000000	0,99997890
741,80000000	0,99997049
742,00000000	0,99998319
742,20000000	0,99997274
742,40000000	0,99997726
742,60000000	0,99998303
742,80000000	0,99997743
743,00000000	0,99996465
743,20000000	0,99996846
743,40000000	0,99997570
743,60000000	0,99996816
743,80000000	0,99994654
744,00000000	0,99993931
744,20000000	0,99993349
744,40000000	0,99993249
744,60000000	0,99990892
744,80000000	0,99986802
745,00000000	0,99986374
745,20000000	0,99986346
745,40000000	0,99981827
745,60000000	0,99979543
745,80000000	0,99982013
746,00000000	0,99975364
746,20000000	0,99975747
746,40000000	0,99972359
746,60000000	0,99964885
746,80000000	0,99970411
747,00000000	0,99966749
747,20000000	0,99958543
747,40000000	0,99950285
747,60000000	0,99950100
747,80000000	0,99943211
748,00000000	0,99944155
748,20000000	0,99939235
748,40000000	0,99931823
748,60000000	0,99931499
748,80000000	0,99928822
749,00000000	0,99921877
749,20000000	0,99920640
749,40000000	0,99910264
749,60000000	0,99904783
749,80000000	0,99906344
750,00000000	0,99899998
750,20000000	0,99889762
750,40000000	0,99878382
750,60000000	0,99872506
750,80000000	0,99868466
751,00000000	0,99864996
751,20000000	0,99857105
751,40000000	0,99847127
751,60000000	0,99849884
751,80000000	0,99838029
752,00000000	0,99820703
752,20000000	0,99827494
752,40000000	0,99833918
752,60000000	0,99819533
752,80000000	0,99807505
753,00000000	0,99789624
753,20000000	0,99791690
753,40000000	0,99779337
753,60000000	0,99783659
753,80000000	0,99776348
754,00000000	0,99755380
754,20000000	0,99757235
754,40000000	0,99751860
754,60000000	0,99745002
754,80000000	0,99727239
755,00000000	0,99725293
755,20000000	0,99721394
755,40000000	0,99705658
755,60000000	0,99706168
755,80000000	0,99679626
756,00000000	0,99691366
756,20000000	0,99673380
756,40000000	0,99672551
756,60000000	0,99637433
756,80000000	0,99651639
757,00000000	0,99661357
757,20000000	0,99611453
757,40000000	0,99615376
757,60000000	0,99619220
757,80000000	0,99601168
758,00000000	0,99601194
758,20000000	0,99572986
758,40000000	0,99569556
758,60000000	0,99572099
758,80000000	0,99577044
759,00000000	0,99551285
759,20000000	0,99532595
759,40000000	0,99524940
759,60000000	0,99533471
759,80000000	0,99522792
760,00000000	0,99510992
760,20000000	0,99489980
760,40000000	0,99481694
760,60000000	0,99499566
760,80000000	0,99452999
761,00000000	0,99453692
761,20000000	0,99465945
761,40000000	0,99452743
761,60000000	0,99458245
761,80000000	0,99429999
762,00000000	0,99424657
762,20000000	0,99407062
762,40000000	0,99420451
762,60000000	0,99421124
762,80000000	0,99401320
763,00000000	0,99385117
763,20000000	0,99363832
763,40000000	0,99368008
763,60000000	0,99396855
763,80000000	0,99368756
764,00000000	0,99348734
764,20000000	0,99340082
764,40000000	0,99357062
764,60000000	0,99326509
764,80000000	0,99325600
765,00000000	0,99300791
765,20000000	0,99324347
765,40000000	0,99307714
765,60000000	0,99276310
765,80000000	0,99270783
766,00000000	0,99269842
766,20000000	0,99288671
766,40000000	0,99249345
766,60000000	0,99215900
766,80000000	0,99259969
767,00000000	0,99274632
767,20000000	0,99223379
767,40000000	0,99207511
767,60000000	0,99217146
767,80000000	0,99226434
768,00000000	0,99217729
768,20000000	0,99203972
768,40000000	0,99202842
768,60000000	0,99182073
768,80000000	0,99186174
769,00000000	0,99197653
769,20000000	0,99161509
769,40000000	0,99171347
769,60000000	0,99164730
769,80000000	0,99167234
770,00000000	0,99163284
770,20000000	0,99150321
770,40000000	0,99105008
770,60000000	0,99137897
770,80000000	0,99117134
771,00000000	0,99113990
771,20000000	0,99115664
771,40000000	0,99113693
771,60000000	0,99115823
771,80000000	0,99093135
772,00000000	0,99088354
772,20000000	0,99091258
772,40000000	0,99079578
772,60000000	0,99106614
772,80000000	0,99109127
773,00000000	0,99068883
773,20000000	0,99090861
773,40000000	0,99111320
773,60000000	0,99082396
773,80000000	0,99079122
774,00000000	0,99080211
774,20000000	0,99064205
774,40000000	0,99055275
774,60000000	0,99049905
774,80000000	0,99048115
775,00000000	0,99046271
775,20000000	0,99042816
775,40000000	0,99087963
775,60000000	0,99059764
775,80000000	0,98998441
776,00000000	0,99024828
776,20000000	0,99054945
776,40000000	0,99039283
776,60000000	0,99022451
776,80000000	0,99031909
777,00000000	0,99044686
777,20000000	0,99029735
777,40000000	0,99002460
777,60000000	0,99000320
777,80000000	0,99023696
778,00000000	0,99035757
778,20000000	0,99038609
778,40000000	0,99003882
778,60000000	0,99004608
778,80000000	0,99023796
779,00000000	0,99022966
779,20000000	0,98998156
779,40000000	0,98969560
779,60000000	0,99009524
779,80000000	0,99028057
780,00000000	0,99016697
780,20000000	0,98991342
780,40000000	0,99014843
780,60000000	0,99010199
780,80000000	0,99039406
781,00000000	0,98972791
781,20000000	0,98964696
781,40000000	0,98979512
781,60000000	0,98992794
781,80000000	0,99029727
782,00000000	0,98957233
782,20000000	0,98946024
782,40000000	0,98988677
782,60000000	0,99002307
782,80000000	0,98997644
783,00000000	0,98988798
783,20000000	0,98962767
783,40000000	0,98962413
783,60000000	0,98977962
783,80000000	0,98953580
784,00000000	0,98959216
784,20000000	0,98976078
784,40000000	0,98985183
784,60000000	0,98947266
784,80000000	0,98941195
785,00000000	0,98909258
785,20000000	0,98922438
785,40000000	0,98973316
785,60000000	0,98934012
785,80000000	0,98936719
786,00000000	0,98946770
786,20000000	0,98928293
786,40000000	0,98961672
786,60000000	0,98958457
786,80000000	0,98926525
787,00000000	0,98900983
787,20000000	0,98944975
787,40000000	0,98943294
787,60000000	0,98889985
787,80000000	0,98901114
788,00000000	0,98887475
788,20000000	0,98920334
788,40000000	0,98882788
788,60000000	0,98875925
788,80000000	0,98891685
789,00000000	0,98861856
789,20000000	0,98853315
789,40000000	0,98895045
789,60000000	0,98861790
789,80000000	0,98864585
790,00000000	0,98850217
790,20000000	0,98849180
790,40000000	0,98806288
790,60000000	0,98818054
790,80000000	0,98844893
791,00000000	0,98839199
791,20000000	0,98807412
791,40000000	0,98783166
791,60000000	0,98782206
791,80000000	0,98788540
792,00000000	0,98777073
792,20000000	0,98744387
792,40000000	0,98759186
792,60000000	0,98746246
792,80000000	0,98746712
793,00000000	0,98762731
793,20000000	0,98742434
793,40000000	0,98712836
793,60000000	0,98712942
793,80000000	0,98688748
794,00000000	0,98668139
794,20000000	0,98645218
794,40000000	0,98701434
794,60000000	0,98667196
794,80000000	0,98657137
795,00000000	0,98666775
795,20000000	0,98655374
795,40000000	0,98669282
795,60000000	0,98663759
795,80000000	0,98608038
796,00000000	0,98644884
796,20000000	0,98662014
796,40000000	0,98628383
796,60000000	0,98596697
796,80000000	0,98590788
797,00000000	0,98577422
797,20000000	0,98628915
797,40000000	0,98621798
797,60000000	0,98579965
797,80000000	0,98578617
798,00000000	0,98605253
798,20000000	0,98591992
798,40000000	0,98597353
798,60000000	0,98550943
798,80000000	0,98564831
799,00000000	0,98566734
799,20000000	0,98552477
799,40000000	0,98560280
799,60000000	0,98553075
799,80000000	0,98522353
800,00000000	0,98531467
800,20000000	0,98537593
800,40000000	0,98508678
800,60000000	0,98566342
800,80000000	0,98593648
801,00000000	0,98542962
801,20000000	0,98554683
801,40000000	0,98518153
801,60000000	0,98530258
801,80000000	0,98553138
802,00000000	0,98575003
802,20000000	0,98556537
802,40000000	0,98530682
802,60000000	0,98544464
802,80000000	0,98532799
803,00000000	0,98565687
803,20000000	0,98596829
803,40000000	0,98547798
803,60000000	0,98531284
803,80000000	0,98543197
804,00000000	0,98584256
804,20000000	0,98524959
804,40000000	0,98595439
804,60000000	0,98599533
804,80000000	0,98615282
805,00000000	0,98526455
805,20000000	0,98568266
805,40000000	0,98616010
805,60000000	0,98651740
805,80000000	0,98583831
806,00000000	0,98609845
806,20000000	0,98682109
806,40000000	0,98649332
806,60000000	0,98642077
806,80000000	0,98658869
807,00000000	0,98640287
807,20000000	0,98692948
807,40000000	0,98704411
807,60000000	0,98669027
807,80000000	0,98696678
808,00000000	0,98736425
808,20000000	0,98718467
808,40000000	0,98745957
808,60000000	0,98738140
808,80000000	0,98720258
809,00000000	0,98760816
809,20000000	0,98744385
809,40000000	0,98788455
809,60000000	0,98783456
809,80000000	0,98824853
810,00000000	0,98802711
810,20000000	0,98791136
810,40000000	0,98828081
810,60000000	0,98810860
810,80000000	0,98804666
811,00000000	0,98832623
811,20000000	0,98877906
811,40000000	0,98853397
811,60000000	0,98867039
811,80000000	0,98850156
812,00000000	0,98887978
812,20000000	0,98871285
812,40000000	0,98848538
812,60000000	0,98851521
812,80000000	0,98894163
813,00000000	0,98949362
813,20000000	0,98922294
813,40000000	0,98917546
813,60000000	0,98953410
813,80000000	0,98956301
814,00000000	0,98936782
814,20000000	0,98925089
814,40000000	0,98920616
814,60000000	0,98934408
814,80000000	0,98979884
815,00000000	0,98954445
815,20000000	0,98929963
815,40000000	0,98945079
815,60000000	0,98965769
815,80000000	0,98992668
816,00000000	0,98930153
816,20000000	0,98919368
816,40000000	0,98918643
816,60000000	0,98907816
816,80000000	0,98946153
817,00000000	0,98926208
817,20000000	0,98903236
817,40000000	0,98920199
817,60000000	0,98904084
817,80000000	0,98903835
818,00000000	0,98892592
818,20000000	0,98896614
818,40000000	0,98877774
818,60000000	0,98888838
818,80000000	0,98844222
819,00000000	0,98834658
819,20000000	0,98803586
819,40000000	0,98836492
819,60000000	0,98802549
819,80000000	0,98770117
820,00000000	0,98750753
820,20000000	0,98766377
820,40000000	0,98689463
820,60000000	0,98714131
820,80000000	0,98694677
821,00000000	0,98693343
821,20000000	0,98648959
821,40000000	0,98609461
821,60000000	0,98597388
821,80000000	0,98613451
822,00000000	0,98544587
822,20000000	0,98555112
822,40000000	0,98532651
822,60000000	0,98489298
822,80000000	0,98492188
823,00000000	0,98454077
823,20000000	0,98434004
823,40000000	0,98377710
823,60000000	0,98385689
823,80000000	0,98386880
824,00000000	0,98350708
824,20000000	0,98272998
824,40000000	0,98268916
824,60000000	0,98199043
824,80000000	0,98242963
825,00000000	0,98191962
825,20000000	0,98105808
825,40000000	0,98112830
825,60000000	0,98111852
825,80000000	0,98097486
826,00000000	0,98016197
826,20000000	0,97936244
826,40000000	0,97964372
826,60000000	0,97948699
826,80000000	0,97899895
827,00000000	0,97902687
827,20000000	0,97780687
827,40000000	0,97769347
827,60000000	0,97763800
827,80000000	0,97758757
828,00000000	0,97699782
828,20000000	0,97662779
828,40000000	0,97634129
828,60000000	0,97585360
828,80000000	0,97614008
829,00000000	0,97564445
829,20000000	0,97569407
829,40000000	0,97540439
829,60000000	0,97467716
829,80000000	0,97407865
830,00000000	0,97428193
830,20000000	0,97373345
830,40000000	0,97391760
830,60000000	0,97345060
830,80000000	0,97318552
831,00000000	0,97311686
831,20000000	0,97238483
831,40000000	0,97190104
831,60000000	0,97232033
831,80000000	0,97240606
832,00000000	0,97158610
832,20000000	0,97222347
832,40000000	0,97193968
832,60000000	0,97101943
832,80000000	0,97063147
833,00000000	0,97061082
833,20000000	0,97106089
833,40000000	0,97045159
833,60000000	0,97018737
833,80000000	0,96984772
834,00000000	0,97062588
834,20000000	0,97078767
834,40000000	0,96898286
834,60000000	0,96934588
834,80000000	0,96995692
835,00000000	0,96986297
835,20000000	0,96943502
835,40000000	0,96912319
835,60000000	0,96911333
835,80000000	0,96936184
836,00000000	0,96892959
836,20000000	0,96836819
836,40000000	0,96896518
836,60000000	0,96886815
836,80000000	0,96885790
837,00000000	0,96940891
837,20000000	0,96883985
837,40000000	0,96840987
837,60000000	0,96958450
837,80000000	0,96946468
838,00000000	0,96915612
838,20000000	0,96890751
838,40000000	0,96916813
838,60000000	0,96993464
838,80000000	0,96936345
839,00000000	0,96884060
839,20000000	0,96943511
839,40000000	0,96990262
839,60000000	0,97015551
839,80000000	0,96877523
840,00000000	0,96925583
840,20000000	0,96942374
840,40000000	0,97005424
840,60000000	0,97099889
840,80000000	0,97109615
841,00000000	0,97012449
841,20000000	0,97114354
841,40000000	0,97146224
841,60000000	0,97165555
841,80000000	0,97164687
842,00000000	0,97143866
842,20000000	0,97221759
842,40000000	0,97238416
842,60000000	0,97224735
842,80000000	0,97258500
843,00000000	0,97269421
843,20000000	0,97344397
843,40000000	0,97323032
843,60000000	0,97385234
843,80000000	0,97405574
844,00000000	0,97480308
844,20000000	0,97465088
844,40000000	0,97505743
844,60000000	0,97565661
844,80000000	0,97511816
845,00000000	0,97585099
845,20000000	0,97599191
845,40000000	0,97626924
845,60000000	0,97619556
845,80000000	0,97693129
846,00000000	0,97689031
846,20000000	0,97745876
846,40000000	0,97745982
846,60000000	0,97778019
846,80000000	0,97807841
847,00000000	0,97839070
847,20000000	0,97845545
847,40000000	0,97873194
847,60000000	0,97901064
847,80000000	0,97922563
848,00000000	0,97966942
848,20000000	0,98014102
848,40000000	0,97982988
848,60000000	0,98033140
848,80000000	0,98120816
849,00000000	0,98072050
849,20000000	0,98080075
849,40000000	0,98141076
849,60000000	0,98149401
849,80000000	0,98210544
850,00000000	0,98170041
850,20000000	0,98205660
850,40000000	0,98277926
850,60000000	0,98270275
850,80000000	0,98271888
851,00000000	0,98285704
851,20000000	0,98269587
851,40000000	0,98380307
851,60000000	0,98394881
851,80000000	0,98299075
852,00000000	0,98351092
852,20000000	0,98415875
852,40000000	0,98437999
852,60000000	0,98430919
852,80000000	0,98417285
853,00000000	0,98481887
853,20000000	0,98520594
853,40000000	0,98500367
853,60000000	0,98513059
853,80000000	0,98500377
854,00000000	0,98495443
854,20000000	0,98535351
854,40000000	0,98487707
854,60000000	0,98532013
854,80000000	0,98520191
855,00000000	0,98555384
855,20000000	0,98570153
855,40000000	0,98569512
855,60000000	0,98565157
855,80000000	0,98521542
856,00000000	0,98561381
856,20000000	0,98583834
856,40000000	0,98571781
856,60000000	0,98563770
856,80000000	0,98543598
857,00000000	0,98571654
857,20000000	0,98576509
857,40000000	0,98556157
857,60000000	0,98570936
857,80000000	0,98580367
858,00000000	0,98594793
858,20000000	0,98528454
858,40000000	0,98538192
858,60000000	0,98555291
858,80000000	0,98523203
859,00000000	0,98561909
859,20000000	0,98514532
859,40000000	0,98468167
859,60000000	0,98539998
859,80000000	0,98511579
860,00000000	0,98473925
860,20000000	0,98512524
860,40000000	0,98482678
860,60000000	0,98482701
860,80000000	0,98470742
861,00000000	0,98477140
861,20000000	0,98383369
861,40000000	0,98414762
861,60000000	0,98479350
861,80000000	0,98420646
862,00000000	0,98363142
862,20000000	0,98403889
862,40000000	0,98356436
862,60000000	0,98381105
862,80000000	0,98357308
863,00000000	0,98354583
863,20000000	0,98357418
863,40000000	0,98334528
863,60000000	0,98331623
863,80000000	0,98301963
864,00000000	0,98283836
864,20000000	0,98292315
864,40000000	0,98278221
864,60000000	0,98284560
864,80000000	0,98245122
865,00000000	0,98184212
865,20000000	0,98209020
865,40000000	0,98237980
865,60000000	0,98215815
865,80000000	0,98172199
866,00000000	0,98184068
866,20000000	0,98203527
866,40000000	0,98203927
866,60000000	0,98102787
866,80000000	0,98135275
867,00000000	0,98153742
867,20000000	0,98181979
867,40000000	0,98134540
867,60000000	0,98094113
867,80000000	0,98034796
868,00000000	0,98108006
868,20000000	0,98118223
868,40000000	0,98072352
868,60000000	0,98016246
868,80000000	0,98075736
869,00000000	0,98062427
869,20000000	0,98070314
869,40000000	0,97997764
869,60000000	0,97985870
869,80000000	0,97980136
870,00000000	0,98075943
870,20000000	0,97994061
870,40000000	0,98044152
870,60000000	0,97977842
870,80000000	0,97994363
871,00000000	0,98015137
871,20000000	0,98000008
871,40000000	0,97959926
871,60000000	0,97972749
871,80000000	0,97978380
872,00000000	0,97926741
872,20000000	0,97953165
872,40000000	0,97901204
872,60000000	0,97967563
872,80000000	0,97902603
873,00000000	0,97938518
873,20000000	0,97910206
873,40000000	0,97904866
873,60000000	0,97924501
873,80000000	0,97898611
874,00000000	0,97901027
874,20000000	0,97888333
874,40000000	0,97873522
874,60000000	0,97868548
874,80000000	0,97885171
875,00000000	0,97805946
875,20000000	0,97867441
875,40000000	0,97874428
875,60000000	0,97875097
875,80000000	0,97828901
876,00000000	0,97833844
876,20000000	0,97823705
876,40000000	0,97870213
876,60000000	0,97869506
876,80000000	0,97794470
877,00000000	0,97794801
877,20000000	0,97809458
877,40000000	0,97785140
877,60000000	0,97763436
877,80000000	0,97791155
878,00000000	0,97740054
878,20000000	0,97827666
878,40000000	0,97763831
878,60000000	0,97690250
878,80000000	0,97721090
879,00000000	0,97763071
879,20000000	0,97748066
879,40000000	0,97679755
879,60000000	0,97675281
879,80000000	0,97654562
880,00000000	0,97686228
880,20000000	0,97666252
880,40000000	0,97685349
880,60000000	0,97638909
880,80000000	0,97634325
881,00000000	0,97610698
881,20000000	0,97653068
881,40000000	0,97570050
881,60000000	0,97561913
881,80000000	0,97592655
882,00000000	0,97566205
882,20000000	0,97578398
882,40000000	0,97554646
882,60000000	0,97521997
882,80000000	0,97499370
883,00000000	0,97536879
883,20000000	0,97506694
883,40000000	0,97441318
883,60000000	0,97490065
883,80000000	0,97482831
884,00000000	0,97453362
884,20000000	0,97456101
884,40000000	0,97394806
884,60000000	0,97403210
884,80000000	0,97475177
885,00000000	0,97349367
885,20000000	0,97385177
885,40000000	0,97330834
885,60000000	0,97312276
885,80000000	0,97328783
886,00000000	0,97313681
886,20000000	0,97306025
886,40000000	0,97294359
886,60000000	0,97304392
886,80000000	0,97292732
887,00000000	0,97263556
887,20000000	0,97233236
887,40000000	0,97295439
887,60000000	0,97270438
887,80000000	0,97242603
888,00000000	0,97124894
888,20000000	0,97234891
888,40000000	0,97216833
888,60000000	0,97228309
888,80000000	0,97167973
889,00000000	0,97122596
889,20000000	0,97205487
889,40000000	0,97244999
889,60000000	0,97168663
889,80000000	0,97134731
890,00000000	0,97184309
890,20000000	0,97192219
890,40000000	0,97154092
890,60000000	0,97098347
890,80000000	0,97123872
891,00000000	0,97134683
891,20000000	0,97151772
891,40000000	0,97185512
891,60000000	0,97050143
891,80000000	0,97144611
892,00000000	0,97181986
892,20000000	0,97168136
892,40000000	0,97154881
892,60000000	0,97124337
892,80000000	0,97193201
893,00000000	0,97193651
893,20000000	0,97172902
893,40000000	0,97164524
893,60000000	0,97174553
893,80000000	0,97229223
894,00000000	0,97301877
894,20000000	0,97197903
894,40000000	0,97197989
894,60000000	0,97255935
894,80000000	0,97290314
895,00000000	0,97253052
895,20000000	0,97235612
895,40000000	0,97338524
895,60000000	0,97374384
895,80000000	0,97394379
896,00000000	0,97394552
896,20000000	0,97386607
896,40000000	0,97375173
896,60000000	0,97440275
896,80000000	0,97442333
897,00000000	0,97472238
897,20000000	0,97482353
897,40000000	0,97457432
897,60000000	0,97529847
897,80000000	0,97536459
898,00000000	0,97568845
898,20000000	0,97644017
898,40000000	0,97635841
898,60000000	0,97656526
898,80000000	0,97675384
899,00000000	0,97683798
899,20000000	0,97716498
899,40000000	0,97769290
899,60000000	0,97757554
899,80000000	0,97734128
900,00000000	0,97801564
