150,00000000	0,96045329
150,20000000	0,97137724
150,40000000	0,97111043
150,60000000	0,96900961
150,80000000	0,98066210
151,00000000	0,96418090
151,20000000	0,97065605
151,40000000	0,97452520
151,60000000	0,97295217
151,80000000	0,98164308
152,00000000	0,97045907
152,20000000	0,96558877
152,40000000	0,98460797
152,60000000	0,96868449
152,80000000	0,96919975
153,00000000	0,98442628
153,20000000	0,96920149
153,40000000	0,98087523
153,60000000	0,97448816
153,80000000	0,96244018
154,00000000	0,97849329
154,20000000	0,97178424
154,40000000	0,97140453
154,60000000	0,97720770
154,80000000	0,97286151
155,00000000	0,97298474
155,20000000	0,97341865
155,40000000	0,96910810
155,60000000	0,97597855
155,80000000	0,97464065
156,00000000	0,97087289
156,20000000	0,97452314
156,40000000	0,95816568
156,60000000	0,96807164
156,80000000	0,98124635
157,00000000	0,95715047
157,20000000	0,97722666
157,40000000	0,97287376
157,60000000	0,96048446
157,80000000	0,97946977
158,00000000	0,95555444
158,20000000	0,96875893
158,40000000	0,97423193
158,60000000	0,96195242
158,80000000	0,96958033
159,00000000	0,96788822
159,20000000	0,96140146
159,40000000	0,96629529
159,60000000	0,97090263
159,80000000	0,95566651
160,00000000	0,97937537
160,20000000	0,96195774
160,40000000	0,95818168
160,60000000	0,97402716
160,80000000	0,95342909
161,00000000	0,95528864
161,20000000	0,97441026
161,40000000	0,94653791
161,60000000	0,96109911
161,80000000	0,96284755
162,00000000	0,94957604
162,20000000	0,96900797
162,40000000	0,95822352
162,60000000	0,94883951
162,80000000	0,96676378
163,00000000	0,94879093
163,20000000	0,94716548
163,40000000	0,96499334
163,60000000	0,95152834
163,80000000	0,94422864
164,00000000	0,96827902
164,20000000	0,94744402
164,40000000	0,94758477
164,60000000	0,96098514
164,80000000	0,94528389
165,00000000	0,95765890
165,20000000	0,96042809
165,40000000	0,94105401
165,60000000	0,95659912
165,80000000	0,95374612
166,00000000	0,94223416
166,20000000	0,95820369
166,40000000	0,95116483
166,60000000	0,93910368
166,80000000	0,95399806
167,00000000	0,95133693
167,20000000	0,94832268
167,40000000	0,95830102
167,60000000	0,95807651
167,80000000	0,93574238
168,00000000	0,96297589
168,20000000	0,94777088
168,40000000	0,93825010
168,60000000	0,96439231
168,80000000	0,94607986
169,00000000	0,93314120
169,20000000	0,96035558
169,40000000	0,95001849
169,60000000	0,95239984
169,80000000	0,95552255
170,00000000	0,94213274
170,20000000	0,94541274
170,40000000	0,95379996
170,60000000	0,94094723
170,80000000	0,94773229
171,00000000	0,95698781
171,20000000	0,94448037
171,40000000	0,95258210
171,60000000	0,95615167
171,80000000	0,94102258
172,00000000	0,94931372
172,20000000	0,95929614
172,40000000	0,94511160
172,60000000	0,94519416
172,80000000	0,95554722
173,00000000	0,94559867
173,20000000	0,95127182
173,40000000	0,96191956
173,60000000	0,94680825
173,80000000	0,95288237
174,00000000	0,96177005
174,20000000	0,95116279
174,40000000	0,95469145
174,60000000	0,95580092
174,80000000	0,94690493
175,00000000	0,95637967
175,20000000	0,95915794
175,40000000	0,95132190
175,60000000	0,95492496
175,80000000	0,96240371
176,00000000	0,94805503
176,20000000	0,95486535
176,40000000	0,96290416
176,60000000	0,94763482
176,80000000	0,95337698
177,00000000	0,96415276
177,20000000	0,95289705
177,40000000	0,95309197
177,60000000	0,96265219
177,80000000	0,95727683
178,00000000	0,95597282
178,20000000	0,96523740
178,40000000	0,95722758
178,60000000	0,95365907
178,80000000	0,96439445
179,00000000	0,96121750
179,20000000	0,95802349
179,40000000	0,96658824
179,60000000	0,96053906
179,80000000	0,95906919
180,00000000	0,96491313
180,20000000	0,96551768
180,40000000	0,96251691
180,60000000	0,96837528
180,80000000	0,96841405
181,00000000	0,95748254
181,20000000	0,96590363
181,40000000	0,97091740
181,60000000	0,96103172
181,80000000	0,96776151
182,00000000	0,97018426
182,20000000	0,96231701
182,40000000	0,96689194
182,60000000	0,97437808
182,80000000	0,96687422
183,00000000	0,96482602
183,20000000	0,97624602
183,40000000	0,97003237
183,60000000	0,96154414
183,80000000	0,97453223
184,00000000	0,97112843
184,20000000	0,96405630
184,40000000	0,97583176
184,60000000	0,97436262
184,80000000	0,96405461
185,00000000	0,97289993
185,20000000	0,97332059
185,40000000	0,96917270
185,60000000	0,97173167
185,80000000	0,97793780
186,00000000	0,97196737
186,20000000	0,97089828
186,40000000	0,97932931
186,60000000	0,97351956
186,80000000	0,96923351
187,00000000	0,97735430
187,20000000	0,97871033
187,40000000	0,96973936
187,60000000	0,97501153
187,80000000	0,97515364
188,00000000	0,96953013
188,20000000	0,97246161
188,40000000	0,97938546
188,60000000	0,97011346
188,80000000	0,96784515
189,00000000	0,97739580
189,20000000	0,97746283
189,40000000	0,96746011
189,60000000	0,97414698
189,80000000	0,97702061
190,00000000	0,97037543
190,20000000	0,97548302
190,40000000	0,97958253
190,60000000	0,97434469
190,80000000	0,97058552
191,00000000	0,97692551
191,20000000	0,97857522
191,40000000	0,97217824
191,60000000	0,97348854
191,80000000	0,97850609
192,00000000	0,97304201
192,20000000	0,97472519
192,40000000	0,98120999
192,60000000	0,97527924
192,80000000	0,96995064
193,00000000	0,97492109
193,20000000	0,97635377
193,40000000	0,97121800
193,60000000	0,97759824
193,80000000	0,97932254
194,00000000	0,97446859
194,20000000	0,97404469
194,40000000	0,97774288
194,60000000	0,97416695
194,80000000	0,96941254
195,00000000	0,97722028
195,20000000	0,98060010
195,40000000	0,97247976
195,60000000	0,97279769
195,80000000	0,97958412
196,00000000	0,97320478
196,20000000	0,97365048
196,40000000	0,97646095
196,60000000	0,97550122
196,80000000	0,97198138
197,00000000	0,97581742
197,20000000	0,97968520
197,40000000	0,97497188
197,60000000	0,97297795
197,80000000	0,97835409
198,00000000	0,97870682
198,20000000	0,97166964
198,40000000	0,97497194
198,60000000	0,97796363
198,80000000	0,97483240
199,00000000	0,97467968
199,20000000	0,97973226
199,40000000	0,97714420
199,60000000	0,97306307
199,80000000	0,97445781
200,00000000	0,97963470
200,20000000	0,97809968
200,40000000	0,97777393
200,60000000	0,97783445
200,80000000	0,97409812
201,00000000	0,97373224
201,20000000	0,97789589
201,40000000	0,98027422
201,60000000	0,97735495
201,80000000	0,97468835
202,00000000	0,97839666
202,20000000	0,97938297
202,40000000	0,97626180
202,60000000	0,97797843
202,80000000	0,97859113
203,00000000	0,97258011
203,20000000	0,97382495
203,40000000	0,97967882
203,60000000	0,97885309
203,80000000	0,97789401
204,00000000	0,97884132
204,20000000	0,97846768
204,40000000	0,97953406
204,60000000	0,97840798
204,80000000	0,97859170
205,00000000	0,97952176
205,20000000	0,98006889
205,40000000	0,97809483
205,60000000	0,98060327
205,80000000	0,98094159
206,00000000	0,97919218
206,20000000	0,97680371
206,40000000	0,98021785
206,60000000	0,98191655
206,80000000	0,97790645
207,00000000	0,97892163
207,20000000	0,98510469
207,40000000	0,98192443
207,60000000	0,97903647
207,80000000	0,98219468
208,00000000	0,98023113
208,20000000	0,97604586
208,40000000	0,97969591
208,60000000	0,98429279
208,80000000	0,98367843
209,00000000	0,98063387
209,20000000	0,98196972
209,40000000	0,98284018
209,60000000	0,98067161
209,80000000	0,98181459
210,00000000	0,98201863
210,20000000	0,98317075
210,40000000	0,98013233
210,60000000	0,97955926
210,80000000	0,98249410
211,00000000	0,98155656
211,20000000	0,97826834
211,40000000	0,98008463
211,60000000	0,98455102
211,80000000	0,98348758
212,00000000	0,98037634
212,20000000	0,98146681
212,40000000	0,98499692
212,60000000	0,98152512
212,80000000	0,97872534
213,00000000	0,98141868
213,20000000	0,98472296
213,40000000	0,98172262
213,60000000	0,97937261
213,80000000	0,98349957
214,00000000	0,98360159
214,20000000	0,98122744
214,40000000	0,98013497
214,60000000	0,98445052
214,80000000	0,98375568
215,00000000	0,98036306
215,20000000	0,97962065
215,40000000	0,98279666
215,60000000	0,98279089
215,80000000	0,97930449
216,00000000	0,98053285
216,20000000	0,98313962
216,40000000	0,98179750
216,60000000	0,97712925
216,80000000	0,97956272
217,00000000	0,98300823
217,20000000	0,97897100
217,40000000	0,97662695
217,60000000	0,98014426
217,80000000	0,98348380
218,00000000	0,97925232
218,20000000	0,97771502
218,40000000	0,98112093
218,60000000	0,98179109
218,80000000	0,97884884
219,00000000	0,97711258
219,20000000	0,98203779
219,40000000	0,98330042
219,60000000	0,97872318
219,80000000	0,97736582
220,00000000	0,98062575
220,20000000	0,98162545
220,40000000	0,97685973
220,60000000	0,97769923
220,80000000	0,98280089
221,00000000	0,98181654
221,20000000	0,97700318
221,40000000	0,97773667
221,60000000	0,98133287
221,80000000	0,98172893
222,00000000	0,97625886
222,20000000	0,97720557
222,40000000	0,98305375
222,60000000	0,98278819
222,80000000	0,97893237
223,00000000	0,97856531
223,20000000	0,98199060
223,40000000	0,98351108
223,60000000	0,97969318
223,80000000	0,97876132
224,00000000	0,98200335
224,20000000	0,98379773
224,40000000	0,97997236
224,60000000	0,97884259
224,80000000	0,98305714
225,00000000	0,98453042
225,20000000	0,98134439
225,40000000	0,97929476
225,60000000	0,98156152
225,80000000	0,98469039
226,00000000	0,98196469
226,20000000	0,97972518
226,40000000	0,98249681
226,60000000	0,98468863
226,80000000	0,98413707
227,00000000	0,98247209
227,20000000	0,98438530
227,40000000	0,98580175
227,60000000	0,98385292
227,80000000	0,98256219
228,00000000	0,98308890
228,20000000	0,98508695
228,40000000	0,98570336
228,60000000	0,98398464
228,80000000	0,98449415
229,00000000	0,98669665
229,20000000	0,98633433
229,40000000	0,98565000
229,60000000	0,98553063
229,80000000	0,98589385
230,00000000	0,98736678
230,20000000	0,98645660
230,40000000	0,98559909
230,60000000	0,98761305
230,80000000	0,98890119
231,00000000	0,98753754
231,20000000	0,98742990
231,40000000	0,98835884
231,60000000	0,98916733
231,80000000	0,98911311
232,00000000	0,98851400
232,20000000	0,98821184
232,40000000	0,98974487
232,60000000	0,99044396
232,80000000	0,98969254
233,00000000	0,98950637
233,20000000	0,99084668
233,40000000	0,99086625
233,60000000	0,99109072
233,80000000	0,99133544
234,00000000	0,99151291
234,20000000	0,99167151
234,40000000	0,99199003
234,60000000	0,99211968
234,80000000	0,99237289
235,00000000	0,99238524
235,20000000	0,99277629
235,40000000	0,99297760
235,60000000	0,99261359
235,80000000	0,99289931
236,00000000	0,99444324
236,20000000	0,99452765
236,40000000	0,99394159
236,60000000	0,99407879
236,80000000	0,99464585
237,00000000	0,99479573
237,20000000	0,99447782
237,40000000	0,99435593
237,60000000	0,99536132
237,80000000	0,99600688
238,00000000	0,99641604
238,20000000	0,99631390
238,40000000	0,99607846
238,60000000	0,99679954
238,80000000	0,99704701
239,00000000	0,99658822
239,20000000	0,99613793
239,40000000	0,99674557
239,60000000	0,99767798
239,80000000	0,99757615
240,00000000	0,99717082
240,20000000	0,99739703
240,40000000	0,99783305
240,60000000	0,99758025
240,80000000	0,99716184
241,00000000	0,99739200
241,20000000	0,99808768
241,40000000	0,99849138
241,60000000	0,99803226
241,80000000	0,99747199
242,00000000	0,99793950
242,20000000	0,99874148
242,40000000	0,99842936
242,60000000	0,99808857
242,80000000	0,99850291
243,00000000	0,99895786
243,20000000	0,99861243
243,40000000	0,99846978
243,60000000	0,99856473
243,80000000	0,99884413
244,00000000	0,99894167
244,20000000	0,99880323
244,40000000	0,99841314
244,60000000	0,99882913
244,80000000	0,99925828
245,00000000	0,99903833
245,20000000	0,99867900
245,40000000	0,99870203
245,60000000	0,99903832
245,80000000	0,99927190
246,00000000	0,99905160
246,20000000	0,99880585
246,40000000	0,99902507
246,60000000	0,99924541
246,80000000	0,99894315
247,00000000	0,99869820
247,20000000	0,99905632
247,40000000	0,99922839
247,60000000	0,99908639
247,80000000	0,99870398
248,00000000	0,99849647
248,20000000	0,99880419
248,40000000	0,99932572
248,60000000	0,99938625
248,80000000	0,99901299
249,00000000	0,99918792
249,20000000	0,99944487
249,40000000	0,99927734
249,60000000	0,99904049
249,80000000	0,99882477
250,00000000	0,99900297
250,20000000	0,99943619
250,40000000	0,99903723
250,60000000	0,99871263
250,80000000	0,99895298
251,00000000	0,99938156
251,20000000	0,99935407
251,40000000	0,99861208
251,60000000	0,99847636
251,80000000	0,99894881
252,00000000	0,99931419
252,20000000	0,99907803
252,40000000	0,99881616
252,60000000	0,99902207
252,80000000	0,99919950
253,00000000	0,99920171
253,20000000	0,99890796
253,40000000	0,99857226
253,60000000	0,99879006
253,80000000	0,99921401
254,00000000	0,99928241
254,20000000	0,99900955
254,40000000	0,99904280
254,60000000	0,99922418
254,80000000	0,99937328
255,00000000	0,99911742
255,20000000	0,99889188
255,40000000	0,99904098
255,60000000	0,99940358
255,80000000	0,99937304
256,00000000	0,99894983
256,20000000	0,99885868
256,40000000	0,99904393
256,60000000	0,99933842
256,80000000	0,99918836
257,00000000	0,99868067
257,20000000	0,99872208
257,40000000	0,99907285
257,60000000	0,99923212
257,80000000	0,99905271
258,00000000	0,99844412
258,20000000	0,99842065
258,40000000	0,99893958
258,60000000	0,99924857
258,80000000	0,99902233
259,00000000	0,99852687
259,20000000	0,99842462
259,40000000	0,99909824
259,60000000	0,99918377
259,80000000	0,99847959
260,00000000	0,99826389
260,20000000	0,99854511
260,40000000	0,99896294
260,60000000	0,99902838
260,80000000	0,99845843
261,00000000	0,99803535
261,20000000	0,99834177
261,40000000	0,99879203
261,60000000	0,99875612
261,80000000	0,99812890
262,00000000	0,99785360
262,20000000	0,99810796
262,40000000	0,99849122
262,60000000	0,99822692
262,80000000	0,99798746
263,00000000	0,99784873
263,20000000	0,99793174
263,40000000	0,99826670
263,60000000	0,99801954
263,80000000	0,99742603
264,00000000	0,99727707
264,20000000	0,99735335
264,40000000	0,99762712
264,60000000	0,99804551
264,80000000	0,99768856
265,00000000	0,99702995
265,20000000	0,99710138
265,40000000	0,99747931
265,60000000	0,99764193
265,80000000	0,99726090
266,00000000	0,99665076
266,20000000	0,99695121
266,40000000	0,99720527
266,60000000	0,99744916
266,80000000	0,99673958
267,00000000	0,99632852
267,20000000	0,99684924
267,40000000	0,99714631
267,60000000	0,99717457
267,80000000	0,99665920
268,00000000	0,99603327
268,20000000	0,99622960
268,40000000	0,99646260
268,60000000	0,99663497
268,80000000	0,99634679
269,00000000	0,99578569
269,20000000	0,99527976
269,40000000	0,99537994
269,60000000	0,99605464
269,80000000	0,99614012
270,00000000	0,99593877
270,20000000	0,99557570
270,40000000	0,99543798
270,60000000	0,99582779
270,80000000	0,99624733
271,00000000	0,99633485
271,20000000	0,99553519
271,40000000	0,99459656
271,60000000	0,99496810
271,80000000	0,99571434
272,00000000	0,99591432
272,20000000	0,99509462
272,40000000	0,99442635
272,60000000	0,99478193
272,80000000	0,99539903
273,00000000	0,99539851
273,20000000	0,99508078
273,40000000	0,99473347
273,60000000	0,99455865
273,80000000	0,99436392
274,00000000	0,99483727
274,20000000	0,99533840
274,40000000	0,99447715
274,60000000	0,99374563
274,80000000	0,99438823
275,00000000	0,99487953
275,20000000	0,99495196
275,40000000	0,99470529
275,60000000	0,99360515
275,80000000	0,99343845
276,00000000	0,99394070
276,20000000	0,99440062
276,40000000	0,99441097
276,60000000	0,99352047
276,80000000	0,99258900
277,00000000	0,99346520
277,20000000	0,99453233
277,40000000	0,99388254
277,60000000	0,99318974
277,80000000	0,99237968
278,00000000	0,99195418
278,20000000	0,99283369
278,40000000	0,99401146
278,60000000	0,99326944
278,80000000	0,99138123
279,00000000	0,99067223
279,20000000	0,99181063
279,40000000	0,99289293
279,60000000	0,99234034
279,80000000	0,99154894
280,00000000	0,99050604
280,20000000	0,98923028
280,40000000	0,98993579
280,60000000	0,99148531
280,80000000	0,99143309
281,00000000	0,98946568
281,20000000	0,98764752
281,40000000	0,98814474
281,60000000	0,98917006
281,80000000	0,98969478
282,00000000	0,98900529
282,20000000	0,98688468
282,40000000	0,98604008
282,60000000	0,98688406
282,80000000	0,98851918
283,00000000	0,98837641
283,20000000	0,98616731
283,40000000	0,98435798
283,60000000	0,98480270
283,80000000	0,98595654
284,00000000	0,98653285
284,20000000	0,98590618
284,40000000	0,98347543
284,60000000	0,98111910
284,80000000	0,98113547
285,00000000	0,98310938
285,20000000	0,98346999
285,40000000	0,98171259
285,60000000	0,97928612
285,80000000	0,97846090
286,00000000	0,97923985
286,20000000	0,98007450
286,40000000	0,97990352
286,60000000	0,97783655
286,80000000	0,97540349
287,00000000	0,97430788
287,20000000	0,97487730
287,40000000	0,97629570
287,60000000	0,97621361
287,80000000	0,97350163
288,00000000	0,97150667
288,20000000	0,97044251
288,40000000	0,97099628
288,60000000	0,97330451
288,80000000	0,97256148
289,00000000	0,96934897
289,20000000	0,96669662
289,40000000	0,96607317
289,60000000	0,96769397
289,80000000	0,96948307
290,00000000	0,96884576
290,20000000	0,96581844
290,40000000	0,96278924
290,60000000	0,96209793
290,80000000	0,96268550
291,00000000	0,96384228
291,20000000	0,96445001
291,40000000	0,96086041
291,60000000	0,95697867
291,80000000	0,95689323
292,00000000	0,95930035
292,20000000	0,96124959
292,40000000	0,96026772
292,60000000	0,95663306
292,80000000	0,95393078
293,00000000	0,95206390
293,20000000	0,95185524
293,40000000	0,95495942
293,60000000	0,95588127
293,80000000	0,95291940
294,00000000	0,94856040
294,20000000	0,94551179
294,40000000	0,94722814
294,60000000	0,95129870
294,80000000	0,95162818
295,00000000	0,94814861
295,20000000	0,94448746
295,40000000	0,94189215
295,60000000	0,94070052
295,80000000	0,94336910
296,00000000	0,94655185
296,20000000	0,94591642
296,40000000	0,94262506
296,60000000	0,93974601
296,80000000	0,93802731
297,00000000	0,93806293
297,20000000	0,94105214
297,40000000	0,94247135
297,60000000	0,94022893
297,80000000	0,93601919
298,00000000	0,93306053
298,20000000	0,93361845
298,40000000	0,93762245
298,60000000	0,93890019
298,80000000	0,93758395
299,00000000	0,93481659
299,20000000	0,93021978
299,40000000	0,92841546
299,60000000	0,93060467
299,80000000	0,93275360
300,00000000	0,93401509
300,20000000	0,93256210
300,40000000	0,92733804
300,60000000	0,92415442
300,80000000	0,92603569
301,00000000	0,93081150
301,20000000	0,93428431
301,40000000	0,93231064
301,60000000	0,92664119
301,80000000	0,92378686
302,00000000	0,92504523
302,20000000	0,92779606
302,40000000	0,93017086
302,60000000	0,93085728
302,80000000	0,92783057
303,00000000	0,92350987
303,20000000	0,92120591
303,40000000	0,92138701
303,60000000	0,92471713
303,80000000	0,92823607
304,00000000	0,92885626
304,20000000	0,92536218
304,40000000	0,92075964
304,60000000	0,91895260
304,80000000	0,92125691
305,00000000	0,92564694
305,20000000	0,92860727
305,40000000	0,92618016
305,60000000	0,92050112
305,80000000	0,91541397
306,00000000	0,91585075
306,20000000	0,92143255
306,40000000	0,92685236
306,60000000	0,92797795
306,80000000	0,92340952
307,00000000	0,91733803
307,20000000	0,91549108
307,40000000	0,91817627
307,60000000	0,92398396
307,80000000	0,92817282
308,00000000	0,92732224
308,20000000	0,92118582
308,40000000	0,91538504
308,60000000	0,91670990
308,80000000	0,92030004
309,00000000	0,92338471
309,20000000	0,92611320
309,40000000	0,92415930
309,60000000	0,91903507
309,80000000	0,91621739
310,00000000	0,91559820
310,20000000	0,91948215
310,40000000	0,92404788
310,60000000	0,92492297
310,80000000	0,92408554
311,00000000	0,91961674
311,20000000	0,91658946
311,40000000	0,91669831
311,60000000	0,91745302
311,80000000	0,92102676
312,00000000	0,92319979
312,20000000	0,92178282
312,40000000	0,91937931
312,60000000	0,91489985
312,80000000	0,91266174
313,00000000	0,91728180
313,20000000	0,92189417
313,40000000	0,92330244
313,60000000	0,92143079
313,80000000	0,91593620
314,00000000	0,91236241
314,20000000	0,91274084
314,40000000	0,91494567
314,60000000	0,91758257
314,80000000	0,91928997
315,00000000	0,91719346
315,20000000	0,91305349
315,40000000	0,91114674
315,60000000	0,91015936
315,80000000	0,91088022
316,00000000	0,91529323
316,20000000	0,91820652
316,40000000	0,91564164
316,60000000	0,91109227
316,80000000	0,90648397
317,00000000	0,90482982
317,20000000	0,90947793
317,40000000	0,91350750
317,60000000	0,91315031
317,80000000	0,91090095
318,00000000	0,90622262
318,20000000	0,90111966
318,40000000	0,90172120
318,60000000	0,90481035
318,80000000	0,90697157
319,00000000	0,90897527
319,20000000	0,90815507
319,40000000	0,90393924
319,60000000	0,89984102
319,80000000	0,89910602
320,00000000	0,89925214
320,20000000	0,90176771
320,40000000	0,90356935
320,60000000	0,90083492
320,80000000	0,89841200
321,00000000	0,89775964
321,20000000	0,89697722
321,40000000	0,89598563
321,60000000	0,89702798
321,80000000	0,89702236
322,00000000	0,89530660
322,20000000	0,89354051
322,40000000	0,89112663
322,60000000	0,89019232
322,80000000	0,89219707
323,00000000	0,89449109
323,20000000	0,89280343
323,40000000	0,88968809
323,60000000	0,88797172
323,80000000	0,88862828
324,00000000	0,89094212
324,20000000	0,88993073
324,40000000	0,88591050
324,60000000	0,88322168
324,80000000	0,88336267
325,00000000	0,88297224
325,20000000	0,88039028
325,40000000	0,87902902
325,60000000	0,88035592
325,80000000	0,88201280
326,00000000	0,88028454
326,20000000	0,87727118
326,40000000	0,87495235
326,60000000	0,87401128
326,80000000	0,87487042
327,00000000	0,87537605
327,20000000	0,87792258
327,40000000	0,87766638
327,60000000	0,87217442
327,80000000	0,86787613
328,00000000	0,86753733
328,20000000	0,86798116
328,40000000	0,86795969
328,60000000	0,87060089
328,80000000	0,87218041
329,00000000	0,86953852
329,20000000	0,86429248
329,40000000	0,85859930
329,60000000	0,85668154
329,80000000	0,86020570
330,00000000	0,86636827
330,20000000	0,86941438
330,40000000	0,86827082
330,60000000	0,86437126
330,80000000	0,85597315
331,00000000	0,85121516
331,20000000	0,85364852
331,40000000	0,85877251
331,60000000	0,86194862
331,80000000	0,86242202
332,00000000	0,86008937
332,20000000	0,85293500
332,40000000	0,84676491
332,60000000	0,84684746
332,80000000	0,84909670
333,00000000	0,85118288
333,20000000	0,85393251
333,40000000	0,85579884
333,60000000	0,85437965
333,80000000	0,84938392
334,00000000	0,84445863
334,20000000	0,84236930
334,40000000	0,84307330
334,60000000	0,84587180
334,80000000	0,84888918
335,00000000	0,84939744
335,20000000	0,84806521
335,40000000	0,84351627
335,60000000	0,83834401
335,80000000	0,83558728
336,00000000	0,83626519
336,20000000	0,83997638
336,40000000	0,84474018
336,60000000	0,84855982
336,80000000	0,84697182
337,00000000	0,84136016
337,20000000	0,83583014
337,40000000	0,83230620
337,60000000	0,83185699
337,80000000	0,83504140
338,00000000	0,84039297
338,20000000	0,84370772
338,40000000	0,84216129
338,60000000	0,83804785
338,80000000	0,83279470
339,00000000	0,83024401
339,20000000	0,83117135
339,40000000	0,83286236
339,60000000	0,83480197
339,80000000	0,83499869
340,00000000	0,83479180
340,20000000	0,83373614
340,40000000	0,83025163
340,60000000	0,82762653
340,80000000	0,82725138
341,00000000	0,82768949
341,20000000	0,82950105
341,40000000	0,83230520
341,60000000	0,83381642
341,80000000	0,83197419
342,00000000	0,82859643
342,20000000	0,82466764
342,40000000	0,82158803
342,60000000	0,82251439
342,80000000	0,82546621
343,00000000	0,82849361
343,20000000	0,82912349
343,40000000	0,82751230
343,60000000	0,82604980
343,80000000	0,82396984
344,00000000	0,82162264
344,20000000	0,81947703
344,40000000	0,81955397
344,60000000	0,82219873
344,80000000	0,82508563
345,00000000	0,82706361
345,20000000	0,82651246
345,40000000	0,82284834
345,60000000	0,81911871
345,80000000	0,81705574
346,00000000	0,81673436
346,20000000	0,81820862
346,40000000	0,81996282
346,60000000	0,82149337
346,80000000	0,82244417
347,00000000	0,82230841
347,20000000	0,81937837
347,40000000	0,81525536
347,60000000	0,81304733
347,80000000	0,81298158
348,00000000	0,81505774
348,20000000	0,81879668
348,40000000	0,82209851
348,60000000	0,82185988
348,80000000	0,81786146
349,00000000	0,81353271
349,20000000	0,81071516
349,40000000	0,81026038
349,60000000	0,81310573
349,80000000	0,81643780
350,00000000	0,81761449
350,20000000	0,81814666
350,40000000	0,81757296
350,60000000	0,81466611
350,80000000	0,81130671
351,00000000	0,80945020
351,20000000	0,80968013
351,40000000	0,81152549
351,60000000	0,81384724
351,80000000	0,81554139
352,00000000	0,81626996
352,20000000	0,81475078
352,40000000	0,81215160
352,60000000	0,81096067
352,80000000	0,81041246
353,00000000	0,81053279
353,20000000	0,81127314
353,40000000	0,81170196
353,60000000	0,81223367
353,80000000	0,81318873
354,00000000	0,81370376
354,20000000	0,81314139
354,40000000	0,81086022
354,60000000	0,80816769
354,80000000	0,80736783
355,00000000	0,80739070
355,20000000	0,80842999
355,40000000	0,81077270
355,60000000	0,81347046
355,80000000	0,81527305
356,00000000	0,81337630
356,20000000	0,80910701
356,40000000	0,80673236
356,60000000	0,80719744
356,80000000	0,80812537
357,00000000	0,80892462
357,20000000	0,81164733
357,40000000	0,81465746
357,60000000	0,81587320
357,80000000	0,81443778
358,00000000	0,81032719
358,20000000	0,80664127
358,40000000	0,80573934
358,60000000	0,80679817
358,80000000	0,80837066
359,00000000	0,80998975
359,20000000	0,81150455
359,40000000	0,81266141
359,60000000	0,81215146
359,80000000	0,80955985
360,00000000	0,80679508
360,20000000	0,80582126
360,40000000	0,80565662
360,60000000	0,80564976
360,80000000	0,80680001
361,00000000	0,80897626
361,20000000	0,81030261
361,40000000	0,80995290
361,60000000	0,80918789
361,80000000	0,80768888
362,00000000	0,80591127
362,20000000	0,80490163
362,40000000	0,80482835
362,60000000	0,80538854
362,80000000	0,80555820
363,00000000	0,80646412
363,20000000	0,80782899
363,40000000	0,80793991
363,60000000	0,80739652
363,80000000	0,80637138
364,00000000	0,80485903
364,20000000	0,80275709
364,40000000	0,80056170
364,60000000	0,79986430
364,80000000	0,80076713
365,00000000	0,80283359
365,20000000	0,80521849
365,40000000	0,80606571
365,60000000	0,80535755
365,80000000	0,80454416
366,00000000	0,80360746
366,20000000	0,80160785
366,40000000	0,79877926
366,60000000	0,79738050
366,80000000	0,79834842
367,00000000	0,80047448
367,20000000	0,80235862
367,40000000	0,80215073
367,60000000	0,80090876
367,80000000	0,80028862
368,00000000	0,79869190
368,20000000	0,79674500
368,40000000	0,79566284
368,60000000	0,79461811
368,80000000	0,79456167
369,00000000	0,79569390
369,20000000	0,79671119
369,40000000	0,79754834
369,60000000	0,79779808
369,80000000	0,79715965
370,00000000	0,79612781
370,20000000	0,79490982
370,40000000	0,79330283
370,60000000	0,79230997
370,80000000	0,79222502
371,00000000	0,79179569
371,20000000	0,79215832
371,40000000	0,79362122
371,60000000	0,79429193
371,80000000	0,79389866
372,00000000	0,79314020
372,20000000	0,79274294
372,40000000	0,79246448
372,60000000	0,79187935
372,80000000	0,79106953
373,00000000	0,79006623
373,20000000	0,78941491
373,40000000	0,78944444
373,60000000	0,79011827
373,80000000	0,79120250
374,00000000	0,79207223
374,20000000	0,79223312
374,40000000	0,79213545
374,60000000	0,79163518
374,80000000	0,79050651
375,00000000	0,78972637
375,20000000	0,78974149
375,40000000	0,78976300
375,60000000	0,78942376
375,80000000	0,78989975
376,00000000	0,79156189
376,20000000	0,79262510
376,40000000	0,79273536
376,60000000	0,79317954
376,80000000	0,79382197
377,00000000	0,79370118
377,20000000	0,79289830
377,40000000	0,79262753
377,60000000	0,79315790
377,80000000	0,79376041
378,00000000	0,79436658
378,20000000	0,79491584
378,40000000	0,79554087
378,60000000	0,79668340
378,80000000	0,79799883
379,00000000	0,79918884
379,20000000	0,80007465
379,40000000	0,80057121
379,60000000	0,80095840
379,80000000	0,80098981
380,00000000	0,80063304
380,20000000	0,80069116
380,40000000	0,80167171
380,60000000	0,80324022
380,80000000	0,80442910
381,00000000	0,80551793
381,20000000	0,80733849
381,40000000	0,80935140
381,60000000	0,81063434
381,80000000	0,81111570
382,00000000	0,81154683
382,20000000	0,81218378
382,40000000	0,81294027
382,60000000	0,81374864
382,80000000	0,81417071
383,00000000	0,81476056
383,20000000	0,81632007
383,40000000	0,81847885
383,60000000	0,82054153
383,80000000	0,82239394
384,00000000	0,82441650
384,20000000	0,82634108
384,40000000	0,82745118
384,60000000	0,82778652
384,80000000	0,82802588
385,00000000	0,82860465
385,20000000	0,82932670
385,40000000	0,83021134
385,60000000	0,83170308
385,80000000	0,83399568
386,00000000	0,83694141
386,20000000	0,83963189
386,40000000	0,84163528
386,60000000	0,84317514
386,80000000	0,84437867
387,00000000	0,84500142
387,20000000	0,84507143
387,40000000	0,84556099
387,60000000	0,84648962
387,80000000	0,84775179
388,00000000	0,84977696
388,20000000	0,85227059
388,40000000	0,85470854
388,60000000	0,85654124
388,80000000	0,85789100
389,00000000	0,85957941
389,20000000	0,86124893
389,40000000	0,86230452
389,60000000	0,86345104
389,80000000	0,86474488
390,00000000	0,86582765
390,20000000	0,86673746
390,40000000	0,86790025
390,60000000	0,86949204
390,80000000	0,87101022
391,00000000	0,87237087
391,20000000	0,87370570
391,40000000	0,87560125
391,60000000	0,87753707
391,80000000	0,87922391
392,00000000	0,88093405
392,20000000	0,88226719
392,40000000	0,88314198
392,60000000	0,88359855
392,80000000	0,88413531
393,00000000	0,88481906
393,20000000	0,88539380
393,40000000	0,88619529
393,60000000	0,88773020
393,80000000	0,88970676
394,00000000	0,89129759
394,20000000	0,89240842
394,40000000	0,89355283
394,60000000	0,89494148
394,80000000	0,89622919
395,00000000	0,89737582
395,20000000	0,89849428
395,40000000	0,89899748
395,60000000	0,89920931
395,80000000	0,89952243
396,00000000	0,89996280
396,20000000	0,90125590
396,40000000	0,90289075
396,60000000	0,90398627
396,80000000	0,90490382
397,00000000	0,90603407
397,20000000	0,90700150
397,40000000	0,90754034
397,60000000	0,90804365
397,80000000	0,90913009
398,00000000	0,91043571
398,20000000	0,91103058
398,40000000	0,91136179
398,60000000	0,91178838
398,80000000	0,91211733
399,00000000	0,91258616
399,20000000	0,91316058
399,40000000	0,91391892
399,60000000	0,91490341
399,80000000	0,91604211
400,00000000	0,91740971
400,20000000	0,91859103
400,40000000	0,91944727
400,60000000	0,92015484
400,80000000	0,92083032
401,00000000	0,92137271
401,20000000	0,92193965
401,40000000	0,92269108
401,60000000	0,92325860
401,80000000	0,92393833
402,00000000	0,92495645
402,20000000	0,92598059
402,40000000	0,92699315
402,60000000	0,92790092
402,80000000	0,92883702
403,00000000	0,92972296
403,20000000	0,93056131
403,40000000	0,93145211
403,60000000	0,93219402
403,80000000	0,93318723
404,00000000	0,93445928
404,20000000	0,93553454
404,40000000	0,93628387
404,60000000	0,93694731
404,80000000	0,93797801
405,00000000	0,93943653
405,20000000	0,94070002
405,40000000	0,94157456
405,60000000	0,94253698
405,80000000	0,94347181
406,00000000	0,94449896
406,20000000	0,94576921
406,40000000	0,94678801
406,60000000	0,94742996
406,80000000	0,94796858
407,00000000	0,94915732
407,20000000	0,95091412
407,40000000	0,95258346
407,60000000	0,95410610
407,80000000	0,95516312
408,00000000	0,95608453
408,20000000	0,95730109
408,40000000	0,95857362
408,60000000	0,95941031
408,80000000	0,96028728
409,00000000	0,96160461
409,20000000	0,96255235
409,40000000	0,96333497
409,60000000	0,96437314
409,80000000	0,96572657
410,00000000	0,96716218
410,20000000	0,96827699
410,40000000	0,96910047
410,60000000	0,97001676
410,80000000	0,97122353
411,00000000	0,97240196
411,20000000	0,97331678
411,40000000	0,97401505
411,60000000	0,97480112
411,80000000	0,97567634
412,00000000	0,97653337
412,20000000	0,97715349
412,40000000	0,97781423
412,60000000	0,97872457
412,80000000	0,97943430
413,00000000	0,98018086
413,20000000	0,98075897
413,40000000	0,98111380
413,60000000	0,98170108
413,80000000	0,98199679
414,00000000	0,98216987
414,20000000	0,98258549
414,40000000	0,98280448
414,60000000	0,98269771
414,80000000	0,98269155
415,00000000	0,98290426
415,20000000	0,98305418
415,40000000	0,98320040
415,60000000	0,98322249
415,80000000	0,98281912
416,00000000	0,98238894
416,20000000	0,98211890
416,40000000	0,98170543
416,60000000	0,98108228
416,80000000	0,98013435
417,00000000	0,97939111
417,20000000	0,97920826
417,40000000	0,97871797
417,60000000	0,97774342
417,80000000	0,97686739
418,00000000	0,97602875
418,20000000	0,97509214
418,40000000	0,97402334
418,60000000	0,97304062
418,80000000	0,97215979
419,00000000	0,97094689
419,20000000	0,96945808
419,40000000	0,96806919
419,60000000	0,96682718
419,80000000	0,96525839
420,00000000	0,96345188
420,20000000	0,96170833
420,40000000	0,96011699
420,60000000	0,95855822
420,80000000	0,95663399
421,00000000	0,95505979
421,20000000	0,95372946
421,40000000	0,95183909
421,60000000	0,95006642
421,80000000	0,94900958
422,00000000	0,94797462
422,20000000	0,94556605
422,40000000	0,94257905
422,60000000	0,94065035
422,80000000	0,93937892
423,00000000	0,93775353
423,20000000	0,93510472
423,40000000	0,93214958
423,60000000	0,93034576
423,80000000	0,92908023
424,00000000	0,92667877
424,20000000	0,92411513
424,40000000	0,92225418
424,60000000	0,92039420
424,80000000	0,91822730
425,00000000	0,91609942
425,20000000	0,91455587
425,40000000	0,91279742
425,60000000	0,91071377
425,80000000	0,90862616
426,00000000	0,90676111
426,20000000	0,90525009
426,40000000	0,90342615
426,60000000	0,90143711
426,80000000	0,89959671
427,00000000	0,89761518
427,20000000	0,89601898
427,40000000	0,89421051
427,60000000	0,89199088
427,80000000	0,89001158
428,00000000	0,88836785
428,20000000	0,88696024
428,40000000	0,88524176
428,60000000	0,88313282
428,80000000	0,88135365
429,00000000	0,88052345
429,20000000	0,87994641
429,40000000	0,87909823
429,60000000	0,87805996
429,80000000	0,87719785
430,00000000	0,87664205
430,20000000	0,87552348
430,40000000	0,87417156
430,60000000	0,87342468
430,80000000	0,87273095
431,00000000	0,87205802
431,20000000	0,87186859
431,40000000	0,87196214
431,60000000	0,87148768
431,80000000	0,87056800
432,00000000	0,86963847
432,20000000	0,86902518
432,40000000	0,86895390
432,60000000	0,86945197
432,80000000	0,86992361
433,00000000	0,86976334
433,20000000	0,86962067
433,40000000	0,87014899
433,60000000	0,87066878
433,80000000	0,87064597
434,00000000	0,87074342
434,20000000	0,87165170
434,40000000	0,87261151
434,60000000	0,87304664
434,80000000	0,87414362
435,00000000	0,87560725
435,20000000	0,87647088
435,40000000	0,87753718
435,60000000	0,87879625
435,80000000	0,87995910
436,00000000	0,88130558
436,20000000	0,88252302
436,40000000	0,88379304
436,60000000	0,88522590
436,80000000	0,88611495
437,00000000	0,88724098
437,20000000	0,88851512
437,40000000	0,89002383
437,60000000	0,89206635
437,80000000	0,89393577
438,00000000	0,89516091
438,20000000	0,89614593
438,40000000	0,89797570
438,60000000	0,89996867
438,80000000	0,90149193
439,00000000	0,90262953
439,20000000	0,90346368
439,40000000	0,90456751
439,60000000	0,90561499
439,80000000	0,90666967
440,00000000	0,90753781
440,20000000	0,90803495
440,40000000	0,90828952
440,60000000	0,90824630
440,80000000	0,90872648
441,00000000	0,90894257
441,20000000	0,90813796
441,40000000	0,90758384
441,60000000	0,90697368
441,80000000	0,90560008
442,00000000	0,90374720
442,20000000	0,90200368
442,40000000	0,90019231
442,60000000	0,89776705
442,80000000	0,89521329
443,00000000	0,89268501
443,20000000	0,88975027
443,40000000	0,88583168
443,60000000	0,88151084
443,80000000	0,87733978
444,00000000	0,87315898
444,20000000	0,86833997
444,40000000	0,86266303
444,60000000	0,85708240
444,80000000	0,85157690
445,00000000	0,84597964
445,20000000	0,84003975
445,40000000	0,83305311
445,60000000	0,82572629
445,80000000	0,81857747
446,00000000	0,81137421
446,20000000	0,80439605
446,40000000	0,79734127
446,60000000	0,79018767
446,80000000	0,78264107
447,00000000	0,77451888
447,20000000	0,76605335
447,40000000	0,75796483
447,60000000	0,74993673
447,80000000	0,74199033
448,00000000	0,73436021
448,20000000	0,72626417
448,40000000	0,71724945
448,60000000	0,70817617
448,80000000	0,69971606
449,00000000	0,69118301
449,20000000	0,68332135
449,40000000	0,67534168
449,60000000	0,66751746
449,80000000	0,65984478
450,00000000	0,65165274
450,20000000	0,64323178
450,40000000	0,63530474
450,60000000	0,62819592
450,80000000	0,62128872
451,00000000	0,61325339
451,20000000	0,60513491
451,40000000	0,59834907
451,60000000	0,59135807
451,80000000	0,58389520
452,00000000	0,57698597
452,20000000	0,57037312
452,40000000	0,56394347
452,60000000	0,55777113
452,80000000	0,55111069
453,00000000	0,54466986
453,20000000	0,53829814
453,40000000	0,53214261
453,60000000	0,52665324
453,80000000	0,51993775
454,00000000	0,51371095
454,20000000	0,50899223
454,40000000	0,50389108
454,60000000	0,49864663
454,80000000	0,49314721
455,00000000	0,48720112
455,20000000	0,48199881
455,40000000	0,47747917
455,60000000	0,47253934
455,80000000	0,46760855
456,00000000	0,46289720
456,20000000	0,45811702
456,40000000	0,45345918
456,60000000	0,44896560
456,80000000	0,44443860
457,00000000	0,44009775
457,20000000	0,43662435
457,40000000	0,43275247
457,60000000	0,42806697
457,80000000	0,42427476
458,00000000	0,42104859
458,20000000	0,41739470
458,40000000	0,41353634
458,60000000	0,40946609
458,80000000	0,40591114
459,00000000	0,40252768
459,20000000	0,39901397
459,40000000	0,39574701
459,60000000	0,39254747
459,80000000	0,38952080
460,00000000	0,38627186
460,20000000	0,38279955
460,40000000	0,37955958
460,60000000	0,37683683
460,80000000	0,37440297
461,00000000	0,37160831
461,20000000	0,36851235
461,40000000	0,36528047
461,60000000	0,36265501
461,80000000	0,36032567
462,00000000	0,35750967
462,20000000	0,35448076
462,40000000	0,35182763
462,60000000	0,34960199
462,80000000	0,34734702
463,00000000	0,34466180
463,20000000	0,34205591
463,40000000	0,33989601
463,60000000	0,33777971
463,80000000	0,33547264
464,00000000	0,33319310
464,20000000	0,33091089
464,40000000	0,32885698
464,60000000	0,32678599
464,80000000	0,32442478
465,00000000	0,32223310
465,20000000	0,32033772
465,40000000	0,31858452
465,60000000	0,31663668
465,80000000	0,31460820
466,00000000	0,31273066
466,20000000	0,31100884
466,40000000	0,30924564
466,60000000	0,30727914
466,80000000	0,30535363
467,00000000	0,30372889
467,20000000	0,30214741
467,40000000	0,30051476
467,60000000	0,29878170
467,80000000	0,29706904
468,00000000	0,29557582
468,20000000	0,29411564
468,40000000	0,29243612
468,60000000	0,29080350
468,80000000	0,28935138
469,00000000	0,28798133
469,20000000	0,28663114
469,40000000	0,28513459
469,60000000	0,28353390
469,80000000	0,28211534
470,00000000	0,28087631
470,20000000	0,27951473
470,40000000	0,27808177
470,60000000	0,27674197
470,80000000	0,27548030
471,00000000	0,27422828
471,20000000	0,27284675
471,40000000	0,27153170
471,60000000	0,27038580
471,80000000	0,26919080
472,00000000	0,26790240
472,20000000	0,26668729
472,40000000	0,26548874
472,60000000	0,26433605
472,80000000	0,26321281
473,00000000	0,26190890
473,20000000	0,26061727
473,40000000	0,25955505
473,60000000	0,25849259
473,80000000	0,25727630
474,00000000	0,25602466
474,20000000	0,25483666
474,40000000	0,25379047
474,60000000	0,25270662
474,80000000	0,25149778
475,00000000	0,25033893
475,20000000	0,24932234
475,40000000	0,24826413
475,60000000	0,24710002
475,80000000	0,24591034
476,00000000	0,24474697
476,20000000	0,24375367
476,40000000	0,24281263
476,60000000	0,24167224
476,80000000	0,24054295
477,00000000	0,23956323
477,20000000	0,23864087
477,40000000	0,23767091
477,60000000	0,23657965
477,80000000	0,23559506
478,00000000	0,23471613
478,20000000	0,23367166
478,40000000	0,23256182
478,60000000	0,23160176
478,80000000	0,23080526
479,00000000	0,22996970
479,20000000	0,22903832
479,40000000	0,22799244
479,60000000	0,22706051
479,80000000	0,22625204
480,00000000	0,22538087
480,20000000	0,22444527
480,40000000	0,22352785
480,60000000	0,22284653
480,80000000	0,22221760
481,00000000	0,22137120
481,20000000	0,22036051
481,40000000	0,21955869
481,60000000	0,21897041
481,80000000	0,21822544
482,00000000	0,21732210
482,20000000	0,21648964
482,40000000	0,21583673
482,60000000	0,21520300
482,80000000	0,21440520
483,00000000	0,21356036
483,20000000	0,21266406
483,40000000	0,21202558
483,60000000	0,21143695
483,80000000	0,21077584
484,00000000	0,20992898
484,20000000	0,20910577
484,40000000	0,20869347
484,60000000	0,20812872
484,80000000	0,20726656
485,00000000	0,20658380
485,20000000	0,20589215
485,40000000	0,20551356
485,60000000	0,20496171
485,80000000	0,20393562
486,00000000	0,20308064
486,20000000	0,20279316
486,40000000	0,20252417
486,60000000	0,20174824
486,80000000	0,20091798
487,00000000	0,20026612
487,20000000	0,19979758
487,40000000	0,19949231
487,60000000	0,19833750
487,80000000	0,19791809
488,00000000	0,19806898
488,20000000	0,19753873
488,40000000	0,19670262
488,60000000	0,19614661
488,80000000	0,19580136
489,00000000	0,19537927
489,20000000	0,19438893
489,40000000	0,19384013
489,60000000	0,19360208
489,80000000	0,19279260
490,00000000	0,19237214
490,20000000	0,19201111
490,40000000	0,19125069
490,60000000	0,19099810
490,80000000	0,19100804
491,00000000	0,19036208
491,20000000	0,18947771
491,40000000	0,18892361
491,60000000	0,18841711
491,80000000	0,18822702
492,00000000	0,18766396
492,20000000	0,18719169
492,40000000	0,18695843
492,60000000	0,18667874
492,80000000	0,18614173
493,00000000	0,18564080
493,20000000	0,18522213
493,40000000	0,18467207
493,60000000	0,18447721
493,80000000	0,18473088
494,00000000	0,18436170
494,20000000	0,18364951
494,40000000	0,18318755
494,60000000	0,18273657
494,80000000	0,18182645
495,00000000	0,18157265
495,20000000	0,18119602
495,40000000	0,18096555
495,60000000	0,18063250
495,80000000	0,18008088
496,00000000	0,17967320
496,20000000	0,17950032
496,40000000	0,17989396
496,60000000	0,17962174
496,80000000	0,17837746
497,00000000	0,17730622
497,20000000	0,17765288
497,40000000	0,17791690
497,60000000	0,17757950
497,80000000	0,17738697
498,00000000	0,17663545
498,20000000	0,17644592
498,40000000	0,17610998
498,60000000	0,17512221
498,80000000	0,17537229
499,00000000	0,17609441
499,20000000	0,17626346
499,40000000	0,17525049
499,60000000	0,17421080
499,80000000	0,17354041
500,00000000	0,17282688
500,20000000	0,17348855
500,40000000	0,17327887
500,60000000	0,17229513
500,80000000	0,17222891
501,00000000	0,17181963
501,20000000	0,17153924
501,40000000	0,17128640
501,60000000	0,17081803
501,80000000	0,17117907
502,00000000	0,17114100
502,20000000	0,17042603
502,40000000	0,16985750
502,60000000	0,16979858
502,80000000	0,16997413
503,00000000	0,16925579
503,20000000	0,16791423
503,40000000	0,16760614
503,60000000	0,16836699
503,80000000	0,16943609
504,00000000	0,16850180
504,20000000	0,16638971
504,40000000	0,16568092
504,60000000	0,16736380
504,80000000	0,16855600
505,00000000	0,16857770
505,20000000	0,16726171
505,40000000	0,16695430
505,60000000	0,16607825
505,80000000	0,16503820
506,00000000	0,16459231
506,20000000	0,16460219
506,40000000	0,16527037
506,60000000	0,16543486
506,80000000	0,16460972
507,00000000	0,16359084
507,20000000	0,16345858
507,40000000	0,16390265
507,60000000	0,16408739
507,80000000	0,16387045
508,00000000	0,16280039
508,20000000	0,16408665
508,40000000	0,16445227
508,60000000	0,16366618
508,80000000	0,16233310
509,00000000	0,16303860
509,20000000	0,16212502
509,40000000	0,16083131
509,60000000	0,16221597
509,80000000	0,16236932
510,00000000	0,16132698
510,20000000	0,16112437
510,40000000	0,16212589
510,60000000	0,16203105
510,80000000	0,16173694
511,00000000	0,16210440
511,20000000	0,16189633
511,40000000	0,16207391
511,60000000	0,16135452
511,80000000	0,16032762
512,00000000	0,16018773
512,20000000	0,15975013
512,40000000	0,16019474
512,60000000	0,16002520
512,80000000	0,15970281
513,00000000	0,15982053
513,20000000	0,15922949
513,40000000	0,15986582
513,60000000	0,15979237
513,80000000	0,16080384
514,00000000	0,16243175
514,20000000	0,15999691
514,40000000	0,15976631
514,60000000	0,16063187
514,80000000	0,16076499
515,00000000	0,15920146
515,20000000	0,15886221
515,40000000	0,15916538
515,60000000	0,16003871
515,80000000	0,16054206
516,00000000	0,16002969
516,20000000	0,15889624
516,40000000	0,15923122
516,60000000	0,15943008
516,80000000	0,16094954
517,00000000	0,16032994
517,20000000	0,15765967
517,40000000	0,15746211
517,60000000	0,15830976
517,80000000	0,15825171
518,00000000	0,15895374
518,20000000	0,15899688
518,40000000	0,15874894
518,60000000	0,15847117
518,80000000	0,15736222
519,00000000	0,15872364
519,20000000	0,15873431
519,40000000	0,15670895
519,60000000	0,15584283
519,80000000	0,15721050
520,00000000	0,15785327
520,20000000	0,15895922
520,40000000	0,15719956
520,60000000	0,15648884
520,80000000	0,15846876
521,00000000	0,16129128
521,20000000	0,15909935
521,40000000	0,15623383
521,60000000	0,15655908
521,80000000	0,15681564
522,00000000	0,15678462
522,20000000	0,15433930
522,40000000	0,15499913
522,60000000	0,15649897
522,80000000	0,15526240
523,00000000	0,15504477
523,20000000	0,15694750
523,40000000	0,15886223
523,60000000	0,15744465
523,80000000	0,15622026
524,00000000	0,15786154
524,20000000	0,15824672
524,40000000	0,15911212
524,60000000	0,15817242
524,80000000	0,15647181
525,00000000	0,15601282
525,20000000	0,15812511
525,40000000	0,15947947
525,60000000	0,15969423
525,80000000	0,15756909
526,00000000	0,15712345
526,20000000	0,16046558
526,40000000	0,15957976
526,60000000	0,15750825
526,80000000	0,15574035
527,00000000	0,15543027
527,20000000	0,15678262
527,40000000	0,16091426
527,60000000	0,15900624
527,80000000	0,15613773
528,00000000	0,15761164
528,20000000	0,15748947
528,40000000	0,15848205
528,60000000	0,15924387
528,80000000	0,15954911
529,00000000	0,15926857
529,20000000	0,15722095
529,40000000	0,15977098
529,60000000	0,16036319
529,80000000	0,16038334
530,00000000	0,15919226
530,20000000	0,15901867
530,40000000	0,15939097
530,60000000	0,16011626
530,80000000	0,15924676
531,00000000	0,16028624
531,20000000	0,16051300
531,40000000	0,16075017
531,60000000	0,16273443
531,80000000	0,16167600
532,00000000	0,16179476
532,20000000	0,16305723
532,40000000	0,16124172
532,60000000	0,15918711
532,80000000	0,15983119
533,00000000	0,16284493
533,20000000	0,16302922
533,40000000	0,16143593
533,60000000	0,16089034
533,80000000	0,16374882
534,00000000	0,16497895
534,20000000	0,16440103
534,40000000	0,16221779
534,60000000	0,16096971
534,80000000	0,16226747
535,00000000	0,16115147
535,20000000	0,16065085
535,40000000	0,16073487
535,60000000	0,15859424
535,80000000	0,15821931
536,00000000	0,16081518
536,20000000	0,15961103
536,40000000	0,16107958
536,60000000	0,16583002
536,80000000	0,16441713
537,00000000	0,16535859
537,20000000	0,16486003
537,40000000	0,16211903
537,60000000	0,16260841
537,80000000	0,16457243
538,00000000	0,16473601
538,20000000	0,16474038
538,40000000	0,16682608
538,60000000	0,16263848
538,80000000	0,16285130
539,00000000	0,16544739
539,20000000	0,16313624
539,40000000	0,16313549
539,60000000	0,16510024
539,80000000	0,16416479
540,00000000	0,16417525
540,20000000	0,16298819
540,40000000	0,16493890
540,60000000	0,16967327
540,80000000	0,16804377
541,00000000	0,16410864
541,20000000	0,16449923
541,40000000	0,16383934
541,60000000	0,16305619
541,80000000	0,16585973
542,00000000	0,16924844
542,20000000	0,16729226
542,40000000	0,16443592
542,60000000	0,16354666
542,80000000	0,16632177
543,00000000	0,16846297
543,20000000	0,16692902
543,40000000	0,16739961
543,60000000	0,16943507
543,80000000	0,17022353
544,00000000	0,16805757
544,20000000	0,16836094
544,40000000	0,17208514
544,60000000	0,17136389
544,80000000	0,17111618
545,00000000	0,17043775
545,20000000	0,17012100
545,40000000	0,17127424
545,60000000	0,16547375
545,80000000	0,16312330
546,00000000	0,16636853
546,20000000	0,16777487
546,40000000	0,16389483
546,60000000	0,16454578
546,80000000	0,16852041
547,00000000	0,16927866
547,20000000	0,17101853
547,40000000	0,17128965
547,60000000	0,17137026
547,80000000	0,17034745
548,00000000	0,17081364
548,20000000	0,16905072
548,40000000	0,17132148
548,60000000	0,17199761
548,80000000	0,16825151
549,00000000	0,16743378
549,20000000	0,17074834
549,40000000	0,17118333
549,60000000	0,16982452
549,80000000	0,16903942
550,00000000	0,16938143
550,20000000	0,17264125
550,40000000	0,17443458
550,60000000	0,16957836
550,80000000	0,16962598
551,00000000	0,17284072
551,20000000	0,17229883
551,40000000	0,17399470
551,60000000	0,17703045
551,80000000	0,17379319
552,00000000	0,17162587
552,20000000	0,17197139
552,40000000	0,17453554
552,60000000	0,17608740
552,80000000	0,17113148
553,00000000	0,17012807
553,20000000	0,17028778
553,40000000	0,17129842
553,60000000	0,17214322
553,80000000	0,17141824
554,00000000	0,17551220
554,20000000	0,17513691
554,40000000	0,17323970
554,60000000	0,17647329
554,80000000	0,17675169
555,00000000	0,18236282
555,20000000	0,17972798
555,40000000	0,17657744
555,60000000	0,17255813
555,80000000	0,17019489
556,00000000	0,17602921
556,20000000	0,17659154
556,40000000	0,17675669
556,60000000	0,17519297
556,80000000	0,17726567
557,00000000	0,17906238
557,20000000	0,17875077
557,40000000	0,17531349
557,60000000	0,17651400
557,80000000	0,17749932
558,00000000	0,17892199
558,20000000	0,17350323
558,40000000	0,17536301
558,60000000	0,17999250
558,80000000	0,18134574
559,00000000	0,17941572
559,20000000	0,17635243
559,40000000	0,17582288
559,60000000	0,17703566
559,80000000	0,17504605
560,00000000	0,17430712
560,20000000	0,17259141
560,40000000	0,17331518
560,60000000	0,17876413
560,80000000	0,18353582
561,00000000	0,18022623
561,20000000	0,17670026
561,40000000	0,18010620
561,60000000	0,18184998
561,80000000	0,18130723
562,00000000	0,17914117
562,20000000	0,18205909
562,40000000	0,18056368
562,60000000	0,18209454
562,80000000	0,18385601
563,00000000	0,18545111
563,20000000	0,18522943
563,40000000	0,18475674
563,60000000	0,18536435
563,80000000	0,18441696
564,00000000	0,18463717
564,20000000	0,18657123
564,40000000	0,18298571
564,60000000	0,18327094
564,80000000	0,18510119
565,00000000	0,18721702
565,20000000	0,18436669
565,40000000	0,18715252
565,60000000	0,18957765
565,80000000	0,18593699
566,00000000	0,18063059
566,20000000	0,17978790
566,40000000	0,18397892
566,60000000	0,18451028
566,80000000	0,18499925
567,00000000	0,18648502
567,20000000	0,18252918
567,40000000	0,19007901
567,60000000	0,18657084
567,80000000	0,18964306
568,00000000	0,19458235
568,20000000	0,18797324
568,40000000	0,18055122
568,60000000	0,18450370
568,80000000	0,18717929
569,00000000	0,18870063
569,20000000	0,19106780
569,40000000	0,19282247
569,60000000	0,19061791
569,80000000	0,19253880
570,00000000	0,19101747
570,20000000	0,18793497
570,40000000	0,18689237
570,60000000	0,19164960
570,80000000	0,19826684
571,00000000	0,19586186
571,20000000	0,19338520
571,40000000	0,19792962
571,60000000	0,19611388
571,80000000	0,19294984
572,00000000	0,19763768
572,20000000	0,20240045
572,40000000	0,20006506
572,60000000	0,19767003
572,80000000	0,19764054
573,00000000	0,19837908
573,20000000	0,19577015
573,40000000	0,20044093
573,60000000	0,20205522
573,80000000	0,19556090
574,00000000	0,19391073
574,20000000	0,19629329
574,40000000	0,19877724
574,60000000	0,19884778
574,80000000	0,20189453
575,00000000	0,21026755
575,20000000	0,20925594
575,40000000	0,20510784
575,60000000	0,20164873
575,80000000	0,19348012
576,00000000	0,19808115
576,20000000	0,20255470
576,40000000	0,20203100
576,60000000	0,20016898
576,80000000	0,20551730
577,00000000	0,20475208
577,20000000	0,20370882
577,40000000	0,20075763
577,60000000	0,20252435
577,80000000	0,20606203
578,00000000	0,20827249
578,20000000	0,20650230
578,40000000	0,19688528
578,60000000	0,20498960
578,80000000	0,21010386
579,00000000	0,20551878
579,20000000	0,20486206
579,40000000	0,20423696
579,60000000	0,20508035
579,80000000	0,21351630
580,00000000	0,21260959
580,20000000	0,21732148
580,40000000	0,21603935
580,60000000	0,21496787
580,80000000	0,21220521
581,00000000	0,21595244
581,20000000	0,22132459
581,40000000	0,21701089
581,60000000	0,21127410
581,80000000	0,21580387
582,00000000	0,21646402
582,20000000	0,21190255
582,40000000	0,21957236
582,60000000	0,22889205
582,80000000	0,22515710
583,00000000	0,21576489
583,20000000	0,21448288
583,40000000	0,21860903
583,60000000	0,21998602
583,80000000	0,21753257
584,00000000	0,21962314
584,20000000	0,22199504
584,40000000	0,22883646
584,60000000	0,22335589
584,80000000	0,21562217
585,00000000	0,22404362
585,20000000	0,22582195
585,40000000	0,22510022
585,60000000	0,22407415
585,80000000	0,22997984
586,00000000	0,23049077
586,20000000	0,23267902
586,40000000	0,22892712
586,60000000	0,22707982
586,80000000	0,22743408
587,00000000	0,23165835
587,20000000	0,23679203
587,40000000	0,23345786
587,60000000	0,23461966
587,80000000	0,23591856
588,00000000	0,23536460
588,20000000	0,23929907
588,40000000	0,23723744
588,60000000	0,23375136
588,80000000	0,23843872
589,00000000	0,23607595
589,20000000	0,23638610
589,40000000	0,24514414
589,60000000	0,24020159
589,80000000	0,23777744
590,00000000	0,24261792
590,20000000	0,25141718
590,40000000	0,24423163
590,60000000	0,23513624
590,80000000	0,24104943
591,00000000	0,24878904
591,20000000	0,24633233
591,40000000	0,24449526
591,60000000	0,24346202
591,80000000	0,24903983
592,00000000	0,25058624
592,20000000	0,25358161
592,40000000	0,25427900
592,60000000	0,26066182
592,80000000	0,26446901
593,00000000	0,25901987
593,20000000	0,25436505
593,40000000	0,25626052
593,60000000	0,26281019
593,80000000	0,25468783
594,00000000	0,25120865
594,20000000	0,25666085
594,40000000	0,25653627
594,60000000	0,25530404
594,80000000	0,26179836
595,00000000	0,26556575
595,20000000	0,26282632
595,40000000	0,26970360
595,60000000	0,26641878
595,80000000	0,26321223
596,00000000	0,26572977
596,20000000	0,27322979
596,40000000	0,27822463
596,60000000	0,26953512
596,80000000	0,26747215
597,00000000	0,27041662
597,20000000	0,27379561
597,40000000	0,26983407
597,60000000	0,26970073
597,80000000	0,27697338
598,00000000	0,27969337
598,20000000	0,27853400
598,40000000	0,28387068
598,60000000	0,28139838
598,80000000	0,28539968
599,00000000	0,28345993
599,20000000	0,28067615
599,40000000	0,28903153
599,60000000	0,28827919
599,80000000	0,29098522
600,00000000	0,29279474
600,20000000	0,28866574
600,40000000	0,29059492
600,60000000	0,29333924
600,80000000	0,29625756
601,00000000	0,30005796
601,20000000	0,30267350
601,40000000	0,29595843
601,60000000	0,29393067
601,80000000	0,30244544
602,00000000	0,30145621
602,20000000	0,29983883
602,40000000	0,30724485
602,60000000	0,31244510
602,80000000	0,31357639
603,00000000	0,31352667
603,20000000	0,30419601
603,40000000	0,30492530
603,60000000	0,31091900
603,80000000	0,31489416
604,00000000	0,31480549
604,20000000	0,31379497
604,40000000	0,32025953
604,60000000	0,32131006
604,80000000	0,32317938
605,00000000	0,32437434
605,20000000	0,32451472
605,40000000	0,32740576
605,60000000	0,33252801
605,80000000	0,33508561
606,00000000	0,33060343
606,20000000	0,33011659
606,40000000	0,33987273
606,60000000	0,34242911
606,80000000	0,33818854
607,00000000	0,33901556
607,20000000	0,34028006
607,40000000	0,35231793
607,60000000	0,35420168
607,80000000	0,34431481
608,00000000	0,34550558
608,20000000	0,34929104
608,40000000	0,35263478
608,60000000	0,35655850
608,80000000	0,35801467
609,00000000	0,35942379
609,20000000	0,36542680
609,40000000	0,36531365
609,60000000	0,36306549
609,80000000	0,36297190
610,00000000	0,36919140
610,20000000	0,37008055
610,40000000	0,36589314
610,60000000	0,36981065
610,80000000	0,37431320
611,00000000	0,37750832
611,20000000	0,38039058
611,40000000	0,38102017
611,60000000	0,38015663
611,80000000	0,38828211
612,00000000	0,39581858
612,20000000	0,39497016
612,40000000	0,39424266
612,60000000	0,39358186
612,80000000	0,39978488
613,00000000	0,40263720
613,20000000	0,40458260
613,40000000	0,40274219
613,60000000	0,40442823
613,80000000	0,40682085
614,00000000	0,41099912
614,20000000	0,41844734
614,40000000	0,42226066
614,60000000	0,42210023
614,80000000	0,42476882
615,00000000	0,42675535
615,20000000	0,43241987
615,40000000	0,43421144
615,60000000	0,43787037
615,80000000	0,43381887
616,00000000	0,43575297
616,20000000	0,44099646
616,40000000	0,44260237
616,60000000	0,44834288
616,80000000	0,45282748
617,00000000	0,45488846
617,20000000	0,45573459
617,40000000	0,45837894
617,60000000	0,46000593
617,80000000	0,46434662
618,00000000	0,46746919
618,20000000	0,47198158
618,40000000	0,47069590
618,60000000	0,47248452
618,80000000	0,47852048
619,00000000	0,47804655
619,20000000	0,47787888
619,40000000	0,48166835
619,60000000	0,49088027
619,80000000	0,49534206
620,00000000	0,49625500
620,20000000	0,50000461
620,40000000	0,50466593
620,60000000	0,50863995
620,80000000	0,50772761
621,00000000	0,50862270
621,20000000	0,50981757
621,40000000	0,51210768
621,60000000	0,51666705
621,80000000	0,51728237
622,00000000	0,52341484
622,20000000	0,53026484
622,40000000	0,53235121
622,60000000	0,53577320
622,80000000	0,53757897
623,00000000	0,54158509
623,20000000	0,54436088
623,40000000	0,54785472
623,60000000	0,54809167
623,80000000	0,55501347
624,00000000	0,55901341
624,20000000	0,55788134
624,40000000	0,55943438
624,60000000	0,56464574
624,80000000	0,57163268
625,00000000	0,58006103
625,20000000	0,58197570
625,40000000	0,58151054
625,60000000	0,58492933
625,80000000	0,59229694
626,00000000	0,59550905
626,20000000	0,59264229
626,40000000	0,59803362
626,60000000	0,60020318
626,80000000	0,60212867
627,00000000	0,61055015
627,20000000	0,61282771
627,40000000	0,61486630
627,60000000	0,61955261
627,80000000	0,62495012
628,00000000	0,62752472
628,20000000	0,62786666
628,40000000	0,63164681
628,60000000	0,63592111
628,80000000	0,64385153
629,00000000	0,64556348
629,20000000	0,64665852
629,40000000	0,64971676
629,60000000	0,65579784
629,80000000	0,65807760
630,00000000	0,66016787
630,20000000	0,66545532
630,40000000	0,66894335
630,60000000	0,67245288
630,80000000	0,67591433
631,00000000	0,67815888
631,20000000	0,68476863
631,40000000	0,68713489
631,60000000	0,68941085
631,80000000	0,69176688
632,00000000	0,69496612
632,20000000	0,70111269
632,40000000	0,70802015
632,60000000	0,71055495
632,80000000	0,71329315
633,00000000	0,71847354
633,20000000	0,72145687
633,40000000	0,72586121
633,60000000	0,72575862
633,80000000	0,72825900
634,00000000	0,73461280
634,20000000	0,73716882
634,40000000	0,74193936
634,60000000	0,74432048
634,80000000	0,74575052
635,00000000	0,75056898
635,20000000	0,75631684
635,40000000	0,75800355
635,60000000	0,76042366
635,80000000	0,76563601
636,00000000	0,76749314
636,20000000	0,77070968
636,40000000	0,77478343
636,60000000	0,77838732
636,80000000	0,78248208
637,00000000	0,78553125
637,20000000	0,78849707
637,40000000	0,79144462
637,60000000	0,79635000
637,80000000	0,79983760
638,00000000	0,80290894
638,20000000	0,80700056
638,40000000	0,80867433
638,60000000	0,81291241
638,80000000	0,81634577
639,00000000	0,81903166
639,20000000	0,82223110
639,40000000	0,82609513
639,60000000	0,82937003
639,80000000	0,83211487
640,00000000	0,83451306
640,20000000	0,83831090
640,40000000	0,84217445
640,60000000	0,84365114
640,80000000	0,84673683
641,00000000	0,85007317
641,20000000	0,85366240
641,40000000	0,85621528
641,60000000	0,85915548
641,80000000	0,86370217
642,00000000	0,86681421
642,20000000	0,86959759
642,40000000	0,87415723
642,60000000	0,87694250
642,80000000	0,87921411
643,00000000	0,88107829
643,20000000	0,88575931
643,40000000	0,88815069
643,60000000	0,88989745
643,80000000	0,89350760
644,00000000	0,89603403
644,20000000	0,89871069
644,40000000	0,90061123
644,60000000	0,90308566
644,80000000	0,90640729
645,00000000	0,91090800
645,20000000	0,91387709
645,40000000	0,91532646
645,60000000	0,91758195
645,80000000	0,92025587
646,00000000	0,92287419
646,20000000	0,92515148
646,40000000	0,92699292
646,60000000	0,92966498
646,80000000	0,93244670
647,00000000	0,93565549
647,20000000	0,93864712
647,40000000	0,94027769
647,60000000	0,94287507
647,80000000	0,94506706
648,00000000	0,94620337
648,20000000	0,94823861
648,40000000	0,95001284
648,60000000	0,95133257
648,80000000	0,95367338
649,00000000	0,95607634
649,20000000	0,95804253
649,40000000	0,95950690
649,60000000	0,96240919
649,80000000	0,96519844
650,00000000	0,96615878
650,20000000	0,96745149
650,40000000	0,96909773
650,60000000	0,97010924
650,80000000	0,97165560
651,00000000	0,97300163
651,20000000	0,97415894
651,40000000	0,97606175
651,60000000	0,97789339
651,80000000	0,97928630
652,00000000	0,98082851
652,20000000	0,98204886
652,40000000	0,98318177
652,60000000	0,98455676
652,80000000	0,98550267
653,00000000	0,98637706
653,20000000	0,98704784
653,40000000	0,98802573
653,60000000	0,98924226
653,80000000	0,98997418
654,00000000	0,99064389
654,20000000	0,99177740
654,40000000	0,99238492
654,60000000	0,99282982
654,80000000	0,99366327
655,00000000	0,99434418
655,20000000	0,99480251
655,40000000	0,99525430
655,60000000	0,99579594
655,80000000	0,99604485
656,00000000	0,99652799
656,20000000	0,99684233
656,40000000	0,99716768
656,60000000	0,99750632
656,80000000	0,99783923
657,00000000	0,99809384
657,20000000	0,99811218
657,40000000	0,99839170
657,60000000	0,99856163
657,80000000	0,99839787
658,00000000	0,99850114
658,20000000	0,99874519
658,40000000	0,99865288
658,60000000	0,99847500
658,80000000	0,99841522
659,00000000	0,99837123
659,20000000	0,99818243
659,40000000	0,99809592
659,60000000	0,99794995
659,80000000	0,99758646
660,00000000	0,99743713
660,20000000	0,99748577
660,40000000	0,99714623
660,60000000	0,99670628
660,80000000	0,99668240
661,00000000	0,99649890
661,20000000	0,99593514
661,40000000	0,99555739
661,60000000	0,99534125
661,80000000	0,99482802
662,00000000	0,99445944
662,20000000	0,99418833
662,40000000	0,99365865
662,60000000	0,99325726
662,80000000	0,99296025
663,00000000	0,99260121
663,20000000	0,99185759
663,40000000	0,99155337
663,60000000	0,99154594
663,80000000	0,99092406
664,00000000	0,99043963
664,20000000	0,99004938
664,40000000	0,98936871
664,60000000	0,98905925
664,80000000	0,98882526
665,00000000	0,98829334
665,20000000	0,98768404
665,40000000	0,98689732
665,60000000	0,98675372
665,80000000	0,98638058
666,00000000	0,98586305
666,20000000	0,98513920
666,40000000	0,98450619
666,60000000	0,98476126
666,80000000	0,98433285
667,00000000	0,98336678
667,20000000	0,98333405
667,40000000	0,98320655
667,60000000	0,98249155
667,80000000	0,98171855
668,00000000	0,98064963
668,20000000	0,98084445
668,40000000	0,98086990
668,60000000	0,98007720
668,80000000	0,97930489
669,00000000	0,97928472
669,20000000	0,97881242
669,40000000	0,97832950
669,60000000	0,97771993
669,80000000	0,97715112
670,00000000	0,97633123
670,20000000	0,97634311
670,40000000	0,97621664
670,60000000	0,97504638
670,80000000	0,97476239
671,00000000	0,97458062
671,20000000	0,97433826
671,40000000	0,97411649
671,60000000	0,97374826
671,80000000	0,97298646
672,00000000	0,97295975
672,20000000	0,97245240
672,40000000	0,97082882
672,60000000	0,97088541
672,80000000	0,97123764
673,00000000	0,97093549
673,20000000	0,97006620
673,40000000	0,96949464
673,60000000	0,96904315
673,80000000	0,96881594
674,00000000	0,96766007
674,20000000	0,96722254
674,40000000	0,96675267
674,60000000	0,96608095
674,80000000	0,96607794
675,00000000	0,96577465
675,20000000	0,96514015
675,40000000	0,96427612
675,60000000	0,96527508
675,80000000	0,96460944
676,00000000	0,96314059
676,20000000	0,96239094
676,40000000	0,96244096
676,60000000	0,96186699
676,80000000	0,96146120
677,00000000	0,96107993
677,20000000	0,96154483
677,40000000	0,96114751
677,60000000	0,96040925
677,80000000	0,95920141
678,00000000	0,95865301
678,20000000	0,95803635
678,40000000	0,95762518
678,60000000	0,95645220
678,80000000	0,95668007
679,00000000	0,95638060
679,20000000	0,95575238
679,40000000	0,95567144
679,60000000	0,95541094
679,80000000	0,95423091
680,00000000	0,95381236
680,20000000	0,95399719
680,40000000	0,95327680
680,60000000	0,95126317
680,80000000	0,95082068
681,00000000	0,95102765
681,20000000	0,95077927
681,40000000	0,95054892
681,60000000	0,94965435
681,80000000	0,94848859
682,00000000	0,94834871
682,20000000	0,94851017
682,40000000	0,94792052
682,60000000	0,94684166
682,80000000	0,94651403
683,00000000	0,94664210
683,20000000	0,94632263
683,40000000	0,94538564
683,60000000	0,94479764
683,80000000	0,94433027
684,00000000	0,94454402
684,20000000	0,94362471
684,40000000	0,94291982
684,60000000	0,94268599
684,80000000	0,94240009
685,00000000	0,94239952
685,20000000	0,94143560
685,40000000	0,94047250
685,60000000	0,94053604
685,80000000	0,94068520
686,00000000	0,94068818
686,20000000	0,93876753
686,40000000	0,93866953
686,60000000	0,93924192
686,80000000	0,93949800
687,00000000	0,93798360
687,20000000	0,93683632
687,40000000	0,93697400
687,60000000	0,93744365
687,80000000	0,93727473
688,00000000	0,93652427
688,20000000	0,93621821
688,40000000	0,93627918
688,60000000	0,93647410
688,80000000	0,93547554
689,00000000	0,93459799
689,20000000	0,93546649
689,40000000	0,93491070
689,60000000	0,93485245
689,80000000	0,93415147
690,00000000	0,93358500
690,20000000	0,93330528
690,40000000	0,93336125
690,60000000	0,93259952
690,80000000	0,93257158
691,00000000	0,93427691
691,20000000	0,93464240
691,40000000	0,93440406
691,60000000	0,93371951
691,80000000	0,93241096
692,00000000	0,93270995
692,20000000	0,93240959
692,40000000	0,93298498
692,60000000	0,93194765
692,80000000	0,93108674
693,00000000	0,93255804
693,20000000	0,93225482
693,40000000	0,93122115
693,60000000	0,93143288
693,80000000	0,93172647
694,00000000	0,93269118
694,20000000	0,93303722
694,40000000	0,93154717
694,60000000	0,93085865
694,80000000	0,93249293
695,00000000	0,93103239
695,20000000	0,93137057
695,40000000	0,93099891
695,60000000	0,93195845
695,80000000	0,93271160
696,00000000	0,93263799
696,20000000	0,93157819
696,40000000	0,93129379
696,60000000	0,93219190
696,80000000	0,93220560
697,00000000	0,93124354
697,20000000	0,93130782
697,40000000	0,93144001
697,60000000	0,93164296
697,80000000	0,93276263
698,00000000	0,93359880
698,20000000	0,93159993
698,40000000	0,93163053
698,60000000	0,93184478
698,80000000	0,93175570
699,00000000	0,93279126
699,20000000	0,93265044
699,40000000	0,93191762
699,60000000	0,93264346
699,80000000	0,93246903
700,00000000	0,93311612
700,20000000	0,93185509
700,40000000	0,93297425
700,60000000	0,93231495
700,80000000	0,93254980
701,00000000	0,93312749
701,20000000	0,93249110
701,40000000	0,93430477
701,60000000	0,93316248
701,80000000	0,93174214
702,00000000	0,93299652
702,20000000	0,93285187
702,40000000	0,93257011
702,60000000	0,93251123
702,80000000	0,93218940
703,00000000	0,93203858
703,20000000	0,93292451
703,40000000	0,93287931
703,60000000	0,93261722
703,80000000	0,93179142
704,00000000	0,93276550
704,20000000	0,93214220
704,40000000	0,93276800
704,60000000	0,93249916
704,80000000	0,93134178
705,00000000	0,93239521
705,20000000	0,93163504
705,40000000	0,93116956
705,60000000	0,93148032
705,80000000	0,93136920
706,00000000	0,93282877
706,20000000	0,93229321
706,40000000	0,93112576
706,60000000	0,93165158
706,80000000	0,93130513
707,00000000	0,93132254
707,20000000	0,93148851
707,40000000	0,93069924
707,60000000	0,92998020
707,80000000	0,93056225
708,00000000	0,93073402
708,20000000	0,93052485
708,40000000	0,93055864
708,60000000	0,93136422
708,80000000	0,93069479
709,00000000	0,93028345
709,20000000	0,92988138
709,40000000	0,93080091
709,60000000	0,93015508
709,80000000	0,93057905
710,00000000	0,93101455
710,20000000	0,93027395
710,40000000	0,92988346
710,60000000	0,93052808
710,80000000	0,92920702
711,00000000	0,92923743
711,20000000	0,92922706
711,40000000	0,92963394
711,60000000	0,93064763
711,80000000	0,92979440
712,00000000	0,92906478
712,20000000	0,93009518
712,40000000	0,92995138
712,60000000	0,92980480
712,80000000	0,93028988
713,00000000	0,93033996
713,20000000	0,92964187
713,40000000	0,93021012
713,60000000	0,93066360
713,80000000	0,92967232
714,00000000	0,93065065
714,20000000	0,93118084
714,40000000	0,93048957
714,60000000	0,93016507
714,80000000	0,93001133
715,00000000	0,93106043
715,20000000	0,93154851
715,40000000	0,93050074
715,60000000	0,93019878
715,80000000	0,93085528
716,00000000	0,93182067
716,20000000	0,93246132
716,40000000	0,93295001
716,60000000	0,93188825
716,80000000	0,93273107
717,00000000	0,93250162
717,20000000	0,93241094
717,40000000	0,93304434
717,60000000	0,93272905
717,80000000	0,93266724
718,00000000	0,93387190
718,20000000	0,93424981
718,40000000	0,93488970
718,60000000	0,93616201
718,80000000	0,93649786
719,00000000	0,93622721
719,20000000	0,93590216
719,40000000	0,93550659
719,60000000	0,93587090
719,80000000	0,93670101
720,00000000	0,93707209
720,20000000	0,93740800
720,40000000	0,93765788
720,60000000	0,93906171
720,80000000	0,93913010
721,00000000	0,93839510
721,20000000	0,93880762
721,40000000	0,93864453
721,60000000	0,94047099
721,80000000	0,94071647
722,00000000	0,94092453
722,20000000	0,94060766
722,40000000	0,94086472
722,60000000	0,94218736
722,80000000	0,94232642
723,00000000	0,94240171
723,20000000	0,94275297
723,40000000	0,94315779
723,60000000	0,94321967
723,80000000	0,94323893
724,00000000	0,94347274
724,20000000	0,94448596
724,40000000	0,94445107
724,60000000	0,94551754
724,80000000	0,94592438
725,00000000	0,94584588
725,20000000	0,94653627
725,40000000	0,94686904
725,60000000	0,94679486
725,80000000	0,94677537
726,00000000	0,94735402
726,20000000	0,94713017
726,40000000	0,94768181
726,60000000	0,94749841
726,80000000	0,94777992
727,00000000	0,94898150
727,20000000	0,94962826
727,40000000	0,94853543
727,60000000	0,94887335
727,80000000	0,94949922
728,00000000	0,94991198
728,20000000	0,95020996
728,40000000	0,94991412
728,60000000	0,95050788
728,80000000	0,95072994
729,00000000	0,95149926
729,20000000	0,95169305
729,40000000	0,95182279
729,60000000	0,95132817
729,80000000	0,95154730
730,00000000	0,95119448
730,20000000	0,95052228
730,40000000	0,95092359
730,60000000	0,95242558
730,80000000	0,95200735
731,00000000	0,95237473
731,20000000	0,95251399
731,40000000	0,95212978
731,60000000	0,95224331
731,80000000	0,95303070
732,00000000	0,95211977
732,20000000	0,95126167
732,40000000	0,95121543
732,60000000	0,95157015
732,80000000	0,95141106
733,00000000	0,95167330
733,20000000	0,95194435
733,40000000	0,95269554
733,60000000	0,95230955
733,80000000	0,95197681
734,00000000	0,95064634
734,20000000	0,95074844
734,40000000	0,95116175
734,60000000	0,95154448
734,80000000	0,95152610
735,00000000	0,95138417
735,20000000	0,95105202
735,40000000	0,95126491
735,60000000	0,95135784
735,80000000	0,94997748
736,00000000	0,94952802
736,20000000	0,95085851
736,40000000	0,95072507
736,60000000	0,95064586
736,80000000	0,95086738
737,00000000	0,95024691
737,20000000	0,95004043
737,40000000	0,94905156
737,60000000	0,94919962
737,80000000	0,94923295
738,00000000	0,94970966
738,20000000	0,95067379
738,40000000	0,95007730
738,60000000	0,94888864
738,80000000	0,94875747
739,00000000	0,94882947
739,20000000	0,94833967
739,40000000	0,94828291
739,60000000	0,94813451
739,80000000	0,94801170
740,00000000	0,94853873
740,20000000	0,94712461
740,40000000	0,94667235
740,60000000	0,94637734
740,80000000	0,94642282
741,00000000	0,94731784
741,20000000	0,94800296
741,40000000	0,94879778
741,60000000	0,94838826
741,80000000	0,94749802
742,00000000	0,94586810
742,20000000	0,94496905
742,40000000	0,94523416
742,60000000	0,94625190
742,80000000	0,94775892
743,00000000	0,94840819
743,20000000	0,94789706
743,40000000	0,94733175
743,60000000	0,94700409
743,80000000	0,94541430
744,00000000	0,94548319
744,20000000	0,94627244
744,40000000	0,94710864
744,60000000	0,94797549
744,80000000	0,94835997
745,00000000	0,94780214
745,20000000	0,94627324
745,40000000	0,94682584
745,60000000	0,94754955
745,80000000	0,94618147
746,00000000	0,94753406
746,20000000	0,94798432
746,40000000	0,94837919
746,60000000	0,94863179
746,80000000	0,94774723
747,00000000	0,94674825
747,20000000	0,94720498
747,40000000	0,94687679
747,60000000	0,94810292
747,80000000	0,94926914
748,00000000	0,94925219
748,20000000	0,94960903
748,40000000	0,95008274
748,60000000	0,94924242
748,80000000	0,94921106
749,00000000	0,94915250
749,20000000	0,95017637
749,40000000	0,95038262
749,60000000	0,94971140
749,80000000	0,95069499
750,00000000	0,95093817
750,20000000	0,95138308
750,40000000	0,95106931
750,60000000	0,95167480
750,80000000	0,95175576
751,00000000	0,95262822
751,20000000	0,95358289
751,40000000	0,95281865
751,60000000	0,95271629
751,80000000	0,95365428
752,00000000	0,95398474
752,20000000	0,95465023
752,40000000	0,95455565
752,60000000	0,95438904
752,80000000	0,95487620
753,00000000	0,95532616
753,20000000	0,95580168
753,40000000	0,95578146
753,60000000	0,95652870
753,80000000	0,95703022
754,00000000	0,95744885
754,20000000	0,95782651
754,40000000	0,95818410
754,60000000	0,95872516
754,80000000	0,95868778
755,00000000	0,95902781
755,20000000	0,95989801
755,40000000	0,96018184
755,60000000	0,96053381
755,80000000	0,96105879
756,00000000	0,96096326
756,20000000	0,96120492
756,40000000	0,96157612
756,60000000	0,96291273
756,80000000	0,96282278
757,00000000	0,96282779
757,20000000	0,96381969
757,40000000	0,96407466
757,60000000	0,96424880
757,80000000	0,96479981
758,00000000	0,96474900
758,20000000	0,96498213
758,40000000	0,96573959
758,60000000	0,96616960
758,80000000	0,96680683
759,00000000	0,96774908
759,20000000	0,96785776
759,40000000	0,96830912
759,60000000	0,96837912
759,80000000	0,96827557
760,00000000	0,96932661
760,20000000	0,96987060
760,40000000	0,97008599
760,60000000	0,97043818
760,80000000	0,97053010
761,00000000	0,97048634
761,20000000	0,97095074
761,40000000	0,97134839
761,60000000	0,97163414
761,80000000	0,97246119
762,00000000	0,97301377
762,20000000	0,97364169
762,40000000	0,97392326
762,60000000	0,97397572
762,80000000	0,97417590
763,00000000	0,97476908
763,20000000	0,97495432
763,40000000	0,97518884
763,60000000	0,97544975
763,80000000	0,97588767
764,00000000	0,97662974
764,20000000	0,97664907
764,40000000	0,97690569
764,60000000	0,97767489
764,80000000	0,97794521
765,00000000	0,97781953
765,20000000	0,97784181
765,40000000	0,97864983
765,60000000	0,97911293
765,80000000	0,97933579
766,00000000	0,97954444
766,20000000	0,97992454
766,40000000	0,98021310
766,60000000	0,98029520
766,80000000	0,98078868
767,00000000	0,98113422
767,20000000	0,98091188
767,40000000	0,98168773
767,60000000	0,98243418
767,80000000	0,98231741
768,00000000	0,98230874
768,20000000	0,98267965
768,40000000	0,98323207
768,60000000	0,98396082
768,80000000	0,98370800
769,00000000	0,98362204
769,20000000	0,98461878
769,40000000	0,98461741
769,60000000	0,98469646
769,80000000	0,98502972
770,00000000	0,98476950
770,20000000	0,98557391
770,40000000	0,98615372
770,60000000	0,98597462
770,80000000	0,98622820
771,00000000	0,98656638
771,20000000	0,98678168
771,40000000	0,98698919
771,60000000	0,98717166
771,80000000	0,98704448
772,00000000	0,98740642
772,20000000	0,98763933
772,40000000	0,98802635
772,60000000	0,98839296
772,80000000	0,98857695
773,00000000	0,98871782
773,20000000	0,98881242
773,40000000	0,98870745
773,60000000	0,98885219
773,80000000	0,98931021
774,00000000	0,98966292
774,20000000	0,99001220
774,40000000	0,98982867
774,60000000	0,99010430
774,80000000	0,99016270
775,00000000	0,99019240
775,20000000	0,99037768
775,40000000	0,99067166
775,60000000	0,99110625
775,80000000	0,99122926
776,00000000	0,99141671
776,20000000	0,99118556
776,40000000	0,99125693
776,60000000	0,99167043
776,80000000	0,99187857
777,00000000	0,99186558
777,20000000	0,99185571
777,40000000	0,99225896
777,60000000	0,99247742
777,80000000	0,99244517
778,00000000	0,99252765
778,20000000	0,99266578
778,40000000	0,99279444
778,60000000	0,99305350
778,80000000	0,99290373
779,00000000	0,99308602
779,20000000	0,99349255
779,40000000	0,99338873
779,60000000	0,99319760
779,80000000	0,99345524
780,00000000	0,99372264
780,20000000	0,99385678
780,40000000	0,99372469
780,60000000	0,99395054
780,80000000	0,99418232
781,00000000	0,99405095
781,20000000	0,99433705
781,40000000	0,99436479
781,60000000	0,99441554
781,80000000	0,99427490
782,00000000	0,99436081
782,20000000	0,99466564
782,40000000	0,99477630
782,60000000	0,99481825
782,80000000	0,99475859
783,00000000	0,99491791
783,20000000	0,99500684
783,40000000	0,99513316
783,60000000	0,99518178
783,80000000	0,99517496
784,00000000	0,99530828
784,20000000	0,99547669
784,40000000	0,99546700
784,60000000	0,99557330
784,80000000	0,99552693
785,00000000	0,99594221
785,20000000	0,99603244
785,40000000	0,99580532
785,60000000	0,99587721
785,80000000	0,99612883
786,00000000	0,99609430
786,20000000	0,99611741
786,40000000	0,99612646
786,60000000	0,99627441
786,80000000	0,99646176
787,00000000	0,99646656
787,20000000	0,99657422
787,40000000	0,99643598
787,60000000	0,99673545
787,80000000	0,99688416
788,00000000	0,99668473
788,20000000	0,99682706
788,40000000	0,99682492
788,60000000	0,99704519
788,80000000	0,99730702
789,00000000	0,99716525
789,20000000	0,99720047
789,40000000	0,99727935
789,60000000	0,99737717
789,80000000	0,99748192
790,00000000	0,99752373
790,20000000	0,99755220
790,40000000	0,99774108
790,60000000	0,99776622
790,80000000	0,99790643
791,00000000	0,99786248
791,20000000	0,99795536
791,40000000	0,99806010
791,60000000	0,99807952
791,80000000	0,99809320
792,00000000	0,99812727
792,20000000	0,99836093
792,40000000	0,99827372
792,60000000	0,99835686
792,80000000	0,99835761
793,00000000	0,99843702
793,20000000	0,99859946
793,40000000	0,99862005
793,60000000	0,99864960
793,80000000	0,99871227
794,00000000	0,99878405
794,20000000	0,99885842
794,40000000	0,99880600
794,60000000	0,99899230
794,80000000	0,99902122
795,00000000	0,99903352
795,20000000	0,99911777
795,40000000	0,99914908
795,60000000	0,99913030
795,80000000	0,99929352
796,00000000	0,99936844
796,20000000	0,99934785
796,40000000	0,99934242
796,60000000	0,99932641
796,80000000	0,99939217
797,00000000	0,99938573
797,20000000	0,99947769
797,40000000	0,99953284
797,60000000	0,99952309
797,80000000	0,99954323
798,00000000	0,99960128
798,20000000	0,99957584
798,40000000	0,99956634
798,60000000	0,99965885
798,80000000	0,99970570
799,00000000	0,99970866
799,20000000	0,99971097
799,40000000	0,99968276
799,60000000	0,99969959
799,80000000	0,99974628
800,00000000	0,99977843
800,20000000	0,99974324
800,40000000	0,99975863
800,60000000	0,99972987
800,80000000	0,99971069
801,00000000	0,99973536
801,20000000	0,99972432
801,40000000	0,99971896
801,60000000	0,99978684
801,80000000	0,99978896
802,00000000	0,99970993
802,20000000	0,99962290
802,40000000	0,99964145
802,60000000	0,99962280
802,80000000	0,99967629
803,00000000	0,99966035
803,20000000	0,99959504
803,40000000	0,99961737
803,60000000	0,99964618
803,80000000	0,99952680
804,00000000	0,99956828
804,20000000	0,99952776
804,40000000	0,99948205
804,60000000	0,99952399
804,80000000	0,99949086
805,00000000	0,99942362
805,20000000	0,99947831
805,40000000	0,99947081
805,60000000	0,99945068
805,80000000	0,99939095
806,00000000	0,99927877
806,20000000	0,99920142
806,40000000	0,99939714
806,60000000	0,99935423
806,80000000	0,99922748
807,00000000	0,99924715
807,20000000	0,99928625
807,40000000	0,99920284
807,60000000	0,99916399
807,80000000	0,99918889
808,00000000	0,99915141
808,20000000	0,99929129
808,40000000	0,99925882
808,60000000	0,99905058
808,80000000	0,99896918
809,00000000	0,99908334
809,20000000	0,99919905
809,40000000	0,99907175
809,60000000	0,99907939
809,80000000	0,99908314
810,00000000	0,99906343
810,20000000	0,99895750
810,40000000	0,99892829
810,60000000	0,99910064
810,80000000	0,99912968
811,00000000	0,99924364
811,20000000	0,99908956
811,40000000	0,99886692
811,60000000	0,99896194
811,80000000	0,99901310
812,00000000	0,99912544
812,20000000	0,99918038
812,40000000	0,99920464
812,60000000	0,99909633
812,80000000	0,99903322
813,00000000	0,99903131
813,20000000	0,99916625
813,40000000	0,99915977
813,60000000	0,99919128
813,80000000	0,99929332
814,00000000	0,99924773
814,20000000	0,99909397
814,40000000	0,99913152
814,60000000	0,99931090
814,80000000	0,99931801
815,00000000	0,99940547
815,20000000	0,99931623
815,40000000	0,99930092
815,60000000	0,99936053
815,80000000	0,99945292
816,00000000	0,99946168
816,20000000	0,99949671
816,40000000	0,99960463
816,60000000	0,99958100
816,80000000	0,99952109
817,00000000	0,99951697
817,20000000	0,99957070
817,40000000	0,99961342
817,60000000	0,99970124
817,80000000	0,99968012
818,00000000	0,99964684
818,20000000	0,99970532
818,40000000	0,99981526
818,60000000	0,99975101
818,80000000	0,99974075
819,00000000	0,99978325
819,20000000	0,99978441
819,40000000	0,99979236
819,60000000	0,99982460
819,80000000	0,99980724
820,00000000	0,99979790
820,20000000	0,99984398
820,40000000	0,99984845
820,60000000	0,99976296
820,80000000	0,99977912
821,00000000	0,99983267
821,20000000	0,99981024
821,40000000	0,99977086
821,60000000	0,99975236
821,80000000	0,99971625
822,00000000	0,99966884
822,20000000	0,99964293
822,40000000	0,99966769
822,60000000	0,99955747
822,80000000	0,99955667
823,00000000	0,99949549
823,20000000	0,99948373
823,40000000	0,99941166
823,60000000	0,99927157
823,80000000	0,99920665
824,00000000	0,99923561
824,20000000	0,99910603
824,40000000	0,99908320
824,60000000	0,99892523
824,80000000	0,99882202
825,00000000	0,99875881
825,20000000	0,99873560
825,40000000	0,99861020
825,60000000	0,99842882
825,80000000	0,99840337
826,00000000	0,99827929
826,20000000	0,99802314
826,40000000	0,99770454
826,60000000	0,99800670
826,80000000	0,99784862
827,00000000	0,99769515
827,20000000	0,99733020
827,40000000	0,99727653
827,60000000	0,99707118
827,80000000	0,99702870
828,00000000	0,99687764
828,20000000	0,99655001
828,40000000	0,99640657
828,60000000	0,99631194
828,80000000	0,99611202
829,00000000	0,99572640
829,20000000	0,99544854
829,40000000	0,99561653
829,60000000	0,99545246
829,80000000	0,99489290
830,00000000	0,99476327
830,20000000	0,99497984
830,40000000	0,99468078
830,60000000	0,99432381
830,80000000	0,99399198
831,00000000	0,99367008
831,20000000	0,99367466
831,40000000	0,99316148
831,60000000	0,99321808
831,80000000	0,99312446
832,00000000	0,99255942
832,20000000	0,99267763
832,40000000	0,99263562
832,60000000	0,99179325
832,80000000	0,99165485
833,00000000	0,99143551
833,20000000	0,99136074
833,40000000	0,99113173
833,60000000	0,99093874
833,80000000	0,99074855
834,00000000	0,99063937
834,20000000	0,98998425
834,40000000	0,98976751
834,60000000	0,98940943
834,80000000	0,98932964
835,00000000	0,98964005
835,20000000	0,98927806
835,40000000	0,98873168
835,60000000	0,98831543
835,80000000	0,98797207
836,00000000	0,98838025
836,20000000	0,98823363
836,40000000	0,98775640
836,60000000	0,98725787
836,80000000	0,98731984
837,00000000	0,98682536
837,20000000	0,98671799
837,40000000	0,98710363
837,60000000	0,98663984
837,80000000	0,98670101
838,00000000	0,98618671
838,20000000	0,98526128
838,40000000	0,98513710
838,60000000	0,98566288
838,80000000	0,98567571
839,00000000	0,98586321
839,20000000	0,98563845
839,40000000	0,98488517
839,60000000	0,98390670
839,80000000	0,98471056
840,00000000	0,98455087
840,20000000	0,98458975
840,40000000	0,98465466
840,60000000	0,98436338
840,80000000	0,98388289
841,00000000	0,98335628
841,20000000	0,98368913
841,40000000	0,98444171
841,60000000	0,98383717
841,80000000	0,98329480
842,00000000	0,98318794
842,20000000	0,98324521
842,40000000	0,98405909
842,60000000	0,98393739
842,80000000	0,98332132
843,00000000	0,98340898
843,20000000	0,98390504
843,40000000	0,98331283
843,60000000	0,98322225
843,80000000	0,98359032
844,00000000	0,98376373
844,20000000	0,98408210
844,40000000	0,98304952
844,60000000	0,98281079
844,80000000	0,98325783
845,00000000	0,98375111
845,20000000	0,98375112
845,40000000	0,98351494
845,60000000	0,98319727
845,80000000	0,98336217
846,00000000	0,98359030
846,20000000	0,98431772
846,40000000	0,98441381
846,60000000	0,98372615
846,80000000	0,98441990
847,00000000	0,98414046
847,20000000	0,98399239
847,40000000	0,98428593
847,60000000	0,98445594
847,80000000	0,98445650
848,00000000	0,98472578
848,20000000	0,98471957
848,40000000	0,98437559
848,60000000	0,98479028
848,80000000	0,98523384
849,00000000	0,98551709
849,20000000	0,98493982
849,40000000	0,98533961
849,60000000	0,98543812
849,80000000	0,98581895
850,00000000	0,98529352
850,20000000	0,98572350
850,40000000	0,98626515
850,60000000	0,98628482
850,80000000	0,98614974
851,00000000	0,98642160
851,20000000	0,98638807
851,40000000	0,98680737
851,60000000	0,98741435
851,80000000	0,98698885
852,00000000	0,98680853
852,20000000	0,98667142
852,40000000	0,98699697
852,60000000	0,98748873
852,80000000	0,98804136
853,00000000	0,98781761
853,20000000	0,98787929
853,40000000	0,98746656
853,60000000	0,98758347
853,80000000	0,98752055
854,00000000	0,98799997
854,20000000	0,98872249
854,40000000	0,98859912
854,60000000	0,98831186
854,80000000	0,98813819
855,00000000	0,98882416
855,20000000	0,98900573
855,40000000	0,98894353
855,60000000	0,98846718
855,80000000	0,98865878
856,00000000	0,98886047
856,20000000	0,98923290
856,40000000	0,98919988
856,60000000	0,98912575
856,80000000	0,98893549
857,00000000	0,98907789
857,20000000	0,98911206
857,40000000	0,98890315
857,60000000	0,98898958
857,80000000	0,98928153
858,00000000	0,98950402
858,20000000	0,98927303
858,40000000	0,98920751
858,60000000	0,98925410
858,80000000	0,98934741
859,00000000	0,98964073
859,20000000	0,98930065
859,40000000	0,98927431
859,60000000	0,98916288
859,80000000	0,98959087
860,00000000	0,98922738
860,20000000	0,98926852
860,40000000	0,98917717
860,60000000	0,98919770
860,80000000	0,98902737
861,00000000	0,98879646
861,20000000	0,98895020
861,40000000	0,98899039
861,60000000	0,98919481
861,80000000	0,98887995
862,00000000	0,98895156
862,20000000	0,98823626
862,40000000	0,98840791
862,60000000	0,98892669
862,80000000	0,98821731
863,00000000	0,98826203
863,20000000	0,98821933
863,40000000	0,98864192
863,60000000	0,98812024
863,80000000	0,98753780
864,00000000	0,98716131
864,20000000	0,98763061
864,40000000	0,98808821
864,60000000	0,98825519
864,80000000	0,98721794
865,00000000	0,98722554
865,20000000	0,98744372
865,40000000	0,98697635
865,60000000	0,98728535
865,80000000	0,98697379
866,00000000	0,98685261
866,20000000	0,98670366
866,40000000	0,98657162
866,60000000	0,98612794
866,80000000	0,98569816
867,00000000	0,98634632
867,20000000	0,98663472
867,40000000	0,98620951
867,60000000	0,98591404
867,80000000	0,98541117
868,00000000	0,98596350
868,20000000	0,98584355
868,40000000	0,98535023
868,60000000	0,98510139
868,80000000	0,98478992
869,00000000	0,98490994
869,20000000	0,98520660
869,40000000	0,98498626
869,60000000	0,98435280
869,80000000	0,98470556
870,00000000	0,98467107
870,20000000	0,98410188
870,40000000	0,98442107
870,60000000	0,98406015
870,80000000	0,98418424
871,00000000	0,98406916
871,20000000	0,98371659
871,40000000	0,98363811
871,60000000	0,98388565
871,80000000	0,98385865
872,00000000	0,98377014
872,20000000	0,98291575
872,40000000	0,98284392
872,60000000	0,98318873
872,80000000	0,98339313
873,00000000	0,98273723
873,20000000	0,98235624
873,40000000	0,98283381
873,60000000	0,98328365
873,80000000	0,98269696
874,00000000	0,98207334
874,20000000	0,98168659
874,40000000	0,98185365
874,60000000	0,98262172
874,80000000	0,98214791
875,00000000	0,98178264
875,20000000	0,98144944
875,40000000	0,98175303
875,60000000	0,98189641
875,80000000	0,98141520
876,00000000	0,98151875
876,20000000	0,98186634
876,40000000	0,98150690
876,60000000	0,98127995
876,80000000	0,98095142
877,00000000	0,98002552
877,20000000	0,98070189
877,40000000	0,98094145
877,60000000	0,98094009
877,80000000	0,98015640
878,00000000	0,97992935
878,20000000	0,98041263
878,40000000	0,98040500
878,60000000	0,97999290
878,80000000	0,97988853
879,00000000	0,97947920
879,20000000	0,97991116
879,40000000	0,98013300
879,60000000	0,97934401
879,80000000	0,97894867
880,00000000	0,97857478
880,20000000	0,97942326
880,40000000	0,97885277
880,60000000	0,97861677
880,80000000	0,97839067
881,00000000	0,97865107
881,20000000	0,97861298
881,40000000	0,97783198
881,60000000	0,97795608
881,80000000	0,97740022
882,00000000	0,97763118
882,20000000	0,97756256
882,40000000	0,97691343
882,60000000	0,97706397
882,80000000	0,97716580
883,00000000	0,97680346
883,20000000	0,97609381
883,40000000	0,97577416
883,60000000	0,97639392
883,80000000	0,97656417
884,00000000	0,97611225
884,20000000	0,97453091
884,40000000	0,97490448
884,60000000	0,97560987
884,80000000	0,97518090
885,00000000	0,97507258
885,20000000	0,97400592
885,40000000	0,97388353
885,60000000	0,97380403
885,80000000	0,97398142
886,00000000	0,97360745
886,20000000	0,97343481
886,40000000	0,97336886
886,60000000	0,97360130
886,80000000	0,97253513
887,00000000	0,97191806
887,20000000	0,97197604
887,40000000	0,97248831
887,60000000	0,97168490
887,80000000	0,97129868
888,00000000	0,97077061
888,20000000	0,97182601
888,40000000	0,97116924
888,60000000	0,97080899
888,80000000	0,97033491
889,00000000	0,97021914
889,20000000	0,97045501
889,40000000	0,97060388
889,60000000	0,96884446
889,80000000	0,96852212
890,00000000	0,96940693
890,20000000	0,96892209
890,40000000	0,96908922
890,60000000	0,96901001
890,80000000	0,96781570
891,00000000	0,96823195
891,20000000	0,96858203
891,40000000	0,96789247
891,60000000	0,96873993
891,80000000	0,96697588
892,00000000	0,96809628
892,20000000	0,96747338
892,40000000	0,96664920
892,60000000	0,96652308
892,80000000	0,96732713
893,00000000	0,96689571
893,20000000	0,96584749
893,40000000	0,96634634
893,60000000	0,96649749
893,80000000	0,96652611
894,00000000	0,96645797
894,20000000	0,96648332
894,40000000	0,96508009
894,60000000	0,96560945
894,80000000	0,96690778
895,00000000	0,96657804
895,20000000	0,96573082
895,40000000	0,96502840
895,60000000	0,96526672
895,80000000	0,96652007
896,00000000	0,96592486
896,20000000	0,96597250
896,40000000	0,96519886
896,60000000	0,96598585
896,80000000	0,96650753
897,00000000	0,96622705
897,20000000	0,96568434
897,40000000	0,96676455
897,60000000	0,96645029
897,80000000	0,96610532
898,00000000	0,96653566
898,20000000	0,96605838
898,40000000	0,96688677
898,60000000	0,96698340
898,80000000	0,96733578
899,00000000	0,96658207
899,20000000	0,96766269
899,40000000	0,96816012
899,60000000	0,96740961
899,80000000	0,96759619
900,00000000	0,96714212
