150,00000000	0,98585282
150,20000000	0,98059078
150,40000000	0,97532563
150,60000000	0,98776472
150,80000000	0,99677615
151,00000000	0,99349951
151,20000000	0,99508054
151,40000000	0,98439134
151,60000000	0,98307762
151,80000000	0,97343464
152,00000000	0,97667893
152,20000000	0,98042601
152,40000000	0,99376573
152,60000000	0,99355623
152,80000000	0,98898256
153,00000000	0,98570557
153,20000000	0,97060491
153,40000000	0,96866669
153,60000000	0,97688089
153,80000000	0,98629756
154,00000000	0,99234533
154,20000000	0,99084925
154,40000000	0,97874044
154,60000000	0,97270344
154,80000000	0,96695741
155,00000000	0,97234038
155,20000000	0,97236808
155,40000000	0,98039192
155,60000000	0,98643912
155,80000000	0,98774043
156,00000000	0,98874171
156,20000000	0,97621206
156,40000000	0,97177276
156,60000000	0,96850722
156,80000000	0,97604256
157,00000000	0,98281061
157,20000000	0,97986207
157,40000000	0,98274540
157,60000000	0,97261459
157,80000000	0,97374765
158,00000000	0,96701136
158,20000000	0,96770284
158,40000000	0,96588441
158,60000000	0,95836197
158,80000000	0,97115440
159,00000000	0,96493731
159,20000000	0,97667351
159,40000000	0,97776135
159,60000000	0,97291914
159,80000000	0,96962652
160,00000000	0,96483606
160,20000000	0,98010480
160,40000000	0,97642466
160,60000000	0,98381576
160,80000000	0,97439438
161,00000000	0,97246815
161,20000000	0,97070068
161,40000000	0,96816363
161,60000000	0,97085723
161,80000000	0,97303282
162,00000000	0,96479345
162,20000000	0,95260706
162,40000000	0,95763517
162,60000000	0,96728476
162,80000000	0,97711256
163,00000000	0,97890042
163,20000000	0,98157715
163,40000000	0,97511681
163,60000000	0,97064283
163,80000000	0,97336487
164,00000000	0,96957816
164,20000000	0,97860858
164,40000000	0,98600467
164,60000000	0,96635469
164,80000000	0,97268705
165,00000000	0,95690716
165,20000000	0,96251679
165,40000000	0,95870513
165,60000000	0,96515346
165,80000000	0,95934566
166,00000000	0,96965822
166,20000000	0,96011132
166,40000000	0,96720550
166,60000000	0,97406430
166,80000000	0,96672673
167,00000000	0,97444090
167,20000000	0,98007861
167,40000000	0,97053853
167,60000000	0,96973116
167,80000000	0,97300698
168,00000000	0,95539514
168,20000000	0,97057977
168,40000000	0,97766485
168,60000000	0,97384759
168,80000000	0,97821674
169,00000000	0,96375164
169,20000000	0,96781590
169,40000000	0,95737649
169,60000000	0,96826670
169,80000000	0,96591706
170,00000000	0,97458587
170,20000000	0,97466341
170,40000000	0,98020563
170,60000000	0,95975343
170,80000000	0,96974941
171,00000000	0,97681342
171,20000000	0,97820247
171,40000000	0,96833677
171,60000000	0,97752328
171,80000000	0,97763674
172,00000000	0,96804069
172,20000000	0,97462045
172,40000000	0,97797510
172,60000000	0,97100804
172,80000000	0,96237084
173,00000000	0,96639740
173,20000000	0,95968037
173,40000000	0,97599990
173,60000000	0,96590238
173,80000000	0,97023254
174,00000000	0,97414780
174,20000000	0,98321334
174,40000000	0,96245384
174,60000000	0,96229616
174,80000000	0,96519897
175,00000000	0,97599313
175,20000000	0,97843099
175,40000000	0,97178830
175,60000000	0,96880804
175,80000000	0,97630181
176,00000000	0,97439729
176,20000000	0,95582727
176,40000000	0,96108644
176,60000000	0,95288116
176,80000000	0,96313887
177,00000000	0,98147070
177,20000000	0,96019254
177,40000000	0,95813783
177,60000000	0,96914827
177,80000000	0,97466512
178,00000000	0,97270767
178,20000000	0,97589597
178,40000000	0,95185081
178,60000000	0,95725517
178,80000000	0,96455824
179,00000000	0,96093968
179,20000000	0,97224619
179,40000000	0,95301713
179,60000000	0,96526394
179,80000000	0,95660872
180,00000000	0,96869667
180,20000000	0,96623813
180,40000000	0,97135866
180,60000000	0,97026539
180,80000000	0,92944946
181,00000000	0,95767934
181,20000000	0,96848024
181,40000000	0,96434610
181,60000000	0,96585948
181,80000000	0,96357603
182,00000000	0,95910328
182,20000000	0,97012224
182,40000000	0,95654406
182,60000000	0,95796956
182,80000000	0,95975909
183,00000000	0,94793944
183,20000000	0,94490482
183,40000000	0,94730832
183,60000000	0,95412583
183,80000000	0,96133175
184,00000000	0,97238773
184,20000000	0,95953444
184,40000000	0,95382833
184,60000000	0,95830603
184,80000000	0,96794485
185,00000000	0,97058201
185,20000000	0,94306730
185,40000000	0,94200248
185,60000000	0,95728330
185,80000000	0,94313753
186,00000000	0,95358792
186,20000000	0,95786972
186,40000000	0,95446049
186,60000000	0,95905416
186,80000000	0,95664955
187,00000000	0,93917565
187,20000000	0,94391230
187,40000000	0,94963510
187,60000000	0,95325945
187,80000000	0,93748513
188,00000000	0,94100006
188,20000000	0,94369386
188,40000000	0,93625025
188,60000000	0,93626751
188,80000000	0,94678700
189,00000000	0,94208373
189,20000000	0,94130746
189,40000000	0,93965698
189,60000000	0,94978016
189,80000000	0,93046367
190,00000000	0,94477886
190,20000000	0,94428917
190,40000000	0,93703000
190,60000000	0,94182106
190,80000000	0,93896107
191,00000000	0,92753201
191,20000000	0,93346142
191,40000000	0,93580312
191,60000000	0,94329216
191,80000000	0,94590817
192,00000000	0,94311278
192,20000000	0,94065923
192,40000000	0,93903215
192,60000000	0,93024531
192,80000000	0,93155921
193,00000000	0,92967972
193,20000000	0,92950001
193,40000000	0,93679356
193,60000000	0,94407113
193,80000000	0,92538893
194,00000000	0,92980597
194,20000000	0,93243423
194,40000000	0,93021027
194,60000000	0,92633643
194,80000000	0,91909946
195,00000000	0,93207750
195,20000000	0,93090419
195,40000000	0,92911208
195,60000000	0,92394422
195,80000000	0,92579292
196,00000000	0,93654692
196,20000000	0,92601953
196,40000000	0,92531330
196,60000000	0,92487667
196,80000000	0,93197847
197,00000000	0,92879465
197,20000000	0,92795394
197,40000000	0,92632522
197,60000000	0,92549170
197,80000000	0,92906767
198,00000000	0,92775573
198,20000000	0,92754486
198,40000000	0,92801584
198,60000000	0,92998652
198,80000000	0,92845756
199,00000000	0,93067659
199,20000000	0,92556371
199,40000000	0,92499320
199,60000000	0,92303447
199,80000000	0,92187887
200,00000000	0,92068116
200,20000000	0,91559681
200,40000000	0,92425771
200,60000000	0,92216020
200,80000000	0,92074806
201,00000000	0,92281308
201,20000000	0,92337541
201,40000000	0,92789373
201,60000000	0,92185276
201,80000000	0,91606565
202,00000000	0,91818627
202,20000000	0,91855415
202,40000000	0,92057525
202,60000000	0,91746326
202,80000000	0,92458120
203,00000000	0,91162560
203,20000000	0,91911553
203,40000000	0,91658706
203,60000000	0,92060145
203,80000000	0,92247298
204,00000000	0,92521028
204,20000000	0,91829506
204,40000000	0,92124200
204,60000000	0,90922949
204,80000000	0,92105700
205,00000000	0,91634827
205,20000000	0,91271890
205,40000000	0,91915909
205,60000000	0,91730877
205,80000000	0,91409142
206,00000000	0,91225934
206,20000000	0,90649577
206,40000000	0,90763063
206,60000000	0,90669855
206,80000000	0,91871449
207,00000000	0,91665316
207,20000000	0,91467651
207,40000000	0,90906113
207,60000000	0,90605015
207,80000000	0,91744019
208,00000000	0,91534590
208,20000000	0,90729520
208,40000000	0,91106763
208,60000000	0,91034059
208,80000000	0,90647485
209,00000000	0,90844877
209,20000000	0,90669767
209,40000000	0,90476036
209,60000000	0,91708744
209,80000000	0,91425108
210,00000000	0,90474461
210,20000000	0,89462086
210,40000000	0,89385673
210,60000000	0,90484736
210,80000000	0,91418652
211,00000000	0,90676482
211,20000000	0,91189871
211,40000000	0,90416111
211,60000000	0,90446621
211,80000000	0,90948923
212,00000000	0,90240660
212,20000000	0,89447342
212,40000000	0,90234906
212,60000000	0,91536794
212,80000000	0,90773165
213,00000000	0,90994039
213,20000000	0,89469073
213,40000000	0,89633565
213,60000000	0,90920175
213,80000000	0,91259083
214,00000000	0,90197413
214,20000000	0,89741300
214,40000000	0,88914266
214,60000000	0,89246277
214,80000000	0,89811682
215,00000000	0,89407756
215,20000000	0,89802541
215,40000000	0,90394952
215,60000000	0,89740568
215,80000000	0,89878705
216,00000000	0,89665868
216,20000000	0,89112318
216,40000000	0,89512326
216,60000000	0,90130086
216,80000000	0,90000252
217,00000000	0,90491621
217,20000000	0,90264336
217,40000000	0,89021899
217,60000000	0,89584117
217,80000000	0,90106563
218,00000000	0,89857667
218,20000000	0,89987114
218,40000000	0,90447388
218,60000000	0,90947185
218,80000000	0,90706324
219,00000000	0,89711793
219,20000000	0,88620873
219,40000000	0,88276768
219,60000000	0,89919468
219,80000000	0,91466466
220,00000000	0,90253831
220,20000000	0,88627021
220,40000000	0,88739619
220,60000000	0,90558779
220,80000000	0,91052166
221,00000000	0,90362859
221,20000000	0,89783262
221,40000000	0,89924578
221,60000000	0,88939841
221,80000000	0,89590617
222,00000000	0,91060948
222,20000000	0,91927740
222,40000000	0,90992938
222,60000000	0,89644592
222,80000000	0,90969227
223,00000000	0,90541596
223,20000000	0,89669830
223,40000000	0,90448112
223,60000000	0,91054825
223,80000000	0,90340535
224,00000000	0,91371411
224,20000000	0,91876344
224,40000000	0,91569968
224,60000000	0,90738637
224,80000000	0,89966321
225,00000000	0,89456079
225,20000000	0,90402941
225,40000000	0,90946780
225,60000000	0,90864288
225,80000000	0,91597677
226,00000000	0,91315230
226,20000000	0,90478790
226,40000000	0,89912129
226,60000000	0,90625994
226,80000000	0,92390953
227,00000000	0,91640415
227,20000000	0,90505018
227,40000000	0,89553395
227,60000000	0,90600453
227,80000000	0,91591345
228,00000000	0,91860465
228,20000000	0,92318447
228,40000000	0,91389307
228,60000000	0,91160609
228,80000000	0,90533626
229,00000000	0,90845871
229,20000000	0,91714228
229,40000000	0,91197760
229,60000000	0,91035589
229,80000000	0,90758840
230,00000000	0,92564427
230,20000000	0,93694064
230,40000000	0,93260133
230,60000000	0,93159032
230,80000000	0,92359570
231,00000000	0,91166361
231,20000000	0,90751259
231,40000000	0,91729517
231,60000000	0,93033675
231,80000000	0,92363436
232,00000000	0,92828595
232,20000000	0,92985797
232,40000000	0,92483472
232,60000000	0,93176828
232,80000000	0,92991555
233,00000000	0,93112800
233,20000000	0,93644993
233,40000000	0,93613055
233,60000000	0,93948981
233,80000000	0,92814721
234,00000000	0,93004451
234,20000000	0,92971755
234,40000000	0,92242749
234,60000000	0,92516955
234,80000000	0,92442336
235,00000000	0,92630226
235,20000000	0,92715531
235,40000000	0,92842741
235,60000000	0,93183449
235,80000000	0,92533525
236,00000000	0,92967093
236,20000000	0,92943884
236,40000000	0,92899222
236,60000000	0,93428801
236,80000000	0,93227972
237,00000000	0,92655788
237,20000000	0,92255630
237,40000000	0,92277652
237,60000000	0,92451161
237,80000000	0,92419285
238,00000000	0,92983061
238,20000000	0,93260283
238,40000000	0,93782632
238,60000000	0,93692556
238,80000000	0,93520019
239,00000000	0,93613334
239,20000000	0,93572549
239,40000000	0,93678760
239,60000000	0,93603655
239,80000000	0,93357785
240,00000000	0,93030075
240,20000000	0,92983054
240,40000000	0,93087821
240,60000000	0,92825645
240,80000000	0,93089529
241,00000000	0,92937283
241,20000000	0,92645349
241,40000000	0,92258445
241,60000000	0,92487192
241,80000000	0,92696197
242,00000000	0,92905779
242,20000000	0,93068464
242,40000000	0,93126759
242,60000000	0,93061392
242,80000000	0,92962052
243,00000000	0,93006966
243,20000000	0,93051417
243,40000000	0,93126419
243,60000000	0,93197813
243,80000000	0,93255172
244,00000000	0,93432852
244,20000000	0,93237173
244,40000000	0,93423293
244,60000000	0,93211644
244,80000000	0,93110806
245,00000000	0,93229799
245,20000000	0,93108027
245,40000000	0,93036158
245,60000000	0,92755237
245,80000000	0,92444570
246,00000000	0,92635482
246,20000000	0,92705378
246,40000000	0,92638479
246,60000000	0,92717117
246,80000000	0,92979237
247,00000000	0,93474345
247,20000000	0,93805522
247,40000000	0,93905789
247,60000000	0,93965981
247,80000000	0,93957402
248,00000000	0,94149384
248,20000000	0,93973341
248,40000000	0,93849330
248,60000000	0,94178020
248,80000000	0,94009168
249,00000000	0,93888263
249,20000000	0,93825727
249,40000000	0,93536172
249,60000000	0,93497411
249,80000000	0,93466663
250,00000000	0,93622226
250,20000000	0,93624855
250,40000000	0,93361885
250,60000000	0,93179229
250,80000000	0,93155224
251,00000000	0,93140483
251,20000000	0,93202245
251,40000000	0,93524141
251,60000000	0,93637791
251,80000000	0,93760114
252,00000000	0,93869109
252,20000000	0,93753913
252,40000000	0,93857729
252,60000000	0,93994828
252,80000000	0,94277712
253,00000000	0,94486645
253,20000000	0,94659869
253,40000000	0,94860138
253,60000000	0,94957455
253,80000000	0,94954827
254,00000000	0,95164963
254,20000000	0,95531038
254,40000000	0,95456724
254,60000000	0,95311468
254,80000000	0,95413257
255,00000000	0,95480286
255,20000000	0,95658512
255,40000000	0,95875354
255,60000000	0,95899027
255,80000000	0,95818963
256,00000000	0,95618545
256,20000000	0,95588874
256,40000000	0,95615809
256,60000000	0,95623458
256,80000000	0,95659455
257,00000000	0,95751598
257,20000000	0,95693902
257,40000000	0,95380775
257,60000000	0,95174029
257,80000000	0,95223807
258,00000000	0,95316213
258,20000000	0,95474256
258,40000000	0,95725615
258,60000000	0,95979494
258,80000000	0,95822904
259,00000000	0,95548759
259,20000000	0,95454204
259,40000000	0,95504393
259,60000000	0,95497257
259,80000000	0,95704460
260,00000000	0,95957247
260,20000000	0,95984844
260,40000000	0,95908889
260,60000000	0,95807103
260,80000000	0,95789022
261,00000000	0,95831140
261,20000000	0,95878104
261,40000000	0,95999482
261,60000000	0,95962434
261,80000000	0,95972444
262,00000000	0,95914065
262,20000000	0,95916708
262,40000000	0,96337143
262,60000000	0,96707348
262,80000000	0,96857221
263,00000000	0,96735815
263,20000000	0,96700965
263,40000000	0,96605910
263,60000000	0,96533978
263,80000000	0,96608014
264,00000000	0,96607223
264,20000000	0,96912909
264,40000000	0,97274250
264,60000000	0,97404534
264,80000000	0,97388920
265,00000000	0,97256697
265,20000000	0,97250927
265,40000000	0,97534257
265,60000000	0,97823511
265,80000000	0,97983797
266,00000000	0,98022414
266,20000000	0,98016796
266,40000000	0,97985162
266,60000000	0,97939550
266,80000000	0,97825046
267,00000000	0,97662656
267,20000000	0,97678178
267,40000000	0,97773059
267,60000000	0,97716768
267,80000000	0,97778631
268,00000000	0,97900050
268,20000000	0,97837497
268,40000000	0,97674243
268,60000000	0,97854601
268,80000000	0,97924102
269,00000000	0,97970338
269,20000000	0,97927818
269,40000000	0,97914537
269,60000000	0,97953239
269,80000000	0,97946163
270,00000000	0,97835485
270,20000000	0,97859251
270,40000000	0,98044732
270,60000000	0,98374894
270,80000000	0,98546038
271,00000000	0,98681275
271,20000000	0,98646283
271,40000000	0,98671551
271,60000000	0,98740791
271,80000000	0,98855362
272,00000000	0,98859326
272,20000000	0,98898764
272,40000000	0,99061805
272,60000000	0,99132986
272,80000000	0,99083454
273,00000000	0,98987630
273,20000000	0,98989716
273,40000000	0,98930060
273,60000000	0,98866211
273,80000000	0,98897449
274,00000000	0,98826098
274,20000000	0,98917589
274,40000000	0,98997967
274,60000000	0,99042169
274,80000000	0,99146609
275,00000000	0,99302382
275,20000000	0,99428207
275,40000000	0,99476912
275,60000000	0,99502147
275,80000000	0,99496385
276,00000000	0,99431685
276,20000000	0,99484386
276,40000000	0,99627583
276,60000000	0,99674768
276,80000000	0,99709894
277,00000000	0,99731580
277,20000000	0,99765763
277,40000000	0,99790956
277,60000000	0,99794857
277,80000000	0,99829716
278,00000000	0,99857030
278,20000000	0,99837786
278,40000000	0,99745956
278,60000000	0,99742830
278,80000000	0,99839130
279,00000000	0,99852576
279,20000000	0,99863632
279,40000000	0,99873911
279,60000000	0,99900672
279,80000000	0,99940606
280,00000000	0,99981754
280,20000000	0,99998940
280,40000000	0,99999904
280,60000000	0,99997091
280,80000000	0,99988260
281,00000000	0,99974893
281,20000000	0,99940737
281,40000000	0,99938979
281,60000000	0,99969377
281,80000000	0,99987240
282,00000000	0,99981765
282,20000000	0,99967874
282,40000000	0,99971718
282,60000000	0,99985255
282,80000000	0,99991424
283,00000000	0,99987397
283,20000000	0,99980482
283,40000000	0,99957110
283,60000000	0,99932216
283,80000000	0,99909226
284,00000000	0,99835795
284,20000000	0,99841812
284,40000000	0,99861879
284,60000000	0,99853892
284,80000000	0,99825714
285,00000000	0,99808614
285,20000000	0,99805090
285,40000000	0,99752740
285,60000000	0,99679825
285,80000000	0,99720763
286,00000000	0,99747688
286,20000000	0,99772029
286,40000000	0,99744363
286,60000000	0,99700292
286,80000000	0,99674618
287,00000000	0,99614021
287,20000000	0,99566541
287,40000000	0,99493460
287,60000000	0,99422141
287,80000000	0,99437864
288,00000000	0,99345073
288,20000000	0,99119213
288,40000000	0,99172824
288,60000000	0,99287524
288,80000000	0,99216287
289,00000000	0,99220715
289,20000000	0,99304134
289,40000000	0,99302695
289,60000000	0,99202699
289,80000000	0,99216124
290,00000000	0,99255880
290,20000000	0,99233114
290,40000000	0,99026535
290,60000000	0,98915890
290,80000000	0,98879072
291,00000000	0,98836191
291,20000000	0,98767995
291,40000000	0,98633256
291,60000000	0,98783840
291,80000000	0,98893119
292,00000000	0,98992130
292,20000000	0,98938200
292,40000000	0,98918487
292,60000000	0,98967046
292,80000000	0,98718491
293,00000000	0,98535871
293,20000000	0,98454745
293,40000000	0,98466323
293,60000000	0,98490995
293,80000000	0,98433482
294,00000000	0,98273535
294,20000000	0,98231183
294,40000000	0,98448772
294,60000000	0,98503369
294,80000000	0,98455864
295,00000000	0,98454913
295,20000000	0,98571198
295,40000000	0,98481310
295,60000000	0,98253885
295,80000000	0,98289861
296,00000000	0,98237057
296,20000000	0,97975220
296,40000000	0,97871210
296,60000000	0,97932689
296,80000000	0,97988634
297,00000000	0,98126634
297,20000000	0,98110870
297,40000000	0,98010298
297,60000000	0,98106963
297,80000000	0,98218252
298,00000000	0,98184639
298,20000000	0,98088560
298,40000000	0,98080342
298,60000000	0,98164655
298,80000000	0,98060626
299,00000000	0,97875276
299,20000000	0,97953133
299,40000000	0,97820530
299,60000000	0,97655216
299,80000000	0,97794805
300,00000000	0,97824558
300,20000000	0,97695635
300,40000000	0,97688139
300,60000000	0,97725516
300,80000000	0,97756441
301,00000000	0,97970302
301,20000000	0,97909235
301,40000000	0,97730765
301,60000000	0,97774818
301,80000000	0,97629744
302,00000000	0,97491877
302,20000000	0,97458359
302,40000000	0,97278621
302,60000000	0,97283653
302,80000000	0,97522553
303,00000000	0,97784392
303,20000000	0,97889490
303,40000000	0,97708773
303,60000000	0,97626433
303,80000000	0,97768862
304,00000000	0,97588636
304,20000000	0,97451496
304,40000000	0,97493996
304,60000000	0,97132154
304,80000000	0,97160598
305,00000000	0,97572908
305,20000000	0,97670661
305,40000000	0,97689741
305,60000000	0,97630559
305,80000000	0,97641558
306,00000000	0,97612839
306,20000000	0,97206772
306,40000000	0,97078561
306,60000000	0,97226399
306,80000000	0,97018489
307,00000000	0,96843222
307,20000000	0,97029786
307,40000000	0,97304949
307,60000000	0,97447918
307,80000000	0,97466870
308,00000000	0,97398534
308,20000000	0,97310755
308,40000000	0,97177251
308,60000000	0,96834634
308,80000000	0,96388722
309,00000000	0,96307854
309,20000000	0,96621778
309,40000000	0,96737739
309,60000000	0,96668183
309,80000000	0,96635015
310,00000000	0,96858338
310,20000000	0,96950051
310,40000000	0,96430362
310,60000000	0,96149663
310,80000000	0,96206289
311,00000000	0,95924585
311,20000000	0,95987860
311,40000000	0,96270435
311,60000000	0,96403524
311,80000000	0,96549933
312,00000000	0,96589888
312,20000000	0,96339699
312,40000000	0,95905486
312,60000000	0,95603312
312,80000000	0,95624547
313,00000000	0,95764878
313,20000000	0,95706849
313,40000000	0,95700098
313,60000000	0,95844759
313,80000000	0,95842464
314,00000000	0,95936116
314,20000000	0,96089793
314,40000000	0,95737822
314,60000000	0,95215672
314,80000000	0,95422409
315,00000000	0,95557965
315,20000000	0,95244159
315,40000000	0,95116328
315,60000000	0,95410832
315,80000000	0,95655669
316,00000000	0,95558148
316,20000000	0,95522783
316,40000000	0,95507857
316,60000000	0,95033978
316,80000000	0,94630326
317,00000000	0,94820360
317,20000000	0,95094444
317,40000000	0,95125521
317,60000000	0,95349104
317,80000000	0,95696680
318,00000000	0,95736551
318,20000000	0,95724044
318,40000000	0,95615221
318,60000000	0,95028713
318,80000000	0,94708075
319,00000000	0,94937741
319,20000000	0,94997351
319,40000000	0,95162576
319,60000000	0,95248604
319,80000000	0,95109405
320,00000000	0,95422369
320,20000000	0,95558931
320,40000000	0,95185252
320,60000000	0,95008017
320,80000000	0,95161932
321,00000000	0,95455155
321,20000000	0,95537805
321,40000000	0,95564746
321,60000000	0,95966156
321,80000000	0,96351114
322,00000000	0,96216475
322,20000000	0,95912682
322,40000000	0,95516382
322,60000000	0,95338539
322,80000000	0,95724063
323,00000000	0,95970272
323,20000000	0,95950357
323,40000000	0,96143917
323,60000000	0,96272611
323,80000000	0,96307285
324,00000000	0,96410350
324,20000000	0,96491614
324,40000000	0,96509584
324,60000000	0,96486904
324,80000000	0,96403332
325,00000000	0,96313245
325,20000000	0,96379112
325,40000000	0,96652602
325,60000000	0,96918388
325,80000000	0,96919255
326,00000000	0,96703282
326,20000000	0,96607103
326,40000000	0,96783141
326,60000000	0,96976983
326,80000000	0,97082220
327,00000000	0,97490726
327,20000000	0,97928080
327,40000000	0,97824010
327,60000000	0,97618636
327,80000000	0,97732879
328,00000000	0,97758002
328,20000000	0,97734924
328,40000000	0,97868275
328,60000000	0,97915030
328,80000000	0,97873055
329,00000000	0,97987246
329,20000000	0,98244301
329,40000000	0,98346573
329,60000000	0,98289454
329,80000000	0,98289659
330,00000000	0,98374762
330,20000000	0,98537827
330,40000000	0,98604145
330,60000000	0,98477215
330,80000000	0,98544528
331,00000000	0,98708147
331,20000000	0,98703928
331,40000000	0,98680023
331,60000000	0,98700106
331,80000000	0,98773066
332,00000000	0,98764112
332,20000000	0,98656394
332,40000000	0,98659327
332,60000000	0,98687355
332,80000000	0,98666171
333,00000000	0,98703141
333,20000000	0,98713419
333,40000000	0,98537648
333,60000000	0,98417902
333,80000000	0,98509779
334,00000000	0,98626463
334,20000000	0,98706267
334,40000000	0,98690488
334,60000000	0,98596990
334,80000000	0,98401152
335,00000000	0,98088204
335,20000000	0,97815385
335,40000000	0,97767130
335,60000000	0,97713125
335,80000000	0,97493104
336,00000000	0,97381254
336,20000000	0,97387979
336,40000000	0,97235498
336,60000000	0,96964369
336,80000000	0,96875537
337,00000000	0,96829544
337,20000000	0,96423395
337,40000000	0,96034599
337,60000000	0,95830697
337,80000000	0,95440052
338,00000000	0,95241891
338,20000000	0,95013954
338,40000000	0,94466049
338,60000000	0,94200338
338,80000000	0,94031633
339,00000000	0,93485797
339,20000000	0,92915425
339,40000000	0,92649422
339,60000000	0,92350920
339,80000000	0,92037835
340,00000000	0,91896079
340,20000000	0,91672632
340,40000000	0,91429971
340,60000000	0,91162700
340,80000000	0,90826902
341,00000000	0,90314798
341,20000000	0,89927744
341,40000000	0,89755874
341,60000000	0,89173947
341,80000000	0,88741550
342,00000000	0,88757543
342,20000000	0,88151019
342,40000000	0,86861301
342,60000000	0,86030581
342,80000000	0,85970789
343,00000000	0,85594419
343,20000000	0,84646404
343,40000000	0,84099369
343,60000000	0,83872215
343,80000000	0,83360234
344,00000000	0,82868171
344,20000000	0,82545990
344,40000000	0,81822279
344,60000000	0,80917886
344,80000000	0,80555926
345,00000000	0,79888520
345,20000000	0,78563226
345,40000000	0,78317757
345,60000000	0,79071442
345,80000000	0,78474577
346,00000000	0,77028144
346,20000000	0,76689926
346,40000000	0,76423227
346,60000000	0,75466537
346,80000000	0,75371730
347,00000000	0,75865879
347,20000000	0,74925937
347,40000000	0,73532084
347,60000000	0,73370084
347,80000000	0,72782499
348,00000000	0,71455455
348,20000000	0,71442536
348,40000000	0,71914181
348,60000000	0,71067524
348,80000000	0,70374116
349,00000000	0,70422397
349,20000000	0,69867694
349,40000000	0,68502121
349,60000000	0,67227294
349,80000000	0,66922715
350,00000000	0,66456266
350,20000000	0,65430253
350,40000000	0,64921041
350,60000000	0,64787226
350,80000000	0,64203745
351,00000000	0,63414830
351,20000000	0,63206452
351,40000000	0,62825289
351,60000000	0,62010522
351,80000000	0,61450905
352,00000000	0,61407544
352,20000000	0,61260918
352,40000000	0,60537680
352,60000000	0,60458266
352,80000000	0,60607008
353,00000000	0,59935575
353,20000000	0,59034623
353,40000000	0,58234513
353,60000000	0,57388925
353,80000000	0,56641153
354,00000000	0,56371939
354,20000000	0,56077437
354,40000000	0,55497703
354,60000000	0,55107290
354,80000000	0,54650281
355,00000000	0,53856702
355,20000000	0,53370173
355,40000000	0,53182689
355,60000000	0,53024437
355,80000000	0,53325686
356,00000000	0,53351636
356,20000000	0,52897073
356,40000000	0,52587473
356,60000000	0,52102237
356,80000000	0,51244922
357,00000000	0,50385277
357,20000000	0,50030766
357,40000000	0,49894575
357,60000000	0,49461509
357,80000000	0,49035657
358,00000000	0,48884930
358,20000000	0,48671268
358,40000000	0,48103486
358,60000000	0,47434547
358,80000000	0,47035219
359,00000000	0,46663365
359,20000000	0,46179628
359,40000000	0,46151651
359,60000000	0,46325844
359,80000000	0,46056416
360,00000000	0,45709964
360,20000000	0,45442122
360,40000000	0,45064025
360,60000000	0,44772237
360,80000000	0,44661300
361,00000000	0,44462840
361,20000000	0,44174835
361,40000000	0,43997844
361,60000000	0,43604733
361,80000000	0,43264936
362,00000000	0,43051565
362,20000000	0,42553160
362,40000000	0,42182847
362,60000000	0,41835969
362,80000000	0,41355583
363,00000000	0,41070344
363,20000000	0,40717101
363,40000000	0,40444128
363,60000000	0,40594086
363,80000000	0,40541877
364,00000000	0,40190814
364,20000000	0,40137600
364,40000000	0,40097273
364,60000000	0,39848489
364,80000000	0,39664065
365,00000000	0,39577065
365,20000000	0,39309165
365,40000000	0,38748059
365,60000000	0,38285805
365,80000000	0,37648843
366,00000000	0,37041467
366,20000000	0,37330892
366,40000000	0,37930854
366,60000000	0,37837569
366,80000000	0,37307356
367,00000000	0,37187073
367,20000000	0,37240179
367,40000000	0,36902797
367,60000000	0,36585578
367,80000000	0,36613669
368,00000000	0,36602627
368,20000000	0,36129870
368,40000000	0,35533897
368,60000000	0,35378507
368,80000000	0,35397170
369,00000000	0,35294827
369,20000000	0,35252797
369,40000000	0,35380310
369,60000000	0,35377529
369,80000000	0,35122642
370,00000000	0,34924973
370,20000000	0,34608979
370,40000000	0,34158902
370,60000000	0,34021415
370,80000000	0,33927830
371,00000000	0,33607459
371,20000000	0,33431624
371,40000000	0,33545865
371,60000000	0,33639145
371,80000000	0,33508636
372,00000000	0,33130451
372,20000000	0,32737487
372,40000000	0,32614436
372,60000000	0,32717824
372,80000000	0,32778490
373,00000000	0,32597157
373,20000000	0,32336024
373,40000000	0,32279471
373,60000000	0,32339262
373,80000000	0,32143165
374,00000000	0,31874744
374,20000000	0,32013122
374,40000000	0,32329389
374,60000000	0,32129389
374,80000000	0,31709190
375,00000000	0,31535963
375,20000000	0,31377391
375,40000000	0,31165199
375,60000000	0,31077897
375,80000000	0,31258788
376,00000000	0,31414394
376,20000000	0,31314156
376,40000000	0,31024270
376,60000000	0,30752254
376,80000000	0,30667479
377,00000000	0,30789189
377,20000000	0,30886872
377,40000000	0,30801196
377,60000000	0,30623458
377,80000000	0,30399095
378,00000000	0,30316915
378,20000000	0,30395476
378,40000000	0,30358673
378,60000000	0,30197261
378,80000000	0,30072502
379,00000000	0,30039999
379,20000000	0,29943684
379,40000000	0,29761621
379,60000000	0,29809484
379,80000000	0,30090881
380,00000000	0,30182848
380,20000000	0,30063689
380,40000000	0,29932536
380,60000000	0,29774637
380,80000000	0,29709202
381,00000000	0,29659507
381,20000000	0,29669297
381,40000000	0,29760600
381,60000000	0,29850090
381,80000000	0,29903922
382,00000000	0,29699129
382,20000000	0,29558889
382,40000000	0,29587000
382,60000000	0,29593144
382,80000000	0,29607753
383,00000000	0,29535601
383,20000000	0,29580696
383,40000000	0,29739694
383,60000000	0,29748724
383,80000000	0,29755968
384,00000000	0,29814225
384,20000000	0,29775735
384,40000000	0,29753981
384,60000000	0,29765085
384,80000000	0,29683701
385,00000000	0,29601009
385,20000000	0,29612836
385,40000000	0,29614384
385,60000000	0,29548136
385,80000000	0,29387767
386,00000000	0,29246499
386,20000000	0,29192889
386,40000000	0,29136967
386,60000000	0,29063530
386,80000000	0,28958833
387,00000000	0,28868131
387,20000000	0,28794649
387,40000000	0,28660879
387,60000000	0,28479540
387,80000000	0,28327593
388,00000000	0,28188696
388,20000000	0,28065793
388,40000000	0,27918841
388,60000000	0,27763586
388,80000000	0,27676753
389,00000000	0,27585953
389,20000000	0,27417710
389,40000000	0,27203214
389,60000000	0,27013580
389,80000000	0,26870074
390,00000000	0,26741749
390,20000000	0,26592942
390,40000000	0,26398515
390,60000000	0,26274136
390,80000000	0,26282484
391,00000000	0,26265959
391,20000000	0,26035923
391,40000000	0,25658862
391,60000000	0,25430734
391,80000000	0,25435298
392,00000000	0,25466921
392,20000000	0,25389310
392,40000000	0,25220494
392,60000000	0,24988139
392,80000000	0,24791863
393,00000000	0,24676391
393,20000000	0,24645209
393,40000000	0,24683550
393,60000000	0,24671012
393,80000000	0,24539281
394,00000000	0,24352510
394,20000000	0,24183806
394,40000000	0,24118828
394,60000000	0,24131352
394,80000000	0,24108679
395,00000000	0,23953114
395,20000000	0,23773851
395,40000000	0,23672721
395,60000000	0,23571375
395,80000000	0,23493662
396,00000000	0,23519592
396,20000000	0,23525537
396,40000000	0,23413070
396,60000000	0,23300772
396,80000000	0,23201354
397,00000000	0,23113971
397,20000000	0,23144250
397,40000000	0,23164480
397,60000000	0,23035535
397,80000000	0,22844475
398,00000000	0,22724958
398,20000000	0,22758891
398,40000000	0,22833969
398,60000000	0,22754257
398,80000000	0,22582136
399,00000000	0,22478239
399,20000000	0,22442065
399,40000000	0,22427548
399,60000000	0,22373095
399,80000000	0,22309630
400,00000000	0,22268313
400,20000000	0,22178996
400,40000000	0,22085336
400,60000000	0,22059687
400,80000000	0,22040904
401,00000000	0,21974332
401,20000000	0,21917895
401,40000000	0,21854065
401,60000000	0,21829148
401,80000000	0,21850638
402,00000000	0,21789533
402,20000000	0,21719299
402,40000000	0,21672689
402,60000000	0,21619288
402,80000000	0,21583413
403,00000000	0,21542219
403,20000000	0,21474742
403,40000000	0,21427790
403,60000000	0,21416122
403,80000000	0,21402165
404,00000000	0,21349854
404,20000000	0,21276023
404,40000000	0,21246757
404,60000000	0,21240613
404,80000000	0,21204954
405,00000000	0,21119237
405,20000000	0,21042455
405,40000000	0,21046559
405,60000000	0,21078575
405,80000000	0,21027151
406,00000000	0,20922577
406,20000000	0,20856725
406,40000000	0,20844003
406,60000000	0,20843663
406,80000000	0,20828145
407,00000000	0,20789996
407,20000000	0,20731483
407,40000000	0,20696275
407,60000000	0,20665104
407,80000000	0,20644899
408,00000000	0,20631726
408,20000000	0,20587117
408,40000000	0,20544090
408,60000000	0,20514652
408,80000000	0,20480157
409,00000000	0,20453117
409,20000000	0,20453804
409,40000000	0,20426795
409,60000000	0,20363934
409,80000000	0,20326010
410,00000000	0,20306901
410,20000000	0,20283414
410,40000000	0,20266894
410,60000000	0,20253046
410,80000000	0,20214970
411,00000000	0,20173559
411,20000000	0,20163229
411,40000000	0,20141918
411,60000000	0,20101445
411,80000000	0,20075182
412,00000000	0,20056332
412,20000000	0,20029921
412,40000000	0,19990274
412,60000000	0,19963762
412,80000000	0,19952961
413,00000000	0,19926618
413,20000000	0,19885795
413,40000000	0,19848568
413,60000000	0,19826105
413,80000000	0,19819459
414,00000000	0,19814877
414,20000000	0,19779226
414,40000000	0,19743184
414,60000000	0,19731849
414,80000000	0,19710199
415,00000000	0,19685443
415,20000000	0,19669762
415,40000000	0,19642063
415,60000000	0,19616399
415,80000000	0,19606528
416,00000000	0,19580219
416,20000000	0,19553448
416,40000000	0,19558388
416,60000000	0,19548583
416,80000000	0,19508443
417,00000000	0,19482228
417,20000000	0,19476173
417,40000000	0,19463832
417,60000000	0,19445445
417,80000000	0,19422097
418,00000000	0,19393710
418,20000000	0,19384925
418,40000000	0,19388155
418,60000000	0,19377968
418,80000000	0,19346807
419,00000000	0,19322159
419,20000000	0,19323543
419,40000000	0,19319805
419,60000000	0,19296627
419,80000000	0,19278402
420,00000000	0,19268438
420,20000000	0,19252337
420,40000000	0,19235212
420,60000000	0,19222061
420,80000000	0,19216889
421,00000000	0,19214626
421,20000000	0,19194937
421,40000000	0,19177862
421,60000000	0,19170724
421,80000000	0,19165432
422,00000000	0,19162781
422,20000000	0,19133066
422,40000000	0,19102974
422,60000000	0,19113330
422,80000000	0,19124559
423,00000000	0,19103955
423,20000000	0,19092063
423,40000000	0,19088877
423,60000000	0,19070530
423,80000000	0,19062082
424,00000000	0,19059469
424,20000000	0,19039801
424,40000000	0,19039140
424,60000000	0,19062198
424,80000000	0,19047271
425,00000000	0,19016775
425,20000000	0,19020287
425,40000000	0,19012528
425,60000000	0,18988868
425,80000000	0,18987742
426,00000000	0,18992631
426,20000000	0,18991102
426,40000000	0,19002081
426,60000000	0,19010416
426,80000000	0,18976838
427,00000000	0,18951646
427,20000000	0,18965347
427,40000000	0,18981295
427,60000000	0,18976462
427,80000000	0,18963826
428,00000000	0,18987994
428,20000000	0,19006321
428,40000000	0,18989389
428,60000000	0,18967299
428,80000000	0,18946178
429,00000000	0,18967925
429,20000000	0,19035847
429,40000000	0,19066557
429,60000000	0,19035072
429,80000000	0,19019519
430,00000000	0,19036018
430,20000000	0,19028674
430,40000000	0,18979232
430,60000000	0,18948201
430,80000000	0,18980752
431,00000000	0,19040549
431,20000000	0,19033301
431,40000000	0,18990055
431,60000000	0,19014970
431,80000000	0,19020414
432,00000000	0,18998332
432,20000000	0,19005151
432,40000000	0,19002125
432,60000000	0,19004687
432,80000000	0,19022685
433,00000000	0,19041607
433,20000000	0,19050865
433,40000000	0,19026460
433,60000000	0,18996074
433,80000000	0,19033090
434,00000000	0,19055108
434,20000000	0,19027590
434,40000000	0,19017348
434,60000000	0,19041611
434,80000000	0,19064362
435,00000000	0,19042299
435,20000000	0,19009451
435,40000000	0,19072679
435,60000000	0,19158222
435,80000000	0,19131548
436,00000000	0,19043325
436,20000000	0,19069716
436,40000000	0,19140647
436,60000000	0,19156937
436,80000000	0,19163608
437,00000000	0,19132953
437,20000000	0,19128214
437,40000000	0,19134190
437,60000000	0,19141154
437,80000000	0,19200081
438,00000000	0,19200555
438,20000000	0,19177563
438,40000000	0,19187104
438,60000000	0,19167404
438,80000000	0,19172899
439,00000000	0,19224052
439,20000000	0,19264924
439,40000000	0,19289957
439,60000000	0,19281579
439,80000000	0,19245503
440,00000000	0,19258160
440,20000000	0,19305347
440,40000000	0,19295688
440,60000000	0,19299693
440,80000000	0,19348661
441,00000000	0,19349228
441,20000000	0,19361986
441,40000000	0,19380570
441,60000000	0,19418154
441,80000000	0,19410014
442,00000000	0,19366881
442,20000000	0,19388285
442,40000000	0,19446623
442,60000000	0,19476988
442,80000000	0,19487287
443,00000000	0,19524677
443,20000000	0,19554291
443,40000000	0,19567428
443,60000000	0,19494153
443,80000000	0,19484142
444,00000000	0,19541304
444,20000000	0,19594919
444,40000000	0,19684299
444,60000000	0,19668315
444,80000000	0,19669008
445,00000000	0,19755012
445,20000000	0,19724219
445,40000000	0,19755638
445,60000000	0,19866051
445,80000000	0,19852347
446,00000000	0,19771207
446,20000000	0,19765590
446,40000000	0,19870024
446,60000000	0,19878671
446,80000000	0,19852130
447,00000000	0,19910905
447,20000000	0,19943326
447,40000000	0,20070322
447,60000000	0,20194413
447,80000000	0,20069622
448,00000000	0,19907556
448,20000000	0,19931863
448,40000000	0,19993355
448,60000000	0,20057012
448,80000000	0,20132033
449,00000000	0,20204981
449,20000000	0,20248491
449,40000000	0,20240832
449,60000000	0,20237748
449,80000000	0,20292630
450,00000000	0,20396023
450,20000000	0,20371704
450,40000000	0,20349188
450,60000000	0,20445893
450,80000000	0,20553153
451,00000000	0,20511134
451,20000000	0,20453066
451,40000000	0,20542897
451,60000000	0,20682506
451,80000000	0,20754303
452,00000000	0,20713057
452,20000000	0,20791799
452,40000000	0,20950195
452,60000000	0,20965288
452,80000000	0,20964193
453,00000000	0,21019931
453,20000000	0,21184036
453,40000000	0,21307975
453,60000000	0,21245931
453,80000000	0,21170062
454,00000000	0,21143969
454,20000000	0,21206324
454,40000000	0,21234001
454,60000000	0,21384808
454,80000000	0,21514724
455,00000000	0,21492086
455,20000000	0,21534457
455,40000000	0,21614371
455,60000000	0,21733637
455,80000000	0,21787575
456,00000000	0,21784350
456,20000000	0,21857243
456,40000000	0,21851508
456,60000000	0,21867344
456,80000000	0,21816702
457,00000000	0,21815637
457,20000000	0,21866933
457,40000000	0,21989695
457,60000000	0,22183610
457,80000000	0,22254319
458,00000000	0,22296503
458,20000000	0,22378501
458,40000000	0,22530621
458,60000000	0,22744694
458,80000000	0,22834098
459,00000000	0,22562225
459,20000000	0,22545553
459,40000000	0,22752273
459,60000000	0,22889047
459,80000000	0,22924865
460,00000000	0,22797021
460,20000000	0,22823885
460,40000000	0,23083208
460,60000000	0,23172571
460,80000000	0,23090870
461,00000000	0,23210256
461,20000000	0,23484131
461,40000000	0,23556879
461,60000000	0,23512543
461,80000000	0,23584683
462,00000000	0,23829089
462,20000000	0,23912769
462,40000000	0,23787806
462,60000000	0,23901160
462,80000000	0,23973366
463,00000000	0,23982508
463,20000000	0,23987997
463,40000000	0,24099386
463,60000000	0,24084170
463,80000000	0,24309523
464,00000000	0,24729551
464,20000000	0,24658557
464,40000000	0,24660530
464,60000000	0,24611411
464,80000000	0,24727076
465,00000000	0,25071995
465,20000000	0,24991163
465,40000000	0,25037231
465,60000000	0,25136639
465,80000000	0,25391651
466,00000000	0,25702962
466,20000000	0,25528616
466,40000000	0,25515377
466,60000000	0,25743098
466,80000000	0,25882151
467,00000000	0,25960389
467,20000000	0,26148554
467,40000000	0,26313330
467,60000000	0,26493089
467,80000000	0,26475211
468,00000000	0,26173855
468,20000000	0,26326244
468,40000000	0,26834620
468,60000000	0,27057239
468,80000000	0,26883258
469,00000000	0,26645962
469,20000000	0,27059936
469,40000000	0,27597992
469,60000000	0,27624435
469,80000000	0,27271823
470,00000000	0,27332254
470,20000000	0,27984988
470,40000000	0,28204138
470,60000000	0,27977085
470,80000000	0,27862153
471,00000000	0,28206725
471,20000000	0,28560821
471,40000000	0,28617438
471,60000000	0,28761291
471,80000000	0,28838657
472,00000000	0,28975792
472,20000000	0,29156979
472,40000000	0,29222356
472,60000000	0,29427176
472,80000000	0,29987964
473,00000000	0,30235811
473,20000000	0,30153780
473,40000000	0,29967180
473,60000000	0,30140227
473,80000000	0,30411339
474,00000000	0,30321511
474,20000000	0,30349460
474,40000000	0,30318829
474,60000000	0,30530799
474,80000000	0,30814044
475,00000000	0,31019057
475,20000000	0,31157548
475,40000000	0,31302215
475,60000000	0,31616633
475,80000000	0,31919198
476,00000000	0,32264541
476,20000000	0,32406459
476,40000000	0,32403094
476,60000000	0,32643165
476,80000000	0,32822702
477,00000000	0,33182417
477,20000000	0,33304260
477,40000000	0,33176864
477,60000000	0,33567125
477,80000000	0,33854525
478,00000000	0,33547565
478,20000000	0,33569341
478,40000000	0,34104601
478,60000000	0,34601329
478,80000000	0,34616852
479,00000000	0,34544522
479,20000000	0,34620983
479,40000000	0,35324050
479,60000000	0,35660278
479,80000000	0,35374072
480,00000000	0,35518786
480,20000000	0,35986574
480,40000000	0,36519302
480,60000000	0,36455961
480,80000000	0,36537323
481,00000000	0,36887917
481,20000000	0,37234582
481,40000000	0,37402347
481,60000000	0,37448070
481,80000000	0,37711669
482,00000000	0,38125938
482,20000000	0,38626322
482,40000000	0,38885935
482,60000000	0,39063752
482,80000000	0,39428269
483,00000000	0,39543537
483,20000000	0,40216298
483,40000000	0,40175471
483,60000000	0,40046854
483,80000000	0,40595620
484,00000000	0,40903346
484,20000000	0,41054934
484,40000000	0,40913002
484,60000000	0,41411878
484,80000000	0,41701960
485,00000000	0,41621167
485,20000000	0,41936950
485,40000000	0,42223302
485,60000000	0,42663553
485,80000000	0,42843744
486,00000000	0,42953203
486,20000000	0,43200249
486,40000000	0,43227704
486,60000000	0,43796258
486,80000000	0,44373109
487,00000000	0,44676047
487,20000000	0,44540179
487,40000000	0,44587324
487,60000000	0,45198009
487,80000000	0,45835551
488,00000000	0,45947262
488,20000000	0,46158984
488,40000000	0,46593189
488,60000000	0,47140228
488,80000000	0,47407252
489,00000000	0,47530005
489,20000000	0,47968730
489,40000000	0,48169570
489,60000000	0,48141940
489,80000000	0,48230618
490,00000000	0,48763654
490,20000000	0,49519974
490,40000000	0,50076480
490,60000000	0,50397719
490,80000000	0,50483280
491,00000000	0,50526796
491,20000000	0,51275263
491,40000000	0,51678803
491,60000000	0,51459284
491,80000000	0,51850840
492,00000000	0,52094639
492,20000000	0,52082122
492,40000000	0,52692467
492,60000000	0,53053786
492,80000000	0,53387465
493,00000000	0,54053630
493,20000000	0,54377959
493,40000000	0,54332187
493,60000000	0,54536100
493,80000000	0,54943012
494,00000000	0,55198894
494,20000000	0,55615826
494,40000000	0,55988993
494,60000000	0,56435411
494,80000000	0,56864461
495,00000000	0,56977057
495,20000000	0,57519920
495,40000000	0,57966511
495,60000000	0,57427380
495,80000000	0,57656860
496,00000000	0,58498708
496,20000000	0,59168000
496,40000000	0,59628002
496,60000000	0,59164961
496,80000000	0,58969356
497,00000000	0,59785985
497,20000000	0,60585608
497,40000000	0,60720529
497,60000000	0,60633780
497,80000000	0,61187579
498,00000000	0,61823953
498,20000000	0,61988307
498,40000000	0,62214717
498,60000000	0,62175321
498,80000000	0,62440670
499,00000000	0,62907436
499,20000000	0,62998874
499,40000000	0,63153845
499,60000000	0,63706839
499,80000000	0,63967057
500,00000000	0,64246458
500,20000000	0,64818040
500,40000000	0,64805653
500,60000000	0,64611708
500,80000000	0,65005480
501,00000000	0,65318015
501,20000000	0,65815639
501,40000000	0,66014588
501,60000000	0,65950071
501,80000000	0,66353641
502,00000000	0,66374983
502,20000000	0,66232246
502,40000000	0,66462109
502,60000000	0,67124792
502,80000000	0,67471891
503,00000000	0,67385059
503,20000000	0,67086468
503,40000000	0,67250150
503,60000000	0,67607588
503,80000000	0,67682796
504,00000000	0,67855119
504,20000000	0,68309605
504,40000000	0,68454693
504,60000000	0,68235558
504,80000000	0,68213367
505,00000000	0,68476516
505,20000000	0,68620867
505,40000000	0,68600866
505,60000000	0,68476463
505,80000000	0,68466995
506,00000000	0,68712792
506,20000000	0,69055673
506,40000000	0,69084156
506,60000000	0,68817779
506,80000000	0,68577770
507,00000000	0,68873256
507,20000000	0,68962736
507,40000000	0,68655989
507,60000000	0,68741730
507,80000000	0,69037938
508,00000000	0,68965172
508,20000000	0,68622457
508,40000000	0,68446618
508,60000000	0,68467756
508,80000000	0,68489324
509,00000000	0,68474219
509,20000000	0,68214463
509,40000000	0,68139847
509,60000000	0,68213819
509,80000000	0,68032798
510,00000000	0,67895834
510,20000000	0,67953453
510,40000000	0,67789191
510,60000000	0,67656825
510,80000000	0,67440525
511,00000000	0,67377912
511,20000000	0,67343302
511,40000000	0,67041158
511,60000000	0,66713777
511,80000000	0,66801073
512,00000000	0,66631306
512,20000000	0,66478559
512,40000000	0,66432680
512,60000000	0,66114934
512,80000000	0,65868515
513,00000000	0,65689620
513,20000000	0,65553359
513,40000000	0,65301101
513,60000000	0,65110450
513,80000000	0,65081382
514,00000000	0,64739922
514,20000000	0,64414686
514,40000000	0,64305808
514,60000000	0,64138218
514,80000000	0,63717267
515,00000000	0,63514976
515,20000000	0,63550860
515,40000000	0,63384066
515,60000000	0,63012424
515,80000000	0,62734114
516,00000000	0,62516490
516,20000000	0,62284095
516,40000000	0,62034675
516,60000000	0,61813368
516,80000000	0,61573893
517,00000000	0,61435975
517,20000000	0,61326916
517,40000000	0,61050136
517,60000000	0,60629484
517,80000000	0,60447602
518,00000000	0,60337218
518,20000000	0,60044015
518,40000000	0,59689558
518,60000000	0,59506051
518,80000000	0,59426928
519,00000000	0,59171312
519,20000000	0,58816999
519,40000000	0,58550558
519,60000000	0,58439194
519,80000000	0,58282472
520,00000000	0,57936838
520,20000000	0,57668767
520,40000000	0,57588703
520,60000000	0,57417619
520,80000000	0,57088987
521,00000000	0,56818397
521,20000000	0,56694979
521,40000000	0,56537220
521,60000000	0,56259997
521,80000000	0,55991343
522,00000000	0,55795783
522,20000000	0,55681895
522,40000000	0,55517465
522,60000000	0,55218170
522,80000000	0,55032994
523,00000000	0,54904359
523,20000000	0,54663822
523,40000000	0,54367368
523,60000000	0,54223277
523,80000000	0,54199619
524,00000000	0,53978675
524,20000000	0,53636921
524,40000000	0,53497410
524,60000000	0,53480408
524,80000000	0,53190701
525,00000000	0,52840801
525,20000000	0,52853467
525,40000000	0,52814947
525,60000000	0,52540752
525,80000000	0,52282210
526,00000000	0,52217998
526,20000000	0,52157898
526,40000000	0,51912035
526,60000000	0,51648829
526,80000000	0,51591330
527,00000000	0,51542678
527,20000000	0,51305189
527,40000000	0,51023422
527,60000000	0,50857900
527,80000000	0,50921270
528,00000000	0,50852427
528,20000000	0,50554253
528,40000000	0,50472235
528,60000000	0,50508639
528,80000000	0,50342869
529,00000000	0,49941205
529,20000000	0,49724768
529,40000000	0,49771838
529,60000000	0,49830561
529,80000000	0,49581134
530,00000000	0,49366567
530,20000000	0,49507634
530,40000000	0,49375099
530,60000000	0,48962112
530,80000000	0,48885589
531,00000000	0,48881464
531,20000000	0,48737670
531,40000000	0,48523212
531,60000000	0,48453310
531,80000000	0,48500104
532,00000000	0,48516072
532,20000000	0,48310722
532,40000000	0,48190312
532,60000000	0,48204836
532,80000000	0,48009658
533,00000000	0,47806452
533,20000000	0,47900326
533,40000000	0,47998019
533,60000000	0,47779998
533,80000000	0,47674796
534,00000000	0,47668482
534,20000000	0,47555096
534,40000000	0,47417734
534,60000000	0,47303401
534,80000000	0,47231151
535,00000000	0,47235898
535,20000000	0,47335156
535,40000000	0,47048002
535,60000000	0,46897897
535,80000000	0,47053270
536,00000000	0,46852173
536,20000000	0,46626651
536,40000000	0,46669586
536,60000000	0,46554201
536,80000000	0,46655653
537,00000000	0,46731938
537,20000000	0,46620920
537,40000000	0,46658732
537,60000000	0,46582138
537,80000000	0,46224291
538,00000000	0,46138232
538,20000000	0,46598501
538,40000000	0,46451060
538,60000000	0,46081164
538,80000000	0,46250028
539,00000000	0,46288166
539,20000000	0,45907612
539,40000000	0,46015235
539,60000000	0,46080809
539,80000000	0,45899048
540,00000000	0,46162825
540,20000000	0,46274931
540,40000000	0,45655618
540,60000000	0,45849087
540,80000000	0,46231709
541,00000000	0,45829248
541,20000000	0,45847465
541,40000000	0,46030266
541,60000000	0,45679810
541,80000000	0,45592831
542,00000000	0,45948478
542,20000000	0,45685203
542,40000000	0,45711801
542,60000000	0,46135135
542,80000000	0,45513383
543,00000000	0,45208572
543,20000000	0,46065444
543,40000000	0,46293492
543,60000000	0,45663699
543,80000000	0,45854437
544,00000000	0,46073732
544,20000000	0,46125269
544,40000000	0,46004574
544,60000000	0,45924549
544,80000000	0,45741151
545,00000000	0,46089514
545,20000000	0,45977684
545,40000000	0,45509355
545,60000000	0,46178786
545,80000000	0,46444030
546,00000000	0,45599704
546,20000000	0,45548046
546,40000000	0,46164954
546,60000000	0,46192275
546,80000000	0,46301494
547,00000000	0,46066745
547,20000000	0,45802633
547,40000000	0,46228545
547,60000000	0,46988099
547,80000000	0,46232582
548,00000000	0,46294916
548,20000000	0,47350361
548,40000000	0,46693986
548,60000000	0,45978888
548,80000000	0,47148957
549,00000000	0,47774848
549,20000000	0,46773244
549,40000000	0,46390778
549,60000000	0,46924275
549,80000000	0,47393681
550,00000000	0,47105690
550,20000000	0,46595843
550,40000000	0,47032749
550,60000000	0,47767254
550,80000000	0,47262367
551,00000000	0,47102707
551,20000000	0,47937967
551,40000000	0,48308070
551,60000000	0,47333206
551,80000000	0,47274107
552,00000000	0,48254041
552,20000000	0,48154244
552,40000000	0,47905620
552,60000000	0,48020546
552,80000000	0,48142794
553,00000000	0,48281319
553,20000000	0,48599543
553,40000000	0,48105801
553,60000000	0,48647813
553,80000000	0,48957847
554,00000000	0,48620187
554,20000000	0,48438490
554,40000000	0,49318449
554,60000000	0,49982714
554,80000000	0,48976944
555,00000000	0,48764428
555,20000000	0,49736932
555,40000000	0,49964697
555,60000000	0,49596401
555,80000000	0,49717628
556,00000000	0,50137145
556,20000000	0,50325498
556,40000000	0,50024395
556,60000000	0,50765306
556,80000000	0,51143211
557,00000000	0,50452396
557,20000000	0,50611147
557,40000000	0,51456964
557,60000000	0,51116729
557,80000000	0,51562836
558,00000000	0,51890587
558,20000000	0,51649946
558,40000000	0,51336171
558,60000000	0,51515725
558,80000000	0,52590680
559,00000000	0,52140244
559,20000000	0,51828567
559,40000000	0,52647142
559,60000000	0,52634250
559,80000000	0,52311600
560,00000000	0,53132223
560,20000000	0,53188741
560,40000000	0,52998358
560,60000000	0,52811728
560,80000000	0,53420381
561,00000000	0,53540180
561,20000000	0,53765105
561,40000000	0,54024269
561,60000000	0,53443283
561,80000000	0,53398325
562,00000000	0,54529471
562,20000000	0,55035681
562,40000000	0,54830882
562,60000000	0,54383567
562,80000000	0,54760312
563,00000000	0,55291944
563,20000000	0,54874520
563,40000000	0,55703512
563,60000000	0,56189841
563,80000000	0,55111484
564,00000000	0,55450987
564,20000000	0,56665528
564,40000000	0,56587051
564,60000000	0,55386892
564,80000000	0,55701862
565,00000000	0,57255705
565,20000000	0,56539722
565,40000000	0,56359238
565,60000000	0,57389461
565,80000000	0,57118887
566,00000000	0,56334077
566,20000000	0,57012499
566,40000000	0,58231738
566,60000000	0,57843117
566,80000000	0,57603801
567,00000000	0,58243403
567,20000000	0,58497806
567,40000000	0,58001392
567,60000000	0,57860075
567,80000000	0,58251521
568,00000000	0,58640906
568,20000000	0,58419098
568,40000000	0,59031998
568,60000000	0,59097985
568,80000000	0,59414642
569,00000000	0,59519506
569,20000000	0,59642143
569,40000000	0,59687255
569,60000000	0,60271910
569,80000000	0,60385483
570,00000000	0,59558820
570,20000000	0,60211855
570,40000000	0,61357618
570,60000000	0,60754000
570,80000000	0,60405972
571,00000000	0,61224848
571,20000000	0,61410374
571,40000000	0,60872725
571,60000000	0,61128324
571,80000000	0,62391272
572,00000000	0,61853279
572,20000000	0,61070698
572,40000000	0,61898627
572,60000000	0,62869927
572,80000000	0,62259774
573,00000000	0,61935300
573,20000000	0,62654800
573,40000000	0,63217710
573,60000000	0,62570814
573,80000000	0,62990302
574,00000000	0,63693971
574,20000000	0,63310414
574,40000000	0,62878983
574,60000000	0,64049661
574,80000000	0,64535189
575,00000000	0,63371877
575,20000000	0,63778523
575,40000000	0,64553135
575,60000000	0,64690713
575,80000000	0,64299707
576,00000000	0,64771110
576,20000000	0,64913702
576,40000000	0,64527216
576,60000000	0,64576223
576,80000000	0,65343512
577,00000000	0,65784270
577,20000000	0,65550813
577,40000000	0,65107717
577,60000000	0,66133911
577,80000000	0,66387007
578,00000000	0,65867216
578,20000000	0,66530932
578,40000000	0,67510450
578,60000000	0,66524135
578,80000000	0,66062189
579,00000000	0,67317325
579,20000000	0,67305091
579,40000000	0,66537770
579,60000000	0,67461369
579,80000000	0,68770504
580,00000000	0,67992848
580,20000000	0,67318158
580,40000000	0,68193761
580,60000000	0,68854002
580,80000000	0,67962291
581,00000000	0,68295184
581,20000000	0,69195504
581,40000000	0,69013741
581,60000000	0,68318353
581,80000000	0,69507168
582,00000000	0,69546134
582,20000000	0,68611982
582,40000000	0,69241053
582,60000000	0,70553587
582,80000000	0,69667586
583,00000000	0,69117931
583,20000000	0,70660722
583,40000000	0,71037689
583,60000000	0,69919368
583,80000000	0,70360616
584,00000000	0,71419039
584,20000000	0,71198977
584,40000000	0,70836543
584,60000000	0,72011739
584,80000000	0,72028061
585,00000000	0,71095470
585,20000000	0,71986067
585,40000000	0,72820464
585,60000000	0,72138349
585,80000000	0,71747580
586,00000000	0,72731068
586,20000000	0,72768146
586,40000000	0,72391243
586,60000000	0,72986047
586,80000000	0,73783253
587,00000000	0,73056106
587,20000000	0,73167212
587,40000000	0,73726350
587,60000000	0,73982540
587,80000000	0,73787175
588,00000000	0,74337578
588,20000000	0,74492888
588,40000000	0,74542107
588,60000000	0,75021745
588,80000000	0,75112002
589,00000000	0,74740641
589,20000000	0,75474977
589,40000000	0,75893144
589,60000000	0,75430757
589,80000000	0,75599862
590,00000000	0,76540302
590,20000000	0,76241460
590,40000000	0,76000774
590,60000000	0,76823117
590,80000000	0,76803543
591,00000000	0,76588108
591,20000000	0,76849363
591,40000000	0,77461221
591,60000000	0,77276118
591,80000000	0,77639383
592,00000000	0,78023727
592,20000000	0,77548369
592,40000000	0,77721453
592,60000000	0,78548586
592,80000000	0,78245822
593,00000000	0,78212725
593,20000000	0,78650060
593,40000000	0,78891467
593,60000000	0,78643704
593,80000000	0,79524876
594,00000000	0,79778257
594,20000000	0,79071471
594,40000000	0,79781946
594,60000000	0,80779274
594,80000000	0,79414217
595,00000000	0,79683837
595,20000000	0,80790171
595,40000000	0,80576362
595,60000000	0,80690132
595,80000000	0,81393844
596,00000000	0,81092405
596,20000000	0,80632291
596,40000000	0,81437897
596,60000000	0,81853683
596,80000000	0,80922937
597,00000000	0,81418867
597,20000000	0,82144300
597,40000000	0,82108296
597,60000000	0,82021923
597,80000000	0,82581877
598,00000000	0,82798802
598,20000000	0,82749750
598,40000000	0,82766308
598,60000000	0,83248172
598,80000000	0,83102864
599,00000000	0,83160340
599,20000000	0,83835045
599,40000000	0,83808605
599,60000000	0,83643996
599,80000000	0,84048805
600,00000000	0,84055844
600,20000000	0,84365176
600,40000000	0,84566142
600,60000000	0,84520752
600,80000000	0,84398313
601,00000000	0,84774502
601,20000000	0,85327669
601,40000000	0,85067049
601,60000000	0,85107664
601,80000000	0,85734917
602,00000000	0,85712675
602,20000000	0,85786924
602,40000000	0,86066317
602,60000000	0,86061549
602,80000000	0,86232969
603,00000000	0,86478625
603,20000000	0,86513544
603,40000000	0,86511773
603,60000000	0,87054430
603,80000000	0,87364777
604,00000000	0,87034368
604,20000000	0,87178794
604,40000000	0,87629431
604,60000000	0,87446720
604,80000000	0,87634810
605,00000000	0,88166201
605,20000000	0,88253352
605,40000000	0,88177256
605,60000000	0,88621254
605,80000000	0,88827565
606,00000000	0,88788167
606,20000000	0,89143164
606,40000000	0,89200912
606,60000000	0,89046273
606,80000000	0,89353861
607,00000000	0,89735537
607,20000000	0,89604350
607,40000000	0,89840772
607,60000000	0,89908845
607,80000000	0,89957365
608,00000000	0,90323472
608,20000000	0,90401681
608,40000000	0,90411673
608,60000000	0,90641543
608,80000000	0,90926102
609,00000000	0,91050239
609,20000000	0,91106830
609,40000000	0,91173302
609,60000000	0,91524268
609,80000000	0,91545490
610,00000000	0,91525754
610,20000000	0,91936612
610,40000000	0,91946237
610,60000000	0,91955140
610,80000000	0,92030190
611,00000000	0,92233564
611,20000000	0,92358410
611,40000000	0,92699030
611,60000000	0,92720710
611,80000000	0,92629623
612,00000000	0,92900329
612,20000000	0,93262405
612,40000000	0,93197718
612,60000000	0,93211433
612,80000000	0,93491402
613,00000000	0,93731009
613,20000000	0,93589714
613,40000000	0,93640579
613,60000000	0,93845141
613,80000000	0,94027587
614,00000000	0,94140629
614,20000000	0,94328503
614,40000000	0,94522301
614,60000000	0,94593550
614,80000000	0,94641152
615,00000000	0,94806379
615,20000000	0,95010510
615,40000000	0,95017237
615,60000000	0,95068184
615,80000000	0,95293047
616,00000000	0,95291913
616,20000000	0,95293614
616,40000000	0,95587935
616,60000000	0,95769585
616,80000000	0,95680377
617,00000000	0,95728739
617,20000000	0,95968475
617,40000000	0,96053208
617,60000000	0,96159990
617,80000000	0,96309115
618,00000000	0,96425229
618,20000000	0,96429957
618,40000000	0,96585211
618,60000000	0,96769492
618,80000000	0,96692305
619,00000000	0,96786938
619,20000000	0,96963205
619,40000000	0,97037944
619,60000000	0,97017046
619,80000000	0,97134045
620,00000000	0,97257780
620,20000000	0,97270397
620,40000000	0,97429194
620,60000000	0,97571796
620,80000000	0,97498251
621,00000000	0,97642423
621,20000000	0,97837256
621,40000000	0,97846901
621,60000000	0,97838715
621,80000000	0,97927812
622,00000000	0,97964506
622,20000000	0,98053728
622,40000000	0,98193607
622,60000000	0,98198772
622,80000000	0,98195302
623,00000000	0,98354932
623,20000000	0,98392981
623,40000000	0,98419153
623,60000000	0,98567112
623,80000000	0,98632861
624,00000000	0,98615464
624,20000000	0,98781099
624,40000000	0,98756501
624,60000000	0,98725927
624,80000000	0,98902178
625,00000000	0,98991379
625,20000000	0,98923998
625,40000000	0,98991730
625,60000000	0,99105385
625,80000000	0,99088137
626,00000000	0,99156017
626,20000000	0,99248248
626,40000000	0,99233695
626,60000000	0,99265018
626,80000000	0,99376709
627,00000000	0,99384446
627,20000000	0,99421373
627,40000000	0,99487173
627,60000000	0,99504302
627,80000000	0,99503948
628,00000000	0,99583993
628,20000000	0,99605927
628,40000000	0,99599471
628,60000000	0,99659941
628,80000000	0,99694393
629,00000000	0,99702049
629,20000000	0,99745596
629,40000000	0,99785336
629,60000000	0,99766154
629,80000000	0,99801315
630,00000000	0,99854587
630,20000000	0,99836602
630,40000000	0,99844105
630,60000000	0,99889252
630,80000000	0,99890098
631,00000000	0,99911921
631,20000000	0,99933125
631,40000000	0,99937141
631,60000000	0,99945213
631,80000000	0,99969611
632,00000000	0,99970991
632,20000000	0,99972067
632,40000000	0,99985727
632,60000000	0,99982304
632,80000000	0,99987076
633,00000000	0,99997729
633,20000000	0,99997101
633,40000000	0,99999225
633,60000000	0,99999367
633,80000000	0,99996494
634,00000000	0,99996069
634,20000000	0,99996226
634,40000000	0,99987277
634,60000000	0,99985801
634,80000000	0,99978172
635,00000000	0,99969780
635,20000000	0,99968933
635,40000000	0,99963267
635,60000000	0,99940805
635,80000000	0,99928386
636,00000000	0,99934859
636,20000000	0,99908099
636,40000000	0,99887971
636,60000000	0,99896284
636,80000000	0,99874404
637,00000000	0,99844728
637,20000000	0,99844252
637,40000000	0,99812401
637,60000000	0,99786790
637,80000000	0,99787698
638,00000000	0,99758845
638,20000000	0,99715620
638,40000000	0,99706977
638,60000000	0,99690066
638,80000000	0,99666548
639,00000000	0,99650345
639,20000000	0,99617008
639,40000000	0,99605448
639,60000000	0,99568091
639,80000000	0,99561131
640,00000000	0,99543831
640,20000000	0,99493138
640,40000000	0,99484190
640,60000000	0,99457607
640,80000000	0,99420083
641,00000000	0,99400327
641,20000000	0,99388020
641,40000000	0,99350471
641,60000000	0,99316806
641,80000000	0,99300491
642,00000000	0,99261256
642,20000000	0,99190944
642,40000000	0,99196882
642,60000000	0,99182462
642,80000000	0,99124140
643,00000000	0,99129734
643,20000000	0,99118912
643,40000000	0,99069555
643,60000000	0,99022184
643,80000000	0,98964332
644,00000000	0,98971370
644,20000000	0,98916737
644,40000000	0,98900035
644,60000000	0,98915642
644,80000000	0,98814285
645,00000000	0,98793568
645,20000000	0,98850578
645,40000000	0,98766328
645,60000000	0,98705219
645,80000000	0,98689341
646,00000000	0,98643394
646,20000000	0,98654039
646,40000000	0,98628177
646,60000000	0,98637475
646,80000000	0,98528072
647,00000000	0,98494055
647,20000000	0,98517940
647,40000000	0,98457944
647,60000000	0,98457700
647,80000000	0,98476605
648,00000000	0,98453384
648,20000000	0,98402260
648,40000000	0,98351782
648,60000000	0,98344173
648,80000000	0,98272338
649,00000000	0,98306631
649,20000000	0,98309920
649,40000000	0,98248799
649,60000000	0,98194089
649,80000000	0,98263655
650,00000000	0,98236084
650,20000000	0,98166891
650,40000000	0,98163280
650,60000000	0,98142495
650,80000000	0,98137030
651,00000000	0,98105864
651,20000000	0,98117978
651,40000000	0,98115226
651,60000000	0,98067104
651,80000000	0,98012201
652,00000000	0,98068065
652,20000000	0,98000308
652,40000000	0,97997018
652,60000000	0,98034439
652,80000000	0,97985988
653,00000000	0,97980810
653,20000000	0,98012083
653,40000000	0,98018237
653,60000000	0,97986644
653,80000000	0,98038785
654,00000000	0,97948957
654,20000000	0,97904411
654,40000000	0,97952463
654,60000000	0,97947541
654,80000000	0,97898870
655,00000000	0,97936166
655,20000000	0,97944499
655,40000000	0,97896023
655,60000000	0,97978744
655,80000000	0,97975626
656,00000000	0,97921297
656,20000000	0,97981428
656,40000000	0,97914568
656,60000000	0,97910827
656,80000000	0,97943167
657,00000000	0,97891617
657,20000000	0,97900242
657,40000000	0,97906681
657,60000000	0,97905259
657,80000000	0,97967517
658,00000000	0,97920849
658,20000000	0,97946206
658,40000000	0,98003803
658,60000000	0,97894614
658,80000000	0,97915252
659,00000000	0,98001339
659,20000000	0,97866014
659,40000000	0,97913232
659,60000000	0,97953828
659,80000000	0,97935033
660,00000000	0,97935309
660,20000000	0,97983607
660,40000000	0,97981819
660,60000000	0,97888648
660,80000000	0,97956993
661,00000000	0,98008298
661,20000000	0,98010536
661,40000000	0,97962887
661,60000000	0,97956030
661,80000000	0,97881276
662,00000000	0,97936117
662,20000000	0,98026924
662,40000000	0,97913763
662,60000000	0,97924951
662,80000000	0,97980650
663,00000000	0,98024847
663,20000000	0,97907393
663,40000000	0,97933104
663,60000000	0,98030081
663,80000000	0,98034522
664,00000000	0,98010311
664,20000000	0,97983704
664,40000000	0,97878357
664,60000000	0,97923460
664,80000000	0,98021217
665,00000000	0,97922132
665,20000000	0,97885834
665,40000000	0,97987039
665,60000000	0,97943620
665,80000000	0,97905518
666,00000000	0,97895305
666,20000000	0,97917581
666,40000000	0,97946469
666,60000000	0,97901329
666,80000000	0,97896307
667,00000000	0,97828320
667,20000000	0,97869943
667,40000000	0,97888888
667,60000000	0,97825962
667,80000000	0,97768584
668,00000000	0,97829188
668,20000000	0,97767992
668,40000000	0,97837153
668,60000000	0,97813334
668,80000000	0,97736833
669,00000000	0,97774821
669,20000000	0,97694544
669,40000000	0,97655978
669,60000000	0,97712990
669,80000000	0,97739748
670,00000000	0,97704462
670,20000000	0,97659169
670,40000000	0,97607666
670,60000000	0,97670657
670,80000000	0,97655090
671,00000000	0,97550844
671,20000000	0,97616444
671,40000000	0,97534355
671,60000000	0,97598661
671,80000000	0,97505199
672,00000000	0,97431891
672,20000000	0,97555517
672,40000000	0,97444337
672,60000000	0,97421663
672,80000000	0,97501159
673,00000000	0,97537197
673,20000000	0,97499491
673,40000000	0,97455471
673,60000000	0,97376139
673,80000000	0,97364493
674,00000000	0,97414803
674,20000000	0,97339336
674,40000000	0,97254214
674,60000000	0,97266247
674,80000000	0,97330202
675,00000000	0,97332415
675,20000000	0,97257639
675,40000000	0,97242425
675,60000000	0,97300485
675,80000000	0,97226102
676,00000000	0,97172864
676,20000000	0,97187468
676,40000000	0,97166737
676,60000000	0,97245622
676,80000000	0,97183093
677,00000000	0,97114272
677,20000000	0,97149786
677,40000000	0,97051194
677,60000000	0,97098383
677,80000000	0,97137088
678,00000000	0,97146368
678,20000000	0,97165144
678,40000000	0,97077631
678,60000000	0,97114194
678,80000000	0,97106384
679,00000000	0,97034968
679,20000000	0,97086810
679,40000000	0,97103396
679,60000000	0,97056658
679,80000000	0,97106291
680,00000000	0,96997729
680,20000000	0,97052939
680,40000000	0,97167734
680,60000000	0,96986520
680,80000000	0,97019891
681,00000000	0,97053535
681,20000000	0,96986930
681,40000000	0,97113616
681,60000000	0,97160501
681,80000000	0,97049870
682,00000000	0,97089948
682,20000000	0,97104221
682,40000000	0,97062765
682,60000000	0,97098124
682,80000000	0,97155789
683,00000000	0,97117479
683,20000000	0,97084469
683,40000000	0,97151218
683,60000000	0,97042423
683,80000000	0,97118066
684,00000000	0,97200773
684,20000000	0,97230852
684,40000000	0,97150812
684,60000000	0,97164222
684,80000000	0,97169999
685,00000000	0,97258749
685,20000000	0,97242053
685,40000000	0,97143307
685,60000000	0,97169952
685,80000000	0,97153922
686,00000000	0,97216673
686,20000000	0,97317559
686,40000000	0,97234550
686,60000000	0,97273026
686,80000000	0,97356116
687,00000000	0,97247922
687,20000000	0,97332086
687,40000000	0,97336891
687,60000000	0,97320694
687,80000000	0,97433734
688,00000000	0,97356005
688,20000000	0,97331192
688,40000000	0,97435006
688,60000000	0,97433134
688,80000000	0,97398192
689,00000000	0,97406073
689,20000000	0,97467820
689,40000000	0,97426336
689,60000000	0,97434914
689,80000000	0,97488310
690,00000000	0,97405775
690,20000000	0,97554269
690,40000000	0,97549602
690,60000000	0,97533008
690,80000000	0,97649959
691,00000000	0,97658701
691,20000000	0,97509338
691,40000000	0,97575390
691,60000000	0,97661079
691,80000000	0,97472965
692,00000000	0,97540921
692,20000000	0,97611884
692,40000000	0,97584268
692,60000000	0,97656618
692,80000000	0,97761101
693,00000000	0,97651565
693,20000000	0,97869701
693,40000000	0,97790655
693,60000000	0,97631577
693,80000000	0,97771464
694,00000000	0,97794466
694,20000000	0,97664974
694,40000000	0,97827229
694,60000000	0,97845469
694,80000000	0,97666568
695,00000000	0,97858430
695,20000000	0,97790589
695,40000000	0,97706045
695,60000000	0,97855675
695,80000000	0,97828315
696,00000000	0,97833299
696,20000000	0,97987601
696,40000000	0,97802969
696,60000000	0,97789715
696,80000000	0,97989703
697,00000000	0,97860252
697,20000000	0,97853270
697,40000000	0,97892786
697,60000000	0,97909616
697,80000000	0,97963319
698,00000000	0,97910946
698,20000000	0,97864325
698,40000000	0,97884853
698,60000000	0,97943422
698,80000000	0,97936562
699,00000000	0,97942798
699,20000000	0,97969380
699,40000000	0,97925800
699,60000000	0,97937293
699,80000000	0,97995786
700,00000000	0,98036334
700,20000000	0,98011872
700,40000000	0,98007867
700,60000000	0,98012826
700,80000000	0,98052158
701,00000000	0,98060675
701,20000000	0,98018241
701,40000000	0,98029231
701,60000000	0,97987996
701,80000000	0,98067724
702,00000000	0,98081975
702,20000000	0,98076828
702,40000000	0,98145368
702,60000000	0,98081410
702,80000000	0,98070626
703,00000000	0,98118567
703,20000000	0,98061622
703,40000000	0,98083456
703,60000000	0,98162079
703,80000000	0,98164192
704,00000000	0,98121749
704,20000000	0,98152090
704,40000000	0,98152020
704,60000000	0,98197123
704,80000000	0,98197736
705,00000000	0,98209997
705,20000000	0,98233078
705,40000000	0,98285846
705,60000000	0,98275605
705,80000000	0,98271578
706,00000000	0,98279430
706,20000000	0,98270470
706,40000000	0,98332230
706,60000000	0,98361508
706,80000000	0,98324364
707,00000000	0,98388148
707,20000000	0,98438800
707,40000000	0,98390888
707,60000000	0,98404532
707,80000000	0,98440022
708,00000000	0,98448458
708,20000000	0,98502795
708,40000000	0,98571344
708,60000000	0,98541565
708,80000000	0,98569640
709,00000000	0,98598695
709,20000000	0,98561235
709,40000000	0,98570379
709,60000000	0,98671933
709,80000000	0,98683223
710,00000000	0,98646681
710,20000000	0,98675024
710,40000000	0,98679445
710,60000000	0,98753973
710,80000000	0,98739203
711,00000000	0,98733821
711,20000000	0,98809354
711,40000000	0,98843709
711,60000000	0,98859065
711,80000000	0,98896284
712,00000000	0,98907527
712,20000000	0,98882323
712,40000000	0,98951751
712,60000000	0,98998051
712,80000000	0,98993391
713,00000000	0,99049660
713,20000000	0,99040859
713,40000000	0,99014528
713,60000000	0,99074543
713,80000000	0,99095723
714,00000000	0,99038147
714,20000000	0,99144130
714,40000000	0,99203322
714,60000000	0,99178288
714,80000000	0,99193680
715,00000000	0,99262041
715,20000000	0,99281176
715,40000000	0,99310608
715,60000000	0,99320610
715,80000000	0,99329879
716,00000000	0,99345607
716,20000000	0,99370749
716,40000000	0,99373746
716,60000000	0,99385967
716,80000000	0,99393231
717,00000000	0,99449221
717,20000000	0,99456191
717,40000000	0,99476718
717,60000000	0,99495791
717,80000000	0,99520003
718,00000000	0,99542016
718,20000000	0,99516204
718,40000000	0,99572937
718,60000000	0,99582344
718,80000000	0,99601005
719,00000000	0,99629590
719,20000000	0,99617776
719,40000000	0,99613794
719,60000000	0,99633820
719,80000000	0,99659469
720,00000000	0,99684451
720,20000000	0,99710893
720,40000000	0,99696842
720,60000000	0,99700897
720,80000000	0,99739214
721,00000000	0,99739771
721,20000000	0,99734112
721,40000000	0,99744204
721,60000000	0,99770745
721,80000000	0,99787529
722,00000000	0,99779731
722,20000000	0,99783809
722,40000000	0,99798355
722,60000000	0,99809944
722,80000000	0,99794671
723,00000000	0,99810182
723,20000000	0,99805627
723,40000000	0,99831378
723,60000000	0,99835780
723,80000000	0,99825237
724,00000000	0,99828613
724,20000000	0,99858036
724,40000000	0,99831338
724,60000000	0,99860272
724,80000000	0,99872465
725,00000000	0,99848283
725,20000000	0,99844625
725,40000000	0,99867001
725,60000000	0,99870376
725,80000000	0,99875344
726,00000000	0,99867654
726,20000000	0,99875625
726,40000000	0,99892504
726,60000000	0,99888553
726,80000000	0,99873734
727,00000000	0,99887525
727,20000000	0,99908415
727,40000000	0,99879885
727,60000000	0,99876795
727,80000000	0,99906082
728,00000000	0,99906684
728,20000000	0,99877308
728,40000000	0,99887883
728,60000000	0,99904907
728,80000000	0,99914932
729,00000000	0,99919771
729,20000000	0,99886643
729,40000000	0,99909949
729,60000000	0,99906692
729,80000000	0,99889811
730,00000000	0,99914330
730,20000000	0,99927132
730,40000000	0,99910585
730,60000000	0,99911128
730,80000000	0,99917803
731,00000000	0,99931194
731,20000000	0,99937725
731,40000000	0,99913575
731,60000000	0,99926742
731,80000000	0,99946918
732,00000000	0,99924166
732,20000000	0,99934167
732,40000000	0,99946330
732,60000000	0,99937355
732,80000000	0,99945882
733,00000000	0,99953728
733,20000000	0,99954567
733,40000000	0,99958661
733,60000000	0,99937751
733,80000000	0,99951576
734,00000000	0,99965985
734,20000000	0,99965132
734,40000000	0,99956425
734,60000000	0,99972982
734,80000000	0,99971950
735,00000000	0,99969101
735,20000000	0,99975773
735,40000000	0,99977889
735,60000000	0,99984288
735,80000000	0,99981893
736,00000000	0,99984841
736,20000000	0,99988627
736,40000000	0,99992836
736,60000000	0,99989370
736,80000000	0,99985841
737,00000000	0,99988787
737,20000000	0,99991120
737,40000000	0,99991001
737,60000000	0,99994352
737,80000000	0,99994796
738,00000000	0,99992698
738,20000000	0,99987362
738,40000000	0,99986353
738,60000000	0,99986378
738,80000000	0,99982233
739,00000000	0,99973491
739,20000000	0,99975927
739,40000000	0,99977732
739,60000000	0,99975453
739,80000000	0,99958325
740,00000000	0,99958531
740,20000000	0,99951072
740,40000000	0,99945718
740,60000000	0,99938380
740,80000000	0,99927397
741,00000000	0,99919777
741,20000000	0,99906499
741,40000000	0,99893357
741,60000000	0,99899836
741,80000000	0,99880921
742,00000000	0,99853751
742,20000000	0,99875940
742,40000000	0,99849170
742,60000000	0,99823054
742,80000000	0,99819839
743,00000000	0,99785721
743,20000000	0,99792341
743,40000000	0,99761378
743,60000000	0,99727526
743,80000000	0,99728709
744,00000000	0,99684090
744,20000000	0,99682463
744,40000000	0,99671983
744,60000000	0,99629223
744,80000000	0,99632174
745,00000000	0,99647183
745,20000000	0,99567027
745,40000000	0,99541398
745,60000000	0,99531513
745,80000000	0,99468848
746,00000000	0,99507521
746,20000000	0,99466950
746,40000000	0,99400682
746,60000000	0,99358082
746,80000000	0,99336633
747,00000000	0,99310194
747,20000000	0,99264360
747,40000000	0,99243369
747,60000000	0,99214908
747,80000000	0,99182639
748,00000000	0,99134932
748,20000000	0,99074476
748,40000000	0,99049972
748,60000000	0,99052366
748,80000000	0,99001243
749,00000000	0,98970903
749,20000000	0,98882271
749,40000000	0,98839686
749,60000000	0,98805423
749,80000000	0,98775219
750,00000000	0,98748895
750,20000000	0,98680739
750,40000000	0,98639968
750,60000000	0,98592234
750,80000000	0,98524491
751,00000000	0,98468160
751,20000000	0,98489744
751,40000000	0,98365008
751,60000000	0,98374647
751,80000000	0,98262272
752,00000000	0,98259267
752,20000000	0,98177111
752,40000000	0,98165859
752,60000000	0,98077966
752,80000000	0,98061959
753,00000000	0,97979217
753,20000000	0,97895527
753,40000000	0,97860921
753,60000000	0,97782765
753,80000000	0,97692375
754,00000000	0,97790455
754,20000000	0,97601193
754,40000000	0,97613371
754,60000000	0,97518426
754,80000000	0,97402208
755,00000000	0,97405629
755,20000000	0,97368040
755,40000000	0,97246219
755,60000000	0,97253564
755,80000000	0,97135000
756,00000000	0,97048544
756,20000000	0,97138083
756,40000000	0,96962837
756,60000000	0,96886761
756,80000000	0,96925689
757,00000000	0,96772497
757,20000000	0,96751330
757,40000000	0,96547610
757,60000000	0,96594577
757,80000000	0,96557993
758,00000000	0,96464156
758,20000000	0,96376462
758,40000000	0,96297632
758,60000000	0,96247489
758,80000000	0,96179655
759,00000000	0,96164578
759,20000000	0,95999568
759,40000000	0,95868847
759,60000000	0,95916528
759,80000000	0,95728105
760,00000000	0,95840264
760,20000000	0,95607638
760,40000000	0,95571633
760,60000000	0,95615280
760,80000000	0,95461580
761,00000000	0,95485440
761,20000000	0,95349460
761,40000000	0,95318008
761,60000000	0,95119755
761,80000000	0,95310150
762,00000000	0,95038059
762,20000000	0,94929790
762,40000000	0,95139777
762,60000000	0,94985107
762,80000000	0,94767839
763,00000000	0,94642832
763,20000000	0,94615400
763,40000000	0,94555975
763,60000000	0,94442108
763,80000000	0,94392666
764,00000000	0,94316105
764,20000000	0,94355293
764,40000000	0,94180647
764,60000000	0,94161255
764,80000000	0,93974776
765,00000000	0,93884754
765,20000000	0,94000151
765,40000000	0,93876805
765,60000000	0,93832493
765,80000000	0,93698575
766,00000000	0,93654349
766,20000000	0,93665619
766,40000000	0,93500782
766,60000000	0,93659731
766,80000000	0,93189111
767,00000000	0,93384957
767,20000000	0,93236855
767,40000000	0,93209103
767,60000000	0,93029165
767,80000000	0,92896769
768,00000000	0,93014217
768,20000000	0,92836873
768,40000000	0,92870602
768,60000000	0,92824167
768,80000000	0,92713387
769,00000000	0,92580034
769,20000000	0,92438527
769,40000000	0,92590440
769,60000000	0,92283293
769,80000000	0,92329662
770,00000000	0,92261750
770,20000000	0,92147343
770,40000000	0,92075093
770,60000000	0,92010022
770,80000000	0,92004824
771,00000000	0,91726361
771,20000000	0,91850603
771,40000000	0,91724626
771,60000000	0,91756003
771,80000000	0,91626686
772,00000000	0,91462776
772,20000000	0,91477198
772,40000000	0,91432919
772,60000000	0,91330454
772,80000000	0,91132539
773,00000000	0,91139995
773,20000000	0,91008388
773,40000000	0,91281616
773,60000000	0,91183197
773,80000000	0,90835008
774,00000000	0,90840013
774,20000000	0,90591110
774,40000000	0,90606467
774,60000000	0,90683021
774,80000000	0,90485837
775,00000000	0,90764401
775,20000000	0,90293127
775,40000000	0,90159514
775,60000000	0,90208937
775,80000000	0,90179302
776,00000000	0,89838414
776,20000000	0,90212709
776,40000000	0,90025468
776,60000000	0,89731292
776,80000000	0,89818981
777,00000000	0,89736825
777,20000000	0,89809606
777,40000000	0,89667924
777,60000000	0,89421424
777,80000000	0,89740706
778,00000000	0,89389614
778,20000000	0,89268812
778,40000000	0,89033886
778,60000000	0,89235326
778,80000000	0,89018787
779,00000000	0,89094266
779,20000000	0,89035603
779,40000000	0,88775763
779,60000000	0,88913817
779,80000000	0,88886702
780,00000000	0,88763673
780,20000000	0,88585469
780,40000000	0,88003911
780,60000000	0,88543349
780,80000000	0,88375790
781,00000000	0,88312014
781,20000000	0,88358638
781,40000000	0,88154206
781,60000000	0,88173263
781,80000000	0,88284624
782,00000000	0,87675978
782,20000000	0,87765548
782,40000000	0,87876027
782,60000000	0,87612085
782,80000000	0,87724627
783,00000000	0,87859550
783,20000000	0,87302152
783,40000000	0,87521731
783,60000000	0,87242262
783,80000000	0,87335306
784,00000000	0,87222218
784,20000000	0,87033029
784,40000000	0,86961691
784,60000000	0,87024368
784,80000000	0,86783058
785,00000000	0,86741830
785,20000000	0,86570128
785,40000000	0,86507449
785,60000000	0,86785583
785,80000000	0,86361364
786,00000000	0,86096520
786,20000000	0,86335319
786,40000000	0,86013638
786,60000000	0,86215768
786,80000000	0,85737583
787,00000000	0,85834030
787,20000000	0,86081414
787,40000000	0,85444180
787,60000000	0,85258703
787,80000000	0,85676096
788,00000000	0,85455207
788,20000000	0,85400028
788,40000000	0,85254035
788,60000000	0,85327047
788,80000000	0,85030776
789,00000000	0,84867431
789,20000000	0,84949985
789,40000000	0,85300557
789,60000000	0,84514120
789,80000000	0,84466661
790,00000000	0,84741179
790,20000000	0,84459896
790,40000000	0,84237500
790,60000000	0,84278281
790,80000000	0,84314683
791,00000000	0,84590725
791,20000000	0,83680104
791,40000000	0,83232293
791,60000000	0,84088802
791,80000000	0,83811419
792,00000000	0,83649374
792,20000000	0,83644721
792,40000000	0,83557441
792,60000000	0,83665512
792,80000000	0,83030542
793,00000000	0,82752749
793,20000000	0,83251184
793,40000000	0,82799254
793,60000000	0,82921053
793,80000000	0,83056596
794,00000000	0,82601801
794,20000000	0,82870616
794,40000000	0,82458025
794,60000000	0,82346079
794,80000000	0,82530111
795,00000000	0,82203694
795,20000000	0,82440470
795,40000000	0,82442834
795,60000000	0,81762928
795,80000000	0,81905216
796,00000000	0,81707301
796,20000000	0,81725994
796,40000000	0,81773861
796,60000000	0,81464952
796,80000000	0,81414907
797,00000000	0,81023279
797,20000000	0,81087440
797,40000000	0,81632592
797,60000000	0,81133421
797,80000000	0,80941781
798,00000000	0,81019593
798,20000000	0,80822642
798,40000000	0,81092897
798,60000000	0,80662471
798,80000000	0,80587547
799,00000000	0,80890677
799,20000000	0,80429017
799,40000000	0,80459529
799,60000000	0,80428602
799,80000000	0,79946122
800,00000000	0,80381082
800,20000000	0,80087020
800,40000000	0,80144454
800,60000000	0,80083186
800,80000000	0,80062501
801,00000000	0,79894726
801,20000000	0,79633076
801,40000000	0,80064478
801,60000000	0,80104647
801,80000000	0,80339357
802,00000000	0,79488366
802,20000000	0,79363341
802,40000000	0,79835214
802,60000000	0,79609729
802,80000000	0,79193400
803,00000000	0,79417679
803,20000000	0,79393785
803,40000000	0,79052146
803,60000000	0,79214208
803,80000000	0,79389724
804,00000000	0,78998060
804,20000000	0,78972344
804,40000000	0,79073039
804,60000000	0,78975612
804,80000000	0,78837344
805,00000000	0,79012604
805,20000000	0,78625488
805,40000000	0,78622902
805,60000000	0,79107581
805,80000000	0,78713871
806,00000000	0,79026153
806,20000000	0,78267749
806,40000000	0,78527212
806,60000000	0,78973354
806,80000000	0,78376990
807,00000000	0,78551011
807,20000000	0,78334868
807,40000000	0,78498279
807,60000000	0,78507316
807,80000000	0,77786809
808,00000000	0,78289777
808,20000000	0,78534208
808,40000000	0,78395224
808,60000000	0,78349903
808,80000000	0,77725048
809,00000000	0,78011389
809,20000000	0,78374290
809,40000000	0,77786543
809,60000000	0,78008824
809,80000000	0,78131156
810,00000000	0,77709477
810,20000000	0,78277066
810,40000000	0,77551554
810,60000000	0,77964439
810,80000000	0,77801204
811,00000000	0,77570058
811,20000000	0,77594797
811,40000000	0,77368235
811,60000000	0,77774205
811,80000000	0,77472655
812,00000000	0,77309865
812,20000000	0,77841394
812,40000000	0,77234177
812,60000000	0,77243024
812,80000000	0,77528186
813,00000000	0,77334449
813,20000000	0,77246216
813,40000000	0,77047179
813,60000000	0,77110563
813,80000000	0,77251576
814,00000000	0,76914399
814,20000000	0,77187140
814,40000000	0,77038513
814,60000000	0,76375588
814,80000000	0,77083029
815,00000000	0,76605168
815,20000000	0,76447552
815,40000000	0,76691852
815,60000000	0,76836091
815,80000000	0,76269514
816,00000000	0,76444460
816,20000000	0,76314367
816,40000000	0,76337171
816,60000000	0,76102524
816,80000000	0,76080362
817,00000000	0,76306232
817,20000000	0,75623846
817,40000000	0,76111364
817,60000000	0,76356466
817,80000000	0,75746509
818,00000000	0,75535097
818,20000000	0,75711849
818,40000000	0,75509860
818,60000000	0,75296048
818,80000000	0,75263604
819,00000000	0,75425531
819,20000000	0,75060311
819,40000000	0,75069293
819,60000000	0,74999526
819,80000000	0,74719288
820,00000000	0,74934705
820,20000000	0,74576755
820,40000000	0,74517538
820,60000000	0,74529795
820,80000000	0,74120814
821,00000000	0,74315037
821,20000000	0,74098193
821,40000000	0,73960050
821,60000000	0,73994493
821,80000000	0,73456796
822,00000000	0,73910648
822,20000000	0,73479056
822,40000000	0,73152443
822,60000000	0,73369365
822,80000000	0,73340874
823,00000000	0,73463835
823,20000000	0,73031965
823,40000000	0,72733287
823,60000000	0,72876994
823,80000000	0,72592889
824,00000000	0,72441107
824,20000000	0,72285848
824,40000000	0,72444391
824,60000000	0,72349871
824,80000000	0,71714477
825,00000000	0,71468728
825,20000000	0,71629505
825,40000000	0,71470311
825,60000000	0,71301525
825,80000000	0,71424729
826,00000000	0,71273847
826,20000000	0,71099514
826,40000000	0,71021192
826,60000000	0,71206193
826,80000000	0,70411150
827,00000000	0,69895529
827,20000000	0,70465432
827,40000000	0,70357699
827,60000000	0,70476087
827,80000000	0,70132785
828,00000000	0,69772957
828,20000000	0,70125163
828,40000000	0,69597988
828,60000000	0,69965160
828,80000000	0,69154440
829,00000000	0,69062982
829,20000000	0,69249412
829,40000000	0,69250707
829,60000000	0,68670767
829,80000000	0,68544329
830,00000000	0,68844316
830,20000000	0,68996463
830,40000000	0,68321761
830,60000000	0,68398935
830,80000000	0,67881592
831,00000000	0,68369096
831,20000000	0,68575865
831,40000000	0,68046486
831,60000000	0,67420186
831,80000000	0,67416308
832,00000000	0,68028672
832,20000000	0,67867489
832,40000000	0,67587416
832,60000000	0,67169149
832,80000000	0,67086404
833,00000000	0,67701174
833,20000000	0,67612770
833,40000000	0,66545843
833,60000000	0,66917734
833,80000000	0,67285653
834,00000000	0,67270863
834,20000000	0,67172371
834,40000000	0,66208266
834,60000000	0,66498387
834,80000000	0,66987434
835,00000000	0,66885942
835,20000000	0,66143904
835,40000000	0,65984336
835,60000000	0,66474464
835,80000000	0,66456638
836,00000000	0,66102649
836,20000000	0,66183066
836,40000000	0,65695972
836,60000000	0,65911072
836,80000000	0,66987653
837,00000000	0,66493530
837,20000000	0,64995738
837,40000000	0,65487559
837,60000000	0,66022162
837,80000000	0,66491738
838,00000000	0,65330936
838,20000000	0,65480560
838,40000000	0,65327195
838,60000000	0,66252951
838,80000000	0,66185340
839,00000000	0,65199174
839,20000000	0,65311749
839,40000000	0,66162890
839,60000000	0,65938780
839,80000000	0,65859917
840,00000000	0,65118788
840,20000000	0,65177385
840,40000000	0,65909791
840,60000000	0,66238040
840,80000000	0,65419540
841,00000000	0,64887798
841,20000000	0,65212957
841,40000000	0,65932968
841,60000000	0,65644151
841,80000000	0,65198230
842,00000000	0,64915308
842,20000000	0,65918551
842,40000000	0,66000137
842,60000000	0,65379869
842,80000000	0,64646027
843,00000000	0,65401224
843,20000000	0,66136892
843,40000000	0,65869904
843,60000000	0,65377804
843,80000000	0,65215852
844,00000000	0,65460666
844,20000000	0,66124797
844,40000000	0,65965406
844,60000000	0,65308776
844,80000000	0,65164501
845,00000000	0,65858095
845,20000000	0,65973151
845,40000000	0,66036050
845,60000000	0,65367852
845,80000000	0,65385357
846,00000000	0,66118234
846,20000000	0,66167526
846,40000000	0,65928894
846,60000000	0,65580574
846,80000000	0,66045530
847,00000000	0,66472404
847,20000000	0,66188336
847,40000000	0,65581189
847,60000000	0,65673328
847,80000000	0,66144433
848,00000000	0,66546481
848,20000000	0,66569680
848,40000000	0,65746412
848,60000000	0,65696986
848,80000000	0,66413175
849,00000000	0,66318224
849,20000000	0,65886775
849,40000000	0,65652113
849,60000000	0,66362608
849,80000000	0,66746339
850,00000000	0,66663199
850,20000000	0,66086194
850,40000000	0,65553862
850,60000000	0,66299607
850,80000000	0,67061740
851,00000000	0,66080073
851,20000000	0,65842207
851,40000000	0,66307607
851,60000000	0,66601096
851,80000000	0,66698965
852,00000000	0,66168981
852,20000000	0,66133095
852,40000000	0,66730102
852,60000000	0,66774393
852,80000000	0,66851700
853,00000000	0,66356771
853,20000000	0,66119181
853,40000000	0,66394605
853,60000000	0,67003923
853,80000000	0,66314539
854,00000000	0,65779333
854,20000000	0,66520229
854,40000000	0,66614284
854,60000000	0,66569712
854,80000000	0,66294551
855,00000000	0,65876611
855,20000000	0,66655320
855,40000000	0,66448382
855,60000000	0,66628205
855,80000000	0,65878333
856,00000000	0,66173277
856,20000000	0,66352671
856,40000000	0,65935018
856,60000000	0,66078946
856,80000000	0,66121117
857,00000000	0,66283000
857,20000000	0,66314397
857,40000000	0,65788217
857,60000000	0,65971179
857,80000000	0,65908996
858,00000000	0,66405229
858,20000000	0,65839539
858,40000000	0,65833828
858,60000000	0,65672307
858,80000000	0,65823109
859,00000000	0,66263148
859,20000000	0,65688487
859,40000000	0,65552787
859,60000000	0,65358920
859,80000000	0,65817413
860,00000000	0,65957542
860,20000000	0,65536382
860,40000000	0,65501645
860,60000000	0,65675302
860,80000000	0,65798613
861,00000000	0,65710582
861,20000000	0,65260263
861,40000000	0,65439002
861,60000000	0,65624092
861,80000000	0,65624073
862,00000000	0,65303875
862,20000000	0,64962936
862,40000000	0,64993600
862,60000000	0,65341110
862,80000000	0,65044829
863,00000000	0,65116552
863,20000000	0,64641141
863,40000000	0,64934889
863,60000000	0,65061916
863,80000000	0,64964218
864,00000000	0,64772293
864,20000000	0,65141551
864,40000000	0,65035906
864,60000000	0,64988902
864,80000000	0,64764064
865,00000000	0,64264623
865,20000000	0,65023979
865,40000000	0,64745561
865,60000000	0,64904225
865,80000000	0,64290578
866,00000000	0,64501392
866,20000000	0,64476677
866,40000000	0,64940814
866,60000000	0,64531876
866,80000000	0,64027880
867,00000000	0,64073040
867,20000000	0,64614575
867,40000000	0,64411768
867,60000000	0,64126588
867,80000000	0,64139914
868,00000000	0,64204637
868,20000000	0,64696429
868,40000000	0,64063711
868,60000000	0,63752803
868,80000000	0,63939654
869,00000000	0,63842781
869,20000000	0,64235023
869,40000000	0,63865444
869,60000000	0,63960363
869,80000000	0,63896275
870,00000000	0,64090086
870,20000000	0,64126133
870,40000000	0,63414486
870,60000000	0,63317524
870,80000000	0,64142583
871,00000000	0,64330818
871,20000000	0,63391250
871,40000000	0,63381383
871,60000000	0,63404081
871,80000000	0,64011220
872,00000000	0,63922362
872,20000000	0,63817984
872,40000000	0,63125244
872,60000000	0,63684565
872,80000000	0,63933985
873,00000000	0,63380721
873,20000000	0,63490690
873,40000000	0,63608802
873,60000000	0,63660987
873,80000000	0,63849864
874,00000000	0,63296420
874,20000000	0,63559290
874,40000000	0,63309165
874,60000000	0,63803968
874,80000000	0,63612130
875,00000000	0,63268440
875,20000000	0,63663436
875,40000000	0,63798581
875,60000000	0,63332444
875,80000000	0,63465488
876,00000000	0,63609232
876,20000000	0,63215732
876,40000000	0,63520302
876,60000000	0,63676762
876,80000000	0,63619588
877,00000000	0,63210899
877,20000000	0,63293581
877,40000000	0,63448961
877,60000000	0,63232425
877,80000000	0,63018329
878,00000000	0,63308210
878,20000000	0,63411613
878,40000000	0,63177439
878,60000000	0,63077738
878,80000000	0,63296273
879,00000000	0,63362774
879,20000000	0,63272244
879,40000000	0,63173676
879,60000000	0,63043696
879,80000000	0,63223127
880,00000000	0,63145927
880,20000000	0,63248914
880,40000000	0,63171380
880,60000000	0,63002845
880,80000000	0,63288724
881,00000000	0,63114202
881,20000000	0,63346568
881,40000000	0,62728414
881,60000000	0,63307434
881,80000000	0,63268940
882,00000000	0,63080544
882,20000000	0,63028252
882,40000000	0,62896183
882,60000000	0,62892695
882,80000000	0,63046228
883,00000000	0,63157484
883,20000000	0,63139798
883,40000000	0,62524033
883,60000000	0,62722057
883,80000000	0,63074952
884,00000000	0,62964470
884,20000000	0,62544079
884,40000000	0,62413973
884,60000000	0,63317517
884,80000000	0,62769305
885,00000000	0,62550058
885,20000000	0,62796360
885,40000000	0,62456360
885,60000000	0,63056222
885,80000000	0,62756141
886,00000000	0,62323293
886,20000000	0,62479234
886,40000000	0,62547138
886,60000000	0,62676964
886,80000000	0,62753808
887,00000000	0,62122695
887,20000000	0,62363977
887,40000000	0,62546501
887,60000000	0,62517963
887,80000000	0,62259576
888,00000000	0,62289505
888,20000000	0,62102260
888,40000000	0,62594981
888,60000000	0,62486418
888,80000000	0,62223741
889,00000000	0,61873167
889,20000000	0,62255891
889,40000000	0,62496117
889,60000000	0,61999217
889,80000000	0,62307857
890,00000000	0,62017172
890,20000000	0,62185928
890,40000000	0,62315363
890,60000000	0,62037750
890,80000000	0,61881345
891,00000000	0,62303119
891,20000000	0,62268223
891,40000000	0,61934866
891,60000000	0,61780214
891,80000000	0,61911106
892,00000000	0,62196012
892,20000000	0,62237028
892,40000000	0,61852238
892,60000000	0,61772778
892,80000000	0,62004776
893,00000000	0,62252570
893,20000000	0,61819255
893,40000000	0,61848164
893,60000000	0,61921874
893,80000000	0,62039252
894,00000000	0,62070895
894,20000000	0,62221645
894,40000000	0,62047274
894,60000000	0,61860791
894,80000000	0,61988426
895,00000000	0,62173380
895,20000000	0,62125056
895,40000000	0,61917712
895,60000000	0,62060539
895,80000000	0,62164576
896,00000000	0,62420257
896,20000000	0,61955066
896,40000000	0,62219771
896,60000000	0,62122721
896,80000000	0,62437964
897,00000000	0,62322248
897,20000000	0,62242420
897,40000000	0,62391121
897,60000000	0,62540497
897,80000000	0,62664263
898,00000000	0,62212924
898,20000000	0,62320181
898,40000000	0,62826631
898,60000000	0,62698147
898,80000000	0,62652162
899,00000000	0,62404700
899,20000000	0,62670771
899,40000000	0,62940474
899,60000000	0,62929359
899,80000000	0,62935323
900,00000000	0,62784142
