200,00000000	0,96454880
200,20000000	0,81074026
200,40000000	0,97967643
200,60000000	0,97101406
200,80000000	0,99822634
201,00000000	0,92076176
201,20000000	0,99325728
201,40000000	0,92442438
201,60000000	0,93415574
201,80000000	0,94826329
202,00000000	0,98574545
202,20000000	0,91691502
202,40000000	0,83776074
202,60000000	0,96834252
202,80000000	0,99389650
203,00000000	0,86571903
203,20000000	0,96757917
203,40000000	0,93116860
203,60000000	0,80027071
203,80000000	0,95497861
204,00000000	0,92479230
204,20000000	0,93274456
204,40000000	0,97274417
204,60000000	0,84221284
204,80000000	0,92269646
205,00000000	0,98854085
205,20000000	0,92287418
205,40000000	0,92028154
205,60000000	0,89513236
205,80000000	0,99950663
206,00000000	0,86849186
206,20000000	0,94890697
206,40000000	0,82236521
206,60000000	0,91335950
206,80000000	0,98950126
207,00000000	0,90754822
207,20000000	0,97751765
207,40000000	0,84441451
207,60000000	0,81543794
207,80000000	0,97877122
208,00000000	0,93610436
208,20000000	0,91517095
208,40000000	0,90533626
208,60000000	0,81498801
208,80000000	0,94275279
209,00000000	0,88337896
209,20000000	0,97270253
209,40000000	0,82446652
209,60000000	0,81552711
209,80000000	0,73440304
210,00000000	0,94153869
210,20000000	0,96878973
210,40000000	0,94478850
210,60000000	0,72604267
210,80000000	0,87945229
211,00000000	0,70221698
211,20000000	0,97247419
211,40000000	0,99136080
211,60000000	0,39321548
211,80000000	0,99448335
212,00000000	0,47599275
212,20000000	0,73308046
212,40000000	0,99503703
212,60000000	0,56504128
212,80000000	0,94492164
213,00000000	0,82636963
213,20000000	0,82929294
213,40000000	0,93922504
213,60000000	0,77742455
213,80000000	0,88007368
214,00000000	0,86611285
214,20000000	0,72704082
214,40000000	0,49447446
214,60000000	0,87827137
214,80000000	0,89875613
215,00000000	0,58642281
215,20000000	0,97005434
215,40000000	0,85741537
215,60000000	0,88117934
215,80000000	0,95535869
216,00000000	0,84613058
216,20000000	0,34423857
216,40000000	0,84417203
216,60000000	0,77916985
216,80000000	0,96566564
217,00000000	0,81564487
217,20000000	0,81816314
217,40000000	0,89404115
217,60000000	0,67986503
217,80000000	0,28806841
218,00000000	0,94776964
218,20000000	0,67514294
218,40000000	0,88536031
218,60000000	0,75032451
218,80000000	0,94201348
219,00000000	0,80755441
219,20000000	0,10224843
219,40000000	0,74537936
219,60000000	0,86490493
219,80000000	0,78755600
220,00000000	0,87107331
220,20000000	0,81483039
220,40000000	0,70476790
220,60000000	0,86539144
220,80000000	0,74688577
221,00000000	0,78135791
221,20000000	0,82819581
221,40000000	0,72545268
221,60000000	0,60258781
221,80000000	0,84580663
222,00000000	0,61387826
222,20000000	0,89259950
222,40000000	0,75228677
222,60000000	0,61118970
222,80000000	0,65532148
223,00000000	0,79889634
223,20000000	0,77986117
223,40000000	0,68799491
223,60000000	0,84487972
223,80000000	0,69092368
224,00000000	0,54421354
224,20000000	0,41987529
224,40000000	0,82376042
224,60000000	0,72809675
224,80000000	0,62470852
225,00000000	0,72622532
225,20000000	0,67266021
225,40000000	0,77127643
225,60000000	0,59490257
225,80000000	0,58713955
226,00000000	0,67500884
226,20000000	0,50528722
226,40000000	0,73392943
226,60000000	0,74885374
226,80000000	0,72578433
227,00000000	0,53387741
227,20000000	0,63056073
227,40000000	0,73130761
227,60000000	0,60057676
227,80000000	0,56973407
228,00000000	0,72648848
228,20000000	0,62643412
228,40000000	0,49462397
228,60000000	0,67419424
228,80000000	0,66831182
229,00000000	0,67048868
229,20000000	0,58254889
229,40000000	0,70278632
229,60000000	0,53304152
229,80000000	0,44089972
230,00000000	0,65299413
230,20000000	0,73401603
230,40000000	0,63366270
230,60000000	0,54589208
230,80000000	0,66416733
231,00000000	0,67155471
231,20000000	0,56576836
231,40000000	0,55533890
231,60000000	0,54324306
231,80000000	0,49941923
232,00000000	0,64124686
232,20000000	0,52135969
232,40000000	0,59433227
232,60000000	0,63508544
232,80000000	0,40551238
233,00000000	0,62148675
233,20000000	0,65181828
233,40000000	0,49702860
233,60000000	0,42618155
233,80000000	0,55416524
234,00000000	0,63736895
234,20000000	0,48510338
234,40000000	0,38681600
234,60000000	0,48626582
234,80000000	0,60564552
235,00000000	0,43202165
235,20000000	0,53475824
235,40000000	0,49251653
235,60000000	0,44446559
235,80000000	0,61022389
236,00000000	0,41206857
236,20000000	0,56660947
236,40000000	0,55502581
236,60000000	0,37362319
236,80000000	0,54394405
237,00000000	0,63897444
237,20000000	0,55017307
237,40000000	0,38644480
237,60000000	0,57537420
237,80000000	0,48810481
238,00000000	0,48916908
238,20000000	0,54967769
238,40000000	0,38315593
238,60000000	0,52771221
238,80000000	0,43486781
239,00000000	0,46752692
239,20000000	0,46462333
239,40000000	0,63022136
239,60000000	0,47803393
239,80000000	0,50829867
240,00000000	0,49245160
240,20000000	0,54362874
240,40000000	0,48321170
240,60000000	0,38154397
240,80000000	0,70542595
241,00000000	0,38581075
241,20000000	0,38760242
241,40000000	0,52319744
241,60000000	0,53765193
241,80000000	0,50382717
242,00000000	0,25591109
242,20000000	0,52767645
242,40000000	0,48978200
242,60000000	0,43770835
242,80000000	0,47827445
243,00000000	0,44263281
243,20000000	0,67937351
243,40000000	0,36610403
243,60000000	0,39731429
243,80000000	0,48079185
244,00000000	0,53417933
244,20000000	0,48888831
244,40000000	0,32239789
244,60000000	0,42760833
244,80000000	0,59308891
245,00000000	0,43473667
245,20000000	0,35671417
245,40000000	0,49395672
245,60000000	0,42875114
245,80000000	0,41637173
246,00000000	0,38181042
246,20000000	0,51162563
246,40000000	0,46171377
246,60000000	0,37841978
246,80000000	0,41358146
247,00000000	0,38942727
247,20000000	0,54364417
247,40000000	0,41338636
247,60000000	0,40781041
247,80000000	0,47619749
248,00000000	0,44254947
248,20000000	0,49108765
248,40000000	0,42032991
248,60000000	0,41908197
248,80000000	0,50950894
249,00000000	0,36585408
249,20000000	0,39479002
249,40000000	0,43174994
249,60000000	0,54235795
249,80000000	0,47386374
250,00000000	0,39389462
250,20000000	0,49911139
250,40000000	0,40246994
250,60000000	0,44265889
250,80000000	0,38829229
251,00000000	0,41621455
251,20000000	0,47316693
251,40000000	0,30839619
251,60000000	0,46880660
251,80000000	0,47806740
252,00000000	0,42231241
252,20000000	0,45912095
252,40000000	0,46642000
252,60000000	0,43824477
252,80000000	0,51107015
253,00000000	0,45307530
253,20000000	0,44418649
253,40000000	0,48699200
253,60000000	0,43758987
253,80000000	0,48546178
254,00000000	0,41763077
254,20000000	0,46634334
254,40000000	0,44482744
254,60000000	0,46791673
254,80000000	0,42014725
255,00000000	0,34713455
255,20000000	0,49298498
255,40000000	0,40001008
255,60000000	0,44410730
255,80000000	0,43085126
256,00000000	0,42374566
256,20000000	0,36023853
256,40000000	0,40443781
256,60000000	0,46711459
256,80000000	0,49680447
257,00000000	0,44946946
257,20000000	0,41475825
257,40000000	0,41430420
257,60000000	0,43252796
257,80000000	0,49011265
258,00000000	0,51336611
258,20000000	0,40706012
258,40000000	0,44076752
258,60000000	0,41804930
258,80000000	0,52619898
259,00000000	0,47753798
259,20000000	0,47073497
259,40000000	0,43073921
259,60000000	0,51817886
259,80000000	0,47126616
260,00000000	0,53189997
260,20000000	0,48662535
260,40000000	0,43670700
260,60000000	0,46988217
260,80000000	0,45176756
261,00000000	0,50734933
261,20000000	0,48407322
261,40000000	0,48725612
261,60000000	0,36761221
261,80000000	0,45823001
262,00000000	0,49006288
262,20000000	0,54455996
262,40000000	0,47883955
262,60000000	0,54214406
262,80000000	0,47465643
263,00000000	0,58131521
263,20000000	0,55208582
263,40000000	0,55249592
263,60000000	0,55148044
263,80000000	0,53169761
264,00000000	0,55412783
264,20000000	0,62229049
264,40000000	0,61533483
264,60000000	0,62886799
264,80000000	0,63026991
265,00000000	0,57998368
265,20000000	0,66977363
265,40000000	0,63442614
265,60000000	0,70286029
265,80000000	0,66325922
266,00000000	0,68025622
266,20000000	0,66425301
266,40000000	0,68346684
266,60000000	0,69161854
266,80000000	0,71872506
267,00000000	0,74977727
267,20000000	0,70459263
267,40000000	0,69429560
267,60000000	0,70581193
267,80000000	0,75230754
268,00000000	0,75868557
268,20000000	0,75058487
268,40000000	0,76590755
268,60000000	0,74675743
268,80000000	0,77466486
269,00000000	0,79078953
269,20000000	0,81701504
269,40000000	0,81132170
269,60000000	0,82055974
269,80000000	0,79201882
270,00000000	0,81645751
270,20000000	0,82941371
270,40000000	0,85463578
270,60000000	0,84570872
270,80000000	0,83619882
271,00000000	0,82988665
271,20000000	0,83072497
271,40000000	0,83922787
271,60000000	0,87183908
271,80000000	0,87054156
272,00000000	0,84749008
272,20000000	0,82470000
272,40000000	0,82971446
272,60000000	0,84542485
272,80000000	0,84238003
273,00000000	0,83762112
273,20000000	0,84181512
273,40000000	0,80036791
273,60000000	0,79421642
273,80000000	0,79704262
274,00000000	0,79869369
274,20000000	0,80099415
274,40000000	0,79130122
274,60000000	0,77578425
274,80000000	0,75975000
275,00000000	0,75300214
275,20000000	0,74753334
275,40000000	0,75548249
275,60000000	0,74049514
275,80000000	0,74355216
276,00000000	0,71600636
276,20000000	0,71840201
276,40000000	0,69417199
276,60000000	0,73437279
276,80000000	0,71252384
277,00000000	0,72482177
277,20000000	0,72146332
277,40000000	0,71315667
277,60000000	0,69812402
277,80000000	0,72278434
278,00000000	0,71838296
278,20000000	0,71404005
278,40000000	0,75043974
278,60000000	0,72138401
278,80000000	0,73525086
279,00000000	0,73321444
279,20000000	0,73513481
279,40000000	0,75033903
279,60000000	0,75717597
279,80000000	0,72334570
280,00000000	0,74066125
280,20000000	0,71284821
280,40000000	0,70379017
280,60000000	0,72341935
280,80000000	0,72149495
281,00000000	0,69128936
281,20000000	0,67684643
281,40000000	0,64505234
281,60000000	0,63622315
281,80000000	0,63206615
282,00000000	0,65042479
282,20000000	0,62933318
282,40000000	0,57837742
282,60000000	0,56426037
282,80000000	0,53481349
283,00000000	0,51161668
283,20000000	0,50507002
283,40000000	0,52791533
283,60000000	0,53162484
283,80000000	0,45965225
284,00000000	0,44571187
284,20000000	0,44966412
284,40000000	0,40928585
284,60000000	0,40219625
284,80000000	0,41406734
285,00000000	0,40611669
285,20000000	0,42912876
285,40000000	0,36523269
285,60000000	0,35997876
285,80000000	0,33721353
286,00000000	0,37934655
286,20000000	0,35725454
286,40000000	0,37651441
286,60000000	0,33496626
286,80000000	0,36208960
287,00000000	0,33204528
287,20000000	0,28370955
287,40000000	0,31745965
287,60000000	0,32269902
287,80000000	0,28897039
288,00000000	0,29420446
288,20000000	0,31133663
288,40000000	0,27062449
288,60000000	0,26517333
288,80000000	0,28226310
289,00000000	0,29264809
289,20000000	0,28053659
289,40000000	0,27756767
289,60000000	0,29232141
289,80000000	0,27313420
290,00000000	0,26867288
290,20000000	0,23906654
290,40000000	0,29048284
290,60000000	0,26873761
290,80000000	0,28542102
291,00000000	0,25859946
291,20000000	0,20707549
291,40000000	0,24885862
291,60000000	0,21922216
291,80000000	0,23011159
292,00000000	0,24483005
292,20000000	0,26432939
292,40000000	0,25422901
292,60000000	0,23877736
292,80000000	0,21833925
293,00000000	0,21383846
293,20000000	0,24314132
293,40000000	0,23339479
293,60000000	0,25784804
293,80000000	0,21251821
294,00000000	0,24156537
294,20000000	0,23496580
294,40000000	0,22889893
294,60000000	0,22683664
294,80000000	0,21046364
295,00000000	0,22424647
295,20000000	0,22871382
295,40000000	0,20342754
295,60000000	0,21948007
295,80000000	0,22173078
296,00000000	0,21293901
296,20000000	0,22029520
296,40000000	0,23023748
296,60000000	0,23346493
296,80000000	0,21848895
297,00000000	0,22039369
297,20000000	0,21835251
297,40000000	0,22161460
297,60000000	0,19241463
297,80000000	0,21274670
298,00000000	0,23192891
298,20000000	0,22261043
298,40000000	0,19914195
298,60000000	0,19683709
298,80000000	0,18751740
299,00000000	0,20954837
299,20000000	0,21677951
299,40000000	0,19775418
299,60000000	0,18674339
299,80000000	0,20769063
300,00000000	0,20664427
300,20000000	0,20291843
300,40000000	0,20363967
300,60000000	0,18345614
300,80000000	0,19361006
301,00000000	0,20048283
301,20000000	0,20812489
301,40000000	0,18895884
301,60000000	0,21872709
301,80000000	0,19268481
302,00000000	0,19785836
302,20000000	0,17760640
302,40000000	0,17658790
302,60000000	0,22214421
302,80000000	0,23137876
303,00000000	0,19775847
303,20000000	0,18741445
303,40000000	0,17753508
303,60000000	0,17108235
303,80000000	0,20428711
304,00000000	0,19865661
304,20000000	0,18782499
304,40000000	0,20010735
304,60000000	0,19524958
304,80000000	0,18927800
305,00000000	0,19347747
305,20000000	0,20457657
305,40000000	0,21210925
305,60000000	0,17913723
305,80000000	0,17279746
306,00000000	0,16739757
306,20000000	0,19741564
306,40000000	0,20866513
306,60000000	0,20304302
306,80000000	0,18440187
307,00000000	0,19279144
307,20000000	0,17741052
307,40000000	0,19422894
307,60000000	0,18125075
307,80000000	0,18931139
308,00000000	0,17916329
308,20000000	0,18699710
308,40000000	0,18801472
308,60000000	0,18341279
308,80000000	0,17195904
309,00000000	0,17316620
309,20000000	0,19134747
309,40000000	0,19192849
309,60000000	0,17545001
309,80000000	0,19105964
310,00000000	0,17877050
310,20000000	0,18630852
310,40000000	0,18444116
310,60000000	0,17812741
310,80000000	0,17665437
311,00000000	0,19062912
311,20000000	0,18458368
311,40000000	0,18460771
311,60000000	0,19367853
311,80000000	0,17547426
312,00000000	0,16085993
312,20000000	0,17468118
312,40000000	0,17768782
312,60000000	0,17594033
312,80000000	0,17009775
313,00000000	0,19227212
313,20000000	0,17785327
313,40000000	0,18334044
313,60000000	0,17335615
313,80000000	0,17868452
314,00000000	0,17522909
314,20000000	0,16371190
314,40000000	0,15541025
314,60000000	0,16974389
314,80000000	0,17434747
315,00000000	0,17951646
315,20000000	0,17492432
315,40000000	0,18126288
315,60000000	0,16591710
315,80000000	0,16790059
316,00000000	0,17456080
316,20000000	0,19125076
316,40000000	0,17841158
316,60000000	0,17312780
316,80000000	0,16850372
317,00000000	0,17444989
317,20000000	0,17777435
317,40000000	0,18546189
317,60000000	0,19469921
317,80000000	0,17793758
318,00000000	0,16943674
318,20000000	0,16020571
318,40000000	0,17972645
318,60000000	0,19159718
318,80000000	0,17910441
319,00000000	0,16796063
319,20000000	0,16780267
319,40000000	0,17635293
319,60000000	0,18127956
319,80000000	0,17060243
320,00000000	0,18055274
320,20000000	0,19027360
320,40000000	0,16934973
320,60000000	0,16997900
320,80000000	0,18559509
321,00000000	0,17200587
321,20000000	0,17158167
321,40000000	0,16902895
321,60000000	0,18992008
321,80000000	0,17193562
322,00000000	0,17683716
322,20000000	0,18212367
322,40000000	0,17341084
322,60000000	0,17106417
322,80000000	0,18538994
323,00000000	0,17421821
323,20000000	0,18024693
323,40000000	0,16238512
323,60000000	0,18068978
323,80000000	0,17421175
324,00000000	0,18638149
324,20000000	0,18291086
324,40000000	0,17494616
324,60000000	0,17877430
324,80000000	0,17746465
325,00000000	0,17870790
325,20000000	0,18854541
325,40000000	0,19301188
325,60000000	0,18321536
325,80000000	0,17961313
326,00000000	0,18008587
326,20000000	0,18846864
326,40000000	0,18724430
326,60000000	0,19402628
326,80000000	0,20695926
327,00000000	0,19464561
327,20000000	0,18688144
327,40000000	0,19122256
327,60000000	0,20287003
327,80000000	0,20279474
328,00000000	0,19167178
328,20000000	0,20645517
328,40000000	0,21020251
328,60000000	0,19842467
328,80000000	0,20085884
329,00000000	0,21757661
329,20000000	0,21467564
329,40000000	0,21463120
329,60000000	0,20415611
329,80000000	0,21906138
330,00000000	0,22418470
330,20000000	0,22625160
330,40000000	0,22755058
330,60000000	0,22553350
330,80000000	0,23476625
331,00000000	0,23591820
331,20000000	0,23495648
331,40000000	0,24692235
331,60000000	0,25693244
331,80000000	0,25334643
332,00000000	0,25495225
332,20000000	0,25763924
332,40000000	0,27014541
332,60000000	0,27336869
332,80000000	0,27928687
333,00000000	0,28485309
333,20000000	0,29304299
333,40000000	0,28947585
333,60000000	0,29971138
333,80000000	0,30597120
334,00000000	0,30638809
334,20000000	0,31534073
334,40000000	0,32130840
334,60000000	0,32788941
334,80000000	0,32105777
335,00000000	0,32508704
335,20000000	0,33646688
335,40000000	0,33396175
335,60000000	0,31719010
335,80000000	0,33323369
336,00000000	0,33163222
336,20000000	0,32952672
336,40000000	0,32533245
336,60000000	0,32658626
336,80000000	0,31904275
337,00000000	0,31618787
337,20000000	0,31971207
337,40000000	0,31394518
337,60000000	0,31384120
337,80000000	0,30431591
338,00000000	0,29805693
338,20000000	0,28058321
338,40000000	0,28862953
338,60000000	0,28873862
338,80000000	0,28483737
339,00000000	0,27193886
339,20000000	0,27315059
339,40000000	0,26332316
339,60000000	0,25400128
339,80000000	0,25340816
340,00000000	0,25790038
340,20000000	0,25880349
340,40000000	0,24194044
340,60000000	0,23845703
340,80000000	0,23123200
341,00000000	0,22897082
341,20000000	0,22771705
341,40000000	0,23347337
341,60000000	0,23098960
341,80000000	0,22107928
342,00000000	0,21908261
342,20000000	0,22267554
342,40000000	0,21738061
342,60000000	0,20766014
342,80000000	0,21741154
343,00000000	0,21797041
343,20000000	0,19989896
343,40000000	0,19844316
343,60000000	0,20266499
343,80000000	0,20237313
344,00000000	0,20179327
344,20000000	0,20565216
344,40000000	0,20064988
344,60000000	0,19126391
344,80000000	0,18785018
345,00000000	0,19232004
345,20000000	0,19368489
345,40000000	0,19121425
345,60000000	0,19460325
345,80000000	0,19037017
346,00000000	0,18235881
346,20000000	0,18100160
346,40000000	0,18149972
346,60000000	0,18710878
346,80000000	0,18867435
347,00000000	0,18579258
347,20000000	0,18342997
347,40000000	0,18311037
347,60000000	0,17792165
347,80000000	0,17697363
348,00000000	0,17943831
348,20000000	0,17838973
348,40000000	0,17928497
348,60000000	0,17850880
348,80000000	0,17866926
349,00000000	0,17590458
349,20000000	0,17339012
349,40000000	0,17616808
349,60000000	0,17573582
349,80000000	0,17102892
350,00000000	0,17236979
350,20000000	0,17427370
350,40000000	0,16943638
350,60000000	0,16745181
350,80000000	0,17121260
351,00000000	0,17417507
351,20000000	0,17141163
351,40000000	0,17028117
351,60000000	0,16948474
351,80000000	0,16895755
352,00000000	0,16580031
352,20000000	0,16625151
352,40000000	0,16839275
352,60000000	0,16836881
352,80000000	0,16798255
353,00000000	0,16622355
353,20000000	0,16610643
353,40000000	0,16424558
353,60000000	0,16243953
353,80000000	0,16251058
354,00000000	0,16649380
354,20000000	0,16752229
354,40000000	0,16396044
354,60000000	0,16387261
354,80000000	0,16642000
355,00000000	0,16406763
355,20000000	0,16014937
355,40000000	0,16112489
355,60000000	0,16317422
355,80000000	0,16363055
356,00000000	0,16221235
356,20000000	0,16316883
356,40000000	0,16135213
356,60000000	0,15876403
356,80000000	0,15672097
357,00000000	0,15873202
357,20000000	0,16042443
357,40000000	0,15866433
357,60000000	0,16000296
357,80000000	0,15978642
358,00000000	0,15961439
358,20000000	0,15968722
358,40000000	0,15717665
358,60000000	0,15809177
358,80000000	0,16169844
359,00000000	0,16017237
359,20000000	0,15437484
359,40000000	0,15284580
359,60000000	0,15655719
359,80000000	0,15457086
360,00000000	0,15652498
360,20000000	0,15649748
360,40000000	0,15613009
360,60000000	0,15572030
360,80000000	0,15448434
361,00000000	0,15467417
361,20000000	0,15397184
361,40000000	0,15211893
361,60000000	0,14900296
361,80000000	0,15357405
362,00000000	0,15748180
362,20000000	0,15544234
362,40000000	0,15819950
362,60000000	0,15439477
362,80000000	0,15150845
363,00000000	0,15233104
363,20000000	0,15163771
363,40000000	0,14963625
363,60000000	0,15480355
363,80000000	0,16286258
364,00000000	0,15191417
364,20000000	0,14849956
364,40000000	0,15129486
364,60000000	0,14700783
364,80000000	0,14670648
365,00000000	0,15599127
365,20000000	0,16213435
365,40000000	0,14928161
365,60000000	0,14753272
365,80000000	0,15095671
366,00000000	0,14563174
366,20000000	0,15067127
366,40000000	0,15647568
366,60000000	0,15397104
366,80000000	0,15253819
367,00000000	0,15468056
367,20000000	0,15174218
367,40000000	0,14420341
367,60000000	0,15292534
367,80000000	0,15952507
368,00000000	0,15054840
368,20000000	0,15313263
368,40000000	0,15245945
368,60000000	0,15059094
368,80000000	0,14307961
369,00000000	0,14665988
369,20000000	0,15515302
369,40000000	0,14737124
369,60000000	0,14821274
369,80000000	0,15443573
370,00000000	0,15754830
370,20000000	0,14601367
370,40000000	0,15093814
370,60000000	0,14822952
370,80000000	0,13799561
371,00000000	0,14023498
371,20000000	0,15322220
371,40000000	0,14721731
371,60000000	0,14515327
371,80000000	0,16003090
372,00000000	0,15411745
372,20000000	0,14047519
372,40000000	0,14986822
372,60000000	0,15579402
372,80000000	0,14008526
373,00000000	0,15114904
373,20000000	0,15519241
373,40000000	0,14002695
373,60000000	0,13721088
373,80000000	0,14439799
374,00000000	0,15108378
374,20000000	0,14361370
374,40000000	0,15308874
374,60000000	0,15782530
374,80000000	0,14924953
375,00000000	0,14396243
375,20000000	0,13955833
375,40000000	0,14225174
375,60000000	0,14335326
375,80000000	0,15021775
376,00000000	0,15319902
376,20000000	0,14199172
376,40000000	0,14004666
376,60000000	0,15154230
376,80000000	0,15314278
377,00000000	0,14277988
377,20000000	0,14053652
377,40000000	0,14625649
377,60000000	0,14440288
377,80000000	0,14954287
378,00000000	0,15099782
378,20000000	0,14088038
378,40000000	0,13899775
378,60000000	0,14757989
378,80000000	0,15405516
379,00000000	0,14322054
379,20000000	0,13878471
379,40000000	0,14235337
379,60000000	0,13889590
379,80000000	0,14262890
380,00000000	0,14597012
380,20000000	0,13969865
380,40000000	0,14148029
380,60000000	0,13961896
380,80000000	0,14819448
381,00000000	0,15603312
381,20000000	0,14669158
381,40000000	0,14696055
381,60000000	0,14095361
381,80000000	0,13594924
382,00000000	0,13980908
382,20000000	0,14215188
382,40000000	0,14418476
382,60000000	0,13741509
382,80000000	0,13495866
383,00000000	0,14331044
383,20000000	0,14964599
383,40000000	0,14858325
383,60000000	0,14597165
383,80000000	0,14507873
384,00000000	0,14389413
384,20000000	0,13494867
384,40000000	0,13975304
384,60000000	0,14344956
384,80000000	0,13966227
385,00000000	0,12931260
385,20000000	0,13779345
385,40000000	0,13592791
385,60000000	0,13730636
385,80000000	0,14387238
386,00000000	0,15400831
386,20000000	0,15281148
386,40000000	0,14391332
386,60000000	0,13080775
386,80000000	0,14010255
387,00000000	0,13363397
387,20000000	0,13270031
387,40000000	0,14526655
387,60000000	0,13451505
387,80000000	0,13909220
388,00000000	0,14366117
388,20000000	0,14331875
388,40000000	0,13770118
388,60000000	0,14030939
388,80000000	0,14744965
389,00000000	0,14019263
389,20000000	0,13938038
389,40000000	0,13967298
389,60000000	0,14430304
389,80000000	0,14391048
390,00000000	0,14229845
390,20000000	0,14219896
390,40000000	0,13142653
390,60000000	0,13710150
390,80000000	0,13822863
391,00000000	0,13951147
391,20000000	0,15062069
391,40000000	0,13555632
391,60000000	0,13550246
391,80000000	0,13755568
392,00000000	0,12898581
392,20000000	0,14534121
392,40000000	0,13607865
392,60000000	0,14210120
392,80000000	0,13466886
393,00000000	0,13020206
393,20000000	0,14947022
393,40000000	0,13905267
393,60000000	0,14425205
393,80000000	0,15168855
394,00000000	0,14477839
394,20000000	0,14438315
394,40000000	0,14006801
394,60000000	0,14403137
394,80000000	0,13614736
395,00000000	0,12916722
395,20000000	0,14142508
395,40000000	0,13398073
395,60000000	0,13027141
395,80000000	0,13467714
396,00000000	0,12948442
396,20000000	0,13926502
396,40000000	0,13989650
396,60000000	0,13904290
396,80000000	0,13876021
397,00000000	0,13690454
397,20000000	0,14212912
397,40000000	0,14373060
397,60000000	0,14502135
397,80000000	0,14295866
398,00000000	0,14082770
398,20000000	0,14350209
398,40000000	0,12792148
398,60000000	0,12619577
398,80000000	0,12579549
399,00000000	0,13233542
399,20000000	0,14283535
399,40000000	0,14406483
399,60000000	0,14369230
399,80000000	0,13959175
400,00000000	0,13536726
400,20000000	0,14000298
400,40000000	0,14726662
400,60000000	0,15015955
400,80000000	0,14462866
401,00000000	0,15248858
401,20000000	0,14162254
401,40000000	0,12652951
401,60000000	0,13818370
401,80000000	0,13941216
402,00000000	0,13791453
402,20000000	0,13651474
402,40000000	0,13512152
402,60000000	0,13718674
402,80000000	0,13354157
403,00000000	0,13516214
403,20000000	0,13172318
403,40000000	0,15189913
403,60000000	0,14822156
403,80000000	0,13647008
404,00000000	0,14163460
404,20000000	0,14056859
404,40000000	0,13078199
404,60000000	0,13073255
404,80000000	0,13823282
405,00000000	0,15052930
405,20000000	0,14603792
405,40000000	0,13919714
405,60000000	0,14140979
405,80000000	0,13691182
406,00000000	0,15204752
406,20000000	0,15271103
406,40000000	0,15389091
406,60000000	0,15350572
406,80000000	0,13979205
407,00000000	0,13390962
407,20000000	0,13295251
407,40000000	0,13104716
407,60000000	0,12695307
407,80000000	0,12939608
408,00000000	0,13705181
408,20000000	0,13788348
408,40000000	0,13508329
408,60000000	0,13632683
408,80000000	0,13572905
409,00000000	0,14356114
409,20000000	0,14009959
409,40000000	0,14123766
409,60000000	0,15164111
409,80000000	0,15870617
410,00000000	0,14052325
410,20000000	0,14194324
410,40000000	0,14681427
410,60000000	0,14008194
410,80000000	0,14945530
411,00000000	0,13673169
411,20000000	0,14421366
411,40000000	0,14787768
411,60000000	0,13938519
411,80000000	0,14042058
412,00000000	0,13862704
412,20000000	0,13032316
412,40000000	0,13788120
412,60000000	0,14036144
412,80000000	0,13412124
413,00000000	0,14000637
413,20000000	0,13687469
413,40000000	0,12995174
413,60000000	0,12665971
413,80000000	0,14182284
414,00000000	0,14728391
414,20000000	0,14011258
414,40000000	0,14771932
414,60000000	0,14721532
414,80000000	0,13963661
415,00000000	0,14038202
415,20000000	0,14578733
415,40000000	0,14449728
415,60000000	0,15177407
415,80000000	0,15073797
416,00000000	0,14058060
416,20000000	0,14819093
416,40000000	0,15282947
416,60000000	0,15439334
416,80000000	0,15530359
417,00000000	0,14836232
417,20000000	0,13972723
417,40000000	0,15398335
417,60000000	0,16317527
417,80000000	0,15458661
418,00000000	0,14852663
418,20000000	0,14405697
418,40000000	0,14769927
418,60000000	0,15509129
418,80000000	0,15704436
419,00000000	0,15347338
419,20000000	0,15121183
419,40000000	0,14084451
419,60000000	0,14098526
419,80000000	0,15108386
420,00000000	0,14654337
420,20000000	0,14862383
420,40000000	0,13420619
420,60000000	0,13765597
420,80000000	0,13525482
421,00000000	0,14656293
421,20000000	0,14899218
421,40000000	0,14460062
421,60000000	0,14024412
421,80000000	0,12850042
422,00000000	0,12967401
422,20000000	0,13615221
422,40000000	0,14380763
422,60000000	0,14268195
422,80000000	0,14491988
423,00000000	0,15186503
423,20000000	0,14430984
423,40000000	0,15508084
423,60000000	0,16097887
423,80000000	0,15752162
424,00000000	0,15805685
424,20000000	0,15116416
424,40000000	0,16220663
424,60000000	0,14782799
424,80000000	0,15711003
425,00000000	0,16242071
425,20000000	0,15522659
425,40000000	0,14542515
425,60000000	0,14764056
425,80000000	0,15951382
426,00000000	0,15511740
426,20000000	0,16515826
426,40000000	0,17333882
426,60000000	0,15235633
426,80000000	0,14737849
427,00000000	0,16453134
427,20000000	0,14711547
427,40000000	0,15369231
427,60000000	0,15754631
427,80000000	0,13765438
428,00000000	0,13959620
428,20000000	0,12384618
428,40000000	0,14831124
428,60000000	0,15544667
428,80000000	0,14301902
429,00000000	0,14611280
429,20000000	0,12326735
429,40000000	0,14879951
429,60000000	0,15397534
429,80000000	0,17052478
430,00000000	0,16272673
430,20000000	0,15218601
430,40000000	0,14686169
430,60000000	0,14840624
430,80000000	0,15114129
431,00000000	0,15812399
431,20000000	0,16425349
431,40000000	0,14894589
431,60000000	0,16303737
431,80000000	0,15857002
432,00000000	0,15209322
432,20000000	0,13594501
432,40000000	0,15359576
432,60000000	0,16130089
432,80000000	0,15016736
433,00000000	0,16828356
433,20000000	0,14380119
433,40000000	0,13754328
433,60000000	0,16557402
433,80000000	0,18024672
434,00000000	0,19602872
434,20000000	0,18666058
434,40000000	0,16957456
434,60000000	0,16081249
434,80000000	0,15805008
435,00000000	0,16500901
435,20000000	0,19608064
435,40000000	0,18100812
435,60000000	0,16784923
435,80000000	0,16966104
436,00000000	0,16249148
436,20000000	0,16380628
436,40000000	0,18648200
436,60000000	0,20167230
436,80000000	0,17596685
437,00000000	0,15362626
437,20000000	0,15338157
437,40000000	0,15913044
437,60000000	0,18021775
437,80000000	0,19430892
438,00000000	0,17652804
438,20000000	0,16184938
438,40000000	0,16980526
438,60000000	0,16618823
438,80000000	0,15932560
439,00000000	0,16863034
439,20000000	0,18161295
439,40000000	0,18258351
439,60000000	0,17308604
439,80000000	0,17068061
440,00000000	0,17875706
440,20000000	0,18245835
440,40000000	0,17621157
440,60000000	0,18279511
440,80000000	0,18300859
441,00000000	0,19111675
441,20000000	0,17976693
441,40000000	0,17378883
441,60000000	0,17788918
441,80000000	0,16572978
442,00000000	0,18583758
442,20000000	0,19014887
442,40000000	0,18972894
442,60000000	0,19947755
442,80000000	0,19389043
443,00000000	0,19669165
443,20000000	0,18837275
443,40000000	0,18108656
443,60000000	0,19167308
443,80000000	0,20440016
444,00000000	0,18284922
444,20000000	0,17753338
444,40000000	0,18195411
444,60000000	0,18185536
444,80000000	0,19661440
445,00000000	0,20884875
445,20000000	0,21395317
445,40000000	0,19435413
445,60000000	0,18716711
445,80000000	0,19160471
446,00000000	0,19037089
446,20000000	0,18796349
446,40000000	0,20000762
446,60000000	0,20449524
446,80000000	0,18945053
447,00000000	0,19392965
447,20000000	0,20178177
447,40000000	0,21635737
447,60000000	0,21330871
447,80000000	0,20644847
448,00000000	0,21800188
448,20000000	0,20837829
448,40000000	0,18869653
448,60000000	0,21701726
448,80000000	0,21179647
449,00000000	0,19403875
449,20000000	0,19304749
449,40000000	0,20025001
449,60000000	0,21395433
449,80000000	0,21805529
450,00000000	0,21719073
450,20000000	0,22845388
450,40000000	0,20784599
450,60000000	0,18840847
450,80000000	0,22630176
451,00000000	0,22781013
451,20000000	0,23090438
451,40000000	0,21859210
451,60000000	0,22800089
451,80000000	0,22894702
452,00000000	0,21331885
452,20000000	0,21256951
452,40000000	0,23602500
452,60000000	0,22739343
452,80000000	0,21740406
453,00000000	0,22423167
453,20000000	0,23650115
453,40000000	0,23047803
453,60000000	0,22772002
453,80000000	0,24371166
454,00000000	0,23810472
454,20000000	0,23025058
454,40000000	0,23100830
454,60000000	0,24702141
454,80000000	0,22390708
455,00000000	0,20641600
455,20000000	0,21843607
455,40000000	0,22677375
455,60000000	0,21522248
455,80000000	0,23571645
456,00000000	0,26037577
456,20000000	0,25422375
456,40000000	0,24412225
456,60000000	0,25278341
456,80000000	0,27531637
457,00000000	0,27054264
457,20000000	0,27127238
457,40000000	0,26197475
457,60000000	0,26511807
457,80000000	0,23693475
458,00000000	0,22277445
458,20000000	0,25634129
458,40000000	0,29006210
458,60000000	0,26153971
458,80000000	0,23771493
459,00000000	0,23914462
459,20000000	0,23287929
459,40000000	0,25193937
459,60000000	0,25822034
459,80000000	0,27208856
460,00000000	0,25612635
460,20000000	0,25604849
460,40000000	0,26326900
460,60000000	0,27291317
460,80000000	0,27556148
461,00000000	0,26968070
461,20000000	0,26149842
461,40000000	0,26388498
461,60000000	0,24134868
461,80000000	0,25873728
462,00000000	0,29453849
462,20000000	0,27488495
462,40000000	0,26320326
462,60000000	0,24890327
462,80000000	0,25669856
463,00000000	0,27226536
463,20000000	0,28774648
463,40000000	0,28412424
463,60000000	0,28856396
463,80000000	0,29357771
464,00000000	0,28787235
464,20000000	0,28193635
464,40000000	0,28279556
464,60000000	0,29315027
464,80000000	0,29056763
465,00000000	0,28552648
465,20000000	0,29690953
465,40000000	0,28990963
465,60000000	0,28972914
465,80000000	0,29466394
466,00000000	0,29242626
466,20000000	0,29854511
466,40000000	0,30127180
466,60000000	0,29240272
466,80000000	0,29383369
467,00000000	0,30446608
467,20000000	0,29903861
467,40000000	0,30457159
467,60000000	0,31064831
467,80000000	0,31641030
468,00000000	0,30765639
468,20000000	0,30861893
468,40000000	0,31187920
468,60000000	0,32551014
468,80000000	0,32392984
469,00000000	0,32619425
469,20000000	0,32075064
469,40000000	0,30979430
469,60000000	0,31803035
469,80000000	0,30555619
470,00000000	0,31805220
470,20000000	0,31594178
470,40000000	0,31598442
470,60000000	0,31984613
470,80000000	0,30883885
471,00000000	0,31958201
471,20000000	0,34104699
471,40000000	0,34939968
471,60000000	0,35933301
471,80000000	0,36336491
472,00000000	0,34379975
472,20000000	0,32806927
472,40000000	0,33928442
472,60000000	0,35569199
472,80000000	0,35467347
473,00000000	0,37251643
473,20000000	0,36305277
473,40000000	0,35083513
473,60000000	0,35641975
473,80000000	0,36390629
474,00000000	0,37630512
474,20000000	0,37746844
474,40000000	0,36122989
474,60000000	0,33369325
474,80000000	0,33291449
475,00000000	0,36766087
475,20000000	0,37770992
475,40000000	0,38331057
475,60000000	0,40233413
475,80000000	0,40121737
476,00000000	0,38105672
476,20000000	0,37174700
476,40000000	0,38993031
476,60000000	0,42796335
476,80000000	0,42803642
477,00000000	0,40118488
477,20000000	0,38142009
477,40000000	0,40908300
477,60000000	0,41200270
477,80000000	0,41400656
478,00000000	0,40694967
478,20000000	0,40979578
478,40000000	0,41472954
478,60000000	0,36837352
478,80000000	0,38077951
479,00000000	0,43780287
479,20000000	0,45788945
479,40000000	0,42642879
479,60000000	0,42048911
479,80000000	0,43382230
480,00000000	0,44452805
480,20000000	0,44784492
480,40000000	0,43324222
480,60000000	0,44214722
480,80000000	0,44692659
481,00000000	0,41943081
481,20000000	0,38464998
481,40000000	0,39788948
481,60000000	0,44049878
481,80000000	0,45901447
482,00000000	0,44252358
482,20000000	0,44033022
482,40000000	0,46515956
482,60000000	0,47868225
482,80000000	0,46713216
483,00000000	0,46833737
483,20000000	0,48772695
483,40000000	0,48290624
483,60000000	0,46448374
483,80000000	0,44681605
484,00000000	0,46323225
484,20000000	0,47898912
484,40000000	0,47301731
484,60000000	0,44521008
484,80000000	0,43437250
485,00000000	0,44559644
485,20000000	0,46780665
485,40000000	0,45949838
485,60000000	0,44911153
485,80000000	0,48769814
486,00000000	0,51841145
486,20000000	0,51378716
486,40000000	0,48928605
486,60000000	0,49368112
486,80000000	0,51934643
487,00000000	0,52733018
487,20000000	0,51294523
487,40000000	0,48963301
487,60000000	0,50436934
487,80000000	0,51049039
488,00000000	0,49130644
488,20000000	0,46754858
488,40000000	0,46730397
488,60000000	0,49023808
488,80000000	0,50003662
489,00000000	0,47774101
489,20000000	0,48346252
489,40000000	0,52069214
489,60000000	0,55098342
489,80000000	0,54051835
490,00000000	0,52911897
490,20000000	0,55243228
490,40000000	0,56840849
490,60000000	0,54882560
490,80000000	0,54058270
491,00000000	0,54443057
491,20000000	0,54653460
491,40000000	0,54191249
491,60000000	0,51317988
491,80000000	0,50990094
492,00000000	0,53506073
492,20000000	0,55090887
492,40000000	0,52487239
492,60000000	0,50819742
492,80000000	0,53648272
493,00000000	0,56803287
493,20000000	0,56604836
493,40000000	0,55027132
493,60000000	0,55525699
493,80000000	0,58133148
494,00000000	0,58202587
494,20000000	0,56509753
494,40000000	0,55219642
494,60000000	0,56233123
494,80000000	0,58739994
495,00000000	0,57584988
495,20000000	0,55391091
495,40000000	0,56223614
495,60000000	0,57833132
495,80000000	0,59217384
496,00000000	0,56717552
496,20000000	0,54941374
496,40000000	0,57713641
496,60000000	0,60124921
496,80000000	0,60268604
497,00000000	0,59263138
497,20000000	0,59025574
497,40000000	0,61679422
497,60000000	0,63144085
497,80000000	0,61234800
498,00000000	0,60097802
498,20000000	0,62341030
498,40000000	0,64855649
498,60000000	0,63505752
498,80000000	0,61079634
499,00000000	0,61827394
499,20000000	0,62702647
499,40000000	0,62888918
499,60000000	0,62147872
499,80000000	0,62323106
500,00000000	0,62982685
500,20000000	0,62218692
500,40000000	0,61633583
500,60000000	0,61793837
500,80000000	0,61944701
501,00000000	0,63738889
501,20000000	0,63567988
501,40000000	0,61751131
501,60000000	0,62646321
501,80000000	0,65380058
502,00000000	0,67118767
502,20000000	0,66250494
502,40000000	0,65681147
502,60000000	0,67075133
502,80000000	0,67445806
503,00000000	0,67630573
503,20000000	0,67095663
503,40000000	0,65603301
503,60000000	0,66828751
503,80000000	0,67979083
504,00000000	0,67802349
504,20000000	0,67988615
504,40000000	0,68271130
504,60000000	0,68617575
504,80000000	0,67849177
505,00000000	0,67771665
505,20000000	0,68523532
505,40000000	0,68404029
505,60000000	0,68783631
505,80000000	0,68972193
506,00000000	0,68243118
506,20000000	0,69001350
506,40000000	0,69519980
506,60000000	0,69005226
506,80000000	0,69464732
507,00000000	0,69798166
507,20000000	0,68859501
507,40000000	0,68998599
507,60000000	0,69951330
507,80000000	0,70056440
508,00000000	0,70445903
508,20000000	0,71594835
508,40000000	0,71238071
508,60000000	0,70523598
508,80000000	0,71870665
509,00000000	0,72384682
509,20000000	0,70207276
509,40000000	0,70726839
509,60000000	0,71686570
509,80000000	0,71522667
510,00000000	0,72389293
510,20000000	0,73287343
510,40000000	0,72926447
510,60000000	0,72728563
510,80000000	0,73709822
511,00000000	0,73391258
511,20000000	0,71529491
511,40000000	0,71986839
511,60000000	0,72719174
511,80000000	0,72350602
512,00000000	0,74073019
512,20000000	0,74622350
512,40000000	0,73498873
512,60000000	0,74682542
512,80000000	0,75891507
513,00000000	0,74824642
513,20000000	0,74718992
513,40000000	0,75108721
513,60000000	0,75464485
513,80000000	0,75625873
514,00000000	0,76013965
514,20000000	0,75506818
514,40000000	0,74380453
514,60000000	0,74754781
514,80000000	0,76375489
515,00000000	0,76494567
515,20000000	0,77159642
515,40000000	0,78862838
515,60000000	0,78251556
515,80000000	0,77801657
516,00000000	0,77792698
516,20000000	0,76715389
516,40000000	0,76299027
516,60000000	0,76461311
516,80000000	0,77544148
517,00000000	0,78091702
517,20000000	0,78286393
517,40000000	0,79014773
517,60000000	0,79161371
517,80000000	0,78452297
518,00000000	0,78768039
518,20000000	0,78735729
518,40000000	0,79349361
518,60000000	0,80249531
518,80000000	0,80179085
519,00000000	0,80458607
519,20000000	0,80837857
519,40000000	0,80220088
519,60000000	0,80140164
519,80000000	0,80969095
520,00000000	0,81172023
520,20000000	0,81352286
520,40000000	0,81681920
520,60000000	0,81626990
520,80000000	0,81737509
521,00000000	0,82022010
521,20000000	0,82392903
521,40000000	0,82791529
521,60000000	0,82499547
521,80000000	0,82586736
522,00000000	0,82634315
522,20000000	0,82674765
522,40000000	0,83498448
522,60000000	0,83260064
522,80000000	0,83495830
523,00000000	0,84149834
523,20000000	0,83687722
523,40000000	0,83492007
523,60000000	0,83883462
523,80000000	0,84183645
524,00000000	0,85046410
524,20000000	0,85807736
524,40000000	0,85823786
524,60000000	0,85638128
524,80000000	0,85647755
525,00000000	0,85749284
525,20000000	0,85714914
525,40000000	0,86007801
525,60000000	0,86338917
525,80000000	0,86746805
526,00000000	0,86587679
526,20000000	0,86213150
526,40000000	0,86772370
526,60000000	0,87325628
526,80000000	0,87826008
527,00000000	0,87760563
527,20000000	0,87809237
527,40000000	0,88156214
527,60000000	0,88267565
527,80000000	0,88278157
528,00000000	0,88265690
528,20000000	0,88366822
528,40000000	0,88909009
528,60000000	0,89479102
528,80000000	0,89370838
529,00000000	0,89642821
529,20000000	0,89755119
529,40000000	0,89825804
529,60000000	0,89778961
529,80000000	0,89564989
530,00000000	0,89451163
530,20000000	0,89796892
530,40000000	0,90531903
530,60000000	0,90735095
530,80000000	0,90842469
531,00000000	0,90800134
531,20000000	0,90781266
531,40000000	0,91428821
531,60000000	0,91512477
531,80000000	0,91267222
532,00000000	0,91632927
532,20000000	0,92013350
532,40000000	0,91907732
532,60000000	0,91677401
532,80000000	0,91413947
533,00000000	0,91867995
533,20000000	0,92242792
533,40000000	0,92549423
533,60000000	0,92756515
533,80000000	0,92428404
534,00000000	0,92747378
534,20000000	0,92873438
534,40000000	0,93065193
534,60000000	0,93254939
534,80000000	0,93199838
535,00000000	0,93461602
535,20000000	0,93481079
535,40000000	0,93368719
535,60000000	0,93634496
535,80000000	0,93547095
536,00000000	0,93834537
536,20000000	0,94092508
536,40000000	0,93873966
536,60000000	0,93736051
536,80000000	0,93706201
537,00000000	0,93941919
537,20000000	0,94046233
537,40000000	0,93793131
537,60000000	0,94189495
537,80000000	0,94518296
538,00000000	0,94496725
538,20000000	0,94717212
538,40000000	0,94607577
538,60000000	0,94747779
538,80000000	0,94603561
539,00000000	0,94655192
539,20000000	0,94736609
539,40000000	0,94583028
539,60000000	0,94666384
539,80000000	0,94511816
540,00000000	0,94418778
540,20000000	0,94886683
540,40000000	0,95063960
540,60000000	0,95141277
540,80000000	0,95226581
541,00000000	0,95091994
541,20000000	0,95293966
541,40000000	0,95272127
541,60000000	0,95228634
541,80000000	0,95450807
542,00000000	0,95333788
542,20000000	0,95378432
542,40000000	0,95435725
542,60000000	0,95089864
542,80000000	0,95445695
543,00000000	0,95450954
543,20000000	0,95400567
543,40000000	0,95321904
543,60000000	0,95306701
543,80000000	0,95613621
544,00000000	0,95468173
544,20000000	0,95530505
544,40000000	0,95614733
544,60000000	0,95751638
544,80000000	0,95996114
545,00000000	0,95983091
545,20000000	0,95763817
545,40000000	0,95737980
545,60000000	0,95782242
545,80000000	0,95754031
546,00000000	0,95686967
546,20000000	0,95626113
546,40000000	0,95808460
546,60000000	0,95855807
546,80000000	0,95785856
547,00000000	0,96091807
547,20000000	0,96125060
547,40000000	0,96032251
547,60000000	0,96096941
547,80000000	0,96014903
548,00000000	0,96143436
548,20000000	0,95939884
548,40000000	0,95949091
548,60000000	0,95977300
548,80000000	0,96017430
549,00000000	0,96170156
549,20000000	0,96212334
549,40000000	0,96459438
549,60000000	0,96459646
549,80000000	0,96536620
550,00000000	0,96537216
550,20000000	0,96403045
550,40000000	0,96484066
550,60000000	0,96412358
550,80000000	0,96357568
551,00000000	0,96377404
551,20000000	0,96377190
551,40000000	0,96522420
551,60000000	0,96587384
551,80000000	0,96829648
552,00000000	0,96973678
552,20000000	0,97057296
552,40000000	0,97046651
552,60000000	0,96976250
552,80000000	0,97021404
553,00000000	0,96986699
553,20000000	0,96983505
553,40000000	0,96807763
553,60000000	0,96923322
553,80000000	0,97034034
554,00000000	0,97008841
554,20000000	0,97225076
554,40000000	0,97215205
554,60000000	0,97322904
554,80000000	0,97470645
555,00000000	0,97401884
555,20000000	0,97673525
555,40000000	0,97708800
555,60000000	0,97592149
555,80000000	0,97614565
556,00000000	0,97558052
556,20000000	0,97748395
556,40000000	0,97765991
556,60000000	0,97717377
556,80000000	0,97841087
557,00000000	0,97941628
557,20000000	0,97946906
557,40000000	0,97995253
557,60000000	0,98061413
557,80000000	0,98093472
558,00000000	0,98124713
558,20000000	0,98168458
558,40000000	0,98293570
558,60000000	0,98363343
558,80000000	0,98207800
559,00000000	0,98277994
559,20000000	0,98429347
559,40000000	0,98402531
559,60000000	0,98507120
559,80000000	0,98562345
560,00000000	0,98684063
560,20000000	0,98715938
560,40000000	0,98700543
560,60000000	0,98888329
560,80000000	0,98973885
561,00000000	0,98987327
561,20000000	0,99006272
561,40000000	0,98986444
561,60000000	0,99002511
561,80000000	0,98957661
562,00000000	0,98971444
562,20000000	0,99047369
562,40000000	0,99062959
562,60000000	0,99161559
562,80000000	0,99258684
563,00000000	0,99357980
563,20000000	0,99430074
563,40000000	0,99397375
563,60000000	0,99399931
563,80000000	0,99444355
564,00000000	0,99458095
564,20000000	0,99491102
564,40000000	0,99473238
564,60000000	0,99494612
564,80000000	0,99532569
565,00000000	0,99543106
565,20000000	0,99588856
565,40000000	0,99584559
565,60000000	0,99610562
565,80000000	0,99625308
566,00000000	0,99649841
566,20000000	0,99667957
566,40000000	0,99719863
566,60000000	0,99684445
566,80000000	0,99673789
567,00000000	0,99696106
567,20000000	0,99719445
567,40000000	0,99733015
567,60000000	0,99733559
567,80000000	0,99726966
568,00000000	0,99765096
568,20000000	0,99819633
568,40000000	0,99812616
568,60000000	0,99837890
568,80000000	0,99822012
569,00000000	0,99828205
569,20000000	0,99838013
569,40000000	0,99836639
569,60000000	0,99859522
569,80000000	0,99835088
570,00000000	0,99767453
570,20000000	0,99771867
570,40000000	0,99784676
570,60000000	0,99813170
570,80000000	0,99823054
571,00000000	0,99817452
571,20000000	0,99808942
571,40000000	0,99798176
571,60000000	0,99766307
571,80000000	0,99764430
572,00000000	0,99731977
572,20000000	0,99689983
572,40000000	0,99664555
572,60000000	0,99640128
572,80000000	0,99650390
573,00000000	0,99614871
573,20000000	0,99622368
573,40000000	0,99656696
573,60000000	0,99655292
573,80000000	0,99648911
574,00000000	0,99653749
574,20000000	0,99662133
574,40000000	0,99650013
574,60000000	0,99619034
574,80000000	0,99612048
575,00000000	0,99596286
575,20000000	0,99582459
575,40000000	0,99563271
575,60000000	0,99518367
575,80000000	0,99478340
576,00000000	0,99515762
576,20000000	0,99580332
576,40000000	0,99585353
576,60000000	0,99546710
576,80000000	0,99549062
577,00000000	0,99557550
577,20000000	0,99507444
577,40000000	0,99518860
577,60000000	0,99553387
577,80000000	0,99583948
578,00000000	0,99588525
578,20000000	0,99543377
578,40000000	0,99513098
578,60000000	0,99447035
578,80000000	0,99408439
579,00000000	0,99475274
579,20000000	0,99516060
579,40000000	0,99501519
579,60000000	0,99509105
579,80000000	0,99550175
580,00000000	0,99569444
580,20000000	0,99563558
580,40000000	0,99557895
580,60000000	0,99568578
580,80000000	0,99554713
581,00000000	0,99580619
581,20000000	0,99616996
581,40000000	0,99573808
581,60000000	0,99541676
581,80000000	0,99529795
582,00000000	0,99541351
582,20000000	0,99567721
582,40000000	0,99561041
582,60000000	0,99586242
582,80000000	0,99627595
583,00000000	0,99643361
583,20000000	0,99656938
583,40000000	0,99673178
583,60000000	0,99712439
583,80000000	0,99760121
584,00000000	0,99758021
584,20000000	0,99719107
584,40000000	0,99721754
584,60000000	0,99740353
584,80000000	0,99739727
585,00000000	0,99757404
585,20000000	0,99770503
585,40000000	0,99768317
585,60000000	0,99782542
585,80000000	0,99806482
586,00000000	0,99828495
586,20000000	0,99833329
586,40000000	0,99852662
586,60000000	0,99883880
586,80000000	0,99891651
587,00000000	0,99897883
587,20000000	0,99905271
587,40000000	0,99905448
587,60000000	0,99910798
587,80000000	0,99924265
588,00000000	0,99933115
588,20000000	0,99933580
588,40000000	0,99937858
588,60000000	0,99944979
588,80000000	0,99952913
589,00000000	0,99963210
589,20000000	0,99968405
589,40000000	0,99972781
589,60000000	0,99978527
589,80000000	0,99980244
590,00000000	0,99987006
590,20000000	0,99994681
590,40000000	0,99998278
590,60000000	0,99997500
590,80000000	0,99995969
591,00000000	0,99995842
591,20000000	0,99997307
591,40000000	0,99997096
591,60000000	0,99996813
591,80000000	0,99988803
592,00000000	0,99980563
592,20000000	0,99984847
592,40000000	0,99977704
592,60000000	0,99972018
592,80000000	0,99972792
593,00000000	0,99966536
593,20000000	0,99961536
593,40000000	0,99965686
593,60000000	0,99964393
593,80000000	0,99948308
594,00000000	0,99936247
594,20000000	0,99927878
594,40000000	0,99926975
594,60000000	0,99925635
594,80000000	0,99912866
595,00000000	0,99893940
595,20000000	0,99867301
595,40000000	0,99851498
595,60000000	0,99837903
595,80000000	0,99820274
596,00000000	0,99831761
596,20000000	0,99827086
596,40000000	0,99819641
596,60000000	0,99832559
596,80000000	0,99825919
597,00000000	0,99792987
597,20000000	0,99773090
597,40000000	0,99790503
597,60000000	0,99789924
597,80000000	0,99783690
598,00000000	0,99773863
598,20000000	0,99732212
598,40000000	0,99705928
598,60000000	0,99680963
598,80000000	0,99665229
599,00000000	0,99669050
599,20000000	0,99671811
599,40000000	0,99682904
599,60000000	0,99661913
599,80000000	0,99651597
600,00000000	0,99661325
600,20000000	0,99643353
600,40000000	0,99630697
600,60000000	0,99659138
600,80000000	0,99697391
601,00000000	0,99684685
601,20000000	0,99670065
601,40000000	0,99680032
601,60000000	0,99646595
601,80000000	0,99621304
602,00000000	0,99640370
602,20000000	0,99645552
602,40000000	0,99618684
602,60000000	0,99589385
602,80000000	0,99594129
603,00000000	0,99576546
603,20000000	0,99567547
603,40000000	0,99575847
603,60000000	0,99561250
603,80000000	0,99568817
604,00000000	0,99586968
604,20000000	0,99605901
604,40000000	0,99614972
604,60000000	0,99604652
604,80000000	0,99616791
605,00000000	0,99641066
605,20000000	0,99667118
605,40000000	0,99714477
605,60000000	0,99721378
605,80000000	0,99702027
606,00000000	0,99697799
606,20000000	0,99688222
606,40000000	0,99676457
606,60000000	0,99664500
606,80000000	0,99696434
607,00000000	0,99721399
607,20000000	0,99704101
607,40000000	0,99705209
607,60000000	0,99699810
607,80000000	0,99685780
608,00000000	0,99694393
608,20000000	0,99710312
608,40000000	0,99727302
608,60000000	0,99732929
608,80000000	0,99749123
609,00000000	0,99790287
609,20000000	0,99811929
609,40000000	0,99812391
609,60000000	0,99820520
609,80000000	0,99812968
610,00000000	0,99805185
610,20000000	0,99818112
610,40000000	0,99820594
610,60000000	0,99821315
610,80000000	0,99829171
611,00000000	0,99833766
611,20000000	0,99813120
611,40000000	0,99803866
611,60000000	0,99811587
611,80000000	0,99810898
612,00000000	0,99827893
612,20000000	0,99836371
612,40000000	0,99842787
612,60000000	0,99856212
612,80000000	0,99861185
613,00000000	0,99861175
613,20000000	0,99856776
613,40000000	0,99862422
613,60000000	0,99877737
613,80000000	0,99868979
614,00000000	0,99834959
614,20000000	0,99807845
614,40000000	0,99780029
614,60000000	0,99750117
614,80000000	0,99761855
615,00000000	0,99779531
615,20000000	0,99776656
615,40000000	0,99764525
615,60000000	0,99752506
615,80000000	0,99748802
616,00000000	0,99724963
616,20000000	0,99688897
616,40000000	0,99684688
616,60000000	0,99718078
616,80000000	0,99722375
617,00000000	0,99707629
617,20000000	0,99709534
617,40000000	0,99670408
617,60000000	0,99609371
617,80000000	0,99596297
618,00000000	0,99579409
618,20000000	0,99532525
618,40000000	0,99518445
618,60000000	0,99554354
618,80000000	0,99583603
619,00000000	0,99535360
619,20000000	0,99444520
619,40000000	0,99398415
619,60000000	0,99369200
619,80000000	0,99382462
620,00000000	0,99442436
620,20000000	0,99456250
620,40000000	0,99410716
620,60000000	0,99353201
620,80000000	0,99351014
621,00000000	0,99372374
621,20000000	0,99300071
621,40000000	0,99229461
621,60000000	0,99240051
621,80000000	0,99188568
622,00000000	0,99168328
622,20000000	0,99225529
622,40000000	0,99203639
622,60000000	0,99121186
622,80000000	0,99025754
623,00000000	0,99039723
623,20000000	0,99099534
623,40000000	0,99087698
623,60000000	0,99130244
623,80000000	0,99158682
624,00000000	0,99085714
624,20000000	0,99066014
624,40000000	0,99032398
624,60000000	0,98916745
624,80000000	0,98862620
625,00000000	0,98882722
625,20000000	0,98955661
625,40000000	0,99005305
625,60000000	0,98978320
625,80000000	0,98943909
626,00000000	0,98948422
626,20000000	0,98941771
626,40000000	0,98947388
626,60000000	0,98923310
626,80000000	0,98860238
627,00000000	0,98894060
627,20000000	0,98960705
627,40000000	0,98969248
627,60000000	0,98942547
627,80000000	0,98840122
628,00000000	0,98841980
628,20000000	0,98960197
628,40000000	0,98973275
628,60000000	0,98970203
628,80000000	0,98968423
629,00000000	0,98936320
629,20000000	0,98973699
629,40000000	0,98991189
629,60000000	0,98970342
629,80000000	0,98986486
630,00000000	0,99020972
630,20000000	0,99054174
630,40000000	0,99047556
630,60000000	0,99039619
630,80000000	0,99088380
631,00000000	0,99111547
631,20000000	0,99077445
631,40000000	0,99089349
631,60000000	0,99101222
631,80000000	0,99112942
632,00000000	0,99187097
632,20000000	0,99201664
632,40000000	0,99158966
632,60000000	0,99191419
632,80000000	0,99278604
633,00000000	0,99303194
633,20000000	0,99293823
633,40000000	0,99296824
633,60000000	0,99305486
633,80000000	0,99302840
634,00000000	0,99313660
634,20000000	0,99355537
634,40000000	0,99379256
634,60000000	0,99426129
634,80000000	0,99468102
635,00000000	0,99424249
635,20000000	0,99378031
635,40000000	0,99408704
635,60000000	0,99475074
635,80000000	0,99495689
636,00000000	0,99500459
636,20000000	0,99507380
636,40000000	0,99511395
636,60000000	0,99545107
636,80000000	0,99547028
637,00000000	0,99540801
637,20000000	0,99565958
637,40000000	0,99573944
637,60000000	0,99581487
637,80000000	0,99587478
638,00000000	0,99601524
638,20000000	0,99620849
638,40000000	0,99603560
638,60000000	0,99600722
638,80000000	0,99612296
639,00000000	0,99619219
639,20000000	0,99632258
639,40000000	0,99634447
639,60000000	0,99633420
639,80000000	0,99631394
640,00000000	0,99633748
640,20000000	0,99620841
640,40000000	0,99597325
640,60000000	0,99596737
640,80000000	0,99587657
641,00000000	0,99585627
641,20000000	0,99584833
641,40000000	0,99555887
641,60000000	0,99523615
641,80000000	0,99528110
642,00000000	0,99531317
642,20000000	0,99499521
642,40000000	0,99494124
642,60000000	0,99526228
642,80000000	0,99526457
643,00000000	0,99468157
643,20000000	0,99425725
643,40000000	0,99460991
643,60000000	0,99454661
643,80000000	0,99419060
644,00000000	0,99392700
644,20000000	0,99346241
644,40000000	0,99320779
644,60000000	0,99306479
644,80000000	0,99292117
645,00000000	0,99268246
645,20000000	0,99269984
645,40000000	0,99241303
645,60000000	0,99120213
645,80000000	0,99111965
646,00000000	0,99180036
646,20000000	0,99154005
646,40000000	0,99072523
646,60000000	0,99051028
646,80000000	0,99063890
647,00000000	0,99040082
647,20000000	0,99007096
647,40000000	0,98987179
647,60000000	0,98940004
647,80000000	0,98877396
648,00000000	0,98896651
648,20000000	0,98912182
648,40000000	0,98880866
648,60000000	0,98896183
648,80000000	0,98828521
649,00000000	0,98742397
649,20000000	0,98735466
649,40000000	0,98736880
649,60000000	0,98747752
649,80000000	0,98737682
650,00000000	0,98729068
650,20000000	0,98726298
650,40000000	0,98643548
650,60000000	0,98611001
650,80000000	0,98629187
651,00000000	0,98606341
651,20000000	0,98590030
651,40000000	0,98575377
651,60000000	0,98575043
651,80000000	0,98566083
652,00000000	0,98490231
652,20000000	0,98507754
652,40000000	0,98577199
652,60000000	0,98481246
652,80000000	0,98416488
653,00000000	0,98450377
653,20000000	0,98435742
653,40000000	0,98478712
653,60000000	0,98531175
653,80000000	0,98494712
654,00000000	0,98425887
654,20000000	0,98389980
654,40000000	0,98407070
654,60000000	0,98413205
654,80000000	0,98437685
655,00000000	0,98483828
655,20000000	0,98424117
655,40000000	0,98417348
655,60000000	0,98478361
655,80000000	0,98457259
656,00000000	0,98453789
656,20000000	0,98490590
656,40000000	0,98487155
656,60000000	0,98500973
656,80000000	0,98485719
657,00000000	0,98457739
657,20000000	0,98497585
657,40000000	0,98504849
657,60000000	0,98517048
657,80000000	0,98549275
658,00000000	0,98537529
658,20000000	0,98542837
658,40000000	0,98579532
658,60000000	0,98603721
658,80000000	0,98610178
659,00000000	0,98624156
659,20000000	0,98656719
659,40000000	0,98667821
659,60000000	0,98697607
659,80000000	0,98739436
660,00000000	0,98736436
660,20000000	0,98771173
660,40000000	0,98813029
660,60000000	0,98788780
660,80000000	0,98799243
661,00000000	0,98852063
661,20000000	0,98871930
661,40000000	0,98853996
661,60000000	0,98858264
661,80000000	0,98888377
662,00000000	0,98946127
662,20000000	0,98963789
662,40000000	0,98954063
662,60000000	0,98968685
662,80000000	0,98958641
663,00000000	0,98976237
663,20000000	0,99031236
663,40000000	0,99076369
663,60000000	0,99088278
663,80000000	0,99080302
664,00000000	0,99107119
664,20000000	0,99115439
664,40000000	0,99098275
664,60000000	0,99110235
664,80000000	0,99107679
665,00000000	0,99112887
665,20000000	0,99184849
665,40000000	0,99195023
665,60000000	0,99185219
665,80000000	0,99209436
666,00000000	0,99207533
666,20000000	0,99216450
666,40000000	0,99195958
666,60000000	0,99183601
666,80000000	0,99206880
667,00000000	0,99217328
667,20000000	0,99214407
667,40000000	0,99217743
667,60000000	0,99215464
667,80000000	0,99234946
668,00000000	0,99266117
668,20000000	0,99268330
668,40000000	0,99255422
668,60000000	0,99223854
668,80000000	0,99232511
669,00000000	0,99271858
669,20000000	0,99264470
669,40000000	0,99243136
669,60000000	0,99216398
669,80000000	0,99209292
670,00000000	0,99235898
670,20000000	0,99245652
670,40000000	0,99213509
670,60000000	0,99218168
670,80000000	0,99183720
671,00000000	0,99161607
671,20000000	0,99209263
671,40000000	0,99229569
671,60000000	0,99251126
671,80000000	0,99235623
672,00000000	0,99181282
672,20000000	0,99155645
672,40000000	0,99162620
672,60000000	0,99170362
672,80000000	0,99152325
673,00000000	0,99120642
673,20000000	0,99131735
673,40000000	0,99130153
673,60000000	0,99114485
673,80000000	0,99137673
674,00000000	0,99156333
674,20000000	0,99124386
674,40000000	0,99086895
674,60000000	0,99095243
674,80000000	0,99094208
675,00000000	0,99070855
675,20000000	0,99083876
675,40000000	0,99095470
675,60000000	0,99077919
675,80000000	0,99062270
676,00000000	0,99046023
676,20000000	0,99031407
676,40000000	0,99051534
676,60000000	0,99072754
676,80000000	0,99079881
677,00000000	0,99075575
677,20000000	0,99015296
677,40000000	0,99016334
677,60000000	0,99063651
677,80000000	0,99061766
678,00000000	0,99075490
678,20000000	0,99075449
678,40000000	0,99045572
678,60000000	0,99037495
678,80000000	0,99044546
679,00000000	0,99068921
679,20000000	0,99087577
679,40000000	0,99069373
679,60000000	0,99058682
679,80000000	0,99090196
680,00000000	0,99095108
680,20000000	0,99071791
680,40000000	0,99075207
680,60000000	0,99071743
680,80000000	0,99085883
681,00000000	0,99133296
681,20000000	0,99144104
681,40000000	0,99155654
681,60000000	0,99152608
681,80000000	0,99144323
682,00000000	0,99173498
682,20000000	0,99146256
682,40000000	0,99151907
682,60000000	0,99195374
682,80000000	0,99203869
683,00000000	0,99233935
683,20000000	0,99244053
683,40000000	0,99214982
683,60000000	0,99231112
683,80000000	0,99257572
684,00000000	0,99288506
684,20000000	0,99316534
684,40000000	0,99316645
684,60000000	0,99318039
684,80000000	0,99322812
685,00000000	0,99352232
685,20000000	0,99394461
685,40000000	0,99409460
685,60000000	0,99399962
685,80000000	0,99401967
686,00000000	0,99414789
686,20000000	0,99419173
686,40000000	0,99428709
686,60000000	0,99457496
686,80000000	0,99471728
687,00000000	0,99474157
687,20000000	0,99487047
687,40000000	0,99497430
687,60000000	0,99496086
687,80000000	0,99517634
688,00000000	0,99552677
688,20000000	0,99563463
688,40000000	0,99570836
688,60000000	0,99571012
688,80000000	0,99574153
689,00000000	0,99577027
689,20000000	0,99586871
689,40000000	0,99604359
689,60000000	0,99604488
689,80000000	0,99607199
690,00000000	0,99624484
690,20000000	0,99637210
690,40000000	0,99639202
690,60000000	0,99635082
690,80000000	0,99654619
691,00000000	0,99670478
691,20000000	0,99667975
691,40000000	0,99677036
691,60000000	0,99670808
691,80000000	0,99646055
692,00000000	0,99661164
692,20000000	0,99683077
692,40000000	0,99678629
692,60000000	0,99686752
692,80000000	0,99681399
693,00000000	0,99680057
693,20000000	0,99680610
693,40000000	0,99674011
693,60000000	0,99688451
693,80000000	0,99687153
694,00000000	0,99674257
694,20000000	0,99670653
694,40000000	0,99664784
694,60000000	0,99664087
694,80000000	0,99663777
695,00000000	0,99647395
695,20000000	0,99643575
695,40000000	0,99642846
695,60000000	0,99634293
695,80000000	0,99624523
696,00000000	0,99615054
696,20000000	0,99616575
696,40000000	0,99624933
696,60000000	0,99617274
696,80000000	0,99601332
697,00000000	0,99602306
697,20000000	0,99591278
697,40000000	0,99589172
697,60000000	0,99580466
697,80000000	0,99573542
698,00000000	0,99579437
698,20000000	0,99570275
698,40000000	0,99554597
698,60000000	0,99538781
698,80000000	0,99515599
699,00000000	0,99511890
699,20000000	0,99517465
699,40000000	0,99508803
699,60000000	0,99483911
699,80000000	0,99465110
700,00000000	0,99471565
700,20000000	0,99485267
700,40000000	0,99476241
700,60000000	0,99459440
700,80000000	0,99460584
701,00000000	0,99447681
701,20000000	0,99440736
701,40000000	0,99440342
701,60000000	0,99425902
701,80000000	0,99429196
702,00000000	0,99425168
702,20000000	0,99423180
702,40000000	0,99426695
702,60000000	0,99435560
702,80000000	0,99426636
703,00000000	0,99414374
703,20000000	0,99437228
703,40000000	0,99436585
703,60000000	0,99417562
703,80000000	0,99430435
704,00000000	0,99430238
704,20000000	0,99419553
704,40000000	0,99416075
704,60000000	0,99405501
704,80000000	0,99388089
705,00000000	0,99385547
705,20000000	0,99390193
705,40000000	0,99386615
705,60000000	0,99399789
705,80000000	0,99418252
706,00000000	0,99418679
706,20000000	0,99407419
706,40000000	0,99419962
706,60000000	0,99428562
706,80000000	0,99422848
707,00000000	0,99442567
707,20000000	0,99444196
707,40000000	0,99438191
707,60000000	0,99440742
707,80000000	0,99462300
708,00000000	0,99458761
708,20000000	0,99457068
708,40000000	0,99468504
708,60000000	0,99472124
708,80000000	0,99482107
709,00000000	0,99490504
709,20000000	0,99485253
709,40000000	0,99475445
709,60000000	0,99482780
709,80000000	0,99499048
710,00000000	0,99504395
710,20000000	0,99514010
710,40000000	0,99535280
710,60000000	0,99551481
710,80000000	0,99554523
711,00000000	0,99563399
711,20000000	0,99569492
711,40000000	0,99557421
711,60000000	0,99576008
711,80000000	0,99596506
712,00000000	0,99588142
712,20000000	0,99590065
712,40000000	0,99610043
712,60000000	0,99613910
712,80000000	0,99602189
713,00000000	0,99600662
713,20000000	0,99617757
713,40000000	0,99634110
713,60000000	0,99649071
713,80000000	0,99659104
714,00000000	0,99648184
714,20000000	0,99660202
714,40000000	0,99678917
714,60000000	0,99670027
714,80000000	0,99678010
715,00000000	0,99689042
715,20000000	0,99693268
715,40000000	0,99701068
715,60000000	0,99710254
715,80000000	0,99719018
716,00000000	0,99728427
716,20000000	0,99735582
716,40000000	0,99726377
716,60000000	0,99730045
716,80000000	0,99742618
717,00000000	0,99737552
717,20000000	0,99738942
717,40000000	0,99754998
717,60000000	0,99759766
717,80000000	0,99756590
718,00000000	0,99766957
718,20000000	0,99780983
718,40000000	0,99782877
718,60000000	0,99775023
718,80000000	0,99784143
719,00000000	0,99792194
719,20000000	0,99788104
719,40000000	0,99799303
719,60000000	0,99801447
719,80000000	0,99801015
720,00000000	0,99812163
720,20000000	0,99802768
720,40000000	0,99796247
720,60000000	0,99813784
720,80000000	0,99819652
721,00000000	0,99801914
721,20000000	0,99809069
721,40000000	0,99829356
721,60000000	0,99824561
721,80000000	0,99817596
722,00000000	0,99834310
722,20000000	0,99849321
722,40000000	0,99834508
722,60000000	0,99838513
722,80000000	0,99852818
723,00000000	0,99849496
723,20000000	0,99841259
723,40000000	0,99849272
723,60000000	0,99854123
723,80000000	0,99840118
724,00000000	0,99841587
724,20000000	0,99850175
724,40000000	0,99856585
724,60000000	0,99862923
724,80000000	0,99856539
725,00000000	0,99858020
725,20000000	0,99858616
725,40000000	0,99852510
725,60000000	0,99862247
725,80000000	0,99874350
726,00000000	0,99868112
726,20000000	0,99868179
726,40000000	0,99873893
726,60000000	0,99876722
726,80000000	0,99875194
727,00000000	0,99884178
727,20000000	0,99887843
727,40000000	0,99879133
727,60000000	0,99886689
727,80000000	0,99898679
728,00000000	0,99893775
728,20000000	0,99887632
728,40000000	0,99907029
728,60000000	0,99909718
728,80000000	0,99893625
729,00000000	0,99894134
729,20000000	0,99906508
729,40000000	0,99901874
729,60000000	0,99900327
729,80000000	0,99908560
730,00000000	0,99914507
730,20000000	0,99909139
730,40000000	0,99912289
730,60000000	0,99920444
730,80000000	0,99919243
731,00000000	0,99916477
731,20000000	0,99918000
731,40000000	0,99919392
731,60000000	0,99912051
731,80000000	0,99914104
732,00000000	0,99924243
732,20000000	0,99923591
732,40000000	0,99919866
732,60000000	0,99924492
732,80000000	0,99926269
733,00000000	0,99919992
733,20000000	0,99918819
733,40000000	0,99920292
733,60000000	0,99924394
733,80000000	0,99927780
734,00000000	0,99921602
734,20000000	0,99919495
734,40000000	0,99918044
734,60000000	0,99920481
734,80000000	0,99918528
735,00000000	0,99914633
735,20000000	0,99921266
735,40000000	0,99923794
735,60000000	0,99916366
735,80000000	0,99919680
736,00000000	0,99921019
736,20000000	0,99911191
736,40000000	0,99909997
736,60000000	0,99914034
736,80000000	0,99910796
737,00000000	0,99898508
737,20000000	0,99900499
737,40000000	0,99905520
737,60000000	0,99896849
737,80000000	0,99893705
738,00000000	0,99894824
738,20000000	0,99878495
738,40000000	0,99873380
738,60000000	0,99890569
738,80000000	0,99885245
739,00000000	0,99875473
739,20000000	0,99878936
739,40000000	0,99873932
739,60000000	0,99854680
739,80000000	0,99861455
740,00000000	0,99864869
740,20000000	0,99847501
740,40000000	0,99845451
740,60000000	0,99851441
740,80000000	0,99840542
741,00000000	0,99843296
741,20000000	0,99847127
741,40000000	0,99842403
741,60000000	0,99829676
741,80000000	0,99826141
742,00000000	0,99824920
742,20000000	0,99830356
742,40000000	0,99837529
742,60000000	0,99836943
742,80000000	0,99817254
743,00000000	0,99822066
743,20000000	0,99819931
743,40000000	0,99807357
743,60000000	0,99814086
743,80000000	0,99818147
744,00000000	0,99810374
744,20000000	0,99818803
744,40000000	0,99816848
744,60000000	0,99810995
744,80000000	0,99798961
745,00000000	0,99811969
745,20000000	0,99813963
745,40000000	0,99806657
745,60000000	0,99808460
745,80000000	0,99806551
746,00000000	0,99813457
746,20000000	0,99826597
746,40000000	0,99812457
746,60000000	0,99809130
746,80000000	0,99810299
747,00000000	0,99807962
747,20000000	0,99811937
747,40000000	0,99820132
747,60000000	0,99816640
747,80000000	0,99817802
748,00000000	0,99828374
748,20000000	0,99836185
748,40000000	0,99829879
748,60000000	0,99829985
748,80000000	0,99829223
749,00000000	0,99836470
749,20000000	0,99847601
749,40000000	0,99846663
749,60000000	0,99835845
749,80000000	0,99842304
750,00000000	0,99850667
750,20000000	0,99857033
750,40000000	0,99863262
750,60000000	0,99865217
750,80000000	0,99867685
751,00000000	0,99870897
751,20000000	0,99879626
751,40000000	0,99873435
751,60000000	0,99876854
751,80000000	0,99884278
752,00000000	0,99888415
752,20000000	0,99897828
752,40000000	0,99904430
752,60000000	0,99909278
752,80000000	0,99914373
753,00000000	0,99913937
753,20000000	0,99907709
753,40000000	0,99914725
753,60000000	0,99924224
753,80000000	0,99929358
754,00000000	0,99928853
754,20000000	0,99939362
754,40000000	0,99944715
754,60000000	0,99944773
754,80000000	0,99949559
755,00000000	0,99947292
755,20000000	0,99951632
755,40000000	0,99962711
755,60000000	0,99961703
755,80000000	0,99960474
756,00000000	0,99965645
756,20000000	0,99968743
756,40000000	0,99966462
756,60000000	0,99967620
756,80000000	0,99970717
757,00000000	0,99970673
757,20000000	0,99972183
757,40000000	0,99969215
757,60000000	0,99969389
757,80000000	0,99970132
758,00000000	0,99970248
758,20000000	0,99972700
758,40000000	0,99977489
758,60000000	0,99973712
758,80000000	0,99972480
759,00000000	0,99972005
759,20000000	0,99969575
759,40000000	0,99968489
759,60000000	0,99966970
759,80000000	0,99960902
760,00000000	0,99960253
760,20000000	0,99961339
760,40000000	0,99961968
760,60000000	0,99959907
760,80000000	0,99957240
761,00000000	0,99953887
761,20000000	0,99952401
761,40000000	0,99945155
761,60000000	0,99936926
761,80000000	0,99936019
762,00000000	0,99939861
762,20000000	0,99939162
762,40000000	0,99934257
762,60000000	0,99931088
762,80000000	0,99918678
763,00000000	0,99914211
763,20000000	0,99917238
763,40000000	0,99907255
763,60000000	0,99906807
763,80000000	0,99907341
764,00000000	0,99910745
764,20000000	0,99911219
764,40000000	0,99901145
764,60000000	0,99896364
764,80000000	0,99885636
765,00000000	0,99887464
765,20000000	0,99882864
765,40000000	0,99886676
765,60000000	0,99889083
765,80000000	0,99887788
766,00000000	0,99890309
766,20000000	0,99880792
766,40000000	0,99873609
766,60000000	0,99879798
766,80000000	0,99866385
767,00000000	0,99870968
767,20000000	0,99872978
767,40000000	0,99875098
767,60000000	0,99880745
767,80000000	0,99872152
768,00000000	0,99878095
768,20000000	0,99885048
768,40000000	0,99883037
768,60000000	0,99881584
768,80000000	0,99875973
769,00000000	0,99872936
769,20000000	0,99875741
769,40000000	0,99885385
769,60000000	0,99891133
769,80000000	0,99890530
770,00000000	0,99890481
770,20000000	0,99889795
770,40000000	0,99893735
770,60000000	0,99895491
770,80000000	0,99908523
771,00000000	0,99917297
771,20000000	0,99908590
771,40000000	0,99919056
771,60000000	0,99925652
771,80000000	0,99925782
772,00000000	0,99928016
772,20000000	0,99931372
772,40000000	0,99935223
772,60000000	0,99948981
772,80000000	0,99949504
773,00000000	0,99948364
773,20000000	0,99957722
773,40000000	0,99964119
773,60000000	0,99961129
773,80000000	0,99964824
774,00000000	0,99969071
774,20000000	0,99970277
774,40000000	0,99976758
774,60000000	0,99981126
774,80000000	0,99983122
775,00000000	0,99985332
775,20000000	0,99984879
775,40000000	0,99985999
775,60000000	0,99990476
775,80000000	0,99991755
776,00000000	0,99992623
776,20000000	0,99992836
776,40000000	0,99992081
776,60000000	0,99993250
776,80000000	0,99993221
777,00000000	0,99993874
777,20000000	0,99992407
777,40000000	0,99989856
777,60000000	0,99986044
777,80000000	0,99982107
778,00000000	0,99977003
778,20000000	0,99971475
778,40000000	0,99970916
778,60000000	0,99959456
778,80000000	0,99957929
779,00000000	0,99957002
779,20000000	0,99949650
779,40000000	0,99944403
779,60000000	0,99927547
779,80000000	0,99917987
780,00000000	0,99919324
780,20000000	0,99903606
780,40000000	0,99897384
780,60000000	0,99891558
780,80000000	0,99881666
781,00000000	0,99869121
781,20000000	0,99858628
781,40000000	0,99837129
781,60000000	0,99810864
781,80000000	0,99797877
782,00000000	0,99788457
782,20000000	0,99796353
782,40000000	0,99774485
782,60000000	0,99747798
782,80000000	0,99730281
783,00000000	0,99701093
783,20000000	0,99695442
783,40000000	0,99667846
783,60000000	0,99649629
783,80000000	0,99656590
784,00000000	0,99643207
784,20000000	0,99621680
784,40000000	0,99601989
784,60000000	0,99577120
784,80000000	0,99561114
785,00000000	0,99525975
785,20000000	0,99515148
785,40000000	0,99491699
785,60000000	0,99471630
785,80000000	0,99456864
786,00000000	0,99439513
786,20000000	0,99419861
786,40000000	0,99412401
786,60000000	0,99391748
786,80000000	0,99350243
787,00000000	0,99348915
787,20000000	0,99331912
787,40000000	0,99329064
787,60000000	0,99282219
787,80000000	0,99241708
788,00000000	0,99236901
788,20000000	0,99206765
788,40000000	0,99170080
788,60000000	0,99179048
788,80000000	0,99171506
789,00000000	0,99141820
789,20000000	0,99146690
789,40000000	0,99156368
789,60000000	0,99131471
789,80000000	0,99105068
790,00000000	0,99088562
790,20000000	0,99070222
790,40000000	0,99076643
790,60000000	0,99077783
790,80000000	0,99068520
791,00000000	0,99017047
791,20000000	0,98985392
791,40000000	0,98995704
791,60000000	0,99009615
791,80000000	0,99019350
792,00000000	0,99016437
792,20000000	0,99003617
792,40000000	0,98994381
792,60000000	0,98988842
792,80000000	0,98991847
793,00000000	0,98995166
793,20000000	0,99023271
793,40000000	0,98997563
793,60000000	0,98977042
793,80000000	0,98987180
794,00000000	0,98997821
794,20000000	0,98982915
794,40000000	0,98973720
794,60000000	0,98976643
794,80000000	0,98968248
795,00000000	0,98989390
795,20000000	0,98998334
795,40000000	0,99017748
795,60000000	0,99022278
795,80000000	0,99011744
796,00000000	0,99001817
796,20000000	0,99040344
796,40000000	0,99061528
796,60000000	0,99064962
796,80000000	0,99077208
797,00000000	0,99105728
797,20000000	0,99100073
797,40000000	0,99084945
797,60000000	0,99112982
797,80000000	0,99110727
798,00000000	0,99112500
798,20000000	0,99119345
798,40000000	0,99159335
798,60000000	0,99163468
798,80000000	0,99163331
799,00000000	0,99182150
799,20000000	0,99184776
799,40000000	0,99187676
799,60000000	0,99201293
799,80000000	0,99231997
800,00000000	0,99242616
800,20000000	0,99242680
800,40000000	0,99251975
800,60000000	0,99264644
800,80000000	0,99252215
801,00000000	0,99248768
801,20000000	0,99268952
801,40000000	0,99282579
801,60000000	0,99276112
801,80000000	0,99292594
802,00000000	0,99309535
802,20000000	0,99261423
802,40000000	0,99269031
802,60000000	0,99293586
802,80000000	0,99287367
803,00000000	0,99287498
803,20000000	0,99290635
803,40000000	0,99286029
803,60000000	0,99275689
803,80000000	0,99256788
804,00000000	0,99252571
804,20000000	0,99248982
804,40000000	0,99264372
804,60000000	0,99254117
804,80000000	0,99246653
805,00000000	0,99246048
805,20000000	0,99237996
805,40000000	0,99200350
805,60000000	0,99200183
805,80000000	0,99178131
806,00000000	0,99185351
806,20000000	0,99179091
806,40000000	0,99140442
806,60000000	0,99118273
806,80000000	0,99084291
807,00000000	0,99067948
807,20000000	0,99070131
807,40000000	0,99065229
807,60000000	0,99040853
807,80000000	0,98969995
808,00000000	0,98937956
808,20000000	0,98938488
808,40000000	0,98919966
808,60000000	0,98891741
808,80000000	0,98863963
809,00000000	0,98846427
809,20000000	0,98825011
809,40000000	0,98773511
809,60000000	0,98716457
809,80000000	0,98710360
810,00000000	0,98710465
810,20000000	0,98668018
810,40000000	0,98599076
810,60000000	0,98619821
810,80000000	0,98591566
811,00000000	0,98537109
811,20000000	0,98501514
811,40000000	0,98487089
811,60000000	0,98464586
811,80000000	0,98435442
812,00000000	0,98430463
812,20000000	0,98374641
812,40000000	0,98328205
812,60000000	0,98303123
812,80000000	0,98319819
813,00000000	0,98266801
813,20000000	0,98258769
813,40000000	0,98201627
813,60000000	0,98152316
813,80000000	0,98158966
814,00000000	0,98157368
814,20000000	0,98127087
814,40000000	0,98099399
814,60000000	0,98030440
814,80000000	0,98066693
815,00000000	0,98026682
815,20000000	0,97998676
815,40000000	0,97968733
815,60000000	0,97901845
815,80000000	0,97881831
816,00000000	0,97897451
816,20000000	0,97915694
816,40000000	0,97868405
816,60000000	0,97811194
816,80000000	0,97826186
817,00000000	0,97826802
817,20000000	0,97799504
817,40000000	0,97806140
817,60000000	0,97730798
817,80000000	0,97729876
818,00000000	0,97696496
818,20000000	0,97687078
818,40000000	0,97725821
818,60000000	0,97657215
818,80000000	0,97663099
819,00000000	0,97652216
819,20000000	0,97628313
819,40000000	0,97608214
819,60000000	0,97598542
819,80000000	0,97569855
820,00000000	0,97581887
820,20000000	0,97600664
820,40000000	0,97603481
820,60000000	0,97539438
820,80000000	0,97518079
821,00000000	0,97522711
821,20000000	0,97541567
821,40000000	0,97534668
821,60000000	0,97498740
821,80000000	0,97537659
822,00000000	0,97494011
822,20000000	0,97473694
822,40000000	0,97536763
822,60000000	0,97465492
822,80000000	0,97459224
823,00000000	0,97491659
823,20000000	0,97430073
823,40000000	0,97447194
823,60000000	0,97432757
823,80000000	0,97348631
824,00000000	0,97351607
824,20000000	0,97377836
824,40000000	0,97394761
824,60000000	0,97373966
824,80000000	0,97338074
825,00000000	0,97325681
825,20000000	0,97336863
825,40000000	0,97311981
825,60000000	0,97280836
825,80000000	0,97205315
826,00000000	0,97213529
826,20000000	0,97210373
826,40000000	0,97146957
826,60000000	0,97110734
826,80000000	0,97122704
827,00000000	0,97099481
827,20000000	0,97057632
827,40000000	0,97051253
827,60000000	0,97051166
827,80000000	0,96944212
828,00000000	0,96970928
828,20000000	0,96902493
828,40000000	0,96954040
828,60000000	0,96865966
828,80000000	0,96861287
829,00000000	0,96783394
829,20000000	0,96697433
829,40000000	0,96698689
829,60000000	0,96723713
829,80000000	0,96657181
830,00000000	0,96564905
830,20000000	0,96542198
830,40000000	0,96544229
830,60000000	0,96500313
830,80000000	0,96429566
831,00000000	0,96409315
831,20000000	0,96329591
831,40000000	0,96286234
831,60000000	0,96212184
831,80000000	0,96228319
832,00000000	0,96163833
832,20000000	0,96067079
832,40000000	0,96095875
832,60000000	0,96039802
832,80000000	0,95954061
833,00000000	0,95920738
833,20000000	0,95881956
833,40000000	0,95873637
833,60000000	0,95789015
833,80000000	0,95700936
834,00000000	0,95639131
834,20000000	0,95603978
834,40000000	0,95608199
834,60000000	0,95522218
834,80000000	0,95500888
835,00000000	0,95401376
835,20000000	0,95390478
835,40000000	0,95405490
835,60000000	0,95408939
835,80000000	0,95336758
836,00000000	0,95290827
836,20000000	0,95234937
836,40000000	0,95156608
836,60000000	0,95121684
836,80000000	0,95104338
837,00000000	0,95139959
837,20000000	0,95111156
837,40000000	0,95027361
837,60000000	0,95071990
837,80000000	0,95040642
838,00000000	0,94967246
838,20000000	0,94971486
838,40000000	0,94960689
838,60000000	0,94915891
838,80000000	0,94928382
839,00000000	0,94963328
839,20000000	0,94887753
839,40000000	0,94892364
839,60000000	0,94901062
839,80000000	0,94894208
840,00000000	0,94930549
840,20000000	0,94893616
840,40000000	0,94927646
840,60000000	0,94953095
840,80000000	0,94899599
841,00000000	0,94866669
841,20000000	0,94999394
841,40000000	0,94983908
841,60000000	0,94965835
841,80000000	0,94980444
842,00000000	0,95042997
842,20000000	0,95103716
842,40000000	0,95102267
842,60000000	0,95169634
842,80000000	0,95141289
843,00000000	0,95172105
843,20000000	0,95230927
843,40000000	0,95294320
843,60000000	0,95338468
843,80000000	0,95378030
844,00000000	0,95421135
844,20000000	0,95542693
844,40000000	0,95506038
844,60000000	0,95609455
844,80000000	0,95659340
845,00000000	0,95735530
845,20000000	0,95799222
845,40000000	0,95784479
845,60000000	0,95883153
845,80000000	0,95940250
846,00000000	0,96023811
846,20000000	0,96112738
846,40000000	0,96095828
846,60000000	0,96239040
846,80000000	0,96243019
847,00000000	0,96355676
847,20000000	0,96436418
847,40000000	0,96522672
847,60000000	0,96585144
847,80000000	0,96630717
848,00000000	0,96792198
848,20000000	0,96821039
848,40000000	0,96832682
848,60000000	0,96920176
848,80000000	0,97001430
849,00000000	0,97120060
849,20000000	0,97172959
849,40000000	0,97257495
849,60000000	0,97362835
849,80000000	0,97452526
850,00000000	0,97503024
850,20000000	0,97557060
850,40000000	0,97668413
850,60000000	0,97756519
850,80000000	0,97760620
851,00000000	0,97869218
851,20000000	0,97911390
851,40000000	0,97979511
851,60000000	0,98016977
851,80000000	0,98102815
852,00000000	0,98209177
852,20000000	0,98262496
852,40000000	0,98341100
852,60000000	0,98366130
852,80000000	0,98405473
853,00000000	0,98499607
853,20000000	0,98515174
853,40000000	0,98599004
853,60000000	0,98649185
853,80000000	0,98667019
854,00000000	0,98738076
854,20000000	0,98771957
854,40000000	0,98824604
854,60000000	0,98829038
854,80000000	0,98887616
855,00000000	0,98933642
855,20000000	0,98961582
855,40000000	0,98972135
855,60000000	0,98984428
855,80000000	0,99026677
856,00000000	0,99038972
856,20000000	0,99053735
856,40000000	0,99049609
856,60000000	0,99070781
856,80000000	0,99122018
857,00000000	0,99091583
857,20000000	0,99101947
857,40000000	0,99097729
857,60000000	0,99107436
857,80000000	0,99122886
858,00000000	0,99096213
858,20000000	0,99111195
858,40000000	0,99090464
858,60000000	0,99088975
858,80000000	0,99080683
859,00000000	0,99078144
859,20000000	0,99055199
859,40000000	0,99031732
859,60000000	0,99016875
859,80000000	0,99002671
860,00000000	0,98969577
860,20000000	0,98976743
860,40000000	0,98915476
860,60000000	0,98922911
860,80000000	0,98865633
861,00000000	0,98822157
861,20000000	0,98851568
861,40000000	0,98775093
861,60000000	0,98753921
861,80000000	0,98711819
862,00000000	0,98697593
862,20000000	0,98671883
862,40000000	0,98624567
862,60000000	0,98629798
862,80000000	0,98554148
863,00000000	0,98500051
863,20000000	0,98500596
863,40000000	0,98468465
863,60000000	0,98418540
863,80000000	0,98394574
864,00000000	0,98361618
864,20000000	0,98352524
864,40000000	0,98304481
864,60000000	0,98263948
864,80000000	0,98214814
865,00000000	0,98187330
865,20000000	0,98140545
865,40000000	0,98120739
865,60000000	0,98078270
865,80000000	0,98073895
866,00000000	0,98060497
866,20000000	0,97988218
866,40000000	0,97961758
866,60000000	0,97922199
866,80000000	0,97905879
867,00000000	0,97905841
867,20000000	0,97832099
867,40000000	0,97828136
867,60000000	0,97812012
867,80000000	0,97730527
868,00000000	0,97754563
868,20000000	0,97738073
868,40000000	0,97674223
868,60000000	0,97647325
868,80000000	0,97656349
869,00000000	0,97658227
869,20000000	0,97653338
869,40000000	0,97585066
869,60000000	0,97629327
869,80000000	0,97607490
870,00000000	0,97598855
870,20000000	0,97549753
870,40000000	0,97538520
870,60000000	0,97515612
870,80000000	0,97487792
871,00000000	0,97481146
871,20000000	0,97486070
871,40000000	0,97415486
871,60000000	0,97433699
871,80000000	0,97492853
872,00000000	0,97433439
872,20000000	0,97424101
872,40000000	0,97372438
872,60000000	0,97374259
872,80000000	0,97387370
873,00000000	0,97390732
873,20000000	0,97389823
873,40000000	0,97358558
873,60000000	0,97350259
873,80000000	0,97341654
874,00000000	0,97357222
874,20000000	0,97320896
874,40000000	0,97295342
874,60000000	0,97295343
874,80000000	0,97301246
875,00000000	0,97274948
875,20000000	0,97289089
875,40000000	0,97273119
875,60000000	0,97188249
875,80000000	0,97171958
876,00000000	0,97200933
876,20000000	0,97176909
876,40000000	0,97196698
876,60000000	0,97088570
876,80000000	0,97058756
877,00000000	0,97114874
877,20000000	0,97072377
877,40000000	0,97046263
877,60000000	0,97008652
877,80000000	0,97018637
878,00000000	0,97036828
878,20000000	0,96908037
878,40000000	0,96941514
878,60000000	0,96899417
878,80000000	0,96829116
879,00000000	0,96888206
879,20000000	0,96820237
879,40000000	0,96746626
879,60000000	0,96737608
879,80000000	0,96707173
880,00000000	0,96680308
880,20000000	0,96639454
880,40000000	0,96583944
880,60000000	0,96507297
880,80000000	0,96476675
881,00000000	0,96435962
881,20000000	0,96455228
881,40000000	0,96381245
881,60000000	0,96337744
881,80000000	0,96296470
882,00000000	0,96274615
882,20000000	0,96246138
882,40000000	0,96142119
882,60000000	0,96123432
882,80000000	0,96109817
883,00000000	0,96079177
883,20000000	0,96018311
883,40000000	0,95958146
883,60000000	0,95915101
883,80000000	0,95846533
884,00000000	0,95755096
884,20000000	0,95797447
884,40000000	0,95760192
884,60000000	0,95602229
884,80000000	0,95676765
885,00000000	0,95594807
885,20000000	0,95522508
885,40000000	0,95570043
885,60000000	0,95490736
885,80000000	0,95428279
886,00000000	0,95406838
886,20000000	0,95334283
886,40000000	0,95352415
886,60000000	0,95289639
886,80000000	0,95171879
887,00000000	0,95224325
887,20000000	0,95179181
887,40000000	0,95156795
887,60000000	0,95104826
887,80000000	0,95092487
888,00000000	0,95034314
888,20000000	0,94959263
888,40000000	0,95023207
888,60000000	0,94904988
888,80000000	0,94886406
889,00000000	0,94887522
889,20000000	0,94932251
889,40000000	0,94884445
889,60000000	0,94780630
889,80000000	0,94836673
890,00000000	0,94821494
890,20000000	0,94781141
890,40000000	0,94834510
890,60000000	0,94787440
890,80000000	0,94767910
891,00000000	0,94771199
891,20000000	0,94756372
891,40000000	0,94777830
891,60000000	0,94746758
891,80000000	0,94802299
892,00000000	0,94771269
892,20000000	0,94782843
892,40000000	0,94789056
892,60000000	0,94780439
892,80000000	0,94760509
893,00000000	0,94815867
893,20000000	0,94867985
893,40000000	0,94836381
893,60000000	0,94831369
893,80000000	0,94874130
894,00000000	0,94871365
894,20000000	0,94879114
894,40000000	0,94930952
894,60000000	0,94968501
894,80000000	0,94943619
895,00000000	0,94932991
895,20000000	0,95021581
895,40000000	0,95080612
895,60000000	0,95088927
895,80000000	0,95108528
896,00000000	0,95166475
896,20000000	0,95201534
896,40000000	0,95113365
896,60000000	0,95252496
896,80000000	0,95283171
897,00000000	0,95236685
897,20000000	0,95352368
897,40000000	0,95375285
897,60000000	0,95378376
897,80000000	0,95455370
898,00000000	0,95457973
898,20000000	0,95528893
898,40000000	0,95507531
898,60000000	0,95510386
898,80000000	0,95574303
899,00000000	0,95627751
899,20000000	0,95645700
899,40000000	0,95668390
899,60000000	0,95689738
899,80000000	0,95774683
900,00000000	0,95768051
