200,00000000	0,85790369
200,20000000	0,70156541
200,40000000	0,94310103
200,60000000	0,87261526
200,80000000	0,88721828
201,00000000	0,86463084
201,20000000	0,73616833
201,40000000	0,97662880
201,60000000	0,86190063
201,80000000	0,91040100
202,00000000	0,86584681
202,20000000	0,95245507
202,40000000	0,58314779
202,60000000	0,82131699
202,80000000	0,82861426
203,00000000	0,75570003
203,20000000	0,86643819
203,40000000	0,93427972
203,60000000	0,81468597
203,80000000	0,72578173
204,00000000	0,92656572
204,20000000	0,99975047
204,40000000	0,83996486
204,60000000	0,43079688
204,80000000	0,95737830
205,00000000	0,65802069
205,20000000	0,76831253
205,40000000	0,81822208
205,60000000	0,85701480
205,80000000	0,92812177
206,00000000	0,94636642
206,20000000	0,95850513
206,40000000	0,93258455
206,60000000	0,99171989
206,80000000	0,54533559
207,00000000	0,74630197
207,20000000	0,90017888
207,40000000	0,99652211
207,60000000	0,14582165
207,80000000	0,82351386
208,00000000	0,95387828
208,20000000	0,90278198
208,40000000	0,67636107
208,60000000	0,89973505
208,80000000	0,97879464
209,00000000	0,85803354
209,20000000	0,69081679
209,40000000	0,77951945
209,60000000	0,98381932
209,80000000	0,90504385
210,00000000	0,77561372
210,20000000	0,45233295
210,40000000	0,90313082
210,60000000	0,94468048
210,80000000	0,57244361
211,00000000	0,69107591
211,20000000	0,97305232
211,40000000	0,88235203
211,60000000	0,37932805
211,80000000	0,70840811
212,00000000	0,84166277
212,20000000	0,97998131
212,40000000	0,64168580
212,60000000	0,82599260
212,80000000	0,96206101
213,00000000	0,91202305
213,20000000	0,97526940
213,40000000	0,77355182
213,60000000	0,84412542
213,80000000	0,88974239
214,00000000	0,89049338
214,20000000	0,62343969
214,40000000	0,91718409
214,60000000	0,84756263
214,80000000	0,87521797
215,00000000	0,79324656
215,20000000	0,93712645
215,40000000	0,95827988
215,60000000	0,91985653
215,80000000	0,96244865
216,00000000	0,92636965
216,20000000	0,86142183
216,40000000	0,84176688
216,60000000	0,98510531
216,80000000	0,57313733
217,00000000	0,84064352
217,20000000	0,71828085
217,40000000	0,90866970
217,60000000	0,80991426
217,80000000	0,83759698
218,00000000	0,84507713
218,20000000	0,81804320
218,40000000	0,90302302
218,60000000	0,89151073
218,80000000	0,85685237
219,00000000	0,95940476
219,20000000	0,75051501
219,40000000	0,83409005
219,60000000	0,84799146
219,80000000	0,89977628
220,00000000	0,87890426
220,20000000	0,81510236
220,40000000	0,87802207
220,60000000	0,90151174
220,80000000	0,92104744
221,00000000	0,69460860
221,20000000	0,89237457
221,40000000	0,75016578
221,60000000	0,93080156
221,80000000	0,80366368
222,00000000	0,79474863
222,20000000	0,76342564
222,40000000	0,87734563
222,60000000	0,92724118
222,80000000	0,72042532
223,00000000	0,89228287
223,20000000	0,85777103
223,40000000	0,76074172
223,60000000	0,93049992
223,80000000	0,86942962
224,00000000	0,91232260
224,20000000	0,92834590
224,40000000	0,90457685
224,60000000	0,88488959
224,80000000	0,94796026
225,00000000	0,93979828
225,20000000	0,80175442
225,40000000	0,82446750
225,60000000	0,85083258
225,80000000	0,85748876
226,00000000	0,88008904
226,20000000	0,81286672
226,40000000	0,65384471
226,60000000	0,81155983
226,80000000	0,88421831
227,00000000	0,73652365
227,20000000	0,76355689
227,40000000	0,76035580
227,60000000	0,80127433
227,80000000	0,74858619
228,00000000	0,85585692
228,20000000	0,87527365
228,40000000	0,89208886
228,60000000	0,78326990
228,80000000	0,79073223
229,00000000	0,92068947
229,20000000	0,85727798
229,40000000	0,85596401
229,60000000	0,87125599
229,80000000	0,76966924
230,00000000	0,90389321
230,20000000	0,82618681
230,40000000	0,96524899
230,60000000	0,70231095
230,80000000	0,83791527
231,00000000	0,69097461
231,20000000	0,86189879
231,40000000	0,90645996
231,60000000	0,70412927
231,80000000	0,83892136
232,00000000	0,80621608
232,20000000	0,82106048
232,40000000	0,89059836
232,60000000	0,67176476
232,80000000	0,85183464
233,00000000	0,77788417
233,20000000	0,85748808
233,40000000	0,83176639
233,60000000	0,85571403
233,80000000	0,80287348
234,00000000	0,80959176
234,20000000	0,87272912
234,40000000	0,83977591
234,60000000	0,86507140
234,80000000	0,84863371
235,00000000	0,79766408
235,20000000	0,82147284
235,40000000	0,86245019
235,60000000	0,73147061
235,80000000	0,88349806
236,00000000	0,79888309
236,20000000	0,80284559
236,40000000	0,84706067
236,60000000	0,82518854
236,80000000	0,83766032
237,00000000	0,83090414
237,20000000	0,85685781
237,40000000	0,82570941
237,60000000	0,81571263
237,80000000	0,81489930
238,00000000	0,78435905
238,20000000	0,88300121
238,40000000	0,84745304
238,60000000	0,78117991
238,80000000	0,85918864
239,00000000	0,89779444
239,20000000	0,85750622
239,40000000	0,83978575
239,60000000	0,87196626
239,80000000	0,84119934
240,00000000	0,77616280
240,20000000	0,91333974
240,40000000	0,87691455
240,60000000	0,89393389
240,80000000	0,76537605
241,00000000	0,83935687
241,20000000	0,82774138
241,40000000	0,88284065
241,60000000	0,87823263
241,80000000	0,84109403
242,00000000	0,87408458
242,20000000	0,79967278
242,40000000	0,86696658
242,60000000	0,82776083
242,80000000	0,81668540
243,00000000	0,84515570
243,20000000	0,79174246
243,40000000	0,80130398
243,60000000	0,82254611
243,80000000	0,79514796
244,00000000	0,82884682
244,20000000	0,82888763
244,40000000	0,85925991
244,60000000	0,81134629
244,80000000	0,75408929
245,00000000	0,84527431
245,20000000	0,80406473
245,40000000	0,84178135
245,60000000	0,77512396
245,80000000	0,89107029
246,00000000	0,76630066
246,20000000	0,82435111
246,40000000	0,86245734
246,60000000	0,85171870
246,80000000	0,83066988
247,00000000	0,79779428
247,20000000	0,83642003
247,40000000	0,89901943
247,60000000	0,82405538
247,80000000	0,82520638
248,00000000	0,85289438
248,20000000	0,80410843
248,40000000	0,83082652
248,60000000	0,85221896
248,80000000	0,81956000
249,00000000	0,83994168
249,20000000	0,75918300
249,40000000	0,81356418
249,60000000	0,77169807
249,80000000	0,82156445
250,00000000	0,87892026
250,20000000	0,82447715
250,40000000	0,70759006
250,60000000	0,79283924
250,80000000	0,75947629
251,00000000	0,79919834
251,20000000	0,82382463
251,40000000	0,79036431
251,60000000	0,80234391
251,80000000	0,78779573
252,00000000	0,84696244
252,20000000	0,77570284
252,40000000	0,77939788
252,60000000	0,84592559
252,80000000	0,75731591
253,00000000	0,83582083
253,20000000	0,81599545
253,40000000	0,77378274
253,60000000	0,84002004
253,80000000	0,83960170
254,00000000	0,83211097
254,20000000	0,85438807
254,40000000	0,77003727
254,60000000	0,74153780
254,80000000	0,84421066
255,00000000	0,85039527
255,20000000	0,82195346
255,40000000	0,84695275
255,60000000	0,86286607
255,80000000	0,77108631
256,00000000	0,85193875
256,20000000	0,83476578
256,40000000	0,80702881
256,60000000	0,83298259
256,80000000	0,84445539
257,00000000	0,82220476
257,20000000	0,78465927
257,40000000	0,74813613
257,60000000	0,76714634
257,80000000	0,84830198
258,00000000	0,84080078
258,20000000	0,81988010
258,40000000	0,79544187
258,60000000	0,70241101
258,80000000	0,79486102
259,00000000	0,80226970
259,20000000	0,81724643
259,40000000	0,78991162
259,60000000	0,82665228
259,80000000	0,79797527
260,00000000	0,74234588
260,20000000	0,69719178
260,40000000	0,79203568
260,60000000	0,80178370
260,80000000	0,71468949
261,00000000	0,75222201
261,20000000	0,75895344
261,40000000	0,80379406
261,60000000	0,73134943
261,80000000	0,75850026
262,00000000	0,75420443
262,20000000	0,71756986
262,40000000	0,79966775
262,60000000	0,78012651
262,80000000	0,68801767
263,00000000	0,63402697
263,20000000	0,77341577
263,40000000	0,79324423
263,60000000	0,75050551
263,80000000	0,76836748
264,00000000	0,74315501
264,20000000	0,71560902
264,40000000	0,70422460
264,60000000	0,73391341
264,80000000	0,78497371
265,00000000	0,76753297
265,20000000	0,69713466
265,40000000	0,71393928
265,60000000	0,71881715
265,80000000	0,75364680
266,00000000	0,75302922
266,20000000	0,68720931
266,40000000	0,73086111
266,60000000	0,66425039
266,80000000	0,73179517
267,00000000	0,69856085
267,20000000	0,71604929
267,40000000	0,68945877
267,60000000	0,68611298
267,80000000	0,71210439
268,00000000	0,69822407
268,20000000	0,74118843
268,40000000	0,68063442
268,60000000	0,69963446
268,80000000	0,71777020
269,00000000	0,72252196
269,20000000	0,69732982
269,40000000	0,69817886
269,60000000	0,74189083
269,80000000	0,71654181
270,00000000	0,65896800
270,20000000	0,68026646
270,40000000	0,71107904
270,60000000	0,72477553
270,80000000	0,74950919
271,00000000	0,66569574
271,20000000	0,68271059
271,40000000	0,71096938
271,60000000	0,70180871
271,80000000	0,76483823
272,00000000	0,74088077
272,20000000	0,66903162
272,40000000	0,64843867
272,60000000	0,66916138
272,80000000	0,68306927
273,00000000	0,69955971
273,20000000	0,71371544
273,40000000	0,66838671
273,60000000	0,68929415
273,80000000	0,66441761
274,00000000	0,63976222
274,20000000	0,66430272
274,40000000	0,67063713
274,60000000	0,63042137
274,80000000	0,66227507
275,00000000	0,71058615
275,20000000	0,65474025
275,40000000	0,66338790
275,60000000	0,64150471
275,80000000	0,70567381
276,00000000	0,65823162
276,20000000	0,62435498
276,40000000	0,66176627
276,60000000	0,64581653
276,80000000	0,68126228
277,00000000	0,68724872
277,20000000	0,63785146
277,40000000	0,59093119
277,60000000	0,59529291
277,80000000	0,66135778
278,00000000	0,65975753
278,20000000	0,68023919
278,40000000	0,65111087
278,60000000	0,60705908
278,80000000	0,59021151
279,00000000	0,64567087
279,20000000	0,59585249
279,40000000	0,61166150
279,60000000	0,62352017
279,80000000	0,49427150
280,00000000	0,58763892
280,20000000	0,65913761
280,40000000	0,62863684
280,60000000	0,60071906
280,80000000	0,57244864
281,00000000	0,64308773
281,20000000	0,62020165
281,40000000	0,61667312
281,60000000	0,56208463
281,80000000	0,60321933
282,00000000	0,54995895
282,20000000	0,61194004
282,40000000	0,61811451
282,60000000	0,59804621
282,80000000	0,60453370
283,00000000	0,54564793
283,20000000	0,56531289
283,40000000	0,58800063
283,60000000	0,57960040
283,80000000	0,58805753
284,00000000	0,56707124
284,20000000	0,56404641
284,40000000	0,50973475
284,60000000	0,50554941
284,80000000	0,52053882
285,00000000	0,48141212
285,20000000	0,52145837
285,40000000	0,47342309
285,60000000	0,48326304
285,80000000	0,50013568
286,00000000	0,46615579
286,20000000	0,48583888
286,40000000	0,49997424
286,60000000	0,45794416
286,80000000	0,41659703
287,00000000	0,42838681
287,20000000	0,41998075
287,40000000	0,40618214
287,60000000	0,38500329
287,80000000	0,37733536
288,00000000	0,40243936
288,20000000	0,43829556
288,40000000	0,35696737
288,60000000	0,35425127
288,80000000	0,34573909
289,00000000	0,32911485
289,20000000	0,34350142
289,40000000	0,33522004
289,60000000	0,34118186
289,80000000	0,34654994
290,00000000	0,31545460
290,20000000	0,34359799
290,40000000	0,34836658
290,60000000	0,28251684
290,80000000	0,36342578
291,00000000	0,30886062
291,20000000	0,30613003
291,40000000	0,25485758
291,60000000	0,27550508
291,80000000	0,21863910
292,00000000	0,31481365
292,20000000	0,31913862
292,40000000	0,30042378
292,60000000	0,26539096
292,80000000	0,24520606
293,00000000	0,27204432
293,20000000	0,31798973
293,40000000	0,30181643
293,60000000	0,24803988
293,80000000	0,24491137
294,00000000	0,26225485
294,20000000	0,26983914
294,40000000	0,30029060
294,60000000	0,27378241
294,80000000	0,25050559
295,00000000	0,28599764
295,20000000	0,24427205
295,40000000	0,26139165
295,60000000	0,28741503
295,80000000	0,23454808
296,00000000	0,21928815
296,20000000	0,26149041
296,40000000	0,26933662
296,60000000	0,23667478
296,80000000	0,23040364
297,00000000	0,30033627
297,20000000	0,27763307
297,40000000	0,26099524
297,60000000	0,22702664
297,80000000	0,28823372
298,00000000	0,26227388
298,20000000	0,20275157
298,40000000	0,23722376
298,60000000	0,25998866
298,80000000	0,20723846
299,00000000	0,28826729
299,20000000	0,24323162
299,40000000	0,24343338
299,60000000	0,21153938
299,80000000	0,24626499
300,00000000	0,26290645
300,20000000	0,22077452
300,40000000	0,23161458
300,60000000	0,21879873
300,80000000	0,22292577
301,00000000	0,25623797
301,20000000	0,23661519
301,40000000	0,26005769
301,60000000	0,24424566
301,80000000	0,23467018
302,00000000	0,25390550
302,20000000	0,24507759
302,40000000	0,25233894
302,60000000	0,23414798
302,80000000	0,21362461
303,00000000	0,20688016
303,20000000	0,23189588
303,40000000	0,26542495
303,60000000	0,26038983
303,80000000	0,20871760
304,00000000	0,22795653
304,20000000	0,23614319
304,40000000	0,24487198
304,60000000	0,18996932
304,80000000	0,19901181
305,00000000	0,23350230
305,20000000	0,20178974
305,40000000	0,19485349
305,60000000	0,21761994
305,80000000	0,22337895
306,00000000	0,24528049
306,20000000	0,22729496
306,40000000	0,21281262
306,60000000	0,21268378
306,80000000	0,22116027
307,00000000	0,24402533
307,20000000	0,23187432
307,40000000	0,19562787
307,60000000	0,20564253
307,80000000	0,21809393
308,00000000	0,20951834
308,20000000	0,20563562
308,40000000	0,21414197
308,60000000	0,23488723
308,80000000	0,22092240
309,00000000	0,22930744
309,20000000	0,20516422
309,40000000	0,19115683
309,60000000	0,23814393
309,80000000	0,21873158
310,00000000	0,20192675
310,20000000	0,19738450
310,40000000	0,20224930
310,60000000	0,22831605
310,80000000	0,22472666
311,00000000	0,20908249
311,20000000	0,24182722
311,40000000	0,23643954
311,60000000	0,20924808
311,80000000	0,18726234
312,00000000	0,19348752
312,20000000	0,24383206
312,40000000	0,22581657
312,60000000	0,18636565
312,80000000	0,21011034
313,00000000	0,20843857
313,20000000	0,21173399
313,40000000	0,22560886
313,60000000	0,21676320
313,80000000	0,21522859
314,00000000	0,21018115
314,20000000	0,21161936
314,40000000	0,18108153
314,60000000	0,19803589
314,80000000	0,21342864
315,00000000	0,20296193
315,20000000	0,19293246
315,40000000	0,20308796
315,60000000	0,19938974
315,80000000	0,20923983
316,00000000	0,22147060
316,20000000	0,19754567
316,40000000	0,22117942
316,60000000	0,21182143
316,80000000	0,21102853
317,00000000	0,20744314
317,20000000	0,18821035
317,40000000	0,19231446
317,60000000	0,18822208
317,80000000	0,19862384
318,00000000	0,22729951
318,20000000	0,19913056
318,40000000	0,19200529
318,60000000	0,21831534
318,80000000	0,21252426
319,00000000	0,20934221
319,20000000	0,20172036
319,40000000	0,21368020
319,60000000	0,20550227
319,80000000	0,16313607
320,00000000	0,17332820
320,20000000	0,19667524
320,40000000	0,20890683
320,60000000	0,20952585
320,80000000	0,19175502
321,00000000	0,21152630
321,20000000	0,23349087
321,40000000	0,19898763
321,60000000	0,19822368
321,80000000	0,20209547
322,00000000	0,19795574
322,20000000	0,21005343
322,40000000	0,18686466
322,60000000	0,17995104
322,80000000	0,18549026
323,00000000	0,19420185
323,20000000	0,19663499
323,40000000	0,19836971
323,60000000	0,19894704
323,80000000	0,18800810
324,00000000	0,20175184
324,20000000	0,22272641
324,40000000	0,20220027
324,60000000	0,20004834
324,80000000	0,21720003
325,00000000	0,21211899
325,20000000	0,19276571
325,40000000	0,18597867
325,60000000	0,19554296
325,80000000	0,19392599
326,00000000	0,19688094
326,20000000	0,19668955
326,40000000	0,19423658
326,60000000	0,20641784
326,80000000	0,20306685
327,00000000	0,19332084
327,20000000	0,19263939
327,40000000	0,19214493
327,60000000	0,19638406
327,80000000	0,20650615
328,00000000	0,19781522
328,20000000	0,18001258
328,40000000	0,18065402
328,60000000	0,20104106
328,80000000	0,20854398
329,00000000	0,20132680
329,20000000	0,19208368
329,40000000	0,19864595
329,60000000	0,21518304
329,80000000	0,22179172
330,00000000	0,19483821
330,20000000	0,17875039
330,40000000	0,19915382
330,60000000	0,20026242
330,80000000	0,18427431
331,00000000	0,17513239
331,20000000	0,18949845
331,40000000	0,19969338
331,60000000	0,19354732
331,80000000	0,19028988
332,00000000	0,18155892
332,20000000	0,18954871
332,40000000	0,20542271
332,60000000	0,19097579
332,80000000	0,18630086
333,00000000	0,19821670
333,20000000	0,19612696
333,40000000	0,19896138
333,60000000	0,20300152
333,80000000	0,18455883
334,00000000	0,18309294
334,20000000	0,19536901
334,40000000	0,20293161
334,60000000	0,18388210
334,80000000	0,18307558
335,00000000	0,19421193
335,20000000	0,18910480
335,40000000	0,18801639
335,60000000	0,19535209
335,80000000	0,18792391
336,00000000	0,18000139
336,20000000	0,18919663
336,40000000	0,20296131
336,60000000	0,19965850
336,80000000	0,18590308
337,00000000	0,18919532
337,20000000	0,19851324
337,40000000	0,20042207
337,60000000	0,18869768
337,80000000	0,17514011
338,00000000	0,19074692
338,20000000	0,20063076
338,40000000	0,18033635
338,60000000	0,17988569
338,80000000	0,19941132
339,00000000	0,19387436
339,20000000	0,18463463
339,40000000	0,19310354
339,60000000	0,18418865
339,80000000	0,17686877
340,00000000	0,18489157
340,20000000	0,19769806
340,40000000	0,19088122
340,60000000	0,18323476
340,80000000	0,19028946
341,00000000	0,19628636
341,20000000	0,19197430
341,40000000	0,18493868
341,60000000	0,18135210
341,80000000	0,18039341
342,00000000	0,18019505
342,20000000	0,18240469
342,40000000	0,18711746
342,60000000	0,18397750
342,80000000	0,18357690
343,00000000	0,18942821
343,20000000	0,18853851
343,40000000	0,18858212
343,60000000	0,18422290
343,80000000	0,18741682
344,00000000	0,19072468
344,20000000	0,18719396
344,40000000	0,18335301
344,60000000	0,18539002
344,80000000	0,18811868
345,00000000	0,18366306
345,20000000	0,18229033
345,40000000	0,18381192
345,60000000	0,18173912
345,80000000	0,17922274
346,00000000	0,18020203
346,20000000	0,18680541
346,40000000	0,18649164
346,60000000	0,18411723
346,80000000	0,18574932
347,00000000	0,18812097
347,20000000	0,18559935
347,40000000	0,18519911
347,60000000	0,18485433
347,80000000	0,18080042
348,00000000	0,17882589
348,20000000	0,18248829
348,40000000	0,18522547
348,60000000	0,17839457
348,80000000	0,17846324
349,00000000	0,18421654
349,20000000	0,18559074
349,40000000	0,18276564
349,60000000	0,18059261
349,80000000	0,18185748
350,00000000	0,18441243
350,20000000	0,18253071
350,40000000	0,17904356
350,60000000	0,18094911
350,80000000	0,18263605
351,00000000	0,18111328
351,20000000	0,18051902
351,40000000	0,18047531
351,60000000	0,17986149
351,80000000	0,17985801
352,00000000	0,17907615
352,20000000	0,18122632
352,40000000	0,17998354
352,60000000	0,17924463
352,80000000	0,18045106
353,00000000	0,17911580
353,20000000	0,17857634
353,40000000	0,17814429
353,60000000	0,18038621
353,80000000	0,18098996
354,00000000	0,17929116
354,20000000	0,17661502
354,40000000	0,17955878
354,60000000	0,18103804
354,80000000	0,17958440
355,00000000	0,17701233
355,20000000	0,17547122
355,40000000	0,17738479
355,60000000	0,17577021
355,80000000	0,17387640
356,00000000	0,17462185
356,20000000	0,17553925
356,40000000	0,17732105
356,60000000	0,17988574
356,80000000	0,17858708
357,00000000	0,17562951
357,20000000	0,17593948
357,40000000	0,17691178
357,60000000	0,17894297
357,80000000	0,17925628
358,00000000	0,17329692
358,20000000	0,17274478
358,40000000	0,17857712
358,60000000	0,17764510
358,80000000	0,17394343
359,00000000	0,17206641
359,20000000	0,17969109
359,40000000	0,18034184
359,60000000	0,17178847
359,80000000	0,17210960
360,00000000	0,17588701
360,20000000	0,17327308
360,40000000	0,17392917
360,60000000	0,17592921
360,80000000	0,17317877
361,00000000	0,17436561
361,20000000	0,17558064
361,40000000	0,17468693
361,60000000	0,17347597
361,80000000	0,17329411
362,00000000	0,17908004
362,20000000	0,17749104
362,40000000	0,17114419
362,60000000	0,16999505
362,80000000	0,17002172
363,00000000	0,17553512
363,20000000	0,17441617
363,40000000	0,16813244
363,60000000	0,16891313
363,80000000	0,17265435
364,00000000	0,17209266
364,20000000	0,16754946
364,40000000	0,16737137
364,60000000	0,17165200
364,80000000	0,17454908
365,00000000	0,17558680
365,20000000	0,17590359
365,40000000	0,17815131
365,60000000	0,17366040
365,80000000	0,17201586
366,00000000	0,17358696
366,20000000	0,17218753
366,40000000	0,16657156
366,60000000	0,16178980
366,80000000	0,16198590
367,00000000	0,16723195
367,20000000	0,17294429
367,40000000	0,17476989
367,60000000	0,17579098
367,80000000	0,18071095
368,00000000	0,18008080
368,20000000	0,17593913
368,40000000	0,17015556
368,60000000	0,17183032
368,80000000	0,17124038
369,00000000	0,16693903
369,20000000	0,16838236
369,40000000	0,17063842
369,60000000	0,17099830
369,80000000	0,17019790
370,00000000	0,16971929
370,20000000	0,17043082
370,40000000	0,17042982
370,60000000	0,16353481
370,80000000	0,16869544
371,00000000	0,16927937
371,20000000	0,16176947
371,40000000	0,16970985
371,60000000	0,17441541
371,80000000	0,17247090
372,00000000	0,17384651
372,20000000	0,16916082
372,40000000	0,16897069
372,60000000	0,17146841
372,80000000	0,16430211
373,00000000	0,15992867
373,20000000	0,16608923
373,40000000	0,16265556
373,60000000	0,15891423
373,80000000	0,16138144
374,00000000	0,15928073
374,20000000	0,16634742
374,40000000	0,16571393
374,60000000	0,16578293
374,80000000	0,16948464
375,00000000	0,17452014
375,20000000	0,17182931
375,40000000	0,16764663
375,60000000	0,16635933
375,80000000	0,17557922
376,00000000	0,17082957
376,20000000	0,16533304
376,40000000	0,16698715
376,60000000	0,17041791
376,80000000	0,16687019
377,00000000	0,15694725
377,20000000	0,15851360
377,40000000	0,16273314
377,60000000	0,16219955
377,80000000	0,16454940
378,00000000	0,16511094
378,20000000	0,16738410
378,40000000	0,16826715
378,60000000	0,16356499
378,80000000	0,16726475
379,00000000	0,16511311
379,20000000	0,15960090
379,40000000	0,16524689
379,60000000	0,16786131
379,80000000	0,16247889
380,00000000	0,16600748
380,20000000	0,16994037
380,40000000	0,16737455
380,60000000	0,17541725
380,80000000	0,17523712
381,00000000	0,16546279
381,20000000	0,15684737
381,40000000	0,16199123
381,60000000	0,16103419
381,80000000	0,15987593
382,00000000	0,16140269
382,20000000	0,16722516
382,40000000	0,16976990
382,60000000	0,17585908
382,80000000	0,17619720
383,00000000	0,17470890
383,20000000	0,17064960
383,40000000	0,15904724
383,60000000	0,15671162
383,80000000	0,16621117
384,00000000	0,16525762
384,20000000	0,15921677
384,40000000	0,16971859
384,60000000	0,16322651
384,80000000	0,15066799
385,00000000	0,15997221
385,20000000	0,16344240
385,40000000	0,16277539
385,60000000	0,15781981
385,80000000	0,15721563
386,00000000	0,16560909
386,20000000	0,16689681
386,40000000	0,16559120
386,60000000	0,15899140
386,80000000	0,16000470
387,00000000	0,15648469
387,20000000	0,15552187
387,40000000	0,16461405
387,60000000	0,16584376
387,80000000	0,15852134
388,00000000	0,16480397
388,20000000	0,18097725
388,40000000	0,17882829
388,60000000	0,17602084
388,80000000	0,17430830
389,00000000	0,18080347
389,20000000	0,17249886
389,40000000	0,16668877
389,60000000	0,16656324
389,80000000	0,16670733
390,00000000	0,16600425
390,20000000	0,16573405
390,40000000	0,17886769
390,60000000	0,16484608
390,80000000	0,16724829
391,00000000	0,17485271
391,20000000	0,17614925
391,40000000	0,17455526
391,60000000	0,17425071
391,80000000	0,17897400
392,00000000	0,17438595
392,20000000	0,16604381
392,40000000	0,16363263
392,60000000	0,16212819
392,80000000	0,16151441
393,00000000	0,16009885
393,20000000	0,14819214
393,40000000	0,14973935
393,60000000	0,15163981
393,80000000	0,15146105
394,00000000	0,15949339
394,20000000	0,17401151
394,40000000	0,16867728
394,60000000	0,16396082
394,80000000	0,17513633
395,00000000	0,17020686
395,20000000	0,16225237
395,40000000	0,16476737
395,60000000	0,17462550
395,80000000	0,18118543
396,00000000	0,18263340
396,20000000	0,16325481
396,40000000	0,15827435
396,60000000	0,17592675
396,80000000	0,16024471
397,00000000	0,16513380
397,20000000	0,17869772
397,40000000	0,17012995
397,60000000	0,16579357
397,80000000	0,17255979
398,00000000	0,16754587
398,20000000	0,16597853
398,40000000	0,16972875
398,60000000	0,17799878
398,80000000	0,17961312
399,00000000	0,17546487
399,20000000	0,16562284
399,40000000	0,17317398
399,60000000	0,17348662
399,80000000	0,16044163
400,00000000	0,15100608
400,20000000	0,15320784
400,40000000	0,17541985
400,60000000	0,18266995
400,80000000	0,16089691
401,00000000	0,16931169
401,20000000	0,17659319
401,40000000	0,16311319
401,60000000	0,15342436
401,80000000	0,16869426
402,00000000	0,16850896
402,20000000	0,17275614
402,40000000	0,17081615
402,60000000	0,17186930
402,80000000	0,18214426
403,00000000	0,18004466
403,20000000	0,16678388
403,40000000	0,16929845
403,60000000	0,15910447
403,80000000	0,14521844
404,00000000	0,15287380
404,20000000	0,16136762
404,40000000	0,17299336
404,60000000	0,18034778
404,80000000	0,18863436
405,00000000	0,18610235
405,20000000	0,17595008
405,40000000	0,17573459
405,60000000	0,16540414
405,80000000	0,17968216
406,00000000	0,17299911
406,20000000	0,17230451
406,40000000	0,18223890
406,60000000	0,17494810
406,80000000	0,16599361
407,00000000	0,15883133
407,20000000	0,16437593
407,40000000	0,17761307
407,60000000	0,18448569
407,80000000	0,16450708
408,00000000	0,17451343
408,20000000	0,17668269
408,40000000	0,16809052
408,60000000	0,16115215
408,80000000	0,15389312
409,00000000	0,16088142
409,20000000	0,17847901
409,40000000	0,17860207
409,60000000	0,17686476
409,80000000	0,17868833
410,00000000	0,17088985
410,20000000	0,16642803
410,40000000	0,17581961
410,60000000	0,19481440
410,80000000	0,17315810
411,00000000	0,18105007
411,20000000	0,19263989
411,40000000	0,16551172
411,60000000	0,15582859
411,80000000	0,14433705
412,00000000	0,16299544
412,20000000	0,18511298
412,40000000	0,18417092
412,60000000	0,18304195
412,80000000	0,19067168
413,00000000	0,18696010
413,20000000	0,18583493
413,40000000	0,18275003
413,60000000	0,17215746
413,80000000	0,19254058
414,00000000	0,19747258
414,20000000	0,17726315
414,40000000	0,17982805
414,60000000	0,19091727
414,80000000	0,19436718
415,00000000	0,19286469
415,20000000	0,19358274
415,40000000	0,15879938
415,60000000	0,19003672
415,80000000	0,19786554
416,00000000	0,19910348
416,20000000	0,21213606
416,40000000	0,20222307
416,60000000	0,18323112
416,80000000	0,18295443
417,00000000	0,19343659
417,20000000	0,17353572
417,40000000	0,15622820
417,60000000	0,19515300
417,80000000	0,20990458
418,00000000	0,20457232
418,20000000	0,20760096
418,40000000	0,19175828
418,60000000	0,19144575
418,80000000	0,20418496
419,00000000	0,22107316
419,20000000	0,20921076
419,40000000	0,20603765
419,60000000	0,20085661
419,80000000	0,21944660
420,00000000	0,22799389
420,20000000	0,21703226
420,40000000	0,19444960
420,60000000	0,18769729
420,80000000	0,16820824
421,00000000	0,19441445
421,20000000	0,20422709
421,40000000	0,20975035
421,60000000	0,22924133
421,80000000	0,20632379
422,00000000	0,20834604
422,20000000	0,21925001
422,40000000	0,22677239
422,60000000	0,20101474
422,80000000	0,18448706
423,00000000	0,20198370
423,20000000	0,20640512
423,40000000	0,22497559
423,60000000	0,22762084
423,80000000	0,19906990
424,00000000	0,18799139
424,20000000	0,22239226
424,40000000	0,21376141
424,60000000	0,20077574
424,80000000	0,20594309
425,00000000	0,20392497
425,20000000	0,21664602
425,40000000	0,19753919
425,60000000	0,21586207
425,80000000	0,22368990
426,00000000	0,21938564
426,20000000	0,23975388
426,40000000	0,22951334
426,60000000	0,24324913
426,80000000	0,22035889
427,00000000	0,21811836
427,20000000	0,23155401
427,40000000	0,22593218
427,60000000	0,24415581
427,80000000	0,23199814
428,00000000	0,22925649
428,20000000	0,23889965
428,40000000	0,25136847
428,60000000	0,24399357
428,80000000	0,22594719
429,00000000	0,24766472
429,20000000	0,24753695
429,40000000	0,25042952
429,60000000	0,24578952
429,80000000	0,25419662
430,00000000	0,24272416
430,20000000	0,25878363
430,40000000	0,26253758
430,60000000	0,26014700
430,80000000	0,23777111
431,00000000	0,23949111
431,20000000	0,26122712
431,40000000	0,25949244
431,60000000	0,25291498
431,80000000	0,26151096
432,00000000	0,25763028
432,20000000	0,26491945
432,40000000	0,27513947
432,60000000	0,29030855
432,80000000	0,29266076
433,00000000	0,27879021
433,20000000	0,27741991
433,40000000	0,31418947
433,60000000	0,32372053
433,80000000	0,30671400
434,00000000	0,29865797
434,20000000	0,29487627
434,40000000	0,31153933
434,60000000	0,30804183
434,80000000	0,30736228
435,00000000	0,33555477
435,20000000	0,33668306
435,40000000	0,33969324
435,60000000	0,33537340
435,80000000	0,32492033
436,00000000	0,34862635
436,20000000	0,38160744
436,40000000	0,38817840
436,60000000	0,38701570
436,80000000	0,40608924
437,00000000	0,39974066
437,20000000	0,38581126
437,40000000	0,40430924
437,60000000	0,41785228
437,80000000	0,45172394
438,00000000	0,45327797
438,20000000	0,44382279
438,40000000	0,44254167
438,60000000	0,45492579
438,80000000	0,49197973
439,00000000	0,50661689
439,20000000	0,49616512
439,40000000	0,49843378
439,60000000	0,50883812
439,80000000	0,50953834
440,00000000	0,53623430
440,20000000	0,55098147
440,40000000	0,54681704
440,60000000	0,54300225
440,80000000	0,55813041
441,00000000	0,58030869
441,20000000	0,59063180
441,40000000	0,59189698
441,60000000	0,60321254
441,80000000	0,62307396
442,00000000	0,60989202
442,20000000	0,60424993
442,40000000	0,62260637
442,60000000	0,62648658
442,80000000	0,62570892
443,00000000	0,63928556
443,20000000	0,64990512
443,40000000	0,65388847
443,60000000	0,66742544
443,80000000	0,67333301
444,00000000	0,68846335
444,20000000	0,68585418
444,40000000	0,68163831
444,60000000	0,68779273
444,80000000	0,69041307
445,00000000	0,70068052
445,20000000	0,70807089
445,40000000	0,70471184
445,60000000	0,71206606
445,80000000	0,70798580
446,00000000	0,70642295
446,20000000	0,72006495
446,40000000	0,72800484
446,60000000	0,72408159
446,80000000	0,72801705
447,00000000	0,73441602
447,20000000	0,73873470
447,40000000	0,74020721
447,60000000	0,73151711
447,80000000	0,73903467
448,00000000	0,75530080
448,20000000	0,75486172
448,40000000	0,75421187
448,60000000	0,77006563
448,80000000	0,77553912
449,00000000	0,77403704
449,20000000	0,76990949
449,40000000	0,77336875
449,60000000	0,78763842
449,80000000	0,78506033
450,00000000	0,78823207
450,20000000	0,79431986
450,40000000	0,79725676
450,60000000	0,79198375
450,80000000	0,79502721
451,00000000	0,79914134
451,20000000	0,79707973
451,40000000	0,79262591
451,60000000	0,79311150
451,80000000	0,78991650
452,00000000	0,78897696
452,20000000	0,78675804
452,40000000	0,78505143
452,60000000	0,78724636
452,80000000	0,79516226
453,00000000	0,79585498
453,20000000	0,78837921
453,40000000	0,79743394
453,60000000	0,79920542
453,80000000	0,79090055
454,00000000	0,79726930
454,20000000	0,80364901
454,40000000	0,80775404
454,60000000	0,81106104
454,80000000	0,81776554
455,00000000	0,82114165
455,20000000	0,81659156
455,40000000	0,81508574
455,60000000	0,82373045
455,80000000	0,82672353
456,00000000	0,82840869
456,20000000	0,83039923
456,40000000	0,83652049
456,60000000	0,83272004
456,80000000	0,83095017
457,00000000	0,83585274
457,20000000	0,83715512
457,40000000	0,83028509
457,60000000	0,82893362
457,80000000	0,83003771
458,00000000	0,83683484
458,20000000	0,83840218
458,40000000	0,83143154
458,60000000	0,82953017
458,80000000	0,82614135
459,00000000	0,82661727
459,20000000	0,82642934
459,40000000	0,82468546
459,60000000	0,82813860
459,80000000	0,83577051
460,00000000	0,83866661
460,20000000	0,83298644
460,40000000	0,82261609
460,60000000	0,82641583
460,80000000	0,84091517
461,00000000	0,84017907
461,20000000	0,83942798
461,40000000	0,84876133
461,60000000	0,84999137
461,80000000	0,85693787
462,00000000	0,85894311
462,20000000	0,85830352
462,40000000	0,86808823
462,60000000	0,88100725
462,80000000	0,88396373
463,00000000	0,88071860
463,20000000	0,88142988
463,40000000	0,88310158
463,60000000	0,88863740
463,80000000	0,89456684
464,00000000	0,89415117
464,20000000	0,89354879
464,40000000	0,89435796
464,60000000	0,89602970
464,80000000	0,89616904
465,00000000	0,89620197
465,20000000	0,89268606
465,40000000	0,88741011
465,60000000	0,89243840
465,80000000	0,89609825
466,00000000	0,88828546
466,20000000	0,88260982
466,40000000	0,88224864
466,60000000	0,88626718
466,80000000	0,88401053
467,00000000	0,88338464
467,20000000	0,88500532
467,40000000	0,88322043
467,60000000	0,87537842
467,80000000	0,87416640
468,00000000	0,87854093
468,20000000	0,88138127
468,40000000	0,87912103
468,60000000	0,87722008
468,80000000	0,89105602
469,00000000	0,89754491
469,20000000	0,89610520
469,40000000	0,89620604
469,60000000	0,90185954
469,80000000	0,90627865
470,00000000	0,90968532
470,20000000	0,91059359
470,40000000	0,90942595
470,60000000	0,91234449
470,80000000	0,92326235
471,00000000	0,92691887
471,20000000	0,92532583
471,40000000	0,92514509
471,60000000	0,93035964
471,80000000	0,93659605
472,00000000	0,93578657
472,20000000	0,93638576
472,40000000	0,93630468
472,60000000	0,93429580
472,80000000	0,94129748
473,00000000	0,94586157
473,20000000	0,94217624
473,40000000	0,94200359
473,60000000	0,94380120
473,80000000	0,93978033
474,00000000	0,93570941
474,20000000	0,93031215
474,40000000	0,92831083
474,60000000	0,92692756
474,80000000	0,92519561
475,00000000	0,92531181
475,20000000	0,92623997
475,40000000	0,92115876
475,60000000	0,91673530
475,80000000	0,91536125
476,00000000	0,91304107
476,20000000	0,91305617
476,40000000	0,90974904
476,60000000	0,90783825
476,80000000	0,91305370
477,00000000	0,91130610
477,20000000	0,90251056
477,40000000	0,90268953
477,60000000	0,90737603
477,80000000	0,91293964
478,00000000	0,91289212
478,20000000	0,91443753
478,40000000	0,91807338
478,60000000	0,92119758
478,80000000	0,92183487
479,00000000	0,92076237
479,20000000	0,92090149
479,40000000	0,91957237
479,60000000	0,92572019
479,80000000	0,93484501
480,00000000	0,93403465
480,20000000	0,92959512
480,40000000	0,93378691
480,60000000	0,93940444
480,80000000	0,94278140
481,00000000	0,94552030
481,20000000	0,94529539
481,40000000	0,94904165
481,60000000	0,95446294
481,80000000	0,95664434
482,00000000	0,95480260
482,20000000	0,95653188
482,40000000	0,96125610
482,60000000	0,96418284
482,80000000	0,96513683
483,00000000	0,96476057
483,20000000	0,96370076
483,40000000	0,96323964
483,60000000	0,96161702
483,80000000	0,95901245
484,00000000	0,95544490
484,20000000	0,95360359
484,40000000	0,95495134
484,60000000	0,95579341
484,80000000	0,95364718
485,00000000	0,95048071
485,20000000	0,94620279
485,40000000	0,94404147
485,60000000	0,94174156
485,80000000	0,93862501
486,00000000	0,93569302
486,20000000	0,93399232
486,40000000	0,93482272
486,60000000	0,93559485
486,80000000	0,93077306
487,00000000	0,92672671
487,20000000	0,92357002
487,40000000	0,91912035
487,60000000	0,91868087
487,80000000	0,92141221
488,00000000	0,92476441
488,20000000	0,92388799
488,40000000	0,92218019
488,60000000	0,92452010
488,80000000	0,92810043
489,00000000	0,92740072
489,20000000	0,92419344
489,40000000	0,92176763
489,60000000	0,92115356
489,80000000	0,92106398
490,00000000	0,92048277
490,20000000	0,92215152
490,40000000	0,92369550
490,60000000	0,92787606
490,80000000	0,93217111
491,00000000	0,93631640
491,20000000	0,93844044
491,40000000	0,93831083
491,60000000	0,93873776
491,80000000	0,93972084
492,00000000	0,94188706
492,20000000	0,94415390
492,40000000	0,94633773
492,60000000	0,94664825
492,80000000	0,94876387
493,00000000	0,95482838
493,20000000	0,96064161
493,40000000	0,95995972
493,60000000	0,95667602
493,80000000	0,95714961
494,00000000	0,96157477
494,20000000	0,96275523
494,40000000	0,96114138
494,60000000	0,95842460
494,80000000	0,95862341
495,00000000	0,95692589
495,20000000	0,95704080
495,40000000	0,95959546
495,60000000	0,95895028
495,80000000	0,95660043
496,00000000	0,95609241
496,20000000	0,95743832
496,40000000	0,95724573
496,60000000	0,95168343
496,80000000	0,94924142
497,00000000	0,94903497
497,20000000	0,94756950
497,40000000	0,94702184
497,60000000	0,94536246
497,80000000	0,94556231
498,00000000	0,94570597
498,20000000	0,94625138
498,40000000	0,94588767
498,60000000	0,94314698
498,80000000	0,93929164
499,00000000	0,93681584
499,20000000	0,93462495
499,40000000	0,93367619
499,60000000	0,93543971
499,80000000	0,93512075
500,00000000	0,93295204
500,20000000	0,93316143
500,40000000	0,93369942
500,60000000	0,93486383
500,80000000	0,93597197
501,00000000	0,93559785
501,20000000	0,93347352
501,40000000	0,93087939
501,60000000	0,92987222
501,80000000	0,93365500
502,00000000	0,93952624
502,20000000	0,94104733
502,40000000	0,93815464
502,60000000	0,94003365
502,80000000	0,94704795
503,00000000	0,95293244
503,20000000	0,95412042
503,40000000	0,95061385
503,60000000	0,94773589
503,80000000	0,95086737
504,00000000	0,95607374
504,20000000	0,95762312
504,40000000	0,95878564
504,60000000	0,96013813
504,80000000	0,96282089
505,00000000	0,96624045
505,20000000	0,96872513
505,40000000	0,96972224
505,60000000	0,97148237
505,80000000	0,97377502
506,00000000	0,97400547
506,20000000	0,97299069
506,40000000	0,97607827
506,60000000	0,98018860
506,80000000	0,98047576
507,00000000	0,97889652
507,20000000	0,97821806
507,40000000	0,97988402
507,60000000	0,98139540
507,80000000	0,97947061
508,00000000	0,97563239
508,20000000	0,97418995
508,40000000	0,97631176
508,60000000	0,97801663
508,80000000	0,97845713
509,00000000	0,97857439
509,20000000	0,97740693
509,40000000	0,97457242
509,60000000	0,97184425
509,80000000	0,97078745
510,00000000	0,97024095
510,20000000	0,96698415
510,40000000	0,96331061
510,60000000	0,96063503
510,80000000	0,96033162
511,00000000	0,96256699
511,20000000	0,96387655
511,40000000	0,95964538
511,60000000	0,95319902
511,80000000	0,94984587
512,00000000	0,95120011
512,20000000	0,95162255
512,40000000	0,94871200
512,60000000	0,94852181
512,80000000	0,94922082
513,00000000	0,94745909
513,20000000	0,94696193
513,40000000	0,94917878
513,60000000	0,94985407
513,80000000	0,94608202
514,00000000	0,94290747
514,20000000	0,94154168
514,40000000	0,94169814
514,60000000	0,94363425
514,80000000	0,94468148
515,00000000	0,94483410
515,20000000	0,94748592
515,40000000	0,94691600
515,60000000	0,94453513
515,80000000	0,94910363
516,00000000	0,95193170
516,20000000	0,94941331
516,40000000	0,94862463
516,60000000	0,94972611
516,80000000	0,94951503
517,00000000	0,95165250
517,20000000	0,95580758
517,40000000	0,96060943
517,60000000	0,96180950
517,80000000	0,96015472
518,00000000	0,96090219
518,20000000	0,96302956
518,40000000	0,96558404
518,60000000	0,96702190
518,80000000	0,96688003
519,00000000	0,96876575
519,20000000	0,97279986
519,40000000	0,97489716
519,60000000	0,97677722
519,80000000	0,97988879
520,00000000	0,98196141
520,20000000	0,98288251
520,40000000	0,98349291
520,60000000	0,98432485
520,80000000	0,98443308
521,00000000	0,98372127
521,20000000	0,98533155
521,40000000	0,98767670
521,60000000	0,98780009
521,80000000	0,98829654
522,00000000	0,98995277
522,20000000	0,99083835
522,40000000	0,99089667
522,60000000	0,99083082
522,80000000	0,99045680
523,00000000	0,98933398
523,20000000	0,98781618
523,40000000	0,98727448
523,60000000	0,98731641
523,80000000	0,98740621
524,00000000	0,98684034
524,20000000	0,98497961
524,40000000	0,98328454
524,60000000	0,98251596
524,80000000	0,98158908
525,00000000	0,98076374
525,20000000	0,97909246
525,40000000	0,97628286
525,60000000	0,97404364
525,80000000	0,97466894
526,00000000	0,97564956
526,20000000	0,97334507
526,40000000	0,96966170
526,60000000	0,96692529
526,80000000	0,96599896
527,00000000	0,96520696
527,20000000	0,96465141
527,40000000	0,96524465
527,60000000	0,96520658
527,80000000	0,96377550
528,00000000	0,96146348
528,20000000	0,95909156
528,40000000	0,95716071
528,60000000	0,95683815
528,80000000	0,95844450
529,00000000	0,95725282
529,20000000	0,95538407
529,40000000	0,95491335
529,60000000	0,95579141
529,80000000	0,95627289
530,00000000	0,95618056
530,20000000	0,95574182
530,40000000	0,95402359
530,60000000	0,95268788
530,80000000	0,95246690
531,00000000	0,95248840
531,20000000	0,95328754
531,40000000	0,95488744
531,60000000	0,95577178
531,80000000	0,95681304
532,00000000	0,95788559
532,20000000	0,95774236
532,40000000	0,95965938
532,60000000	0,96269109
532,80000000	0,96228831
533,00000000	0,95985302
533,20000000	0,96068238
533,40000000	0,96348530
533,60000000	0,96309550
533,80000000	0,96322775
534,00000000	0,96622284
534,20000000	0,96986787
534,40000000	0,97249554
534,60000000	0,97435480
534,80000000	0,97479325
535,00000000	0,97425750
535,20000000	0,97614472
535,40000000	0,97762416
535,60000000	0,97728161
535,80000000	0,97807189
536,00000000	0,97987603
536,20000000	0,98005795
536,40000000	0,97980146
536,60000000	0,98176553
536,80000000	0,98430208
537,00000000	0,98635474
537,20000000	0,98826691
537,40000000	0,98925682
537,60000000	0,98806668
537,80000000	0,98683682
538,00000000	0,98748796
538,20000000	0,98774864
538,40000000	0,98778247
538,60000000	0,98868887
538,80000000	0,98918148
539,00000000	0,98887073
539,20000000	0,98844703
539,40000000	0,98893671
539,60000000	0,98889958
539,80000000	0,98827100
540,00000000	0,98841360
540,20000000	0,98766208
540,40000000	0,98632662
540,60000000	0,98476022
540,80000000	0,98409265
541,00000000	0,98477991
541,20000000	0,98462750
541,40000000	0,98358428
541,60000000	0,98279273
541,80000000	0,98170010
542,00000000	0,98006552
542,20000000	0,97904068
542,40000000	0,97835168
542,60000000	0,97875789
542,80000000	0,98019211
543,00000000	0,97867923
543,20000000	0,97559860
543,40000000	0,97354088
543,60000000	0,97260386
543,80000000	0,97222108
544,00000000	0,97241892
544,20000000	0,97293950
544,40000000	0,97061885
544,60000000	0,96699828
544,80000000	0,96534534
545,00000000	0,96650941
545,20000000	0,96787585
545,40000000	0,96735449
545,60000000	0,96660252
545,80000000	0,96587022
546,00000000	0,96497336
546,20000000	0,96554400
546,40000000	0,96613377
546,60000000	0,96683146
546,80000000	0,96678212
547,00000000	0,96534284
547,20000000	0,96528816
547,40000000	0,96546550
547,60000000	0,96573250
547,80000000	0,96634956
548,00000000	0,96673547
548,20000000	0,96797825
548,40000000	0,96789521
548,60000000	0,96556832
548,80000000	0,96389600
549,00000000	0,96494984
549,20000000	0,96721709
549,40000000	0,96898208
549,60000000	0,97065649
549,80000000	0,97154631
550,00000000	0,97087336
550,20000000	0,97031683
550,40000000	0,97172362
550,60000000	0,97458665
550,80000000	0,97729272
551,00000000	0,97747335
551,20000000	0,97597778
551,40000000	0,97439476
551,60000000	0,97461104
551,80000000	0,97727163
552,00000000	0,98006994
552,20000000	0,98093943
552,40000000	0,98120086
552,60000000	0,98220352
552,80000000	0,98261807
553,00000000	0,98256340
553,20000000	0,98303743
553,40000000	0,98344056
553,60000000	0,98418768
553,80000000	0,98496122
554,00000000	0,98548364
554,20000000	0,98572917
554,40000000	0,98615322
554,60000000	0,98624918
554,80000000	0,98600732
555,00000000	0,98632337
555,20000000	0,98658942
555,40000000	0,98683960
555,60000000	0,98718671
555,80000000	0,98750933
556,00000000	0,98745952
556,20000000	0,98748932
556,40000000	0,98819835
556,60000000	0,98846453
556,80000000	0,98754596
557,00000000	0,98596549
557,20000000	0,98541770
557,40000000	0,98611540
557,60000000	0,98604536
557,80000000	0,98588146
558,00000000	0,98519759
558,20000000	0,98446822
558,40000000	0,98456956
558,60000000	0,98444780
558,80000000	0,98447435
559,00000000	0,98360290
559,20000000	0,98187032
559,40000000	0,98081418
559,60000000	0,97956837
559,80000000	0,97857905
560,00000000	0,97884853
560,20000000	0,97940304
560,40000000	0,97941024
560,60000000	0,97882678
560,80000000	0,97785409
561,00000000	0,97644828
561,20000000	0,97496397
561,40000000	0,97449502
561,60000000	0,97495832
561,80000000	0,97513861
562,00000000	0,97550645
562,20000000	0,97591404
562,40000000	0,97543906
562,60000000	0,97401008
562,80000000	0,97197926
563,00000000	0,97081122
563,20000000	0,97058901
563,40000000	0,96933577
563,60000000	0,96851310
563,80000000	0,96969183
564,00000000	0,97117412
564,20000000	0,97189576
564,40000000	0,97120459
564,60000000	0,97039179
564,80000000	0,97086422
565,00000000	0,97209700
565,20000000	0,97364990
565,40000000	0,97476117
565,60000000	0,97414636
565,80000000	0,97275208
566,00000000	0,97202796
566,20000000	0,97285989
566,40000000	0,97502989
566,60000000	0,97622623
566,80000000	0,97588816
567,00000000	0,97475358
567,20000000	0,97361432
567,40000000	0,97379240
567,60000000	0,97486571
567,80000000	0,97680507
568,00000000	0,97846896
568,20000000	0,97862175
568,40000000	0,97873207
568,60000000	0,97927689
568,80000000	0,97992481
569,00000000	0,98035044
569,20000000	0,98129612
569,40000000	0,98297702
569,60000000	0,98428601
569,80000000	0,98540321
570,00000000	0,98659203
570,20000000	0,98727722
570,40000000	0,98676881
570,60000000	0,98518530
570,80000000	0,98491562
571,00000000	0,98670978
571,20000000	0,98869605
571,40000000	0,99017517
571,60000000	0,99100572
571,80000000	0,99081317
572,00000000	0,99034940
572,20000000	0,99116970
572,40000000	0,99234742
572,60000000	0,99277734
572,80000000	0,99289151
573,00000000	0,99322806
573,20000000	0,99405544
573,40000000	0,99464396
573,60000000	0,99458802
573,80000000	0,99453017
574,00000000	0,99454351
574,20000000	0,99474753
574,40000000	0,99496674
574,60000000	0,99474575
574,80000000	0,99465163
575,00000000	0,99493532
575,20000000	0,99528217
575,40000000	0,99534588
575,60000000	0,99498772
575,80000000	0,99460484
576,00000000	0,99422496
576,20000000	0,99377261
576,40000000	0,99363694
576,60000000	0,99376612
576,80000000	0,99369856
577,00000000	0,99322310
577,20000000	0,99247200
577,40000000	0,99192481
577,60000000	0,99176947
577,80000000	0,99170137
578,00000000	0,99142136
578,20000000	0,99094840
578,40000000	0,99050790
578,60000000	0,99023514
578,80000000	0,99003687
579,00000000	0,98981669
579,20000000	0,98926460
579,40000000	0,98882148
579,60000000	0,98857587
579,80000000	0,98807293
580,00000000	0,98748032
580,20000000	0,98656131
580,40000000	0,98552143
580,60000000	0,98511734
580,80000000	0,98564671
581,00000000	0,98605558
581,20000000	0,98501669
581,40000000	0,98343681
581,60000000	0,98290740
581,80000000	0,98292896
582,00000000	0,98277771
582,20000000	0,98254611
582,40000000	0,98226993
582,60000000	0,98220637
582,80000000	0,98242974
583,00000000	0,98284889
583,20000000	0,98316581
583,40000000	0,98296414
583,60000000	0,98188021
583,80000000	0,98043829
584,00000000	0,98031070
584,20000000	0,98148093
584,40000000	0,98224072
584,60000000	0,98278783
584,80000000	0,98400537
585,00000000	0,98444621
585,20000000	0,98370694
585,40000000	0,98314000
585,60000000	0,98206964
585,80000000	0,98117130
586,00000000	0,98231437
586,20000000	0,98364927
586,40000000	0,98419621
586,60000000	0,98494528
586,80000000	0,98518642
587,00000000	0,98476429
587,20000000	0,98408700
587,40000000	0,98339748
587,60000000	0,98395809
587,80000000	0,98544267
588,00000000	0,98629339
588,20000000	0,98657471
588,40000000	0,98672398
588,60000000	0,98671168
588,80000000	0,98711878
589,00000000	0,98791117
589,20000000	0,98849456
589,40000000	0,98906081
589,60000000	0,98913692
589,80000000	0,98894218
590,00000000	0,98959757
590,20000000	0,99028814
590,40000000	0,99052689
590,60000000	0,99119523
590,80000000	0,99207979
591,00000000	0,99229655
591,20000000	0,99201943
591,40000000	0,99209776
591,60000000	0,99276663
591,80000000	0,99349846
592,00000000	0,99391495
592,20000000	0,99380186
592,40000000	0,99327771
592,60000000	0,99323402
592,80000000	0,99386808
593,00000000	0,99449206
593,20000000	0,99491094
593,40000000	0,99484517
593,60000000	0,99423804
593,80000000	0,99377733
594,00000000	0,99401665
594,20000000	0,99481439
594,40000000	0,99512253
594,60000000	0,99468131
594,80000000	0,99449265
595,00000000	0,99475468
595,20000000	0,99522721
595,40000000	0,99533669
595,60000000	0,99468376
595,80000000	0,99404419
596,00000000	0,99387209
596,20000000	0,99386064
596,40000000	0,99390787
596,60000000	0,99371175
596,80000000	0,99323923
597,00000000	0,99289425
597,20000000	0,99307266
597,40000000	0,99337799
597,60000000	0,99289514
597,80000000	0,99150519
598,00000000	0,99029367
598,20000000	0,99040795
598,40000000	0,99105268
598,60000000	0,99095843
598,80000000	0,99026284
599,00000000	0,98974832
599,20000000	0,98921995
599,40000000	0,98814196
599,60000000	0,98733919
599,80000000	0,98728026
600,00000000	0,98761087
600,20000000	0,98778610
600,40000000	0,98709916
600,60000000	0,98608617
600,80000000	0,98534659
601,00000000	0,98499107
601,20000000	0,98518028
601,40000000	0,98532253
601,60000000	0,98512711
601,80000000	0,98491673
602,00000000	0,98448981
602,20000000	0,98365956
602,40000000	0,98306409
602,60000000	0,98311366
602,80000000	0,98351459
603,00000000	0,98409474
603,20000000	0,98431736
603,40000000	0,98408432
603,60000000	0,98382237
603,80000000	0,98342533
604,00000000	0,98374965
604,20000000	0,98448128
604,40000000	0,98478310
604,60000000	0,98517379
604,80000000	0,98476782
605,00000000	0,98400396
605,20000000	0,98440261
605,40000000	0,98509070
605,60000000	0,98484456
605,80000000	0,98463694
606,00000000	0,98552739
606,20000000	0,98630614
606,40000000	0,98623408
606,60000000	0,98592329
606,80000000	0,98589110
607,00000000	0,98584869
607,20000000	0,98568395
607,40000000	0,98622408
607,60000000	0,98715807
607,80000000	0,98748565
608,00000000	0,98757782
608,20000000	0,98817217
608,40000000	0,98887325
608,60000000	0,98915253
608,80000000	0,98923345
609,00000000	0,98944136
609,20000000	0,99009300
609,40000000	0,99070999
609,60000000	0,99108931
609,80000000	0,99170245
610,00000000	0,99209502
610,20000000	0,99246745
610,40000000	0,99311629
610,60000000	0,99360803
610,80000000	0,99380406
611,00000000	0,99401656
611,20000000	0,99448748
611,40000000	0,99479991
611,60000000	0,99507728
611,80000000	0,99544449
612,00000000	0,99573071
612,20000000	0,99603211
612,40000000	0,99626567
612,60000000	0,99654435
612,80000000	0,99681866
613,00000000	0,99689827
613,20000000	0,99696183
613,40000000	0,99723181
613,60000000	0,99733997
613,80000000	0,99703581
614,00000000	0,99694571
614,20000000	0,99736394
614,40000000	0,99781158
614,60000000	0,99786098
614,80000000	0,99761561
615,00000000	0,99759153
615,20000000	0,99758507
615,40000000	0,99742813
615,60000000	0,99705561
615,80000000	0,99657744
616,00000000	0,99636918
616,20000000	0,99635945
616,40000000	0,99662535
616,60000000	0,99654801
616,80000000	0,99580584
617,00000000	0,99484544
617,20000000	0,99401696
617,40000000	0,99360884
617,60000000	0,99328753
617,80000000	0,99290106
618,00000000	0,99241446
618,20000000	0,99198955
618,40000000	0,99146811
618,60000000	0,99050599
618,80000000	0,98995436
619,00000000	0,99013604
619,20000000	0,99035295
619,40000000	0,98985406
619,60000000	0,98914003
619,80000000	0,98854764
620,00000000	0,98753444
620,20000000	0,98627899
620,40000000	0,98565859
620,60000000	0,98542642
620,80000000	0,98462389
621,00000000	0,98394330
621,20000000	0,98373780
621,40000000	0,98380873
621,60000000	0,98359478
621,80000000	0,98335133
622,00000000	0,98314897
622,20000000	0,98259075
622,40000000	0,98164594
622,60000000	0,98061405
622,80000000	0,97989346
623,00000000	0,97878717
623,20000000	0,97762400
623,40000000	0,97755714
623,60000000	0,97808654
623,80000000	0,97831326
624,00000000	0,97863235
624,20000000	0,97938141
624,40000000	0,97884609
624,60000000	0,97732141
624,80000000	0,97706596
625,00000000	0,97765700
625,20000000	0,97752552
625,40000000	0,97716086
625,60000000	0,97758830
625,80000000	0,97758422
626,00000000	0,97751398
626,20000000	0,97746578
626,40000000	0,97681757
626,60000000	0,97642230
626,80000000	0,97648661
627,00000000	0,97717069
627,20000000	0,97829360
627,40000000	0,97861102
627,60000000	0,97818887
627,80000000	0,97764011
628,00000000	0,97759433
628,20000000	0,97826983
628,40000000	0,97883168
628,60000000	0,97885993
628,80000000	0,97951684
629,00000000	0,98127725
629,20000000	0,98243584
629,40000000	0,98229469
629,60000000	0,98175731
629,80000000	0,98188268
630,00000000	0,98249124
630,20000000	0,98287176
630,40000000	0,98426711
630,60000000	0,98562652
630,80000000	0,98582875
631,00000000	0,98628475
631,20000000	0,98682860
631,40000000	0,98684740
631,60000000	0,98728209
631,80000000	0,98876277
632,00000000	0,98974404
632,20000000	0,99000956
632,40000000	0,99038562
632,60000000	0,99098536
632,80000000	0,99128656
633,00000000	0,99178601
633,20000000	0,99280844
633,40000000	0,99320106
633,60000000	0,99321172
633,80000000	0,99379807
634,00000000	0,99470972
634,20000000	0,99534282
634,40000000	0,99587967
634,60000000	0,99644574
634,80000000	0,99664417
635,00000000	0,99659783
635,20000000	0,99684478
635,40000000	0,99725039
635,60000000	0,99730399
635,80000000	0,99725464
636,00000000	0,99750549
636,20000000	0,99783445
636,40000000	0,99797431
636,60000000	0,99817724
636,80000000	0,99849613
637,00000000	0,99851830
637,20000000	0,99845725
637,40000000	0,99855487
637,60000000	0,99838633
637,80000000	0,99804914
638,00000000	0,99793428
638,20000000	0,99798782
638,40000000	0,99793969
638,60000000	0,99764559
638,80000000	0,99734883
639,00000000	0,99715244
639,20000000	0,99673118
639,40000000	0,99627936
639,60000000	0,99604254
639,80000000	0,99576231
640,00000000	0,99530845
640,20000000	0,99513939
640,40000000	0,99494185
640,60000000	0,99432408
640,80000000	0,99356872
641,00000000	0,99299552
641,20000000	0,99262789
641,40000000	0,99222501
641,60000000	0,99200991
641,80000000	0,99140446
642,00000000	0,99046470
642,20000000	0,99007071
642,40000000	0,98972346
642,60000000	0,98882351
642,80000000	0,98776277
643,00000000	0,98709584
643,20000000	0,98693880
643,40000000	0,98707166
643,60000000	0,98753159
643,80000000	0,98761996
644,00000000	0,98661756
644,20000000	0,98552774
644,40000000	0,98514561
644,60000000	0,98501250
644,80000000	0,98463767
645,00000000	0,98416257
645,20000000	0,98341260
645,40000000	0,98299867
645,60000000	0,98345028
645,80000000	0,98353604
646,00000000	0,98300641
646,20000000	0,98333545
646,40000000	0,98348059
646,60000000	0,98221789
646,80000000	0,98190955
647,00000000	0,98255734
647,20000000	0,98208642
647,40000000	0,98124225
647,60000000	0,98131596
647,80000000	0,98139015
648,00000000	0,98117087
648,20000000	0,98126303
648,40000000	0,98108178
648,60000000	0,98004273
648,80000000	0,97941018
649,00000000	0,97940469
649,20000000	0,97957349
649,40000000	0,97978690
649,60000000	0,97981907
649,80000000	0,97963658
650,00000000	0,97981885
650,20000000	0,98092775
650,40000000	0,98174909
650,60000000	0,98168231
650,80000000	0,98193978
651,00000000	0,98271211
651,20000000	0,98307753
651,40000000	0,98302632
651,60000000	0,98315508
651,80000000	0,98330260
652,00000000	0,98377785
652,20000000	0,98497421
652,40000000	0,98585909
652,60000000	0,98612242
652,80000000	0,98698180
653,00000000	0,98780568
653,20000000	0,98792103
653,40000000	0,98821507
653,60000000	0,98895525
653,80000000	0,98935991
654,00000000	0,98985139
654,20000000	0,99075995
654,40000000	0,99108195
654,60000000	0,99114761
654,80000000	0,99189219
655,00000000	0,99232734
655,20000000	0,99209444
655,40000000	0,99239984
655,60000000	0,99308753
655,80000000	0,99354735
656,00000000	0,99396335
656,20000000	0,99424511
656,40000000	0,99414305
656,60000000	0,99435646
656,80000000	0,99473833
657,00000000	0,99454601
657,20000000	0,99429703
657,40000000	0,99460646
657,60000000	0,99502193
657,80000000	0,99519736
658,00000000	0,99529498
658,20000000	0,99538192
658,40000000	0,99559272
658,60000000	0,99571854
658,80000000	0,99581880
659,00000000	0,99578016
659,20000000	0,99548330
659,40000000	0,99527730
659,60000000	0,99527663
659,80000000	0,99518037
660,00000000	0,99492715
660,20000000	0,99448129
660,40000000	0,99394380
660,60000000	0,99371094
660,80000000	0,99352996
661,00000000	0,99315511
661,20000000	0,99276191
661,40000000	0,99227421
661,60000000	0,99182924
661,80000000	0,99154341
662,00000000	0,99122009
662,20000000	0,99107837
662,40000000	0,99090659
662,60000000	0,99071321
662,80000000	0,99064987
663,00000000	0,99064702
663,20000000	0,99015268
663,40000000	0,98882053
663,60000000	0,98765879
663,80000000	0,98703303
664,00000000	0,98635553
664,20000000	0,98609132
664,40000000	0,98598337
664,60000000	0,98585847
664,80000000	0,98476302
665,00000000	0,98331254
665,20000000	0,98295981
665,40000000	0,98243726
665,60000000	0,98145452
665,80000000	0,98092614
666,00000000	0,98115750
666,20000000	0,98179427
666,40000000	0,98154950
666,60000000	0,98095711
666,80000000	0,98002100
667,00000000	0,97896945
667,20000000	0,97843220
667,40000000	0,97766679
667,60000000	0,97765103
667,80000000	0,97851156
668,00000000	0,97908224
668,20000000	0,97916957
668,40000000	0,97922205
668,60000000	0,97891068
668,80000000	0,97833389
669,00000000	0,97770426
669,20000000	0,97689616
669,40000000	0,97684321
669,60000000	0,97737154
669,80000000	0,97771000
670,00000000	0,97722486
670,20000000	0,97667868
670,40000000	0,97692080
670,60000000	0,97708764
670,80000000	0,97714357
671,00000000	0,97719069
671,20000000	0,97714454
671,40000000	0,97717935
671,60000000	0,97748201
671,80000000	0,97790656
672,00000000	0,97846262
672,20000000	0,97920787
672,40000000	0,97932481
672,60000000	0,97963304
672,80000000	0,98050022
673,00000000	0,98149792
673,20000000	0,98244771
673,40000000	0,98288202
673,60000000	0,98308491
673,80000000	0,98270449
674,00000000	0,98240830
674,20000000	0,98288367
674,40000000	0,98342752
674,60000000	0,98391313
674,80000000	0,98395222
675,00000000	0,98419294
675,20000000	0,98487338
675,40000000	0,98543687
675,60000000	0,98606188
675,80000000	0,98675997
676,00000000	0,98744419
676,20000000	0,98784954
676,40000000	0,98818190
676,60000000	0,98878328
676,80000000	0,98955535
677,00000000	0,99036210
677,20000000	0,99109427
677,40000000	0,99176768
677,60000000	0,99220368
677,80000000	0,99253093
678,00000000	0,99270233
678,20000000	0,99300167
678,40000000	0,99364217
678,60000000	0,99409677
678,80000000	0,99448063
679,00000000	0,99469161
679,20000000	0,99452207
679,40000000	0,99456770
679,60000000	0,99481921
679,80000000	0,99486960
680,00000000	0,99500967
680,20000000	0,99514357
680,40000000	0,99524460
680,60000000	0,99551317
680,80000000	0,99559833
681,00000000	0,99569971
681,20000000	0,99594074
681,40000000	0,99616366
681,60000000	0,99626461
681,80000000	0,99596808
682,00000000	0,99552648
682,20000000	0,99525212
682,40000000	0,99514016
682,60000000	0,99498624
682,80000000	0,99481622
683,00000000	0,99458035
683,20000000	0,99424451
683,40000000	0,99397563
683,60000000	0,99367090
683,80000000	0,99340881
684,00000000	0,99323831
684,20000000	0,99303488
684,40000000	0,99297639
684,60000000	0,99286974
684,80000000	0,99249262
685,00000000	0,99207666
685,20000000	0,99137438
685,40000000	0,99050183
685,60000000	0,99023816
685,80000000	0,98971318
686,00000000	0,98866504
686,20000000	0,98782282
686,40000000	0,98708081
686,60000000	0,98634149
686,80000000	0,98593171
687,00000000	0,98577065
687,20000000	0,98597963
687,40000000	0,98560002
687,60000000	0,98476973
687,80000000	0,98423591
688,00000000	0,98380208
688,20000000	0,98338098
688,40000000	0,98332042
688,60000000	0,98323906
688,80000000	0,98263253
689,00000000	0,98180559
689,20000000	0,98113894
689,40000000	0,98106459
689,60000000	0,98134727
689,80000000	0,98158454
690,00000000	0,98117107
690,20000000	0,97976562
690,40000000	0,97868139
690,60000000	0,97832280
690,80000000	0,97853181
691,00000000	0,97920123
691,20000000	0,97943813
691,40000000	0,97958990
691,60000000	0,98030850
691,80000000	0,98117717
692,00000000	0,98117376
692,20000000	0,98135489
692,40000000	0,98163820
692,60000000	0,98075007
692,80000000	0,97925029
693,00000000	0,97855075
693,20000000	0,97888302
693,40000000	0,97961875
693,60000000	0,97935407
693,80000000	0,97953419
694,00000000	0,98039979
694,20000000	0,98075183
694,40000000	0,98145294
694,60000000	0,98241460
694,80000000	0,98286866
695,00000000	0,98291095
695,20000000	0,98268482
695,40000000	0,98233399
695,60000000	0,98214720
695,80000000	0,98285509
696,00000000	0,98389443
696,20000000	0,98409563
696,40000000	0,98403737
696,60000000	0,98441240
696,80000000	0,98487341
697,00000000	0,98548703
697,20000000	0,98608352
697,40000000	0,98655980
697,60000000	0,98680107
697,80000000	0,98679450
698,00000000	0,98685791
698,20000000	0,98745452
698,40000000	0,98847182
698,60000000	0,98950976
698,80000000	0,98979029
699,00000000	0,98933968
699,20000000	0,98957597
699,40000000	0,99029479
699,60000000	0,99085919
699,80000000	0,99110943
700,00000000	0,99132448
700,20000000	0,99177193
700,40000000	0,99193777
700,60000000	0,99209139
700,80000000	0,99249171
701,00000000	0,99271536
701,20000000	0,99310970
701,40000000	0,99320345
701,60000000	0,99313268
701,80000000	0,99339628
702,00000000	0,99397296
702,20000000	0,99441196
702,40000000	0,99460119
702,60000000	0,99466258
702,80000000	0,99476334
703,00000000	0,99482897
703,20000000	0,99481410
703,40000000	0,99490459
703,60000000	0,99472626
703,80000000	0,99458752
704,00000000	0,99452554
704,20000000	0,99409338
704,40000000	0,99371523
704,60000000	0,99338268
704,80000000	0,99294608
705,00000000	0,99262193
705,20000000	0,99260204
705,40000000	0,99259689
705,60000000	0,99257034
705,80000000	0,99278058
706,00000000	0,99314283
706,20000000	0,99264899
706,40000000	0,99198246
706,60000000	0,99176282
706,80000000	0,99139740
707,00000000	0,99088873
707,20000000	0,99061279
707,40000000	0,99018948
707,60000000	0,98886918
707,80000000	0,98813514
708,00000000	0,98787741
708,20000000	0,98732155
708,40000000	0,98725867
708,60000000	0,98694590
708,80000000	0,98646599
709,00000000	0,98660550
709,20000000	0,98676960
709,40000000	0,98638211
709,60000000	0,98550186
709,80000000	0,98468444
710,00000000	0,98412429
710,20000000	0,98254908
710,40000000	0,98143216
710,60000000	0,98178557
710,80000000	0,98245644
711,00000000	0,98182853
711,20000000	0,98113232
711,40000000	0,98172755
711,60000000	0,98235745
711,80000000	0,98203443
712,00000000	0,98134681
712,20000000	0,98060217
712,40000000	0,97993848
712,60000000	0,97914880
712,80000000	0,97856590
713,00000000	0,97861327
713,20000000	0,97894147
713,40000000	0,97798705
713,60000000	0,97735326
713,80000000	0,97760925
714,00000000	0,97823179
714,20000000	0,97814029
714,40000000	0,97790400
714,60000000	0,97705942
714,80000000	0,97662384
715,00000000	0,97705381
715,20000000	0,97701808
715,40000000	0,97706810
715,60000000	0,97721626
715,80000000	0,97715578
716,00000000	0,97728493
716,20000000	0,97744530
716,40000000	0,97810326
716,60000000	0,97857447
716,80000000	0,97801909
717,00000000	0,97832701
717,20000000	0,97873739
717,40000000	0,97930223
717,60000000	0,97958986
717,80000000	0,98008117
718,00000000	0,98077494
718,20000000	0,98094296
718,40000000	0,98088092
718,60000000	0,98078138
718,80000000	0,98112002
719,00000000	0,98184725
719,20000000	0,98209255
719,40000000	0,98263169
719,60000000	0,98363406
719,80000000	0,98404731
720,00000000	0,98455146
720,20000000	0,98483080
720,40000000	0,98520423
720,60000000	0,98566319
720,80000000	0,98618123
721,00000000	0,98627101
721,20000000	0,98665898
721,40000000	0,98729620
721,60000000	0,98780855
721,80000000	0,98777717
722,00000000	0,98791854
722,20000000	0,98833871
722,40000000	0,98850257
722,60000000	0,98854068
722,80000000	0,98892776
723,00000000	0,98962746
723,20000000	0,99027424
723,40000000	0,99094326
723,60000000	0,99164481
723,80000000	0,99183155
724,00000000	0,99195287
724,20000000	0,99192365
724,40000000	0,99220710
724,60000000	0,99285634
724,80000000	0,99311464
725,00000000	0,99323742
725,20000000	0,99351931
725,40000000	0,99382386
725,60000000	0,99412207
725,80000000	0,99423531
726,00000000	0,99440598
726,20000000	0,99451401
726,40000000	0,99421707
726,60000000	0,99440841
726,80000000	0,99466155
727,00000000	0,99466799
727,20000000	0,99486367
727,40000000	0,99492863
727,60000000	0,99453839
727,80000000	0,99432946
728,00000000	0,99429111
728,20000000	0,99416479
728,40000000	0,99471809
728,60000000	0,99499310
728,80000000	0,99470971
729,00000000	0,99451412
729,20000000	0,99439653
729,40000000	0,99438996
729,60000000	0,99412775
729,80000000	0,99342440
730,00000000	0,99305306
730,20000000	0,99278724
730,40000000	0,99265836
730,60000000	0,99268306
730,80000000	0,99282747
731,00000000	0,99286097
731,20000000	0,99262767
731,40000000	0,99210726
731,60000000	0,99168106
731,80000000	0,99099024
732,00000000	0,99032659
732,20000000	0,99000831
732,40000000	0,98975294
732,60000000	0,98976168
732,80000000	0,98938078
733,00000000	0,98909514
733,20000000	0,98927487
733,40000000	0,98946905
733,60000000	0,98921370
733,80000000	0,98853850
734,00000000	0,98793805
734,20000000	0,98731544
734,40000000	0,98686454
734,60000000	0,98651407
734,80000000	0,98670408
735,00000000	0,98721255
735,20000000	0,98721334
735,40000000	0,98684548
735,60000000	0,98719690
735,80000000	0,98692061
736,00000000	0,98615438
736,20000000	0,98526703
736,40000000	0,98470268
736,60000000	0,98529529
736,80000000	0,98618073
737,00000000	0,98607721
737,20000000	0,98601370
737,40000000	0,98598123
737,60000000	0,98524278
737,80000000	0,98507672
738,00000000	0,98485692
738,20000000	0,98493596
738,40000000	0,98530896
738,60000000	0,98532406
738,80000000	0,98602078
739,00000000	0,98664871
739,20000000	0,98647503
739,40000000	0,98631306
739,60000000	0,98605272
739,80000000	0,98599886
740,00000000	0,98508742
740,20000000	0,98479532
740,40000000	0,98555630
740,60000000	0,98592094
740,80000000	0,98644950
741,00000000	0,98738647
741,20000000	0,98788756
741,40000000	0,98738794
741,60000000	0,98715755
741,80000000	0,98757490
742,00000000	0,98802017
742,20000000	0,98791827
742,40000000	0,98790674
742,60000000	0,98873169
742,80000000	0,98947604
743,00000000	0,98952284
743,20000000	0,98968013
743,40000000	0,99053676
743,60000000	0,99133469
743,80000000	0,99077419
744,00000000	0,99054777
744,20000000	0,99084082
744,40000000	0,99023356
744,60000000	0,99029570
744,80000000	0,99156310
745,00000000	0,99256429
745,20000000	0,99287224
745,40000000	0,99275053
745,60000000	0,99309276
745,80000000	0,99343562
746,00000000	0,99313129
746,20000000	0,99300678
746,40000000	0,99316872
746,60000000	0,99353210
746,80000000	0,99396782
747,00000000	0,99445190
747,20000000	0,99479023
747,40000000	0,99470330
747,60000000	0,99444256
747,80000000	0,99454434
748,00000000	0,99447820
748,20000000	0,99398938
748,40000000	0,99401656
748,60000000	0,99422572
748,80000000	0,99476984
749,00000000	0,99495037
749,20000000	0,99457214
749,40000000	0,99462189
749,60000000	0,99468441
749,80000000	0,99460456
750,00000000	0,99445468
750,20000000	0,99450681
750,40000000	0,99454830
750,60000000	0,99446442
750,80000000	0,99457920
751,00000000	0,99510598
751,20000000	0,99516779
751,40000000	0,99454261
751,60000000	0,99450074
751,80000000	0,99424849
752,00000000	0,99362585
752,20000000	0,99316735
752,40000000	0,99297632
752,60000000	0,99319244
752,80000000	0,99324380
753,00000000	0,99302430
753,20000000	0,99260044
753,40000000	0,99154830
753,60000000	0,99108802
753,80000000	0,99117833
754,00000000	0,99075263
754,20000000	0,99065413
754,40000000	0,99063886
754,60000000	0,99049100
754,80000000	0,99032518
755,00000000	0,98993299
755,20000000	0,98949733
755,40000000	0,98896401
755,60000000	0,98872368
755,80000000	0,98832278
756,00000000	0,98829236
756,20000000	0,98839576
756,40000000	0,98812830
756,60000000	0,98823675
756,80000000	0,98813454
757,00000000	0,98725229
757,20000000	0,98690565
757,40000000	0,98640559
757,60000000	0,98615807
757,80000000	0,98574822
758,00000000	0,98517170
758,20000000	0,98589547
758,40000000	0,98623907
758,60000000	0,98548459
758,80000000	0,98491131
759,00000000	0,98452300
759,20000000	0,98417022
759,40000000	0,98358581
759,60000000	0,98281450
759,80000000	0,98318440
760,00000000	0,98336683
760,20000000	0,98388947
760,40000000	0,98408341
760,60000000	0,98306241
760,80000000	0,98251785
761,00000000	0,98177646
761,20000000	0,98159953
761,40000000	0,98212590
761,60000000	0,98240729
761,80000000	0,98241208
762,00000000	0,98232036
762,20000000	0,98231276
762,40000000	0,98240285
762,60000000	0,98197544
762,80000000	0,98216974
763,00000000	0,98173887
763,20000000	0,98168164
763,40000000	0,98217867
763,60000000	0,98271917
763,80000000	0,98290793
764,00000000	0,98219750
764,20000000	0,98196754
764,40000000	0,98197020
764,60000000	0,98202344
764,80000000	0,98255048
765,00000000	0,98260026
765,20000000	0,98247621
765,40000000	0,98331581
765,60000000	0,98370244
765,80000000	0,98352611
766,00000000	0,98378187
766,20000000	0,98410804
766,40000000	0,98468256
766,60000000	0,98435521
766,80000000	0,98462317
767,00000000	0,98514969
767,20000000	0,98524067
767,40000000	0,98540515
767,60000000	0,98549750
767,80000000	0,98554509
768,00000000	0,98564730
768,20000000	0,98553841
768,40000000	0,98589476
768,60000000	0,98578735
768,80000000	0,98640119
769,00000000	0,98702528
769,20000000	0,98726009
769,40000000	0,98707314
769,60000000	0,98716385
769,80000000	0,98743982
770,00000000	0,98815736
770,20000000	0,98896288
770,40000000	0,98939492
770,60000000	0,98968520
770,80000000	0,98995777
771,00000000	0,98966429
771,20000000	0,98921080
771,40000000	0,98955938
771,60000000	0,99018905
771,80000000	0,99091339
772,00000000	0,99139399
772,20000000	0,99188863
772,40000000	0,99175116
772,60000000	0,99125773
772,80000000	0,99083509
773,00000000	0,99103133
773,20000000	0,99198843
773,40000000	0,99300923
773,60000000	0,99325371
773,80000000	0,99350579
774,00000000	0,99336099
774,20000000	0,99301342
774,40000000	0,99318848
774,60000000	0,99348774
774,80000000	0,99432350
775,00000000	0,99478802
775,20000000	0,99485530
775,40000000	0,99466827
775,60000000	0,99465749
775,80000000	0,99462661
776,00000000	0,99464325
776,20000000	0,99464813
776,40000000	0,99460435
776,60000000	0,99448866
776,80000000	0,99491953
777,00000000	0,99465397
777,20000000	0,99441341
777,40000000	0,99461028
777,60000000	0,99466738
777,80000000	0,99480688
778,00000000	0,99463264
778,20000000	0,99452998
778,40000000	0,99456018
778,60000000	0,99484056
778,80000000	0,99491063
779,00000000	0,99483452
779,20000000	0,99508273
779,40000000	0,99497083
779,60000000	0,99413802
779,80000000	0,99358900
780,00000000	0,99317646
780,20000000	0,99373264
780,40000000	0,99423553
780,60000000	0,99359887
780,80000000	0,99308490
781,00000000	0,99261045
781,20000000	0,99216763
781,40000000	0,99181786
781,60000000	0,99193406
781,80000000	0,99284139
782,00000000	0,99325809
782,20000000	0,99286318
782,40000000	0,99182703
782,60000000	0,99155377
782,80000000	0,99139092
783,00000000	0,99142608
783,20000000	0,99159977
783,40000000	0,99149255
783,60000000	0,99103298
783,80000000	0,99055435
784,00000000	0,98933657
784,20000000	0,98860601
784,40000000	0,98884771
784,60000000	0,98926670
784,80000000	0,98947308
785,00000000	0,98931198
785,20000000	0,98948715
785,40000000	0,98900319
785,60000000	0,98852949
785,80000000	0,98868103
786,00000000	0,98850069
786,20000000	0,98884027
786,40000000	0,98843177
786,60000000	0,98816550
786,80000000	0,98786788
787,00000000	0,98765386
787,20000000	0,98743417
787,40000000	0,98736684
787,60000000	0,98740983
787,80000000	0,98722540
788,00000000	0,98766361
788,20000000	0,98769087
788,40000000	0,98765892
788,60000000	0,98790814
788,80000000	0,98769622
789,00000000	0,98772710
789,20000000	0,98771175
789,40000000	0,98750486
789,60000000	0,98730468
789,80000000	0,98700401
790,00000000	0,98701272
790,20000000	0,98689794
790,40000000	0,98717382
790,60000000	0,98741960
790,80000000	0,98759533
791,00000000	0,98772195
791,20000000	0,98791248
791,40000000	0,98828572
791,60000000	0,98846701
791,80000000	0,98907566
792,00000000	0,98931373
792,20000000	0,98896972
792,40000000	0,98873435
792,60000000	0,98941001
792,80000000	0,99019210
793,00000000	0,99003255
793,20000000	0,98987215
793,40000000	0,98968062
793,60000000	0,98983893
793,80000000	0,99048160
794,00000000	0,99077045
794,20000000	0,99099604
794,40000000	0,99162264
794,60000000	0,99120002
794,80000000	0,99127865
795,00000000	0,99181151
795,20000000	0,99201173
795,40000000	0,99219058
795,60000000	0,99263177
795,80000000	0,99251118
796,00000000	0,99244619
796,20000000	0,99253443
796,40000000	0,99310525
796,60000000	0,99380933
796,80000000	0,99396655
797,00000000	0,99377838
797,20000000	0,99396497
797,40000000	0,99454598
797,60000000	0,99481424
797,80000000	0,99500000
798,00000000	0,99498630
798,20000000	0,99508420
798,40000000	0,99515670
798,60000000	0,99505732
798,80000000	0,99504474
799,00000000	0,99542377
799,20000000	0,99548108
799,40000000	0,99521187
799,60000000	0,99515540
799,80000000	0,99547559
800,00000000	0,99604641
800,20000000	0,99632971
800,40000000	0,99620622
800,60000000	0,99613511
800,80000000	0,99616017
801,00000000	0,99615250
801,20000000	0,99611953
801,40000000	0,99590926
801,60000000	0,99606161
801,80000000	0,99597999
802,00000000	0,99558586
802,20000000	0,99502401
802,40000000	0,99478650
802,60000000	0,99510141
802,80000000	0,99522299
803,00000000	0,99503372
803,20000000	0,99485916
803,40000000	0,99412775
803,60000000	0,99367759
803,80000000	0,99379161
804,00000000	0,99381765
804,20000000	0,99413031
804,40000000	0,99347880
804,60000000	0,99201918
804,80000000	0,99165287
805,00000000	0,99209886
805,20000000	0,99196705
805,40000000	0,99160058
805,60000000	0,99158079
805,80000000	0,99115845
806,00000000	0,99089278
806,20000000	0,99051096
806,40000000	0,99013556
806,60000000	0,99018471
806,80000000	0,99015334
807,00000000	0,98954986
807,20000000	0,98887108
807,40000000	0,98848195
807,60000000	0,98774562
807,80000000	0,98713472
808,00000000	0,98711967
808,20000000	0,98753874
808,40000000	0,98708863
808,60000000	0,98664208
808,80000000	0,98666129
809,00000000	0,98636641
809,20000000	0,98643189
809,40000000	0,98587713
809,60000000	0,98567103
809,80000000	0,98591305
810,00000000	0,98531632
810,20000000	0,98474985
810,40000000	0,98482311
810,60000000	0,98456591
810,80000000	0,98466955
811,00000000	0,98495573
811,20000000	0,98417171
811,40000000	0,98385392
811,60000000	0,98337410
811,80000000	0,98377283
812,00000000	0,98442335
812,20000000	0,98449122
812,40000000	0,98340324
812,60000000	0,98363861
812,80000000	0,98462239
813,00000000	0,98468033
813,20000000	0,98442556
813,40000000	0,98417937
813,60000000	0,98436242
813,80000000	0,98421245
814,00000000	0,98406073
814,20000000	0,98418892
814,40000000	0,98413689
814,60000000	0,98429061
814,80000000	0,98483205
815,00000000	0,98553108
815,20000000	0,98641343
815,40000000	0,98711284
815,60000000	0,98692282
815,80000000	0,98690347
816,00000000	0,98670366
816,20000000	0,98749460
816,40000000	0,98806660
816,60000000	0,98823187
816,80000000	0,98815167
817,00000000	0,98773443
817,20000000	0,98847090
817,40000000	0,98942587
817,60000000	0,99023658
817,80000000	0,99023597
818,00000000	0,98966378
818,20000000	0,98965702
818,40000000	0,98976383
818,60000000	0,99065506
818,80000000	0,99107394
819,00000000	0,99126929
819,20000000	0,99119486
819,40000000	0,99090304
819,60000000	0,99176511
819,80000000	0,99274573
820,00000000	0,99311445
820,20000000	0,99368370
820,40000000	0,99327146
820,60000000	0,99286816
820,80000000	0,99279626
821,00000000	0,99373742
821,20000000	0,99469401
821,40000000	0,99482299
821,60000000	0,99405411
821,80000000	0,99347920
822,00000000	0,99382311
822,20000000	0,99467145
822,40000000	0,99519648
822,60000000	0,99508243
822,80000000	0,99485151
823,00000000	0,99430197
823,20000000	0,99434843
823,40000000	0,99461747
823,60000000	0,99467076
823,80000000	0,99499789
824,00000000	0,99473048
824,20000000	0,99416944
824,40000000	0,99366550
824,60000000	0,99411015
824,80000000	0,99449961
825,00000000	0,99447874
825,20000000	0,99362717
825,40000000	0,99308737
825,60000000	0,99292899
825,80000000	0,99310498
826,00000000	0,99342337
826,20000000	0,99298748
826,40000000	0,99224735
826,60000000	0,99149039
826,80000000	0,99152055
827,00000000	0,99110387
827,20000000	0,99065031
827,40000000	0,98986424
827,60000000	0,98992094
827,80000000	0,98951954
828,00000000	0,98911278
828,20000000	0,98893387
828,40000000	0,98904476
828,60000000	0,98848218
828,80000000	0,98840940
829,00000000	0,98752440
829,20000000	0,98649524
829,40000000	0,98686780
829,60000000	0,98657341
829,80000000	0,98554228
830,00000000	0,98518039
830,20000000	0,98518764
830,40000000	0,98528058
830,60000000	0,98539086
830,80000000	0,98489493
831,00000000	0,98397315
831,20000000	0,98385993
831,40000000	0,98424793
831,60000000	0,98422781
831,80000000	0,98307206
832,00000000	0,98291373
832,20000000	0,98328235
832,40000000	0,98356825
832,60000000	0,98325283
832,80000000	0,98298373
833,00000000	0,98180060
833,20000000	0,98212971
833,40000000	0,98254729
833,60000000	0,98234018
833,80000000	0,98252449
834,00000000	0,98235766
834,20000000	0,98143007
834,40000000	0,98183243
834,60000000	0,98228695
834,80000000	0,98272685
835,00000000	0,98251832
835,20000000	0,98215513
835,40000000	0,98232280
835,60000000	0,98307002
835,80000000	0,98309159
836,00000000	0,98215894
836,20000000	0,98274929
836,40000000	0,98288529
836,60000000	0,98381396
836,80000000	0,98421114
837,00000000	0,98435890
837,20000000	0,98467176
837,40000000	0,98528025
837,60000000	0,98530902
837,80000000	0,98550535
838,00000000	0,98645652
838,20000000	0,98768100
838,40000000	0,98759987
838,60000000	0,98696225
838,80000000	0,98677309
839,00000000	0,98716534
839,20000000	0,98822472
839,40000000	0,98827180
839,60000000	0,98797723
839,80000000	0,98870518
840,00000000	0,98992526
840,20000000	0,99091600
840,40000000	0,99103158
840,60000000	0,99110553
840,80000000	0,99093598
841,00000000	0,99109256
841,20000000	0,99163002
841,40000000	0,99234303
841,60000000	0,99277159
841,80000000	0,99288203
842,00000000	0,99303786
842,20000000	0,99393634
842,40000000	0,99479917
842,60000000	0,99495165
842,80000000	0,99409432
843,00000000	0,99399284
843,20000000	0,99457781
843,40000000	0,99467839
843,60000000	0,99542523
843,80000000	0,99551360
844,00000000	0,99509955
844,20000000	0,99519075
844,40000000	0,99544039
844,60000000	0,99539117
844,80000000	0,99577082
845,00000000	0,99571227
845,20000000	0,99553916
845,40000000	0,99550613
845,60000000	0,99539550
845,80000000	0,99577170
846,00000000	0,99592815
846,20000000	0,99533274
846,40000000	0,99430296
846,60000000	0,99450849
846,80000000	0,99500352
847,00000000	0,99493317
847,20000000	0,99450432
847,40000000	0,99363387
847,60000000	0,99328045
847,80000000	0,99348163
848,00000000	0,99341123
848,20000000	0,99272933
848,40000000	0,99163016
848,60000000	0,99078045
848,80000000	0,99103813
849,00000000	0,99176407
849,20000000	0,99133402
849,40000000	0,99047557
849,60000000	0,98983335
849,80000000	0,98889089
850,00000000	0,98842896
850,20000000	0,98820032
850,40000000	0,98796846
850,60000000	0,98694883
850,80000000	0,98697869
851,00000000	0,98719432
851,20000000	0,98541492
851,40000000	0,98524958
851,60000000	0,98547325
851,80000000	0,98460557
852,00000000	0,98518771
852,20000000	0,98427871
852,40000000	0,98353311
852,60000000	0,98387091
852,80000000	0,98357986
853,00000000	0,98190851
853,20000000	0,98051489
853,40000000	0,98065194
853,60000000	0,98088383
853,80000000	0,98170950
854,00000000	0,98177608
854,20000000	0,98150358
854,40000000	0,98039711
854,60000000	0,97929104
854,80000000	0,97942150
855,00000000	0,97890972
855,20000000	0,97813881
855,40000000	0,97843458
855,60000000	0,97874041
855,80000000	0,98090152
856,00000000	0,98095823
856,20000000	0,97934905
856,40000000	0,97793038
856,60000000	0,97889876
856,80000000	0,97929972
857,00000000	0,97945170
857,20000000	0,97805755
857,40000000	0,97902705
857,60000000	0,98026367
857,80000000	0,97942817
858,00000000	0,97913296
858,20000000	0,97903180
858,40000000	0,97915838
858,60000000	0,97996768
858,80000000	0,98141068
859,00000000	0,98173788
859,20000000	0,98106270
859,40000000	0,98109803
859,60000000	0,98159672
859,80000000	0,98169338
860,00000000	0,98208595
860,20000000	0,98267357
860,40000000	0,98399910
860,60000000	0,98421777
860,80000000	0,98435828
861,00000000	0,98411810
861,20000000	0,98362680
861,40000000	0,98398289
861,60000000	0,98550211
861,80000000	0,98602130
862,00000000	0,98666369
862,20000000	0,98786210
862,40000000	0,98825802
862,60000000	0,98749265
862,80000000	0,98756282
863,00000000	0,98806251
863,20000000	0,98850962
863,40000000	0,98894417
863,60000000	0,98930361
863,80000000	0,99009607
864,00000000	0,99068340
864,20000000	0,99100178
864,40000000	0,99050563
864,60000000	0,99074037
864,80000000	0,99135393
865,00000000	0,99164877
865,20000000	0,99243156
865,40000000	0,99265492
865,60000000	0,99252833
865,80000000	0,99251759
866,00000000	0,99330291
866,20000000	0,99344538
866,40000000	0,99319266
866,60000000	0,99259942
866,80000000	0,99321945
867,00000000	0,99401803
867,20000000	0,99351654
867,40000000	0,99327701
867,60000000	0,99277905
867,80000000	0,99334858
868,00000000	0,99383754
868,20000000	0,99349531
868,40000000	0,99273826
868,60000000	0,99303860
868,80000000	0,99290933
869,00000000	0,99290782
869,20000000	0,99240029
869,40000000	0,99143202
869,60000000	0,99135448
869,80000000	0,99158670
870,00000000	0,99245092
870,20000000	0,99188829
870,40000000	0,98985525
870,60000000	0,98987517
870,80000000	0,99007323
871,00000000	0,99011023
871,20000000	0,98902576
871,40000000	0,98713456
871,60000000	0,98793218
871,80000000	0,98920847
872,00000000	0,98777668
872,20000000	0,98639543
872,40000000	0,98596261
872,60000000	0,98653787
872,80000000	0,98634811
873,00000000	0,98476409
873,20000000	0,98407405
873,40000000	0,98424174
873,60000000	0,98393937
873,80000000	0,98292722
874,00000000	0,98291505
874,20000000	0,98250112
874,40000000	0,98123637
874,60000000	0,98141115
874,80000000	0,98194691
875,00000000	0,98045948
875,20000000	0,98041999
875,40000000	0,97958498
875,60000000	0,98015032
875,80000000	0,97960477
876,00000000	0,97867470
876,20000000	0,97831100
876,40000000	0,97769861
876,60000000	0,97681929
876,80000000	0,97777009
877,00000000	0,97881476
877,20000000	0,97751077
877,40000000	0,97565760
877,60000000	0,97678684
877,80000000	0,97762691
878,00000000	0,97652129
878,20000000	0,97623305
878,40000000	0,97623417
878,60000000	0,97594099
878,80000000	0,97690899
879,00000000	0,97621761
879,20000000	0,97542583
879,40000000	0,97532055
879,60000000	0,97691311
879,80000000	0,97779452
880,00000000	0,97687181
880,20000000	0,97583989
880,40000000	0,97591786
880,60000000	0,97741535
880,80000000	0,97803402
881,00000000	0,97706079
881,20000000	0,97692038
881,40000000	0,97945608
881,60000000	0,97993653
881,80000000	0,97794454
882,00000000	0,97745544
882,20000000	0,97918635
882,40000000	0,98057115
882,60000000	0,98060097
882,80000000	0,97986883
883,00000000	0,98018647
883,20000000	0,98186100
883,40000000	0,98167199
883,60000000	0,98225507
883,80000000	0,98321944
884,00000000	0,98364927
884,20000000	0,98333995
884,40000000	0,98412768
884,60000000	0,98434137
884,80000000	0,98495255
885,00000000	0,98544522
885,20000000	0,98555264
885,40000000	0,98628640
885,60000000	0,98793265
885,80000000	0,98794285
886,00000000	0,98700093
886,20000000	0,98795870
886,40000000	0,98949502
886,60000000	0,98996881
886,80000000	0,98911916
887,00000000	0,98986550
887,20000000	0,99074736
887,40000000	0,99171332
887,60000000	0,99127434
887,80000000	0,99063789
888,00000000	0,99213788
888,20000000	0,99338877
888,40000000	0,99340727
888,60000000	0,99292516
888,80000000	0,99336580
889,00000000	0,99393406
889,20000000	0,99419278
889,40000000	0,99403108
889,60000000	0,99438405
889,80000000	0,99491790
890,00000000	0,99512891
890,20000000	0,99540493
890,40000000	0,99515537
890,60000000	0,99473158
890,80000000	0,99556069
891,00000000	0,99623787
891,20000000	0,99605318
891,40000000	0,99557159
891,60000000	0,99595636
891,80000000	0,99585733
892,00000000	0,99551746
892,20000000	0,99567850
892,40000000	0,99594773
892,60000000	0,99579608
892,80000000	0,99603584
893,00000000	0,99608652
893,20000000	0,99578719
893,40000000	0,99510700
893,60000000	0,99416059
893,80000000	0,99462092
894,00000000	0,99555603
894,20000000	0,99537561
894,40000000	0,99450763
894,60000000	0,99463841
894,80000000	0,99450110
895,00000000	0,99386624
895,20000000	0,99375170
895,40000000	0,99341591
895,60000000	0,99348880
895,80000000	0,99365172
896,00000000	0,99300132
896,20000000	0,99247281
896,40000000	0,99257688
896,60000000	0,99279175
896,80000000	0,99188571
897,00000000	0,99106124
897,20000000	0,99129953
897,40000000	0,99148276
897,60000000	0,99143422
897,80000000	0,99109061
898,00000000	0,99028319
898,20000000	0,98998530
898,40000000	0,98994225
898,60000000	0,98932826
898,80000000	0,98986749
899,00000000	0,98958387
899,20000000	0,98943248
899,40000000	0,98914720
899,60000000	0,98812179
899,80000000	0,98860876
900,00000000	0,98815086
