200,00000000	0,81484144
200,20000000	0,99632917
200,40000000	0,54538479
200,60000000	0,97463415
200,80000000	0,98358699
201,00000000	-1,57627326
201,20000000	0,67981186
201,40000000	0,99757372
201,60000000	0,42876511
201,80000000	0,78033425
202,00000000	0,99784413
202,20000000	0,71052006
202,40000000	0,44827741
202,60000000	0,93286991
202,80000000	0,00431653
203,00000000	0,72871583
203,20000000	0,94364268
203,40000000	0,59694147
203,60000000	0,92653100
203,80000000	0,83512917
204,00000000	0,95381910
204,20000000	0,70882707
204,40000000	0,87872433
204,60000000	0,93213081
204,80000000	0,59004671
205,00000000	0,97664289
205,20000000	0,26828540
205,40000000	0,76750465
205,60000000	0,81095711
205,80000000	0,99020557
206,00000000	0,77939772
206,20000000	0,91862412
206,40000000	0,99203473
206,60000000	0,78581776
206,80000000	0,98486371
207,00000000	0,86395954
207,20000000	0,91033411
207,40000000	0,75722075
207,60000000	0,97972545
207,80000000	0,85253210
208,00000000	0,97566821
208,20000000	0,87851299
208,40000000	0,71268669
208,60000000	0,85884562
208,80000000	0,77789026
209,00000000	0,93090727
209,20000000	0,79822966
209,40000000	0,96004336
209,60000000	0,63091636
209,80000000	0,87044101
210,00000000	0,89528216
210,20000000	0,57385417
210,40000000	0,89204503
210,60000000	0,81399878
210,80000000	0,98469565
211,00000000	0,79878708
211,20000000	0,89489676
211,40000000	0,85764258
211,60000000	0,67275242
211,80000000	0,86870414
212,00000000	0,75820117
212,20000000	0,82573659
212,40000000	0,89661595
212,60000000	0,92655200
212,80000000	0,90530514
213,00000000	0,85599994
213,20000000	0,79756826
213,40000000	0,81279077
213,60000000	0,87972821
213,80000000	0,98352868
214,00000000	0,70740824
214,20000000	0,89975875
214,40000000	0,87925286
214,60000000	0,90567574
214,80000000	0,81995707
215,00000000	0,88162456
215,20000000	0,88267165
215,40000000	0,90234427
215,60000000	0,95844280
215,80000000	0,93260548
216,00000000	0,75440085
216,20000000	0,95955429
216,40000000	0,77833482
216,60000000	0,94112479
216,80000000	0,93242860
217,00000000	0,87165533
217,20000000	0,91441761
217,40000000	0,92299071
217,60000000	0,92748529
217,80000000	0,83986284
218,00000000	0,85923905
218,20000000	0,79440197
218,40000000	0,82669701
218,60000000	0,92727144
218,80000000	0,85392065
219,00000000	0,61055440
219,20000000	0,85254482
219,40000000	0,82873235
219,60000000	0,87504767
219,80000000	0,85206577
220,00000000	0,85573818
220,20000000	0,80167082
220,40000000	0,94790902
220,60000000	0,86488589
220,80000000	0,79575615
221,00000000	0,78239494
221,20000000	0,87919697
221,40000000	0,82105826
221,60000000	0,90590467
221,80000000	0,79538003
222,00000000	0,90828622
222,20000000	0,76263656
222,40000000	0,93824188
222,60000000	0,81320045
222,80000000	0,67230656
223,00000000	0,89396462
223,20000000	0,90407721
223,40000000	0,95347213
223,60000000	0,82889270
223,80000000	0,88215203
224,00000000	0,83158636
224,20000000	0,88555064
224,40000000	0,89989975
224,60000000	0,78147532
224,80000000	0,90893811
225,00000000	0,87702869
225,20000000	0,90131201
225,40000000	0,90087308
225,60000000	0,62374883
225,80000000	0,88685993
226,00000000	0,88020883
226,20000000	0,70850432
226,40000000	0,93557122
226,60000000	0,73140659
226,80000000	0,76051553
227,00000000	0,96550048
227,20000000	0,47854507
227,40000000	0,81267989
227,60000000	0,85777835
227,80000000	0,72517161
228,00000000	0,91671190
228,20000000	0,78572703
228,40000000	0,76903391
228,60000000	0,90848747
228,80000000	0,60369875
229,00000000	0,83736827
229,20000000	0,89227034
229,40000000	0,70380727
229,60000000	0,88797760
229,80000000	0,85562179
230,00000000	0,76403441
230,20000000	0,93626012
230,40000000	0,62009364
230,60000000	0,86651905
230,80000000	0,91187444
231,00000000	0,73691259
231,20000000	0,92117677
231,40000000	0,76381139
231,60000000	0,76864832
231,80000000	0,88914303
232,00000000	0,84601812
232,20000000	0,81789268
232,40000000	0,91386832
232,60000000	0,74426431
232,80000000	0,80837396
233,00000000	0,85819132
233,20000000	0,80187171
233,40000000	0,84054913
233,60000000	0,73553645
233,80000000	0,77971361
234,00000000	0,86441166
234,20000000	0,83432182
234,40000000	0,86684110
234,60000000	0,83013775
234,80000000	0,74222448
235,00000000	0,83677771
235,20000000	0,79015268
235,40000000	0,86199807
235,60000000	0,81803862
235,80000000	0,80707699
236,00000000	0,87041706
236,20000000	0,82696835
236,40000000	0,74034773
236,60000000	0,82689824
236,80000000	0,85617231
237,00000000	0,78349097
237,20000000	0,89319384
237,40000000	0,83011257
237,60000000	0,88449883
237,80000000	0,88116560
238,00000000	0,84513733
238,20000000	0,79547971
238,40000000	0,87526553
238,60000000	0,84446576
238,80000000	0,85796151
239,00000000	0,84708763
239,20000000	0,83635565
239,40000000	0,83546188
239,60000000	0,83959234
239,80000000	0,79187135
240,00000000	0,89292385
240,20000000	0,76182546
240,40000000	0,85332750
240,60000000	0,90637035
240,80000000	0,83473738
241,00000000	0,87604970
241,20000000	0,84855005
241,40000000	0,78869057
241,60000000	0,91474610
241,80000000	0,78145717
242,00000000	0,81543498
242,20000000	0,88047740
242,40000000	0,82378633
242,60000000	0,85842043
242,80000000	0,85440941
243,00000000	0,84351265
243,20000000	0,83972683
243,40000000	0,82502824
243,60000000	0,81950615
243,80000000	0,87878519
244,00000000	0,79693268
244,20000000	0,83945288
244,40000000	0,80156193
244,60000000	0,80757369
244,80000000	0,82929981
245,00000000	0,82164550
245,20000000	0,80467120
245,40000000	0,83575739
245,60000000	0,82062540
245,80000000	0,76547978
246,00000000	0,85545868
246,20000000	0,82607380
246,40000000	0,80714211
246,60000000	0,86900731
246,80000000	0,80979671
247,00000000	0,84554022
247,20000000	0,83845988
247,40000000	0,82647941
247,60000000	0,85763427
247,80000000	0,87258339
248,00000000	0,79176215
248,20000000	0,83705791
248,40000000	0,80987288
248,60000000	0,77748794
248,80000000	0,82336827
249,00000000	0,79870523
249,20000000	0,80706444
249,40000000	0,83814354
249,60000000	0,80360731
249,80000000	0,75368733
250,00000000	0,85080233
250,20000000	0,80010697
250,40000000	0,84289691
250,60000000	0,82739582
250,80000000	0,81651642
251,00000000	0,82556478
251,20000000	0,80660830
251,40000000	0,79356153
251,60000000	0,84276226
251,80000000	0,79498757
252,00000000	0,81488853
252,20000000	0,82726654
252,40000000	0,77825777
252,60000000	0,80540512
252,80000000	0,78545131
253,00000000	0,82159957
253,20000000	0,84217688
253,40000000	0,81066849
253,60000000	0,78032624
253,80000000	0,83414672
254,00000000	0,84524642
254,20000000	0,79192250
254,40000000	0,83292558
254,60000000	0,82259615
254,80000000	0,83175855
255,00000000	0,83450699
255,20000000	0,77492980
255,40000000	0,83895807
255,60000000	0,81420122
255,80000000	0,81306826
256,00000000	0,85174092
256,20000000	0,82400129
256,40000000	0,77790886
256,60000000	0,83598739
256,80000000	0,82985650
257,00000000	0,74128648
257,20000000	0,81380161
257,40000000	0,82567840
257,60000000	0,81138081
257,80000000	0,81993576
258,00000000	0,74980043
258,20000000	0,79404245
258,40000000	0,79301910
258,60000000	0,82558594
258,80000000	0,73389217
259,00000000	0,80336160
259,20000000	0,76515857
259,40000000	0,79134629
259,60000000	0,78906021
259,80000000	0,76616940
260,00000000	0,78692798
260,20000000	0,78583324
260,40000000	0,72810935
260,60000000	0,76220896
260,80000000	0,76745192
261,00000000	0,73055838
261,20000000	0,78043271
261,40000000	0,74503612
261,60000000	0,75648975
261,80000000	0,78980665
262,00000000	0,76812856
262,20000000	0,76430755
262,40000000	0,75864356
262,60000000	0,70922025
262,80000000	0,75227257
263,00000000	0,80385069
263,20000000	0,72801633
263,40000000	0,76477850
263,60000000	0,72768577
263,80000000	0,72919854
264,00000000	0,76099317
264,20000000	0,72758861
264,40000000	0,72815414
264,60000000	0,74782447
264,80000000	0,74948491
265,00000000	0,72455641
265,20000000	0,72668538
265,40000000	0,75815647
265,60000000	0,71422860
265,80000000	0,74290213
266,00000000	0,68333636
266,20000000	0,65245797
266,40000000	0,73167948
266,60000000	0,70366550
266,80000000	0,70792658
267,00000000	0,69832101
267,20000000	0,64716018
267,40000000	0,72093747
267,60000000	0,66908522
267,80000000	0,70185940
268,00000000	0,70781492
268,20000000	0,63586879
268,40000000	0,65637487
268,60000000	0,71713986
268,80000000	0,67599422
269,00000000	0,69809180
269,20000000	0,70867557
269,40000000	0,68837264
269,60000000	0,70178227
269,80000000	0,67825078
270,00000000	0,70078821
270,20000000	0,67952783
270,40000000	0,70058106
270,60000000	0,72476936
270,80000000	0,70287613
271,00000000	0,69815914
271,20000000	0,70398312
271,40000000	0,69699510
271,60000000	0,66220840
271,80000000	0,70212291
272,00000000	0,70654672
272,20000000	0,70683170
272,40000000	0,71244176
272,60000000	0,63359289
272,80000000	0,68422907
273,00000000	0,72930602
273,20000000	0,62232722
273,40000000	0,69431816
273,60000000	0,68266751
273,80000000	0,66290733
274,00000000	0,63051144
274,20000000	0,68667304
274,40000000	0,69988797
274,60000000	0,64054434
274,80000000	0,64958643
275,00000000	0,68829401
275,20000000	0,68369137
275,40000000	0,61639109
275,60000000	0,68326330
275,80000000	0,70881929
276,00000000	0,64219039
276,20000000	0,61751320
276,40000000	0,69540791
276,60000000	0,65158889
276,80000000	0,66264766
277,00000000	0,62360864
277,20000000	0,65585528
277,40000000	0,65913633
277,60000000	0,63068933
277,80000000	0,62797342
278,00000000	0,62842986
278,20000000	0,61515284
278,40000000	0,60317850
278,60000000	0,60716617
278,80000000	0,64120204
279,00000000	0,61506212
279,20000000	0,57988841
279,40000000	0,61707643
279,60000000	0,60483747
279,80000000	0,58628417
280,00000000	0,60995782
280,20000000	0,61354055
280,40000000	0,55696119
280,60000000	0,61587585
280,80000000	0,63003822
281,00000000	0,56985196
281,20000000	0,58477520
281,40000000	0,61759623
281,60000000	0,61200826
281,80000000	0,58454417
282,00000000	0,61510335
282,20000000	0,60716310
282,40000000	0,61102013
282,60000000	0,55414363
282,80000000	0,55454962
283,00000000	0,60032812
283,20000000	0,59228972
283,40000000	0,52505819
283,60000000	0,52124636
283,80000000	0,61204942
284,00000000	0,58680829
284,20000000	0,44922728
284,40000000	0,53866713
284,60000000	0,57499824
284,80000000	0,53845297
285,00000000	0,39169860
285,20000000	0,51117050
285,40000000	0,53365005
285,60000000	0,41658965
285,80000000	0,43053578
286,00000000	0,51456231
286,20000000	0,53020155
286,40000000	0,44900784
286,60000000	0,41029172
286,80000000	0,42605333
287,00000000	0,47185535
287,20000000	0,38393164
287,40000000	0,34770088
287,60000000	0,40501062
287,80000000	0,39357150
288,00000000	0,34545938
288,20000000	0,37221445
288,40000000	0,42909976
288,60000000	0,37620586
288,80000000	0,29461069
289,00000000	0,32502476
289,20000000	0,37506644
289,40000000	0,34281409
289,60000000	0,32917463
289,80000000	0,35617127
290,00000000	0,35263615
290,20000000	0,28295960
290,40000000	0,31181371
290,60000000	0,29722985
290,80000000	0,33514977
291,00000000	0,29796992
291,20000000	0,26245871
291,40000000	0,31110539
291,60000000	0,32740343
291,80000000	0,30354681
292,00000000	0,22988097
292,20000000	0,30311380
292,40000000	0,30964690
292,60000000	0,26067405
292,80000000	0,27864568
293,00000000	0,27980833
293,20000000	0,29746400
293,40000000	0,24402552
293,60000000	0,24341511
293,80000000	0,29961177
294,00000000	0,27469148
294,20000000	0,26541218
294,40000000	0,25527924
294,60000000	0,26828288
294,80000000	0,27428908
295,00000000	0,28379013
295,20000000	0,27631855
295,40000000	0,24380028
295,60000000	0,29648071
295,80000000	0,27185250
296,00000000	0,24234582
296,20000000	0,28506933
296,40000000	0,24882206
296,60000000	0,23993851
296,80000000	0,23806323
297,00000000	0,26768474
297,20000000	0,23102063
297,40000000	0,24372970
297,60000000	0,28550002
297,80000000	0,25103675
298,00000000	0,22987050
298,20000000	0,26820065
298,40000000	0,28675955
298,60000000	0,23359993
298,80000000	0,21520918
299,00000000	0,25455118
299,20000000	0,27328520
299,40000000	0,23334784
299,60000000	0,26152048
299,80000000	0,24889307
300,00000000	0,26936226
300,20000000	0,23996124
300,40000000	0,21479109
300,60000000	0,26074986
300,80000000	0,24783632
301,00000000	0,21728184
301,20000000	0,24232716
301,40000000	0,23238368
301,60000000	0,24778533
301,80000000	0,24771052
302,00000000	0,23197687
302,20000000	0,23098985
302,40000000	0,26104171
302,60000000	0,23761505
302,80000000	0,20970094
303,00000000	0,23884180
303,20000000	0,25359029
303,40000000	0,23224937
303,60000000	0,23357914
303,80000000	0,23977136
304,00000000	0,23950024
304,20000000	0,24281600
304,40000000	0,21157865
304,60000000	0,21287055
304,80000000	0,21557341
305,00000000	0,23256790
305,20000000	0,22878278
305,40000000	0,21508578
305,60000000	0,20806074
305,80000000	0,23870069
306,00000000	0,23574756
306,20000000	0,22931806
306,40000000	0,20561452
306,60000000	0,22212357
306,80000000	0,23371901
307,00000000	0,22565247
307,20000000	0,20595609
307,40000000	0,21999834
307,60000000	0,24218058
307,80000000	0,24243374
308,00000000	0,20493186
308,20000000	0,19548264
308,40000000	0,22468795
308,60000000	0,22395466
308,80000000	0,22446022
309,00000000	0,21123404
309,20000000	0,20620928
309,40000000	0,22639810
309,60000000	0,21031055
309,80000000	0,20553628
310,00000000	0,21542008
310,20000000	0,21053975
310,40000000	0,22928253
310,60000000	0,22943073
310,80000000	0,20399194
311,00000000	0,20862610
311,20000000	0,20841730
311,40000000	0,21273033
311,60000000	0,21208994
311,80000000	0,21378625
312,00000000	0,20872115
312,20000000	0,20493724
312,40000000	0,23027784
312,60000000	0,22839079
312,80000000	0,21302304
313,00000000	0,20184608
313,20000000	0,21413716
313,40000000	0,20545144
313,60000000	0,19614612
313,80000000	0,21680513
314,00000000	0,20772234
314,20000000	0,21665182
314,40000000	0,20287769
314,60000000	0,20366955
314,80000000	0,20808617
315,00000000	0,21064230
315,20000000	0,21105454
315,40000000	0,20383115
315,60000000	0,20574991
315,80000000	0,21573884
316,00000000	0,21542970
316,20000000	0,20453212
316,40000000	0,19326036
316,60000000	0,20838490
316,80000000	0,22045205
317,00000000	0,20234795
317,20000000	0,20430337
317,40000000	0,20099131
317,60000000	0,21894162
317,80000000	0,20268067
318,00000000	0,19639561
318,20000000	0,20642818
318,40000000	0,21566308
318,60000000	0,19848425
318,80000000	0,19257181
319,00000000	0,20583036
319,20000000	0,19804499
319,40000000	0,21366975
319,60000000	0,20390525
319,80000000	0,20413671
320,00000000	0,20562265
320,20000000	0,20651273
320,40000000	0,19766187
320,60000000	0,19332515
320,80000000	0,20636294
321,00000000	0,20692316
321,20000000	0,19767510
321,40000000	0,20045682
321,60000000	0,20154732
321,80000000	0,19956305
322,00000000	0,19709226
322,20000000	0,19941842
322,40000000	0,19146231
322,60000000	0,20812790
322,80000000	0,19980090
323,00000000	0,20099112
323,20000000	0,19650261
323,40000000	0,20364520
323,60000000	0,21000390
323,80000000	0,19313157
324,00000000	0,20049387
324,20000000	0,19949615
324,40000000	0,20006392
324,60000000	0,19132274
324,80000000	0,19976218
325,00000000	0,20690449
325,20000000	0,19704483
325,40000000	0,20361933
325,60000000	0,20291986
325,80000000	0,20311770
326,00000000	0,19491685
326,20000000	0,19714473
326,40000000	0,19860394
326,60000000	0,19600437
326,80000000	0,19904234
327,00000000	0,18734634
327,20000000	0,19703714
327,40000000	0,20260752
327,60000000	0,20596024
327,80000000	0,19440556
328,00000000	0,19519357
328,20000000	0,20224504
328,40000000	0,19885610
328,60000000	0,19552703
328,80000000	0,19252638
329,00000000	0,19580983
329,20000000	0,20286285
329,40000000	0,19936270
329,60000000	0,19253250
329,80000000	0,19168476
330,00000000	0,19928835
330,20000000	0,20069529
330,40000000	0,19403406
330,60000000	0,18411948
330,80000000	0,19261313
331,00000000	0,20372117
331,20000000	0,19870492
331,40000000	0,18553412
331,60000000	0,18733137
331,80000000	0,20491320
332,00000000	0,19861500
332,20000000	0,18731593
332,40000000	0,19040043
332,60000000	0,19807668
332,80000000	0,19260369
333,00000000	0,19101497
333,20000000	0,19736587
333,40000000	0,18935657
333,60000000	0,18180356
333,80000000	0,19867980
334,00000000	0,20224038
334,20000000	0,17954931
334,40000000	0,18445022
334,60000000	0,20240748
334,80000000	0,20256448
335,00000000	0,18342915
335,20000000	0,18346416
335,40000000	0,19821724
335,60000000	0,19289801
335,80000000	0,18971732
336,00000000	0,19185157
336,20000000	0,19543767
336,40000000	0,19244388
336,60000000	0,19114481
336,80000000	0,19735261
337,00000000	0,19305121
337,20000000	0,18913808
337,40000000	0,18805528
337,60000000	0,19534891
337,80000000	0,19665352
338,00000000	0,18935367
338,20000000	0,18357973
338,40000000	0,19479525
338,60000000	0,19903996
338,80000000	0,19298399
339,00000000	0,18539161
339,20000000	0,18598701
339,40000000	0,19309789
339,60000000	0,18831890
339,80000000	0,19179304
340,00000000	0,19036220
340,20000000	0,18544028
340,40000000	0,18537914
340,60000000	0,19184787
340,80000000	0,19264209
341,00000000	0,18219532
341,20000000	0,18173240
341,40000000	0,19009085
341,60000000	0,19176818
341,80000000	0,18450039
342,00000000	0,18177573
342,20000000	0,18565999
342,40000000	0,18884366
342,60000000	0,18879952
342,80000000	0,18643935
343,00000000	0,18651307
343,20000000	0,18373635
343,40000000	0,18575897
343,60000000	0,18782120
343,80000000	0,18897133
344,00000000	0,18409738
344,20000000	0,18217179
344,40000000	0,18647872
344,60000000	0,18885282
344,80000000	0,18471855
345,00000000	0,18206607
345,20000000	0,18712169
345,40000000	0,18725956
345,60000000	0,18513912
345,80000000	0,18430723
346,00000000	0,18640499
346,20000000	0,18440070
346,40000000	0,18333411
346,60000000	0,18517090
346,80000000	0,18545876
347,00000000	0,18255153
347,20000000	0,18152800
347,40000000	0,18446054
347,60000000	0,18414321
347,80000000	0,18179680
348,00000000	0,18205412
348,20000000	0,18561379
348,40000000	0,18369175
348,60000000	0,18141913
348,80000000	0,18290576
349,00000000	0,18481476
349,20000000	0,18276007
349,40000000	0,18147304
349,60000000	0,18366221
349,80000000	0,18437018
350,00000000	0,18115333
350,20000000	0,18014459
350,40000000	0,18277549
350,60000000	0,18362315
350,80000000	0,18053574
351,00000000	0,17998225
351,20000000	0,18240210
351,40000000	0,18261280
351,60000000	0,18073041
351,80000000	0,18006692
352,00000000	0,18103234
352,20000000	0,18040567
352,40000000	0,17902188
352,60000000	0,18027552
352,80000000	0,18114499
353,00000000	0,17890652
353,20000000	0,17724292
353,40000000	0,17968797
353,60000000	0,18206960
353,80000000	0,17991120
354,00000000	0,17669515
354,20000000	0,17814166
354,40000000	0,18100395
354,60000000	0,18091195
354,80000000	0,17875872
355,00000000	0,17838328
355,20000000	0,17735698
355,40000000	0,17753157
355,60000000	0,17911007
355,80000000	0,17945163
356,00000000	0,17780229
356,20000000	0,17405557
356,40000000	0,17616542
356,60000000	0,18022086
356,80000000	0,17931151
357,00000000	0,17567265
357,20000000	0,17508208
357,40000000	0,17631263
357,60000000	0,17709683
357,80000000	0,17455076
358,00000000	0,17502485
358,20000000	0,17526643
358,40000000	0,17423900
358,60000000	0,17456073
358,80000000	0,17595508
359,00000000	0,17511900
359,20000000	0,17459478
359,40000000	0,17389027
359,60000000	0,17832295
359,80000000	0,17906142
360,00000000	0,17400036
360,20000000	0,17314848
360,40000000	0,17587088
360,60000000	0,17871187
360,80000000	0,17392454
361,00000000	0,16917303
361,20000000	0,17258729
361,40000000	0,17630654
361,60000000	0,17323929
361,80000000	0,17300071
362,00000000	0,17505298
362,20000000	0,17291735
362,40000000	0,16885271
362,60000000	0,17321967
362,80000000	0,17573813
363,00000000	0,17382345
363,20000000	0,17147395
363,40000000	0,17121182
363,60000000	0,17684239
363,80000000	0,17495129
364,00000000	0,16956524
364,20000000	0,17223225
364,40000000	0,17491819
364,60000000	0,17231453
364,80000000	0,17254881
365,00000000	0,16721399
365,20000000	0,17190646
365,40000000	0,17543172
365,60000000	0,17096865
365,80000000	0,17248829
366,00000000	0,17015364
366,20000000	0,16869856
366,40000000	0,17131324
366,60000000	0,17616326
366,80000000	0,17035120
367,00000000	0,16870643
367,20000000	0,16692852
367,40000000	0,17060649
367,60000000	0,17789800
367,80000000	0,17303858
368,00000000	0,16414476
368,20000000	0,16651708
368,40000000	0,17028409
368,60000000	0,17533827
368,80000000	0,17378427
369,00000000	0,16574857
369,20000000	0,16353234
369,40000000	0,16644615
369,60000000	0,17180974
369,80000000	0,17561672
370,00000000	0,17262204
370,20000000	0,15785966
370,40000000	0,16369042
370,60000000	0,18157696
370,80000000	0,17574032
371,00000000	0,16954196
371,20000000	0,15942633
371,40000000	0,16294516
371,60000000	0,18009651
371,80000000	0,17763607
372,00000000	0,16701093
372,20000000	0,16629877
372,40000000	0,16606277
372,60000000	0,16892059
372,80000000	0,17661775
373,00000000	0,17199225
373,20000000	0,16793342
373,40000000	0,15956894
373,60000000	0,16397166
373,80000000	0,17861106
374,00000000	0,17436015
374,20000000	0,16270252
374,40000000	0,16125965
374,60000000	0,16493797
374,80000000	0,17876799
375,00000000	0,17551427
375,20000000	0,16157882
375,40000000	0,15722765
375,60000000	0,16706307
375,80000000	0,17351530
376,00000000	0,17580877
376,20000000	0,16546329
376,40000000	0,15448924
376,60000000	0,15709300
376,80000000	0,17348003
377,00000000	0,18446162
377,20000000	0,16902424
377,40000000	0,15489385
377,60000000	0,14611828
377,80000000	0,16619581
378,00000000	0,18670565
378,20000000	0,17659157
378,40000000	0,15616067
378,60000000	0,15070977
378,80000000	0,15717909
379,00000000	0,17630058
379,20000000	0,18705644
379,40000000	0,16900797
379,60000000	0,15337767
379,80000000	0,14661982
380,00000000	0,16477105
380,20000000	0,18751632
380,40000000	0,18628925
380,60000000	0,16458581
380,80000000	0,14944718
381,00000000	0,14952121
381,20000000	0,16681144
381,40000000	0,19021353
381,60000000	0,17813918
381,80000000	0,15527712
382,00000000	0,14518468
382,20000000	0,15415712
382,40000000	0,18146043
382,60000000	0,18974155
382,80000000	0,16954308
383,00000000	0,14897648
383,20000000	0,14132004
383,40000000	0,16344118
383,60000000	0,18655332
383,80000000	0,18579873
384,00000000	0,16155456
384,20000000	0,14773855
384,40000000	0,14628737
384,60000000	0,17102458
384,80000000	0,17979012
385,00000000	0,17506274
385,20000000	0,16291090
385,40000000	0,15084250
385,60000000	0,16522959
385,80000000	0,17151522
386,00000000	0,18301577
386,20000000	0,17805684
386,40000000	0,16064154
386,60000000	0,14586533
386,80000000	0,15761211
387,00000000	0,17038864
387,20000000	0,17853830
387,40000000	0,17450600
387,60000000	0,15526244
387,80000000	0,15314415
388,00000000	0,16378020
388,20000000	0,17405850
388,40000000	0,17577107
388,60000000	0,16717455
388,80000000	0,16039230
389,00000000	0,15831525
389,20000000	0,16767481
389,40000000	0,17836476
389,60000000	0,16870442
389,80000000	0,16235999
390,00000000	0,16260398
390,20000000	0,16455821
390,40000000	0,16683219
390,60000000	0,16434282
390,80000000	0,16937215
391,00000000	0,17105890
391,20000000	0,16959412
391,40000000	0,16159538
391,60000000	0,16498341
391,80000000	0,16850428
392,00000000	0,17759082
392,20000000	0,17287093
392,40000000	0,16339720
392,60000000	0,16584066
392,80000000	0,16970475
393,00000000	0,16171467
393,20000000	0,16451541
393,40000000	0,17076352
393,60000000	0,17643581
393,80000000	0,16974944
394,00000000	0,15290922
394,20000000	0,15122653
394,40000000	0,16822682
394,60000000	0,17039623
394,80000000	0,16365672
395,00000000	0,16454047
395,20000000	0,17186593
395,40000000	0,16573214
395,60000000	0,16923380
395,80000000	0,16394075
396,00000000	0,16850406
396,20000000	0,17752766
396,40000000	0,17911937
396,60000000	0,16930866
396,80000000	0,15772734
397,00000000	0,16444557
397,20000000	0,17325726
397,40000000	0,17109143
397,60000000	0,17843260
397,80000000	0,16897117
398,00000000	0,15044520
398,20000000	0,15708627
398,40000000	0,16445552
398,60000000	0,17828048
398,80000000	0,17392295
399,00000000	0,15832898
399,20000000	0,17124279
399,40000000	0,16503360
399,60000000	0,16135308
399,80000000	0,16469249
400,00000000	0,16966141
400,20000000	0,17349783
400,40000000	0,17896745
400,60000000	0,16582194
400,80000000	0,16366904
401,00000000	0,16980319
401,20000000	0,17561245
401,40000000	0,17697000
401,60000000	0,17806784
401,80000000	0,15779348
402,00000000	0,17278151
402,20000000	0,17727065
402,40000000	0,16767457
402,60000000	0,16700766
402,80000000	0,17497326
403,00000000	0,17382869
403,20000000	0,17826523
403,40000000	0,16089930
403,60000000	0,16137211
403,80000000	0,16599369
404,00000000	0,18229629
404,20000000	0,18491680
404,40000000	0,17764231
404,60000000	0,17000886
404,80000000	0,15776013
405,00000000	0,16977754
405,20000000	0,18422540
405,40000000	0,17165162
405,60000000	0,17192044
405,80000000	0,17415706
406,00000000	0,16633610
406,20000000	0,16019154
406,40000000	0,17195748
406,60000000	0,17178075
406,80000000	0,17053517
407,00000000	0,17034996
407,20000000	0,17517280
407,40000000	0,17326539
407,60000000	0,18790966
407,80000000	0,18669453
408,00000000	0,18340218
408,20000000	0,18001937
408,40000000	0,18167934
408,60000000	0,18103710
408,80000000	0,17584303
409,00000000	0,17704908
409,20000000	0,17245511
409,40000000	0,16571144
409,60000000	0,16623098
409,80000000	0,18209335
410,00000000	0,19318256
410,20000000	0,19516047
410,40000000	0,16817066
410,60000000	0,15888464
410,80000000	0,17667761
411,00000000	0,19443629
411,20000000	0,20635038
411,40000000	0,19358865
411,60000000	0,17472235
411,80000000	0,17711599
412,00000000	0,17685233
412,20000000	0,17822231
412,40000000	0,16766517
412,60000000	0,18822200
412,80000000	0,19318002
413,00000000	0,18196003
413,20000000	0,16274842
413,40000000	0,15831093
413,60000000	0,18086981
413,80000000	0,18654010
414,00000000	0,18927711
414,20000000	0,18617123
414,40000000	0,17606072
414,60000000	0,17702997
414,80000000	0,18308854
415,00000000	0,17132946
415,20000000	0,18946513
415,40000000	0,19525890
415,60000000	0,18737358
415,80000000	0,17966784
416,00000000	0,17632095
416,20000000	0,18199697
416,40000000	0,18895394
416,60000000	0,19308890
416,80000000	0,18410252
417,00000000	0,18125446
417,20000000	0,17272519
417,40000000	0,18686121
417,60000000	0,20277253
417,80000000	0,20911492
418,00000000	0,19981726
418,20000000	0,18863545
418,40000000	0,18460609
418,60000000	0,19213708
418,80000000	0,20598778
419,00000000	0,20176740
419,20000000	0,20696478
419,40000000	0,18879103
419,60000000	0,18173898
419,80000000	0,18986001
420,00000000	0,19945034
420,20000000	0,21058986
420,40000000	0,20126286
420,60000000	0,19706478
420,80000000	0,19544581
421,00000000	0,19109944
421,20000000	0,18258503
421,40000000	0,19594158
421,60000000	0,19153697
421,80000000	0,19487634
422,00000000	0,20189436
422,20000000	0,19642197
422,40000000	0,19034484
422,60000000	0,20535503
422,80000000	0,19931474
423,00000000	0,20614183
423,20000000	0,20533351
423,40000000	0,19080782
423,60000000	0,20633447
423,80000000	0,23264547
424,00000000	0,22535379
424,20000000	0,21362502
424,40000000	0,20332292
424,60000000	0,20190382
424,80000000	0,19751489
425,00000000	0,19690489
425,20000000	0,20704312
425,40000000	0,22269736
425,60000000	0,23187034
425,80000000	0,21069943
426,00000000	0,21733595
426,20000000	0,21563473
426,40000000	0,21587568
426,60000000	0,21885408
426,80000000	0,21760694
427,00000000	0,22383064
427,20000000	0,22987854
427,40000000	0,22542322
427,60000000	0,25608221
427,80000000	0,23644588
428,00000000	0,20399740
428,20000000	0,23053204
428,40000000	0,23774106
428,60000000	0,24015902
428,80000000	0,23383926
429,00000000	0,23799894
429,20000000	0,23261692
429,40000000	0,24310101
429,60000000	0,25641329
429,80000000	0,25502917
430,00000000	0,23580422
430,20000000	0,24973299
430,40000000	0,26149539
430,60000000	0,28201650
430,80000000	0,27145864
431,00000000	0,25665324
431,20000000	0,23971710
431,40000000	0,26006750
431,60000000	0,26774435
431,80000000	0,27965175
432,00000000	0,28634811
432,20000000	0,27409797
432,40000000	0,27086288
432,60000000	0,29457459
432,80000000	0,27731439
433,00000000	0,28302021
433,20000000	0,28962357
433,40000000	0,29171800
433,60000000	0,29506365
433,80000000	0,30776646
434,00000000	0,31689621
434,20000000	0,31393500
434,40000000	0,31020467
434,60000000	0,32193354
434,80000000	0,32454788
435,00000000	0,33968382
435,20000000	0,34397272
435,40000000	0,34273960
435,60000000	0,33753191
435,80000000	0,34168244
436,00000000	0,35853981
436,20000000	0,38733010
436,40000000	0,38565368
436,60000000	0,38779413
436,80000000	0,40235084
437,00000000	0,40383974
437,20000000	0,39729835
437,40000000	0,42328259
437,60000000	0,42838758
437,80000000	0,44594798
438,00000000	0,46601725
438,20000000	0,45993048
438,40000000	0,46598150
438,60000000	0,47650724
438,80000000	0,48804249
439,00000000	0,47355066
439,20000000	0,48667968
439,40000000	0,51036840
439,60000000	0,51738392
439,80000000	0,52534290
440,00000000	0,53086809
440,20000000	0,53342798
440,40000000	0,53721302
440,60000000	0,54215506
440,80000000	0,56182866
441,00000000	0,57154012
441,20000000	0,58880781
441,40000000	0,59199937
441,60000000	0,58803067
441,80000000	0,59742371
442,00000000	0,60040449
442,20000000	0,61312937
442,40000000	0,62942004
442,60000000	0,64813204
442,80000000	0,64281247
443,00000000	0,62932990
443,20000000	0,64761843
443,40000000	0,65388440
443,60000000	0,66026668
443,80000000	0,65920345
444,00000000	0,65489798
444,20000000	0,66241971
444,40000000	0,68171012
444,60000000	0,69889110
444,80000000	0,70751315
445,00000000	0,69645429
445,20000000	0,69552789
445,40000000	0,69874547
445,60000000	0,70901190
445,80000000	0,72461392
446,00000000	0,72728944
446,20000000	0,72728036
446,40000000	0,72525600
446,60000000	0,71988360
446,80000000	0,71574910
447,00000000	0,72456841
447,20000000	0,73205187
447,40000000	0,74356350
447,60000000	0,75093875
447,80000000	0,74156248
448,00000000	0,74354884
448,20000000	0,76651502
448,40000000	0,77184691
448,60000000	0,76500044
448,80000000	0,75914690
449,00000000	0,76150633
449,20000000	0,76990238
449,40000000	0,78647839
449,60000000	0,79426926
449,80000000	0,78339746
450,00000000	0,77987558
450,20000000	0,77991853
450,40000000	0,79085670
450,60000000	0,79425859
450,80000000	0,78813677
451,00000000	0,78720688
451,20000000	0,79281367
451,40000000	0,79850648
451,60000000	0,79637250
451,80000000	0,79181676
452,00000000	0,78298730
452,20000000	0,78425906
452,40000000	0,79398550
452,60000000	0,79095094
452,80000000	0,78829357
453,00000000	0,79029769
453,20000000	0,78434684
453,40000000	0,77676491
453,60000000	0,78360072
453,80000000	0,79477636
454,00000000	0,80421667
454,20000000	0,81112967
454,40000000	0,79572864
454,60000000	0,79586312
454,80000000	0,80544811
455,00000000	0,81562623
455,20000000	0,82500396
455,40000000	0,82309066
455,60000000	0,81591643
455,80000000	0,82622255
456,00000000	0,83193617
456,20000000	0,81975677
456,40000000	0,81980976
456,60000000	0,82664099
456,80000000	0,82905487
457,00000000	0,84032693
457,20000000	0,84510560
457,40000000	0,82511934
457,60000000	0,81221366
457,80000000	0,82495380
458,00000000	0,83048570
458,20000000	0,82561492
458,40000000	0,82774577
458,60000000	0,83266104
458,80000000	0,82844876
459,00000000	0,82728564
459,20000000	0,83196705
459,40000000	0,82523672
459,60000000	0,80900175
459,80000000	0,81957702
460,00000000	0,84004561
460,20000000	0,84033718
460,40000000	0,83567115
460,60000000	0,83026213
460,80000000	0,83368407
461,00000000	0,83701065
461,20000000	0,84637066
461,40000000	0,85389075
461,60000000	0,85190149
461,80000000	0,85839734
462,00000000	0,86982411
462,20000000	0,87749303
462,40000000	0,87041466
462,60000000	0,86951836
462,80000000	0,87589081
463,00000000	0,88205264
463,20000000	0,87676778
463,40000000	0,88678468
463,60000000	0,89624238
463,80000000	0,88689725
464,00000000	0,88973794
464,20000000	0,89870605
464,40000000	0,89124063
464,60000000	0,88764617
464,80000000	0,89066923
465,00000000	0,89071205
465,20000000	0,89175115
465,40000000	0,89327656
465,60000000	0,88812355
465,80000000	0,87940842
466,00000000	0,88629817
466,20000000	0,89157603
466,40000000	0,88721853
466,60000000	0,87977763
466,80000000	0,87038979
467,00000000	0,88088274
467,20000000	0,89139535
467,40000000	0,88754553
467,60000000	0,88253503
467,80000000	0,87896884
468,00000000	0,87384801
468,20000000	0,88170361
468,40000000	0,89831620
468,60000000	0,89408618
468,80000000	0,88276865
469,00000000	0,88197854
469,20000000	0,89593678
469,40000000	0,90820528
469,60000000	0,90196421
469,80000000	0,88548322
470,00000000	0,89130773
470,20000000	0,91204280
470,40000000	0,92100003
470,60000000	0,92614372
470,80000000	0,92201055
471,00000000	0,91823996
471,20000000	0,92235764
471,40000000	0,92961086
471,60000000	0,92844782
471,80000000	0,92778688
472,00000000	0,93166516
472,20000000	0,93103084
472,40000000	0,93795634
472,60000000	0,94047678
472,80000000	0,93534508
473,00000000	0,93408135
473,20000000	0,94323495
473,40000000	0,94641992
473,60000000	0,93531337
473,80000000	0,93117683
474,00000000	0,92159180
474,20000000	0,91627519
474,40000000	0,92768558
474,60000000	0,93540940
474,80000000	0,93641699
475,00000000	0,93069515
475,20000000	0,91927081
475,40000000	0,90794127
475,60000000	0,91164604
475,80000000	0,92437035
476,00000000	0,91700381
476,20000000	0,90625763
476,40000000	0,90588207
476,60000000	0,91134237
476,80000000	0,91532221
477,00000000	0,91577388
477,20000000	0,90775034
477,40000000	0,89391953
477,60000000	0,89303836
477,80000000	0,90181187
478,00000000	0,91384304
478,20000000	0,92010018
478,40000000	0,92011491
478,60000000	0,91692438
478,80000000	0,91669207
479,00000000	0,91518385
479,20000000	0,91134575
479,40000000	0,91629793
479,60000000	0,92391489
479,80000000	0,92581008
480,00000000	0,93055089
480,20000000	0,93530433
480,40000000	0,94116444
480,60000000	0,94284426
480,80000000	0,93852239
481,00000000	0,93619228
481,20000000	0,93930639
481,40000000	0,95391898
481,60000000	0,96218577
481,80000000	0,96199438
482,00000000	0,95593367
482,20000000	0,95252331
482,40000000	0,95465848
482,60000000	0,96020722
482,80000000	0,96010668
483,00000000	0,95872489
483,20000000	0,96013420
483,40000000	0,96396165
483,60000000	0,96568089
483,80000000	0,96482971
484,00000000	0,95680867
484,20000000	0,94994482
484,40000000	0,95128535
484,60000000	0,94886541
484,80000000	0,94797013
485,00000000	0,94740134
485,20000000	0,94420997
485,40000000	0,93564760
485,60000000	0,93536648
485,80000000	0,93962448
486,00000000	0,94033383
486,20000000	0,93961091
486,40000000	0,93899134
486,60000000	0,93071589
486,80000000	0,92137146
487,00000000	0,92183288
487,20000000	0,92980539
487,40000000	0,92859880
487,60000000	0,92719013
487,80000000	0,92859244
488,00000000	0,92245964
488,20000000	0,91764195
488,40000000	0,91494140
488,60000000	0,91613210
488,80000000	0,91775820
489,00000000	0,91788210
489,20000000	0,91974901
489,40000000	0,92962440
489,60000000	0,92927547
489,80000000	0,92382490
490,00000000	0,92585152
490,20000000	0,92767151
490,40000000	0,92754431
490,60000000	0,93209855
490,80000000	0,93711689
491,00000000	0,92813538
491,20000000	0,93057861
491,40000000	0,94254721
491,60000000	0,94005547
491,80000000	0,93609103
492,00000000	0,94287461
492,20000000	0,94076102
492,40000000	0,93974289
492,60000000	0,94668555
492,80000000	0,94969454
493,00000000	0,95132654
493,20000000	0,95795529
493,40000000	0,95939012
493,60000000	0,95263451
493,80000000	0,95544519
494,00000000	0,95855596
494,20000000	0,96028134
494,40000000	0,96080984
494,60000000	0,96072193
494,80000000	0,95233569
495,00000000	0,95015812
495,20000000	0,95782611
495,40000000	0,96054808
495,60000000	0,96135538
495,80000000	0,96252962
496,00000000	0,95358933
496,20000000	0,94398423
496,40000000	0,95427081
496,60000000	0,95936398
496,80000000	0,95601809
497,00000000	0,95418296
497,20000000	0,95356520
497,40000000	0,93905589
497,60000000	0,94111578
497,80000000	0,95509134
498,00000000	0,95311770
498,20000000	0,94463118
498,40000000	0,93853952
498,60000000	0,92998207
498,80000000	0,92324783
499,00000000	0,93186829
499,20000000	0,93697125
499,40000000	0,93633526
499,60000000	0,93504742
499,80000000	0,94027904
500,00000000	0,93359114
500,20000000	0,92925204
500,40000000	0,93901315
500,60000000	0,94029669
500,80000000	0,93848559
501,00000000	0,94004492
501,20000000	0,93994009
501,40000000	0,93123523
501,60000000	0,93841433
501,80000000	0,94728303
502,00000000	0,94843532
502,20000000	0,94612070
502,40000000	0,94380449
502,60000000	0,93708275
502,80000000	0,93134389
503,00000000	0,94204728
503,20000000	0,94431684
503,40000000	0,94263028
503,60000000	0,94871593
503,80000000	0,95530990
504,00000000	0,95691219
504,20000000	0,96017039
504,40000000	0,96321999
504,60000000	0,96359946
504,80000000	0,96269740
505,00000000	0,96506699
505,20000000	0,96753496
505,40000000	0,96435323
505,60000000	0,96883267
505,80000000	0,97290055
506,00000000	0,97379897
506,20000000	0,97425971
506,40000000	0,97437044
506,60000000	0,97408290
506,80000000	0,97449704
507,00000000	0,97838191
507,20000000	0,98000290
507,40000000	0,97838197
507,60000000	0,97453295
507,80000000	0,97366911
508,00000000	0,97316718
508,20000000	0,97548191
508,40000000	0,97868403
508,60000000	0,97647001
508,80000000	0,97323426
509,00000000	0,97490156
509,20000000	0,97778514
509,40000000	0,97457179
509,60000000	0,97075164
509,80000000	0,96974654
510,00000000	0,96839611
510,20000000	0,96617006
510,40000000	0,96594019
510,60000000	0,96234812
510,80000000	0,95377940
511,00000000	0,95240702
511,20000000	0,95794339
511,40000000	0,96098546
511,60000000	0,96087575
511,80000000	0,95875161
512,00000000	0,95180885
512,20000000	0,94748758
512,40000000	0,94797630
512,60000000	0,95072155
512,80000000	0,94991658
513,00000000	0,94241365
513,20000000	0,94168504
513,40000000	0,94788742
513,60000000	0,95097164
513,80000000	0,95073652
514,00000000	0,94753924
514,20000000	0,93693721
514,40000000	0,93136291
514,60000000	0,93645739
514,80000000	0,94311876
515,00000000	0,94707687
515,20000000	0,94677517
515,40000000	0,94221002
515,60000000	0,93947724
515,80000000	0,94416124
516,00000000	0,94805903
516,20000000	0,94787335
516,40000000	0,94847585
516,60000000	0,95144989
516,80000000	0,95358121
517,00000000	0,95053178
517,20000000	0,94652415
517,40000000	0,94758465
517,60000000	0,95176902
517,80000000	0,95851206
518,00000000	0,96571478
518,20000000	0,96614166
518,40000000	0,96489887
518,60000000	0,96362943
518,80000000	0,96207102
519,00000000	0,96563862
519,20000000	0,97056530
519,40000000	0,97553412
519,60000000	0,97884150
519,80000000	0,98006166
520,00000000	0,98183833
520,20000000	0,98269106
520,40000000	0,98155149
520,60000000	0,98143019
520,80000000	0,98186735
521,00000000	0,98106067
521,20000000	0,98280375
521,40000000	0,98466754
521,60000000	0,98603751
521,80000000	0,98750210
522,00000000	0,98876958
522,20000000	0,98818706
522,40000000	0,98936770
522,60000000	0,98977338
522,80000000	0,98744635
523,00000000	0,98742896
523,20000000	0,98749377
523,40000000	0,98674700
523,60000000	0,98885982
523,80000000	0,98898683
524,00000000	0,98609076
524,20000000	0,98370601
524,40000000	0,98316292
524,60000000	0,98275410
524,80000000	0,98423441
525,00000000	0,98486445
525,20000000	0,98481663
525,40000000	0,98254340
525,60000000	0,97809075
525,80000000	0,97225018
526,00000000	0,97146275
526,20000000	0,97179133
526,40000000	0,96807903
526,60000000	0,96583078
526,80000000	0,96708439
527,00000000	0,96629721
527,20000000	0,96652048
527,40000000	0,96639062
527,60000000	0,96382828
527,80000000	0,96029605
528,00000000	0,96091844
528,20000000	0,95983211
528,40000000	0,95658860
528,60000000	0,95373022
528,80000000	0,94957165
529,00000000	0,94474139
529,20000000	0,94623576
529,40000000	0,95094431
529,60000000	0,95378583
529,80000000	0,95517069
530,00000000	0,95470265
530,20000000	0,95438083
530,40000000	0,95616310
530,60000000	0,95711614
530,80000000	0,95469792
531,00000000	0,95195475
531,20000000	0,95662454
531,40000000	0,95796526
531,60000000	0,95106222
531,80000000	0,94957566
532,00000000	0,95084995
532,20000000	0,94781817
532,40000000	0,95135300
532,60000000	0,95290727
532,80000000	0,95010778
533,00000000	0,94858767
533,20000000	0,95452742
533,40000000	0,96481492
533,60000000	0,96943839
533,80000000	0,96677296
534,00000000	0,96992095
534,20000000	0,97507336
534,40000000	0,97820072
534,60000000	0,98034087
534,80000000	0,97890631
535,00000000	0,97604345
535,20000000	0,97321816
535,40000000	0,96730315
535,60000000	0,96779751
535,80000000	0,97306490
536,00000000	0,97519023
536,20000000	0,97838145
536,40000000	0,97953670
536,60000000	0,97977272
536,80000000	0,98312480
537,00000000	0,98388100
537,20000000	0,98410008
537,40000000	0,98752728
537,60000000	0,99065065
537,80000000	0,99171857
538,00000000	0,99096241
538,20000000	0,98814929
538,40000000	0,98805477
538,60000000	0,98950442
538,80000000	0,99039817
539,00000000	0,99225819
539,20000000	0,99144500
539,40000000	0,98753953
539,60000000	0,98662023
539,80000000	0,98747895
540,00000000	0,98759771
540,20000000	0,98652608
540,40000000	0,98329645
540,60000000	0,98310850
540,80000000	0,98558664
541,00000000	0,98596938
541,20000000	0,98431693
541,40000000	0,98348332
541,60000000	0,98385147
541,80000000	0,98537318
542,00000000	0,98541731
542,20000000	0,98452725
542,40000000	0,98382494
542,60000000	0,97941997
542,80000000	0,97427600
543,00000000	0,97265586
543,20000000	0,96826995
543,40000000	0,96392076
543,60000000	0,96211943
543,80000000	0,96209504
544,00000000	0,96628355
544,20000000	0,96948785
544,40000000	0,96780916
544,60000000	0,96894798
544,80000000	0,96822550
545,00000000	0,96447129
545,20000000	0,96548533
545,40000000	0,96473552
545,60000000	0,96492030
545,80000000	0,96794769
546,00000000	0,96868927
546,20000000	0,96784266
546,40000000	0,96461817
546,60000000	0,96397796
546,80000000	0,96783566
547,00000000	0,96296319
547,20000000	0,95642883
547,40000000	0,95387260
547,60000000	0,95225877
547,80000000	0,95666239
548,00000000	0,95897650
548,20000000	0,96041220
548,40000000	0,96623543
548,60000000	0,96567918
548,80000000	0,96570981
549,00000000	0,96907741
549,20000000	0,96654809
549,40000000	0,96701973
549,60000000	0,96817118
549,80000000	0,96540941
550,00000000	0,96774943
550,20000000	0,96855484
550,40000000	0,96527810
550,60000000	0,96832022
550,80000000	0,97298240
551,00000000	0,97783662
551,20000000	0,97983907
551,40000000	0,97589210
551,60000000	0,97577194
551,80000000	0,98041083
552,00000000	0,98148400
552,20000000	0,98081377
552,40000000	0,98108116
552,60000000	0,98269028
552,80000000	0,98503767
553,00000000	0,98328233
553,20000000	0,98075709
553,40000000	0,98273553
553,60000000	0,98525202
553,80000000	0,98630056
554,00000000	0,98660758
554,20000000	0,98737624
554,40000000	0,98841401
554,60000000	0,98843901
554,80000000	0,98983661
555,00000000	0,99087892
555,20000000	0,98955977
555,40000000	0,98757577
555,60000000	0,98619606
555,80000000	0,98533810
556,00000000	0,98507013
556,20000000	0,98616401
556,40000000	0,98856665
556,60000000	0,98965572
556,80000000	0,98934592
557,00000000	0,98937144
557,20000000	0,98953888
557,40000000	0,98840781
557,60000000	0,98466810
557,80000000	0,98139689
558,00000000	0,98177974
558,20000000	0,98321463
558,40000000	0,98404362
558,60000000	0,98364167
558,80000000	0,98429605
559,00000000	0,98550856
559,20000000	0,98601712
559,40000000	0,98678161
559,60000000	0,98501953
559,80000000	0,98085426
560,00000000	0,97619432
560,20000000	0,97283588
560,40000000	0,97541246
560,60000000	0,97371882
560,80000000	0,97032508
561,00000000	0,97181872
561,20000000	0,97025543
561,40000000	0,97183053
561,60000000	0,97259962
561,80000000	0,96919667
562,00000000	0,97283507
562,20000000	0,97569580
562,40000000	0,97594514
562,60000000	0,97337272
562,80000000	0,96566316
563,00000000	0,96584508
563,20000000	0,96816510
563,40000000	0,96830393
563,60000000	0,96666355
563,80000000	0,96342669
564,00000000	0,96883330
564,20000000	0,97258901
564,40000000	0,97195661
564,60000000	0,97095971
564,80000000	0,96820719
565,00000000	0,97074189
565,20000000	0,97168223
565,40000000	0,96843307
565,60000000	0,96969426
565,80000000	0,97014685
566,00000000	0,96967702
566,20000000	0,96894729
566,40000000	0,96520996
566,60000000	0,96575567
566,80000000	0,96962422
567,00000000	0,97262756
567,20000000	0,97405893
567,40000000	0,97306816
567,60000000	0,97393931
567,80000000	0,97583314
568,00000000	0,97624264
568,20000000	0,97596769
568,40000000	0,97479292
568,60000000	0,97652662
568,80000000	0,97975068
569,00000000	0,98279698
569,20000000	0,98537277
569,40000000	0,98581254
569,60000000	0,98640859
569,80000000	0,98799322
570,00000000	0,98705354
570,20000000	0,98359472
570,40000000	0,98131247
570,60000000	0,98204206
570,80000000	0,98721514
571,00000000	0,99209052
571,20000000	0,99354798
571,40000000	0,99341386
571,60000000	0,99262239
571,80000000	0,99168167
572,00000000	0,99216075
572,20000000	0,99207418
572,40000000	0,99081374
572,60000000	0,99109353
572,80000000	0,99175811
573,00000000	0,99323578
573,20000000	0,99445712
573,40000000	0,99286880
573,60000000	0,99205665
573,80000000	0,99227448
574,00000000	0,99264636
574,20000000	0,99405143
574,40000000	0,99420331
574,60000000	0,99536447
574,80000000	0,99620337
575,00000000	0,99501095
575,20000000	0,99466179
575,40000000	0,99360223
575,60000000	0,99317690
575,80000000	0,99307205
576,00000000	0,99248993
576,20000000	0,99375907
576,40000000	0,99396217
576,60000000	0,99445451
576,80000000	0,99439129
577,00000000	0,99218598
577,20000000	0,99126955
577,40000000	0,98924164
577,60000000	0,99038449
577,80000000	0,99170658
578,00000000	0,98957060
578,20000000	0,99047934
578,40000000	0,99019987
578,60000000	0,98884824
578,80000000	0,98813568
579,00000000	0,98680757
579,20000000	0,98826082
579,40000000	0,98755050
579,60000000	0,98686953
579,80000000	0,98774320
580,00000000	0,98743806
580,20000000	0,98789917
580,40000000	0,98525983
580,60000000	0,98448731
580,80000000	0,98690218
581,00000000	0,98742765
581,20000000	0,98740571
581,40000000	0,98575708
581,60000000	0,98582361
581,80000000	0,98655581
582,00000000	0,98527112
582,20000000	0,98413543
582,40000000	0,98122961
582,60000000	0,98269682
582,80000000	0,98494711
583,00000000	0,98327846
583,20000000	0,98340564
583,40000000	0,98325329
583,60000000	0,98255073
583,80000000	0,98059706
584,00000000	0,97719178
584,20000000	0,97804735
584,40000000	0,98042461
584,60000000	0,98109861
584,80000000	0,98150616
585,00000000	0,98297091
585,20000000	0,98353448
585,40000000	0,98112198
585,60000000	0,97832011
585,80000000	0,97884629
586,00000000	0,98068475
586,20000000	0,98203181
586,40000000	0,98320221
586,60000000	0,98355103
586,80000000	0,98489205
587,00000000	0,98536600
587,20000000	0,98388396
587,40000000	0,98386655
587,60000000	0,98591732
587,80000000	0,98906530
588,00000000	0,99039427
588,20000000	0,99018737
588,40000000	0,98906046
588,60000000	0,98833931
588,80000000	0,98899484
589,00000000	0,98780262
589,20000000	0,98662186
589,40000000	0,98892902
589,60000000	0,99029704
589,80000000	0,98965378
590,00000000	0,98968236
590,20000000	0,99061426
590,40000000	0,99099334
590,60000000	0,99064652
590,80000000	0,99170950
591,00000000	0,99291808
591,20000000	0,99352039
591,40000000	0,99357531
591,60000000	0,99181171
591,80000000	0,99170542
592,00000000	0,99284511
592,20000000	0,99174601
592,40000000	0,99084920
592,60000000	0,99050237
592,80000000	0,99012550
593,00000000	0,99011025
593,20000000	0,99003788
593,40000000	0,99049988
593,60000000	0,99108971
593,80000000	0,99280710
594,00000000	0,99284934
594,20000000	0,99154953
594,40000000	0,99240193
594,60000000	0,99297881
594,80000000	0,99260631
595,00000000	0,99107671
595,20000000	0,99084791
595,40000000	0,99214777
595,60000000	0,99242457
595,80000000	0,99289092
596,00000000	0,99167641
596,20000000	0,99098363
596,40000000	0,99087909
596,60000000	0,99069665
596,80000000	0,99146049
597,00000000	0,99106722
597,20000000	0,99063773
597,40000000	0,98967730
597,60000000	0,98947743
597,80000000	0,98831072
598,00000000	0,98554474
598,20000000	0,98521333
598,40000000	0,98408411
598,60000000	0,98495730
598,80000000	0,98584056
599,00000000	0,98478227
599,20000000	0,98463741
599,40000000	0,98553691
599,60000000	0,98710568
599,80000000	0,98670295
600,00000000	0,98646958
600,20000000	0,98621642
600,40000000	0,98621265
600,60000000	0,98791114
600,80000000	0,98909311
601,00000000	0,98820895
601,20000000	0,98626721
601,40000000	0,98752589
601,60000000	0,98780017
601,80000000	0,98568792
602,00000000	0,98314673
602,20000000	0,98383978
602,40000000	0,98585492
602,60000000	0,98419549
602,80000000	0,98284459
603,00000000	0,98249991
603,20000000	0,98379194
603,40000000	0,98355504
603,60000000	0,98203663
603,80000000	0,98324867
604,00000000	0,98544511
604,20000000	0,98638860
604,40000000	0,98445218
604,60000000	0,98528693
604,80000000	0,98796876
605,00000000	0,98935157
605,20000000	0,98903429
605,40000000	0,98903451
605,60000000	0,99163162
605,80000000	0,99222835
606,00000000	0,99153960
606,20000000	0,99037446
606,40000000	0,99062342
606,60000000	0,99184135
606,80000000	0,99053171
607,00000000	0,99007807
607,20000000	0,99012289
607,40000000	0,98952360
607,60000000	0,98878624
607,80000000	0,98968494
608,00000000	0,99207843
608,20000000	0,99162190
608,40000000	0,99010936
608,60000000	0,98990086
608,80000000	0,99115966
609,00000000	0,99108083
609,20000000	0,99064444
609,40000000	0,99257034
609,60000000	0,99327895
609,80000000	0,99342761
610,00000000	0,99339878
610,20000000	0,99408732
610,40000000	0,99439024
610,60000000	0,99394575
610,80000000	0,99393442
611,00000000	0,99462897
611,20000000	0,99566962
611,40000000	0,99565412
611,60000000	0,99552742
611,80000000	0,99615680
612,00000000	0,99673226
612,20000000	0,99644373
612,40000000	0,99525128
612,60000000	0,99424692
612,80000000	0,99427873
613,00000000	0,99322820
613,20000000	0,99376176
613,40000000	0,99550848
613,60000000	0,99609964
613,80000000	0,99570627
614,00000000	0,99463865
614,20000000	0,99486400
614,40000000	0,99400020
614,60000000	0,99275102
614,80000000	0,99337415
615,00000000	0,99372418
615,20000000	0,99298946
615,40000000	0,99002690
615,60000000	0,99026127
615,80000000	0,99264866
616,00000000	0,99320459
616,20000000	0,99270681
616,40000000	0,99262877
616,60000000	0,99507529
616,80000000	0,99522175
617,00000000	0,99256557
617,20000000	0,99019138
617,40000000	0,99164232
617,60000000	0,99393672
617,80000000	0,99363189
618,00000000	0,99290713
618,20000000	0,99247575
618,40000000	0,99180427
618,60000000	0,99010334
618,80000000	0,98987463
619,00000000	0,99086038
619,20000000	0,99096372
619,40000000	0,99004713
619,60000000	0,98981538
619,80000000	0,98969045
620,00000000	0,98904630
620,20000000	0,98827182
620,40000000	0,98830358
620,60000000	0,98761613
620,80000000	0,98493985
621,00000000	0,98457431
621,20000000	0,98504151
621,40000000	0,98570725
621,60000000	0,98473731
621,80000000	0,98349854
622,00000000	0,98453024
622,20000000	0,98387660
622,40000000	0,98437398
622,60000000	0,98278233
622,80000000	0,98116935
623,00000000	0,98062953
623,20000000	0,97942703
623,40000000	0,98053148
623,60000000	0,98037498
623,80000000	0,98193844
624,00000000	0,98044134
624,20000000	0,97927930
624,40000000	0,97943223
624,60000000	0,97875949
624,80000000	0,97866226
625,00000000	0,97802207
625,20000000	0,98014481
625,40000000	0,97748494
625,60000000	0,97649030
625,80000000	0,97692721
626,00000000	0,97814176
626,20000000	0,97851039
626,40000000	0,97719045
626,60000000	0,97992103
626,80000000	0,97952508
627,00000000	0,97846442
627,20000000	0,97598049
627,40000000	0,97816196
627,60000000	0,98142909
627,80000000	0,98031212
628,00000000	0,97921850
628,20000000	0,97862550
628,40000000	0,98071903
628,60000000	0,98102114
628,80000000	0,98180706
629,00000000	0,98092297
629,20000000	0,97973506
629,40000000	0,97898862
629,60000000	0,97835085
629,80000000	0,98115448
630,00000000	0,98246688
630,20000000	0,98446330
630,40000000	0,98273863
630,60000000	0,98059788
630,80000000	0,98157836
631,00000000	0,98569773
631,20000000	0,99022193
631,40000000	0,98857395
631,60000000	0,98584935
631,80000000	0,98579371
632,00000000	0,99048764
632,20000000	0,99297311
632,40000000	0,99314684
632,60000000	0,99273694
632,80000000	0,99083631
633,00000000	0,99167555
633,20000000	0,99376384
633,40000000	0,99545711
633,60000000	0,99493123
633,80000000	0,99277907
634,00000000	0,99242150
634,20000000	0,99309301
634,40000000	0,99452216
634,60000000	0,99545754
634,80000000	0,99576228
635,00000000	0,99465216
635,20000000	0,99343911
635,40000000	0,99544187
635,60000000	0,99764099
635,80000000	0,99805381
636,00000000	0,99723436
636,20000000	0,99714632
636,40000000	0,99801982
636,60000000	0,99858944
636,80000000	0,99886056
637,00000000	0,99915309
637,20000000	0,99904222
637,40000000	0,99821686
637,60000000	0,99819305
637,80000000	0,99842992
638,00000000	0,99842032
638,20000000	0,99839411
638,40000000	0,99841604
638,60000000	0,99821279
638,80000000	0,99740703
639,00000000	0,99773692
639,20000000	0,99810345
639,40000000	0,99787006
639,60000000	0,99702363
639,80000000	0,99599308
640,00000000	0,99604630
640,20000000	0,99503449
640,40000000	0,99444572
640,60000000	0,99473703
640,80000000	0,99481945
641,00000000	0,99364013
641,20000000	0,99251973
641,40000000	0,99298956
641,60000000	0,99210625
641,80000000	0,99173823
642,00000000	0,99120304
642,20000000	0,99090377
642,40000000	0,98888105
642,60000000	0,98868803
642,80000000	0,98949483
643,00000000	0,98873425
643,20000000	0,98795398
643,40000000	0,98816830
643,60000000	0,98847954
643,80000000	0,98764130
644,00000000	0,98958130
644,20000000	0,98959652
644,40000000	0,98718985
644,60000000	0,98444565
644,80000000	0,98482230
645,00000000	0,98592794
645,20000000	0,98409344
645,40000000	0,98304479
645,60000000	0,98154483
645,80000000	0,97947983
646,00000000	0,97821418
646,20000000	0,98027114
646,40000000	0,98113288
646,60000000	0,97794872
646,80000000	0,97497916
647,00000000	0,97485997
647,20000000	0,97780428
647,40000000	0,97896704
647,60000000	0,97905021
647,80000000	0,97630143
648,00000000	0,97569286
648,20000000	0,97802148
648,40000000	0,97874835
648,60000000	0,97713914
648,80000000	0,97518137
649,00000000	0,97757811
649,20000000	0,97839895
649,40000000	0,98003045
649,60000000	0,97958447
649,80000000	0,97878838
650,00000000	0,97703755
650,20000000	0,97740028
650,40000000	0,97943474
650,60000000	0,98011050
650,80000000	0,97883370
651,00000000	0,97755090
651,20000000	0,97959857
651,40000000	0,98156106
651,60000000	0,98246613
651,80000000	0,98176673
652,00000000	0,98086153
652,20000000	0,98070393
652,40000000	0,98236031
652,60000000	0,98508726
652,80000000	0,98446391
653,00000000	0,98326455
653,20000000	0,98441807
653,40000000	0,98767719
653,60000000	0,98825887
653,80000000	0,98825115
654,00000000	0,98832609
654,20000000	0,98873807
654,40000000	0,98767212
654,60000000	0,98732842
654,80000000	0,98844102
655,00000000	0,98808285
655,20000000	0,98701452
655,40000000	0,98691450
655,60000000	0,98960240
655,80000000	0,98932378
656,00000000	0,98956319
656,20000000	0,99068622
656,40000000	0,99250348
656,60000000	0,99296788
656,80000000	0,99419112
657,00000000	0,99518332
657,20000000	0,99492341
657,40000000	0,99575855
657,60000000	0,99658128
657,80000000	0,99692788
658,00000000	0,99594777
658,20000000	0,99589763
658,40000000	0,99586715
658,60000000	0,99555908
658,80000000	0,99638182
659,00000000	0,99745596
659,20000000	0,99740191
659,40000000	0,99659840
659,60000000	0,99712093
659,80000000	0,99748355
660,00000000	0,99774599
660,20000000	0,99799504
660,40000000	0,99780198
660,60000000	0,99684013
660,80000000	0,99636053
661,00000000	0,99658965
661,20000000	0,99631054
661,40000000	0,99486039
661,60000000	0,99308112
661,80000000	0,99194840
662,00000000	0,99208244
662,20000000	0,99243960
662,40000000	0,99020196
662,60000000	0,98739924
662,80000000	0,98612423
663,00000000	0,98666406
663,20000000	0,98590198
663,40000000	0,98635083
663,60000000	0,98594720
663,80000000	0,98298658
664,00000000	0,98403679
664,20000000	0,98830965
664,40000000	0,98812554
664,60000000	0,98395741
664,80000000	0,98389708
665,00000000	0,98423256
665,20000000	0,98285406
665,40000000	0,97991187
665,60000000	0,97810181
665,80000000	0,97467999
666,00000000	0,97593030
666,20000000	0,98024490
666,40000000	0,97852805
666,60000000	0,97520489
666,80000000	0,97576950
667,00000000	0,97863295
667,20000000	0,97681531
667,40000000	0,97941182
667,60000000	0,97844228
667,80000000	0,97440874
668,00000000	0,97317247
668,20000000	0,97752343
668,40000000	0,97242609
668,60000000	0,96876884
668,80000000	0,97065957
669,00000000	0,97158083
669,20000000	0,96984437
669,40000000	0,97275369
669,60000000	0,97267847
669,80000000	0,97142315
670,00000000	0,97567770
670,20000000	0,97902853
670,40000000	0,97615133
670,60000000	0,97677967
670,80000000	0,97986992
671,00000000	0,97805886
671,20000000	0,97377545
671,40000000	0,97374023
671,60000000	0,97333796
671,80000000	0,97247390
672,00000000	0,97313933
672,20000000	0,97334344
672,40000000	0,97179613
672,60000000	0,97382403
672,80000000	0,97721901
673,00000000	0,97831991
673,20000000	0,97955989
673,40000000	0,98160832
673,60000000	0,97981961
673,80000000	0,97963021
674,00000000	0,98024814
674,20000000	0,97938092
674,40000000	0,97853225
674,60000000	0,98146194
674,80000000	0,98283280
675,00000000	0,98256819
675,20000000	0,98231574
675,40000000	0,98294744
675,60000000	0,98361089
675,80000000	0,98583949
676,00000000	0,98756960
676,20000000	0,98853892
676,40000000	0,99031132
676,60000000	0,99173769
676,80000000	0,99220900
677,00000000	0,99220179
677,20000000	0,99235426
677,40000000	0,99087750
677,60000000	0,99050103
677,80000000	0,99057607
678,00000000	0,99090286
678,20000000	0,99134915
678,40000000	0,99327295
678,60000000	0,99355035
678,80000000	0,99409694
679,00000000	0,99434577
679,20000000	0,99438173
679,40000000	0,99448612
679,60000000	0,99594091
679,80000000	0,99687249
680,00000000	0,99662192
680,20000000	0,99636275
680,40000000	0,99635483
680,60000000	0,99654420
680,80000000	0,99605891
681,00000000	0,99547337
681,20000000	0,99526423
681,40000000	0,99598224
681,60000000	0,99680514
681,80000000	0,99696138
682,00000000	0,99624935
682,20000000	0,99593537
682,40000000	0,99616380
682,60000000	0,99643047
682,80000000	0,99560877
683,00000000	0,99384169
683,20000000	0,99201504
683,40000000	0,99310071
683,60000000	0,99370676
683,80000000	0,99283925
684,00000000	0,99169640
684,20000000	0,99242363
684,40000000	0,99222592
684,60000000	0,99212161
684,80000000	0,99171817
685,00000000	0,99028387
685,20000000	0,98974276
685,40000000	0,98949876
685,60000000	0,98903426
685,80000000	0,98640219
686,00000000	0,98534108
686,20000000	0,98550588
686,40000000	0,98704560
686,60000000	0,98683713
686,80000000	0,98561834
687,00000000	0,98482637
687,20000000	0,98556208
687,40000000	0,98479295
687,60000000	0,98141469
687,80000000	0,97932985
688,00000000	0,97939735
688,20000000	0,98103465
688,40000000	0,98170010
688,60000000	0,98059652
688,80000000	0,98032886
689,00000000	0,98201783
689,20000000	0,98064133
689,40000000	0,97505451
689,60000000	0,97150140
689,80000000	0,97069636
690,00000000	0,97301274
690,20000000	0,97476508
690,40000000	0,97645598
690,60000000	0,97644432
690,80000000	0,97665360
691,00000000	0,97523710
691,20000000	0,97440272
691,40000000	0,97525926
691,60000000	0,97589034
691,80000000	0,97755861
692,00000000	0,97870469
692,20000000	0,97793334
692,40000000	0,97509024
692,60000000	0,97498442
692,80000000	0,97447906
693,00000000	0,97487089
693,20000000	0,97724064
693,40000000	0,98087473
693,60000000	0,98273194
693,80000000	0,98248056
694,00000000	0,98023020
694,20000000	0,97792207
694,40000000	0,97768684
694,60000000	0,97749767
694,80000000	0,97796262
695,00000000	0,97852008
695,20000000	0,98125366
695,40000000	0,98419026
695,60000000	0,98462288
695,80000000	0,98387523
696,00000000	0,98384966
696,20000000	0,98545320
696,40000000	0,98583568
696,60000000	0,98677075
696,80000000	0,98702024
697,00000000	0,98854457
697,20000000	0,98923165
697,40000000	0,98934157
697,60000000	0,98658727
697,80000000	0,98746736
698,00000000	0,98991795
698,20000000	0,99069226
698,40000000	0,98992645
698,60000000	0,99071210
698,80000000	0,99182157
699,00000000	0,99294441
699,20000000	0,99279392
699,40000000	0,99078939
699,60000000	0,99161690
699,80000000	0,99425488
700,00000000	0,99489384
700,20000000	0,99394263
700,40000000	0,99350288
700,60000000	0,99363815
700,80000000	0,99388576
701,00000000	0,99412387
701,20000000	0,99336683
701,40000000	0,99439237
701,60000000	0,99633420
701,80000000	0,99681400
702,00000000	0,99469486
702,20000000	0,99425661
702,40000000	0,99455627
702,60000000	0,99491097
702,80000000	0,99300085
703,00000000	0,99121475
703,20000000	0,99120040
703,40000000	0,99288225
703,60000000	0,99265246
703,80000000	0,99214222
704,00000000	0,99321082
704,20000000	0,99534438
704,40000000	0,99576496
704,60000000	0,99364772
704,80000000	0,99152118
705,00000000	0,99189904
705,20000000	0,99243343
705,40000000	0,99189417
705,60000000	0,99093297
705,80000000	0,99319476
706,00000000	0,99515464
706,20000000	0,99386520
706,40000000	0,98899514
706,60000000	0,98719184
706,80000000	0,98866799
707,00000000	0,98793786
707,20000000	0,98451272
707,40000000	0,98599159
707,60000000	0,98673506
707,80000000	0,98749831
708,00000000	0,98633277
708,20000000	0,98252867
708,40000000	0,98345785
708,60000000	0,98868574
708,80000000	0,98571450
709,00000000	0,98199023
709,20000000	0,98317699
709,40000000	0,98253421
709,60000000	0,97953663
709,80000000	0,97761672
710,00000000	0,97640465
710,20000000	0,98055693
710,40000000	0,98428222
710,60000000	0,97870224
710,80000000	0,97471285
711,00000000	0,97968073
711,20000000	0,98043266
711,40000000	0,97688185
711,60000000	0,97640033
711,80000000	0,97948842
712,00000000	0,98348177
712,20000000	0,98101775
712,40000000	0,97383611
712,60000000	0,97508193
712,80000000	0,98031968
713,00000000	0,97722628
713,20000000	0,97353761
713,40000000	0,97498713
713,60000000	0,97950805
713,80000000	0,98019948
714,00000000	0,97589967
714,20000000	0,97458941
714,40000000	0,98183460
714,60000000	0,98209765
714,80000000	0,97540383
715,00000000	0,97366829
715,20000000	0,97825582
715,40000000	0,98027378
715,60000000	0,97770477
715,80000000	0,97734634
716,00000000	0,98322315
716,20000000	0,98561134
716,40000000	0,98013384
716,60000000	0,97712865
716,80000000	0,97975470
717,00000000	0,98308978
717,20000000	0,98142473
717,40000000	0,98002186
717,60000000	0,98350136
717,80000000	0,98781852
718,00000000	0,98384261
718,20000000	0,97972438
718,40000000	0,98333192
718,60000000	0,98712490
718,80000000	0,98450322
719,00000000	0,98152559
719,20000000	0,98246704
719,40000000	0,98604191
719,60000000	0,98620429
719,80000000	0,98444588
720,00000000	0,98696451
720,20000000	0,99066742
720,40000000	0,98975235
720,60000000	0,98626435
720,80000000	0,98689732
721,00000000	0,98940757
721,20000000	0,98989053
721,40000000	0,98739678
721,60000000	0,98967662
721,80000000	0,99230948
722,00000000	0,99179987
722,20000000	0,98886668
722,40000000	0,99141695
722,60000000	0,99415994
722,80000000	0,99470407
723,00000000	0,99238020
723,20000000	0,99340570
723,40000000	0,99493801
723,60000000	0,99477048
723,80000000	0,99209093
724,00000000	0,99317731
724,20000000	0,99581986
724,40000000	0,99608478
724,60000000	0,99318964
724,80000000	0,99278822
725,00000000	0,99451484
725,20000000	0,99463233
725,40000000	0,99351543
725,60000000	0,99455508
725,80000000	0,99638765
726,00000000	0,99524251
726,20000000	0,99227391
726,40000000	0,99149142
726,60000000	0,99397087
726,80000000	0,99471011
727,00000000	0,99339004
727,20000000	0,99370740
727,40000000	0,99555263
727,60000000	0,99442050
727,80000000	0,99255075
728,00000000	0,99156120
728,20000000	0,99444895
728,40000000	0,99578813
728,60000000	0,99280595
728,80000000	0,99060963
729,00000000	0,99242735
729,20000000	0,99110596
729,40000000	0,98941683
729,60000000	0,99122010
729,80000000	0,99357473
730,00000000	0,99301442
730,20000000	0,99023198
730,40000000	0,98799534
730,60000000	0,99089127
730,80000000	0,99102488
731,00000000	0,98856665
731,20000000	0,99080633
731,40000000	0,99353404
731,60000000	0,99149834
731,80000000	0,98865209
732,00000000	0,98745250
732,20000000	0,99032709
732,40000000	0,99052430
732,60000000	0,98636138
732,80000000	0,98807744
733,00000000	0,99084367
733,20000000	0,98859756
733,40000000	0,98709576
733,60000000	0,98922212
733,80000000	0,98990610
734,00000000	0,98870552
734,20000000	0,98555867
734,40000000	0,98716207
734,60000000	0,98924078
734,80000000	0,98717904
735,00000000	0,98591050
735,20000000	0,98927063
735,40000000	0,99013955
735,60000000	0,98778561
735,80000000	0,98534678
736,00000000	0,98817687
736,20000000	0,99037483
736,40000000	0,98894726
736,60000000	0,99030308
736,80000000	0,99161182
737,00000000	0,98818080
737,20000000	0,98286879
737,40000000	0,98346821
737,60000000	0,98665485
737,80000000	0,98802029
738,00000000	0,98550408
738,20000000	0,98737878
738,40000000	0,98918762
738,60000000	0,98706915
738,80000000	0,98487151
739,00000000	0,98643772
739,20000000	0,98901389
739,40000000	0,98815452
739,60000000	0,98675885
739,80000000	0,98971800
740,00000000	0,99091424
740,20000000	0,98694454
740,40000000	0,98765825
740,60000000	0,99117182
740,80000000	0,99046179
741,00000000	0,98998419
741,20000000	0,99073155
741,40000000	0,99207986
741,60000000	0,99139580
741,80000000	0,98815432
742,00000000	0,98924348
742,20000000	0,99261171
742,40000000	0,98934662
742,60000000	0,98776232
742,80000000	0,99130617
743,00000000	0,99212190
743,20000000	0,99153831
743,40000000	0,99204009
743,60000000	0,99406223
743,80000000	0,99416087
744,00000000	0,99088279
744,20000000	0,99000340
744,40000000	0,99194295
744,60000000	0,99075160
744,80000000	0,98916245
745,00000000	0,99220007
745,20000000	0,99394667
745,40000000	0,99242488
745,60000000	0,99150563
745,80000000	0,99252326
746,00000000	0,99379426
746,20000000	0,99116382
746,40000000	0,98984875
746,60000000	0,99284745
746,80000000	0,99326330
747,00000000	0,99133417
747,20000000	0,99336166
747,40000000	0,99518541
747,60000000	0,99400416
747,80000000	0,99365558
748,00000000	0,99387976
748,20000000	0,99524636
748,40000000	0,99467043
748,60000000	0,99131844
748,80000000	0,99282669
749,00000000	0,99414403
749,20000000	0,99209750
749,40000000	0,99429907
749,60000000	0,99737696
749,80000000	0,99595268
750,00000000	0,99453415
750,20000000	0,99324841
750,40000000	0,99250838
750,60000000	0,99203103
750,80000000	0,99171841
751,00000000	0,99275459
751,20000000	0,99284437
751,40000000	0,99062741
751,60000000	0,98969110
751,80000000	0,99147721
752,00000000	0,99141258
752,20000000	0,99001226
752,40000000	0,98995862
752,60000000	0,99209281
752,80000000	0,99233974
753,00000000	0,99120954
753,20000000	0,99404409
753,40000000	0,99365078
753,60000000	0,99207904
753,80000000	0,99135551
754,00000000	0,99260431
754,20000000	0,99345102
754,40000000	0,99280569
754,60000000	0,99298568
754,80000000	0,99212282
755,00000000	0,98836322
755,20000000	0,98745577
755,40000000	0,99000779
755,60000000	0,99237758
755,80000000	0,99278751
756,00000000	0,99291116
756,20000000	0,99464672
756,40000000	0,99093205
756,60000000	0,98808778
756,80000000	0,99035240
757,00000000	0,98961013
757,20000000	0,98530397
757,40000000	0,98748749
757,60000000	0,98808421
757,80000000	0,98755986
758,00000000	0,98405758
758,20000000	0,98482419
758,40000000	0,98832579
758,60000000	0,98243978
758,80000000	0,98253874
759,00000000	0,98873937
759,20000000	0,98795315
759,40000000	0,98627924
759,60000000	0,98800950
759,80000000	0,98942709
760,00000000	0,98639772
760,20000000	0,98290138
760,40000000	0,98687338
760,60000000	0,98762816
760,80000000	0,98172361
761,00000000	0,98435218
761,20000000	0,98694857
761,40000000	0,98464964
761,60000000	0,98238885
761,80000000	0,98571176
762,00000000	0,98716719
762,20000000	0,98197987
762,40000000	0,98156407
762,60000000	0,98679234
762,80000000	0,98230634
763,00000000	0,97969480
763,20000000	0,98383202
763,40000000	0,98489515
763,60000000	0,98446573
763,80000000	0,98509643
764,00000000	0,98753869
764,20000000	0,98640310
764,40000000	0,98090183
764,60000000	0,98199083
764,80000000	0,98526967
765,00000000	0,98256498
765,20000000	0,98426438
765,40000000	0,98638513
765,60000000	0,98298737
765,80000000	0,97905534
766,00000000	0,98066950
766,20000000	0,98354935
766,40000000	0,98261682
766,60000000	0,98220492
766,80000000	0,98570213
767,00000000	0,98305611
767,20000000	0,98171822
767,40000000	0,98535227
767,60000000	0,98669661
767,80000000	0,98366741
768,00000000	0,98282670
768,20000000	0,98086478
768,40000000	0,98267590
768,60000000	0,98255346
768,80000000	0,98439181
769,00000000	0,98834144
769,20000000	0,98310066
769,40000000	0,98420907
769,60000000	0,98650812
769,80000000	0,98502854
770,00000000	0,98704920
770,20000000	0,98850420
770,40000000	0,98681473
770,60000000	0,98717057
770,80000000	0,98620851
771,00000000	0,98899368
771,20000000	0,98909195
771,40000000	0,98723814
771,60000000	0,99053979
771,80000000	0,99065576
772,00000000	0,99005514
772,20000000	0,99151902
772,40000000	0,99008853
772,60000000	0,98876108
772,80000000	0,98956953
773,00000000	0,99183186
773,20000000	0,99229926
773,40000000	0,99056323
773,60000000	0,99275302
773,80000000	0,99290121
774,00000000	0,99230476
774,20000000	0,99371510
774,40000000	0,99541377
774,60000000	0,99364378
774,80000000	0,99193613
775,00000000	0,99373066
775,20000000	0,99371885
775,40000000	0,99386935
775,60000000	0,99645608
775,80000000	0,99660842
776,00000000	0,99445029
776,20000000	0,99462774
776,40000000	0,99608737
776,60000000	0,99545957
776,80000000	0,99619467
777,00000000	0,99703913
777,20000000	0,99592653
777,40000000	0,99497447
777,60000000	0,99468775
777,80000000	0,99663105
778,00000000	0,99619860
778,20000000	0,99478005
778,40000000	0,99692430
778,60000000	0,99726962
778,80000000	0,99563923
779,00000000	0,99707270
779,20000000	0,99636668
779,40000000	0,99458805
779,60000000	0,99582520
779,80000000	0,99643763
780,00000000	0,99586841
780,20000000	0,99383837
780,40000000	0,99428406
780,60000000	0,99575456
780,80000000	0,99373061
781,00000000	0,99603662
781,20000000	0,99613580
781,40000000	0,99331926
781,60000000	0,99300637
781,80000000	0,99444975
782,00000000	0,99490037
782,20000000	0,99379998
782,40000000	0,99428792
782,60000000	0,99280209
782,80000000	0,99140182
783,00000000	0,99202069
783,20000000	0,99188370
783,40000000	0,99089595
783,60000000	0,99215958
783,80000000	0,99282609
784,00000000	0,99236354
784,20000000	0,98953245
784,40000000	0,99025040
784,60000000	0,98899581
784,80000000	0,98694934
785,00000000	0,98937284
785,20000000	0,98806881
785,40000000	0,98611302
785,60000000	0,98717994
785,80000000	0,98902340
786,00000000	0,98870385
786,20000000	0,99029779
786,40000000	0,98997919
786,60000000	0,98664281
786,80000000	0,98632678
787,00000000	0,98677714
787,20000000	0,98577364
787,40000000	0,98582048
787,60000000	0,98651830
787,80000000	0,98721329
788,00000000	0,98528236
788,20000000	0,98536519
788,40000000	0,98662755
788,60000000	0,98345067
788,80000000	0,98319191
789,00000000	0,98499658
789,20000000	0,98367012
789,40000000	0,98480555
789,60000000	0,98637524
789,80000000	0,98563441
790,00000000	0,98352874
790,20000000	0,98410838
790,40000000	0,98577432
790,60000000	0,98303455
790,80000000	0,98489998
791,00000000	0,98669529
791,20000000	0,98472641
791,40000000	0,98657686
791,60000000	0,98713768
791,80000000	0,98604593
792,00000000	0,98415757
792,20000000	0,98594728
792,40000000	0,98785663
792,60000000	0,98676875
792,80000000	0,98953452
793,00000000	0,98930193
793,20000000	0,98778012
793,40000000	0,98904086
793,60000000	0,99017446
793,80000000	0,99072507
794,00000000	0,99043857
794,20000000	0,99150900
794,40000000	0,99037117
794,60000000	0,98786852
794,80000000	0,98899713
795,00000000	0,98869150
795,20000000	0,98895194
795,40000000	0,99368019
795,60000000	0,99411979
795,80000000	0,99310586
796,00000000	0,99247525
796,20000000	0,99261128
796,40000000	0,99428500
796,60000000	0,99552717
796,80000000	0,99689773
797,00000000	0,99493795
797,20000000	0,99428332
797,40000000	0,99626888
797,60000000	0,99575286
797,80000000	0,99687826
798,00000000	0,99650552
798,20000000	0,99538735
798,40000000	0,99630060
798,60000000	0,99573263
798,80000000	0,99736859
799,00000000	0,99666619
799,20000000	0,99722832
799,40000000	0,99760032
799,60000000	0,99759588
799,80000000	0,99899319
800,00000000	0,99847979
800,20000000	0,99801847
800,40000000	0,99743981
800,60000000	0,99793854
800,80000000	0,99697299
801,00000000	0,99723206
801,20000000	0,99755452
801,40000000	0,99447440
801,60000000	0,99521438
801,80000000	0,99697920
802,00000000	0,99654462
802,20000000	0,99668365
802,40000000	0,99461683
802,60000000	0,99544283
802,80000000	0,99554900
803,00000000	0,99651963
803,20000000	0,99715408
803,40000000	0,99238717
803,60000000	0,99463244
803,80000000	0,99478133
804,00000000	0,99338995
804,20000000	0,99532669
804,40000000	0,99353257
804,60000000	0,99179111
804,80000000	0,99062823
805,00000000	0,99294951
805,20000000	0,99073823
805,40000000	0,99046881
805,60000000	0,99294154
805,80000000	0,98959116
806,00000000	0,98643553
806,20000000	0,98581845
806,40000000	0,98527103
806,60000000	0,98379998
806,80000000	0,98775484
807,00000000	0,98874360
807,20000000	0,98627269
807,40000000	0,98865272
807,60000000	0,98700256
807,80000000	0,98253899
808,00000000	0,98503711
808,20000000	0,98600031
808,40000000	0,98418892
808,60000000	0,98565597
808,80000000	0,98422815
809,00000000	0,98215364
809,20000000	0,98297357
809,40000000	0,98343036
809,60000000	0,98291968
809,80000000	0,98252055
810,00000000	0,98492182
810,20000000	0,98018919
810,40000000	0,97952802
810,60000000	0,98457984
810,80000000	0,98233198
811,00000000	0,98292846
811,20000000	0,98012946
811,40000000	0,97759835
811,60000000	0,98119430
811,80000000	0,98482365
812,00000000	0,98312681
812,20000000	0,98161159
812,40000000	0,98456408
812,60000000	0,98292304
812,80000000	0,98355317
813,00000000	0,98193980
813,20000000	0,97934621
813,40000000	0,98062453
813,60000000	0,98445102
813,80000000	0,98527469
814,00000000	0,98243985
814,20000000	0,98571633
814,40000000	0,98211947
814,60000000	0,98415344
814,80000000	0,98836479
815,00000000	0,98570689
815,20000000	0,98762933
815,40000000	0,98515086
815,60000000	0,98271143
815,80000000	0,98321870
816,00000000	0,98774898
816,20000000	0,98922310
816,40000000	0,98910346
816,60000000	0,99068835
816,80000000	0,98695357
817,00000000	0,98687647
817,20000000	0,99130248
817,40000000	0,99054674
817,60000000	0,98928684
817,80000000	0,99120578
818,00000000	0,98955446
818,20000000	0,99058113
818,40000000	0,99459511
818,60000000	0,99304347
818,80000000	0,99377257
819,00000000	0,99513928
819,20000000	0,99319196
819,40000000	0,99169134
819,60000000	0,99428536
819,80000000	0,99385126
820,00000000	0,99356176
820,20000000	0,99659669
820,40000000	0,99563530
820,60000000	0,99556062
820,80000000	0,99739748
821,00000000	0,99572233
821,20000000	0,99488732
821,40000000	0,99683314
821,60000000	0,99620551
821,80000000	0,99441170
822,00000000	0,99678481
822,20000000	0,99651211
822,40000000	0,99453336
822,60000000	0,99647313
822,80000000	0,99572439
823,00000000	0,99436294
823,20000000	0,99725938
823,40000000	0,99632384
823,60000000	0,99385468
823,80000000	0,99642801
824,00000000	0,99709869
824,20000000	0,99398966
824,40000000	0,99353465
824,60000000	0,99186147
824,80000000	0,99085168
825,00000000	0,99603670
825,20000000	0,99549310
825,40000000	0,99193782
825,60000000	0,99328417
825,80000000	0,99365377
826,00000000	0,99100267
826,20000000	0,99221822
826,40000000	0,98952830
826,60000000	0,98553531
826,80000000	0,99263790
827,00000000	0,99216274
827,20000000	0,98848909
827,40000000	0,99170068
827,60000000	0,98803581
827,80000000	0,98616220
828,00000000	0,98870731
828,20000000	0,98572292
828,40000000	0,98396316
828,60000000	0,98947199
828,80000000	0,98768304
829,00000000	0,98531548
829,20000000	0,98554409
829,40000000	0,97968158
829,60000000	0,98016460
829,80000000	0,98627520
830,00000000	0,98424042
830,20000000	0,98147877
830,40000000	0,98474577
830,60000000	0,97681434
830,80000000	0,97855164
831,00000000	0,98524649
831,20000000	0,97986720
831,40000000	0,98452096
831,60000000	0,98114051
831,80000000	0,97806337
832,00000000	0,97930607
832,20000000	0,98253624
832,40000000	0,97847116
832,60000000	0,97935179
832,80000000	0,98549068
833,00000000	0,98018841
833,20000000	0,98429047
833,40000000	0,97936925
833,60000000	0,97754310
833,80000000	0,98337955
834,00000000	0,98181719
834,20000000	0,97922104
834,40000000	0,98299932
834,60000000	0,98567242
834,80000000	0,98243074
835,00000000	0,98660187
835,20000000	0,98069530
835,40000000	0,98032043
835,60000000	0,98488619
835,80000000	0,98226062
836,00000000	0,98455851
836,20000000	0,98640932
836,40000000	0,98251531
836,60000000	0,98332772
836,80000000	0,98780588
837,00000000	0,98452651
837,20000000	0,98792157
837,40000000	0,98601928
837,60000000	0,98544679
837,80000000	0,99158992
838,00000000	0,98959497
838,20000000	0,98809361
838,40000000	0,98740356
838,60000000	0,99096675
838,80000000	0,98978127
839,00000000	0,99283039
839,20000000	0,99041651
839,40000000	0,98773599
839,60000000	0,99402680
839,80000000	0,99019899
840,00000000	0,99461881
840,20000000	0,99480400
840,40000000	0,99172084
840,60000000	0,99271312
840,80000000	0,99356768
841,00000000	0,99435255
841,20000000	0,99483664
841,40000000	0,99560869
841,60000000	0,99181303
841,80000000	0,99654704
842,00000000	0,99574214
842,20000000	0,99492251
842,40000000	0,99705301
842,60000000	0,99500617
842,80000000	0,99667293
843,00000000	0,99699442
843,20000000	0,99504981
843,40000000	0,99383537
843,60000000	0,99697143
843,80000000	0,99628839
844,00000000	0,99725712
844,20000000	0,99715037
844,40000000	0,99390406
844,60000000	0,99557047
844,80000000	0,99704443
845,00000000	0,99602265
845,20000000	0,99434529
845,40000000	0,99430816
845,60000000	0,99265534
845,80000000	0,99736690
846,00000000	0,99556997
846,20000000	0,98987026
846,40000000	0,99309775
846,60000000	0,99257606
846,80000000	0,99383681
847,00000000	0,99358853
847,20000000	0,99038803
847,40000000	0,99210314
847,60000000	0,99368686
847,80000000	0,98882628
848,00000000	0,98929223
848,20000000	0,99173003
848,40000000	0,99029954
848,60000000	0,99043883
848,80000000	0,98886305
849,00000000	0,98727918
849,20000000	0,98909817
849,40000000	0,98860989
849,60000000	0,98504534
849,80000000	0,98888624
850,00000000	0,98635267
850,20000000	0,98382878
850,40000000	0,98747625
850,60000000	0,98423056
850,80000000	0,98233119
851,00000000	0,98354106
851,20000000	0,98047236
851,40000000	0,98520945
851,60000000	0,98518871
851,80000000	0,97920734
852,00000000	0,98242101
852,20000000	0,98363329
852,40000000	0,98240698
852,60000000	0,98211715
852,80000000	0,97978012
853,00000000	0,98083350
853,20000000	0,98406794
853,40000000	0,97834218
853,60000000	0,98186670
853,80000000	0,98402784
854,00000000	0,98055792
854,20000000	0,98028475
854,40000000	0,97493352
854,60000000	0,97773178
854,80000000	0,98284628
855,00000000	0,98074315
855,20000000	0,97868069
855,40000000	0,98367553
855,60000000	0,97893979
855,80000000	0,97942367
856,00000000	0,97872030
856,20000000	0,97528063
856,40000000	0,98389279
856,60000000	0,98012894
856,80000000	0,98368326
857,00000000	0,98185436
857,20000000	0,97795116
857,40000000	0,97802549
857,60000000	0,98186264
857,80000000	0,98110224
858,00000000	0,98417659
858,20000000	0,98319117
858,40000000	0,98335918
858,60000000	0,98834334
858,80000000	0,98067650
859,00000000	0,98532311
859,20000000	0,98505787
859,40000000	0,98469845
859,60000000	0,98739279
859,80000000	0,98555906
860,00000000	0,98113675
860,20000000	0,98679978
860,40000000	0,98705790
860,60000000	0,99061263
860,80000000	0,98856072
861,00000000	0,98354022
861,20000000	0,98875308
861,40000000	0,98860835
861,60000000	0,98826830
861,80000000	0,98893036
862,00000000	0,99000828
862,20000000	0,98891113
862,40000000	0,99238403
862,60000000	0,98889956
862,80000000	0,99155509
863,00000000	0,99344954
863,20000000	0,99249423
863,40000000	0,99230007
863,60000000	0,99157591
863,80000000	0,99227913
864,00000000	0,99494133
864,20000000	0,99207167
864,40000000	0,98974677
864,60000000	0,99336446
864,80000000	0,99301570
865,00000000	0,99569672
865,20000000	0,99246708
865,40000000	0,99300985
865,60000000	0,99473347
865,80000000	0,99502089
866,00000000	0,99237920
866,20000000	0,99433324
866,40000000	0,99237816
866,60000000	0,99185262
866,80000000	0,99345318
867,00000000	0,99091608
867,20000000	0,99456026
867,40000000	0,99216515
867,60000000	0,99095304
867,80000000	0,99010420
868,00000000	0,99077506
868,20000000	0,98929274
868,40000000	0,99191963
868,60000000	0,99071996
868,80000000	0,99270161
869,00000000	0,98948260
869,20000000	0,98537766
869,40000000	0,98993640
869,60000000	0,98784670
869,80000000	0,98985400
870,00000000	0,98937385
870,20000000	0,98799701
870,40000000	0,98896085
870,60000000	0,98958357
870,80000000	0,98383241
871,00000000	0,98635527
871,20000000	0,98363581
871,40000000	0,98842136
871,60000000	0,98849053
871,80000000	0,98562099
872,00000000	0,98262716
872,20000000	0,98177121
872,40000000	0,98254524
872,60000000	0,98343323
872,80000000	0,98649953
873,00000000	0,98641195
873,20000000	0,98541510
873,40000000	0,97939865
873,60000000	0,98490028
873,80000000	0,98184364
874,00000000	0,98209700
874,20000000	0,97869788
874,40000000	0,98108497
874,60000000	0,98708058
874,80000000	0,98411457
875,00000000	0,97432576
875,20000000	0,97683391
875,40000000	0,97911614
875,60000000	0,97993363
875,80000000	0,98347871
876,00000000	0,98148639
876,20000000	0,98157381
876,40000000	0,97812279
876,60000000	0,97612227
876,80000000	0,98129083
877,00000000	0,97951942
877,20000000	0,97788245
877,40000000	0,98191095
877,60000000	0,98046317
877,80000000	0,97896892
878,00000000	0,97901390
878,20000000	0,98062698
878,40000000	0,98131091
878,60000000	0,97797040
878,80000000	0,98144836
879,00000000	0,98169339
879,20000000	0,97928521
879,40000000	0,97951799
879,60000000	0,98040836
879,80000000	0,98021641
880,00000000	0,98010569
880,20000000	0,98235652
880,40000000	0,98453398
880,60000000	0,98345235
880,80000000	0,98089121
881,00000000	0,98407368
881,20000000	0,97953847
881,40000000	0,98241276
881,60000000	0,98670581
881,80000000	0,98470139
882,00000000	0,98040856
882,20000000	0,98301396
882,40000000	0,98680576
882,60000000	0,98524453
882,80000000	0,97990469
883,00000000	0,98519443
883,20000000	0,99108270
883,40000000	0,98686533
883,60000000	0,98122932
883,80000000	0,98521724
884,00000000	0,98825457
884,20000000	0,98775086
884,40000000	0,98659036
884,60000000	0,98857749
884,80000000	0,98780038
885,00000000	0,98961481
885,20000000	0,98776552
885,40000000	0,99030065
885,60000000	0,98813613
885,80000000	0,98912501
886,00000000	0,99045173
886,20000000	0,99142498
886,40000000	0,99126238
886,60000000	0,98918011
886,80000000	0,98904147
887,00000000	0,99135995
887,20000000	0,99257783
887,40000000	0,98871107
887,60000000	0,99044073
887,80000000	0,99262616
888,00000000	0,99501961
888,20000000	0,98816852
888,40000000	0,99037664
888,60000000	0,99191534
888,80000000	0,99348063
889,00000000	0,99230169
889,20000000	0,99421298
889,40000000	0,99565863
889,60000000	0,99385091
889,80000000	0,99013230
890,00000000	0,99230313
890,20000000	0,99619976
890,40000000	0,99491428
890,60000000	0,99281597
890,80000000	0,99085873
891,00000000	0,99561638
891,20000000	0,99593712
891,40000000	0,99354482
891,60000000	0,99263839
891,80000000	0,99572002
892,00000000	0,99531938
892,20000000	0,99238572
892,40000000	0,99243758
892,60000000	0,99716259
892,80000000	0,99614226
893,00000000	0,99233093
893,20000000	0,99262061
893,40000000	0,99644987
893,60000000	0,99628718
893,80000000	0,99278662
894,00000000	0,99283586
894,20000000	0,99538578
894,40000000	0,99484433
894,60000000	0,99256773
894,80000000	0,99345057
895,00000000	0,99509928
895,20000000	0,99423074
895,40000000	0,99254381
895,60000000	0,99298555
895,80000000	0,99399125
896,00000000	0,99492183
896,20000000	0,99378478
896,40000000	0,99416258
896,60000000	0,99242742
896,80000000	0,99287038
897,00000000	0,99399940
897,20000000	0,99382042
897,40000000	0,99113576
897,60000000	0,99178501
897,80000000	0,99326911
898,00000000	0,99320010
898,20000000	0,99126314
898,40000000	0,99267058
898,60000000	0,99270015
898,80000000	0,99262131
899,00000000	0,99402352
899,20000000	0,99149579
899,40000000	0,99091873
899,60000000	0,99020944
899,80000000	0,99172994
900,00000000	0,99362501
