200,00000000	0,97358393
200,20000000	0,98629932
200,40000000	0,97454946
200,60000000	0,98028313
200,80000000	0,98483900
201,00000000	0,97129094
201,20000000	0,98106826
201,40000000	0,97948774
201,60000000	0,96988746
201,80000000	0,98884520
202,00000000	0,97743359
202,20000000	0,97297077
202,40000000	0,98622061
202,60000000	0,97129048
202,80000000	0,97708879
203,00000000	0,97655684
203,20000000	0,96501455
203,40000000	0,97498930
203,60000000	0,97956800
203,80000000	0,97534462
204,00000000	0,97843169
204,20000000	0,97014570
204,40000000	0,96797104
204,60000000	0,97353209
204,80000000	0,95994840
205,00000000	0,95918695
205,20000000	0,96706954
205,40000000	0,95871593
205,60000000	0,96406827
205,80000000	0,96080472
206,00000000	0,96076542
206,20000000	0,95826395
206,40000000	0,95706162
206,60000000	0,94155058
206,80000000	0,93899849
207,00000000	0,94766761
207,20000000	0,94543047
207,40000000	0,94686505
207,60000000	0,93594033
207,80000000	0,94268007
208,00000000	0,95092100
208,20000000	0,91736614
208,40000000	0,92590157
208,60000000	0,92269672
208,80000000	0,92008431
209,00000000	0,92644424
209,20000000	0,92352334
209,40000000	0,92264489
209,60000000	0,92324111
209,80000000	0,91459174
210,00000000	0,90716330
210,20000000	0,90921875
210,40000000	0,89946304
210,60000000	0,88707808
210,80000000	0,89331201
211,00000000	0,88230926
211,20000000	0,87975069
211,40000000	0,89835308
211,60000000	0,89944670
211,80000000	0,89053260
212,00000000	0,88681809
212,20000000	0,87701065
212,40000000	0,87355660
212,60000000	0,87291888
212,80000000	0,85151471
213,00000000	0,85772946
213,20000000	0,86297932
213,40000000	0,84868304
213,60000000	0,86070687
213,80000000	0,86734136
214,00000000	0,83890702
214,20000000	0,86138824
214,40000000	0,85670209
214,60000000	0,84194615
214,80000000	0,83577869
215,00000000	0,83268022
215,20000000	0,82962569
215,40000000	0,83790332
215,60000000	0,81973399
215,80000000	0,79807103
216,00000000	0,82501982
216,20000000	0,81533978
216,40000000	0,77918380
216,60000000	0,78949926
216,80000000	0,78201054
217,00000000	0,77618106
217,20000000	0,80689860
217,40000000	0,79394676
217,60000000	0,79237203
217,80000000	0,81124372
218,00000000	0,76842496
218,20000000	0,78615265
218,40000000	0,79171874
218,60000000	0,74897291
218,80000000	0,75282459
219,00000000	0,76586994
219,20000000	0,76722365
219,40000000	0,79585012
219,60000000	0,76776968
219,80000000	0,74995319
220,00000000	0,77627483
220,20000000	0,77498873
220,40000000	0,76225613
220,60000000	0,78673325
220,80000000	0,77163684
221,00000000	0,75622543
221,20000000	0,77845799
221,40000000	0,77622215
221,60000000	0,74555963
221,80000000	0,76252759
222,00000000	0,76912999
222,20000000	0,77800834
222,40000000	0,79518253
222,60000000	0,75238999
222,80000000	0,77207887
223,00000000	0,79319791
223,20000000	0,75641208
223,40000000	0,75241098
223,60000000	0,75698435
223,80000000	0,75802995
224,00000000	0,78087483
224,20000000	0,76219152
224,40000000	0,76084043
224,60000000	0,75254012
224,80000000	0,75300256
225,00000000	0,74857808
225,20000000	0,76958110
225,40000000	0,79438852
225,60000000	0,78646040
225,80000000	0,76806384
226,00000000	0,76972218
226,20000000	0,77611044
226,40000000	0,80874315
226,60000000	0,79588333
226,80000000	0,78448069
227,00000000	0,76394245
227,20000000	0,77900186
227,40000000	0,77702267
227,60000000	0,77973818
227,80000000	0,79228363
228,00000000	0,79682009
228,20000000	0,77558261
228,40000000	0,79687566
228,60000000	0,79566441
228,80000000	0,80080681
229,00000000	0,81434518
229,20000000	0,80374923
229,40000000	0,81105985
229,60000000	0,81818942
229,80000000	0,83606395
230,00000000	0,83442473
230,20000000	0,83876409
230,40000000	0,83464378
230,60000000	0,84059652
230,80000000	0,83095672
231,00000000	0,83728508
231,20000000	0,84381094
231,40000000	0,85644993
231,60000000	0,85427689
231,80000000	0,85421256
232,00000000	0,86902896
232,20000000	0,86988632
232,40000000	0,88439309
232,60000000	0,88201807
232,80000000	0,88756894
233,00000000	0,88981221
233,20000000	0,90513981
233,40000000	0,90111212
233,60000000	0,89481150
233,80000000	0,90372706
234,00000000	0,90758817
234,20000000	0,91411455
234,40000000	0,91233687
234,60000000	0,91995826
234,80000000	0,91242236
235,00000000	0,92216155
235,20000000	0,92652797
235,40000000	0,93460156
235,60000000	0,93473712
235,80000000	0,93572476
236,00000000	0,94488436
236,20000000	0,95357357
236,40000000	0,95527061
236,60000000	0,95482741
236,80000000	0,96011344
237,00000000	0,97107003
237,20000000	0,97319536
237,40000000	0,97798278
237,60000000	0,98030815
237,80000000	0,98029828
238,00000000	0,98175390
238,20000000	0,99257187
238,40000000	0,99282397
238,60000000	0,99341072
238,80000000	0,99229349
239,00000000	0,99558531
239,20000000	0,99857432
239,40000000	0,99728759
239,60000000	0,99637768
239,80000000	0,99858186
240,00000000	0,99821883
240,20000000	0,99826634
240,40000000	0,99636134
240,60000000	0,99754119
240,80000000	0,99719065
241,00000000	0,99304470
241,20000000	0,99215072
241,40000000	0,98852266
241,60000000	0,98767685
241,80000000	0,98328540
242,00000000	0,97671539
242,20000000	0,98052576
242,40000000	0,97707151
242,60000000	0,97311183
242,80000000	0,97464080
243,00000000	0,96740671
243,20000000	0,95586813
243,40000000	0,96629793
243,60000000	0,95394292
243,80000000	0,94298342
244,00000000	0,94022434
244,20000000	0,93385192
244,40000000	0,92966148
244,60000000	0,91580864
244,80000000	0,91467666
245,00000000	0,90537252
245,20000000	0,86556444
245,40000000	0,89941937
245,60000000	0,86308707
245,80000000	0,85065436
246,00000000	0,87379940
246,20000000	0,87175668
246,40000000	0,82997166
246,60000000	0,81440629
246,80000000	0,82214960
247,00000000	0,78155416
247,20000000	0,76140768
247,40000000	0,77000573
247,60000000	0,74926234
247,80000000	0,75490305
248,00000000	0,74178701
248,20000000	0,77551741
248,40000000	0,74076785
248,60000000	0,72121288
248,80000000	0,74259894
249,00000000	0,71066973
249,20000000	0,71069337
249,40000000	0,70509847
249,60000000	0,71191803
249,80000000	0,66848272
250,00000000	0,67126446
250,20000000	0,67403035
250,40000000	0,64522255
250,60000000	0,66818109
250,80000000	0,66540962
251,00000000	0,65525651
251,20000000	0,68819734
251,40000000	0,68375275
251,60000000	0,63829144
251,80000000	0,61102857
252,00000000	0,60029882
252,20000000	0,60120956
252,40000000	0,61636878
252,60000000	0,61309392
252,80000000	0,58331072
253,00000000	0,57025243
253,20000000	0,57507774
253,40000000	0,60229918
253,60000000	0,58707764
253,80000000	0,56379283
254,00000000	0,56444912
254,20000000	0,58179467
254,40000000	0,58154567
254,60000000	0,54974808
254,80000000	0,56425461
255,00000000	0,55635749
255,20000000	0,56511749
255,40000000	0,55728688
255,60000000	0,53651624
255,80000000	0,51989089
256,00000000	0,54111165
256,20000000	0,54189858
256,40000000	0,53678113
256,60000000	0,53828367
256,80000000	0,51274243
257,00000000	0,53246095
257,20000000	0,52959317
257,40000000	0,52683022
257,60000000	0,53338602
257,80000000	0,53253663
258,00000000	0,52473972
258,20000000	0,52230031
258,40000000	0,53890981
258,60000000	0,53665413
258,80000000	0,53885095
259,00000000	0,53527293
259,20000000	0,53885539
259,40000000	0,55903556
259,60000000	0,55722474
259,80000000	0,53979653
260,00000000	0,54502466
260,20000000	0,55486879
260,40000000	0,56466014
260,60000000	0,56359808
260,80000000	0,56799569
261,00000000	0,56800060
261,20000000	0,56342225
261,40000000	0,57656736
261,60000000	0,58304967
261,80000000	0,59665386
262,00000000	0,58136868
262,20000000	0,58246942
262,40000000	0,60320976
262,60000000	0,61433443
262,80000000	0,59821730
263,00000000	0,59032912
263,20000000	0,61529466
263,40000000	0,61895849
263,60000000	0,59036095
263,80000000	0,61056058
264,00000000	0,64682341
264,20000000	0,63420202
264,40000000	0,59872876
264,60000000	0,61649119
264,80000000	0,66136296
265,00000000	0,64623473
265,20000000	0,60179409
265,40000000	0,62102309
265,60000000	0,63844802
265,80000000	0,62043384
266,00000000	0,58268910
266,20000000	0,59231900
266,40000000	0,62478132
266,60000000	0,60816921
266,80000000	0,56490435
267,00000000	0,56738229
267,20000000	0,59072221
267,40000000	0,60166151
267,60000000	0,57332533
267,80000000	0,55522375
268,00000000	0,56948472
268,20000000	0,58018521
268,40000000	0,57028367
268,60000000	0,54590222
268,80000000	0,55647630
269,00000000	0,57143744
269,20000000	0,55862248
269,40000000	0,54871777
269,60000000	0,55909522
269,80000000	0,56599206
270,00000000	0,56805957
270,20000000	0,55345474
270,40000000	0,54594406
270,60000000	0,57294363
270,80000000	0,59433325
271,00000000	0,58500565
271,20000000	0,57440085
271,40000000	0,58041767
271,60000000	0,58606415
271,80000000	0,59045011
272,00000000	0,60463560
272,20000000	0,61565134
272,40000000	0,62491715
272,60000000	0,63837792
272,80000000	0,64811793
273,00000000	0,66109234
273,20000000	0,67548704
273,40000000	0,68802056
273,60000000	0,70236049
273,80000000	0,71424110
274,00000000	0,72613714
274,20000000	0,73907525
274,40000000	0,74652291
274,60000000	0,75424068
274,80000000	0,75630397
275,00000000	0,76290272
275,20000000	0,77587418
275,40000000	0,77096148
275,60000000	0,75666221
275,80000000	0,75518259
276,00000000	0,75199588
276,20000000	0,74057472
276,40000000	0,73027867
276,60000000	0,72132722
276,80000000	0,70304823
277,00000000	0,68922773
277,20000000	0,67135055
277,40000000	0,65097005
277,60000000	0,64691554
277,80000000	0,62927934
278,00000000	0,59636421
278,20000000	0,58684570
278,40000000	0,58151357
278,60000000	0,57115613
278,80000000	0,55087347
279,00000000	0,53563215
279,20000000	0,51943165
279,40000000	0,52154848
279,60000000	0,51601977
279,80000000	0,51038223
280,00000000	0,48778266
280,20000000	0,48152534
280,40000000	0,48028883
280,60000000	0,47148044
280,80000000	0,46568344
281,00000000	0,46305848
281,20000000	0,45723279
281,40000000	0,44578218
281,60000000	0,43740543
281,80000000	0,45135259
282,00000000	0,45994866
282,20000000	0,45086649
282,40000000	0,43745083
282,60000000	0,43948469
282,80000000	0,44610613
283,00000000	0,45172432
283,20000000	0,44948642
283,40000000	0,44289433
283,60000000	0,44474728
283,80000000	0,45541268
284,00000000	0,46179505
284,20000000	0,45879934
284,40000000	0,45231883
284,60000000	0,44602064
284,80000000	0,44113595
285,00000000	0,44409981
285,20000000	0,43966769
285,40000000	0,42527879
285,60000000	0,42513895
285,80000000	0,41757637
286,00000000	0,40735956
286,20000000	0,40205202
286,40000000	0,39477020
286,60000000	0,39005313
286,80000000	0,37738176
287,00000000	0,35659822
287,20000000	0,35301303
287,40000000	0,35490797
287,60000000	0,33725183
287,80000000	0,33347735
288,00000000	0,32686059
288,20000000	0,31828873
288,40000000	0,31101339
288,60000000	0,31128392
288,80000000	0,30384256
289,00000000	0,29544122
289,20000000	0,29046252
289,40000000	0,28586678
289,60000000	0,28033218
289,80000000	0,27706680
290,00000000	0,27454239
290,20000000	0,27512794
290,40000000	0,26772610
290,60000000	0,25822067
290,80000000	0,25840407
291,00000000	0,26156096
291,20000000	0,25816898
291,40000000	0,24539598
291,60000000	0,23800145
291,80000000	0,23701765
292,00000000	0,23856165
292,20000000	0,23557603
292,40000000	0,24058109
292,60000000	0,24305989
292,80000000	0,23674847
293,00000000	0,22518070
293,20000000	0,22059804
293,40000000	0,22766474
293,60000000	0,23069506
293,80000000	0,22649732
294,00000000	0,21833342
294,20000000	0,21480275
294,40000000	0,21521972
294,60000000	0,21996520
294,80000000	0,21739348
295,00000000	0,22014825
295,20000000	0,21429188
295,40000000	0,20647747
295,60000000	0,20599746
295,80000000	0,21092610
296,00000000	0,21593224
296,20000000	0,21403663
296,40000000	0,20287431
296,60000000	0,19603790
296,80000000	0,20443446
297,00000000	0,20675289
297,20000000	0,21001914
297,40000000	0,20779387
297,60000000	0,20054051
297,80000000	0,20178903
298,00000000	0,20016873
298,20000000	0,20133100
298,40000000	0,20440298
298,60000000	0,20462893
298,80000000	0,20069540
299,00000000	0,19250841
299,20000000	0,19030136
299,40000000	0,19808017
299,60000000	0,19762278
299,80000000	0,19669848
300,00000000	0,18185061
300,20000000	0,18316538
300,40000000	0,19212134
300,60000000	0,19470513
300,80000000	0,19500658
301,00000000	0,18839892
301,20000000	0,19152432
301,40000000	0,18623995
301,60000000	0,17959778
301,80000000	0,18548971
302,00000000	0,18970954
302,20000000	0,18796803
302,40000000	0,18795220
302,60000000	0,18419150
302,80000000	0,18241838
303,00000000	0,18250294
303,20000000	0,18721040
303,40000000	0,18513699
303,60000000	0,18064532
303,80000000	0,18063842
304,00000000	0,18218247
304,20000000	0,18439431
304,40000000	0,18839877
304,60000000	0,18885334
304,80000000	0,18518441
305,00000000	0,18167266
305,20000000	0,18429614
305,40000000	0,18427248
305,60000000	0,18654935
305,80000000	0,18500801
306,00000000	0,17915229
306,20000000	0,17713578
306,40000000	0,17642960
306,60000000	0,18035857
306,80000000	0,17690919
307,00000000	0,17481329
307,20000000	0,17795049
307,40000000	0,18170081
307,60000000	0,18094380
307,80000000	0,17566900
308,00000000	0,17496418
308,20000000	0,17589462
308,40000000	0,17313399
308,60000000	0,17619066
308,80000000	0,17322632
309,00000000	0,17029304
309,20000000	0,17079953
309,40000000	0,17439817
309,60000000	0,17603584
309,80000000	0,17425922
310,00000000	0,17370433
310,20000000	0,17434001
310,40000000	0,17443731
310,60000000	0,17781727
310,80000000	0,17428973
311,00000000	0,17236100
311,20000000	0,17385558
311,40000000	0,17374936
311,60000000	0,17398276
311,80000000	0,16885403
312,00000000	0,16560288
312,20000000	0,16968950
312,40000000	0,17059675
312,60000000	0,17017588
312,80000000	0,17179072
313,00000000	0,17250447
313,20000000	0,17102970
313,40000000	0,17302679
313,60000000	0,17382873
313,80000000	0,17289432
314,00000000	0,17144322
314,20000000	0,16857835
314,40000000	0,16796915
314,60000000	0,16854205
314,80000000	0,16658925
315,00000000	0,16584379
315,20000000	0,16646097
315,40000000	0,16586076
315,60000000	0,16688055
315,80000000	0,16747368
316,00000000	0,16700349
316,20000000	0,16409420
316,40000000	0,16434661
316,60000000	0,16463063
316,80000000	0,16489144
317,00000000	0,16857294
317,20000000	0,16868227
317,40000000	0,16728848
317,60000000	0,16652253
317,80000000	0,16394997
318,00000000	0,16455862
318,20000000	0,16256833
318,40000000	0,16254245
318,60000000	0,16450425
318,80000000	0,16497794
319,00000000	0,16559593
319,20000000	0,16566956
319,40000000	0,16386073
319,60000000	0,16502674
319,80000000	0,16548257
320,00000000	0,16472073
320,20000000	0,16072737
320,40000000	0,15894232
320,60000000	0,16312368
320,80000000	0,16350603
321,00000000	0,16238893
321,20000000	0,16073824
321,40000000	0,16021908
321,60000000	0,15961236
321,80000000	0,15974096
322,00000000	0,16237156
322,20000000	0,16262024
322,40000000	0,15934988
322,60000000	0,15864464
322,80000000	0,16044658
323,00000000	0,16190591
323,20000000	0,16161246
323,40000000	0,16077861
323,60000000	0,16107330
323,80000000	0,15925476
324,00000000	0,15792014
324,20000000	0,15780612
324,40000000	0,15650587
324,60000000	0,15625835
324,80000000	0,15762615
325,00000000	0,15750402
325,20000000	0,15782892
325,40000000	0,15617495
325,60000000	0,15724343
325,80000000	0,15929224
326,00000000	0,15880029
326,20000000	0,15749791
326,40000000	0,15624063
326,60000000	0,15570530
326,80000000	0,15531137
327,00000000	0,15414875
327,20000000	0,15570177
327,40000000	0,15698988
327,60000000	0,15604157
327,80000000	0,15615190
328,00000000	0,15631861
328,20000000	0,15655089
328,40000000	0,15449411
328,60000000	0,15461532
328,80000000	0,15616965
329,00000000	0,15477211
329,20000000	0,15332104
329,40000000	0,15218075
329,60000000	0,15193997
329,80000000	0,15451660
330,00000000	0,15591578
330,20000000	0,15606671
330,40000000	0,15465402
330,60000000	0,15322425
330,80000000	0,15298210
331,00000000	0,15249210
331,20000000	0,15421858
331,40000000	0,15592086
331,60000000	0,15464754
331,80000000	0,15232150
332,00000000	0,14980256
332,20000000	0,14911712
332,40000000	0,15134968
332,60000000	0,15357336
332,80000000	0,15602070
333,00000000	0,15487117
333,20000000	0,15236258
333,40000000	0,14983604
333,60000000	0,14843031
333,80000000	0,14940647
334,00000000	0,15280195
334,20000000	0,15397924
334,40000000	0,15178789
334,60000000	0,14863386
334,80000000	0,14758493
335,00000000	0,15046883
335,20000000	0,15214483
335,40000000	0,15399517
335,60000000	0,15390307
335,80000000	0,15188527
336,00000000	0,14920629
336,20000000	0,14805227
336,40000000	0,14852252
336,60000000	0,15077615
336,80000000	0,15185358
337,00000000	0,15252260
337,20000000	0,15125758
337,40000000	0,14917066
337,60000000	0,14746779
337,80000000	0,14727144
338,00000000	0,14991457
338,20000000	0,15249193
338,40000000	0,15312430
338,60000000	0,15163114
338,80000000	0,14901428
339,00000000	0,14776605
339,20000000	0,14947383
339,40000000	0,15111905
339,60000000	0,15237942
339,80000000	0,15197985
340,00000000	0,14991458
340,20000000	0,14821648
340,40000000	0,14778253
340,60000000	0,14844773
340,80000000	0,15015911
341,00000000	0,15165905
341,20000000	0,15296844
341,40000000	0,15258696
341,60000000	0,15053542
341,80000000	0,14892006
342,00000000	0,14974485
342,20000000	0,15106915
342,40000000	0,15225793
342,60000000	0,15249651
342,80000000	0,15187590
343,00000000	0,15099715
343,20000000	0,14979701
343,40000000	0,15014585
343,60000000	0,15166404
343,80000000	0,15369065
344,00000000	0,15484663
344,20000000	0,15408309
344,40000000	0,15324344
344,60000000	0,15288270
344,80000000	0,15277809
345,00000000	0,15326547
345,20000000	0,15443587
345,40000000	0,15541962
345,60000000	0,15594866
345,80000000	0,15554394
346,00000000	0,15451766
346,20000000	0,15406102
346,40000000	0,15413733
346,60000000	0,15535312
346,80000000	0,15659076
347,00000000	0,15765712
347,20000000	0,15747001
347,40000000	0,15614549
347,60000000	0,15546008
347,80000000	0,15529613
348,00000000	0,15589905
348,20000000	0,15661882
348,40000000	0,15710684
348,60000000	0,15705912
348,80000000	0,15606798
349,00000000	0,15473725
349,20000000	0,15386053
349,40000000	0,15394920
349,60000000	0,15359732
349,80000000	0,15360186
350,00000000	0,15396208
350,20000000	0,15359422
350,40000000	0,15269137
350,60000000	0,15158341
350,80000000	0,15122756
351,00000000	0,15145748
351,20000000	0,15183896
351,40000000	0,15184534
351,60000000	0,15108779
351,80000000	0,15068231
352,00000000	0,15009767
352,20000000	0,14957557
352,40000000	0,14907838
352,60000000	0,14904965
352,80000000	0,14943794
353,00000000	0,14874941
353,20000000	0,14770358
353,40000000	0,14660798
353,60000000	0,14622878
353,80000000	0,14627940
354,00000000	0,14606143
354,20000000	0,14616822
354,40000000	0,14591789
354,60000000	0,14615667
354,80000000	0,14604373
355,00000000	0,14567197
355,20000000	0,14552885
355,40000000	0,14578879
355,60000000	0,14559129
355,80000000	0,14519916
356,00000000	0,14548942
356,20000000	0,14459387
356,40000000	0,14364689
356,60000000	0,14413507
356,80000000	0,14434485
357,00000000	0,14431868
357,20000000	0,14362683
357,40000000	0,14234365
357,60000000	0,14081529
357,80000000	0,14024157
358,00000000	0,14128976
358,20000000	0,14226885
358,40000000	0,14291221
358,60000000	0,14282579
358,80000000	0,14255457
359,00000000	0,14091055
359,20000000	0,13977912
359,40000000	0,14063820
359,60000000	0,14150204
359,80000000	0,14291479
360,00000000	0,14395084
360,20000000	0,14374206
360,40000000	0,14312176
360,60000000	0,14186454
360,80000000	0,13903927
361,00000000	0,13763493
361,20000000	0,13895224
361,40000000	0,14073722
361,60000000	0,14153911
361,80000000	0,14092139
362,00000000	0,13934339
362,20000000	0,13850530
362,40000000	0,13771857
362,60000000	0,13717275
362,80000000	0,13845796
363,00000000	0,14042467
363,20000000	0,14082065
363,40000000	0,13942407
363,60000000	0,13747471
363,80000000	0,13679461
364,00000000	0,13842289
364,20000000	0,14102525
364,40000000	0,14209184
364,60000000	0,14085757
364,80000000	0,13898900
365,00000000	0,13875665
365,20000000	0,13866202
365,40000000	0,13852528
365,60000000	0,13816466
365,80000000	0,13827000
366,00000000	0,13802931
366,20000000	0,13686836
366,40000000	0,13754459
366,60000000	0,13823730
366,80000000	0,13662073
367,00000000	0,13431433
367,20000000	0,13424361
367,40000000	0,13533844
367,60000000	0,13619242
367,80000000	0,13674349
368,00000000	0,13728998
368,20000000	0,13797977
368,40000000	0,13750593
368,60000000	0,13649945
368,80000000	0,13628202
369,00000000	0,13703354
369,20000000	0,13876639
369,40000000	0,14042454
369,60000000	0,13957526
369,80000000	0,13674430
370,00000000	0,13468514
370,20000000	0,13523290
370,40000000	0,13758938
370,60000000	0,13816183
370,80000000	0,13647774
371,00000000	0,13463558
371,20000000	0,13460842
371,40000000	0,13568506
371,60000000	0,13534324
371,80000000	0,13377265
372,00000000	0,13149026
372,20000000	0,13150643
372,40000000	0,13403295
372,60000000	0,13678881
372,80000000	0,13638497
373,00000000	0,13363766
373,20000000	0,13313869
373,40000000	0,13287377
373,60000000	0,13216391
373,80000000	0,13314116
374,00000000	0,13611819
374,20000000	0,13870177
374,40000000	0,13978927
374,60000000	0,13838207
374,80000000	0,13663259
375,00000000	0,13612126
375,20000000	0,13674007
375,40000000	0,13742886
375,60000000	0,13762460
375,80000000	0,13768462
376,00000000	0,13631715
376,20000000	0,13451231
376,40000000	0,13257637
376,60000000	0,13223663
376,80000000	0,13461815
377,00000000	0,13722802
377,20000000	0,13681345
377,40000000	0,13526863
377,60000000	0,13609296
377,80000000	0,13617917
378,00000000	0,13270453
378,20000000	0,13089363
378,40000000	0,13353178
378,60000000	0,13587324
378,80000000	0,13599322
379,00000000	0,13520093
379,20000000	0,13526336
379,40000000	0,13442301
379,60000000	0,13074202
379,80000000	0,12997183
380,00000000	0,13331015
380,20000000	0,13508038
380,40000000	0,13488838
380,60000000	0,13658527
380,80000000	0,13940708
381,00000000	0,13872676
381,20000000	0,13466614
381,40000000	0,13237562
381,60000000	0,13275618
381,80000000	0,13301041
382,00000000	0,13326770
382,20000000	0,13815420
382,40000000	0,14171140
382,60000000	0,13974009
382,80000000	0,13681052
383,00000000	0,13473191
383,20000000	0,13408274
383,40000000	0,13536906
383,60000000	0,13856389
383,80000000	0,14170583
384,00000000	0,14202684
384,20000000	0,13847647
384,40000000	0,13522883
384,60000000	0,13416581
384,80000000	0,13339515
385,00000000	0,13190093
385,20000000	0,13193839
385,40000000	0,13568997
385,60000000	0,13797500
385,80000000	0,13903645
386,00000000	0,13864507
386,20000000	0,13641317
386,40000000	0,13421125
386,60000000	0,13222562
386,80000000	0,13302011
387,00000000	0,13515300
387,20000000	0,13789158
387,40000000	0,13900384
387,60000000	0,13717455
387,80000000	0,13489072
388,00000000	0,13267640
388,20000000	0,13206297
388,40000000	0,13219464
388,60000000	0,13253865
388,80000000	0,13491976
389,00000000	0,13792035
389,20000000	0,13863909
389,40000000	0,13673957
389,60000000	0,13350270
389,80000000	0,13083154
390,00000000	0,13226195
390,20000000	0,13457357
390,40000000	0,13476799
390,60000000	0,13611591
390,80000000	0,13693453
391,00000000	0,13905417
391,20000000	0,13785299
391,40000000	0,13259524
391,60000000	0,13172316
391,80000000	0,13334484
392,00000000	0,13575082
392,20000000	0,13980232
392,40000000	0,14373427
392,60000000	0,14296341
392,80000000	0,14136973
393,00000000	0,13911334
393,20000000	0,13507775
393,40000000	0,13478567
393,60000000	0,13670743
393,80000000	0,13883778
394,00000000	0,13981029
394,20000000	0,14068207
394,40000000	0,14026357
394,60000000	0,13898916
394,80000000	0,13760913
395,00000000	0,13429964
395,20000000	0,13287894
395,40000000	0,13444554
395,60000000	0,13792124
395,80000000	0,14150034
396,00000000	0,14229144
396,20000000	0,14024282
396,40000000	0,13720779
396,60000000	0,13580300
396,80000000	0,13588315
397,00000000	0,13724638
397,20000000	0,14086254
397,40000000	0,14122148
397,60000000	0,13711879
397,80000000	0,13661937
398,00000000	0,13913883
398,20000000	0,13920376
398,40000000	0,13664180
398,60000000	0,13570119
398,80000000	0,13727719
399,00000000	0,13991057
399,20000000	0,14238776
399,40000000	0,13977146
399,60000000	0,13621696
399,80000000	0,13580514
400,00000000	0,13862544
400,20000000	0,14161057
400,40000000	0,14196486
400,60000000	0,14114134
400,80000000	0,13984136
401,00000000	0,14120612
401,20000000	0,14182849
401,40000000	0,14148115
401,60000000	0,14112804
401,80000000	0,13934478
402,00000000	0,13918296
402,20000000	0,14094129
402,40000000	0,14368942
402,60000000	0,14032835
402,80000000	0,13465988
403,00000000	0,13441156
403,20000000	0,13685625
403,40000000	0,14062335
403,60000000	0,14247473
403,80000000	0,14379015
404,00000000	0,14313479
404,20000000	0,13827552
404,40000000	0,13495049
404,60000000	0,13617913
404,80000000	0,14020670
405,00000000	0,14048380
405,20000000	0,13974602
405,40000000	0,14284032
405,60000000	0,14543680
405,80000000	0,14513430
406,00000000	0,14311797
406,20000000	0,14283315
406,40000000	0,14424786
406,60000000	0,14500931
406,80000000	0,14327942
407,00000000	0,13966373
407,20000000	0,13907795
407,40000000	0,14074448
407,60000000	0,14014890
407,80000000	0,13880070
408,00000000	0,13934598
408,20000000	0,14028463
408,40000000	0,14013858
408,60000000	0,13935516
408,80000000	0,14157473
409,00000000	0,14086260
409,20000000	0,13781592
409,40000000	0,13843681
409,60000000	0,14140421
409,80000000	0,14450730
410,00000000	0,14033831
410,20000000	0,13349851
410,40000000	0,13324162
410,60000000	0,14200813
410,80000000	0,14919319
411,00000000	0,14578998
411,20000000	0,14136669
411,40000000	0,14206630
411,60000000	0,14800119
411,80000000	0,14894343
412,00000000	0,14442096
412,20000000	0,14450330
412,40000000	0,14768284
412,60000000	0,15244643
412,80000000	0,15403202
413,00000000	0,15200856
413,20000000	0,14830933
413,40000000	0,14509875
413,60000000	0,14378044
413,80000000	0,14680475
414,00000000	0,14889080
414,20000000	0,14152813
414,40000000	0,13574322
414,60000000	0,13879561
414,80000000	0,14618264
415,00000000	0,14975104
415,20000000	0,15031193
415,40000000	0,14765688
415,60000000	0,14428745
415,80000000	0,14752088
416,00000000	0,14908116
416,20000000	0,14857142
416,40000000	0,14408013
416,60000000	0,14586009
416,80000000	0,15123713
417,00000000	0,14893545
417,20000000	0,14836392
417,40000000	0,14853915
417,60000000	0,15240015
417,80000000	0,14993281
418,00000000	0,14564380
418,20000000	0,14574616
418,40000000	0,14637531
418,60000000	0,14985569
418,80000000	0,15208407
419,00000000	0,15636826
419,20000000	0,15162482
419,40000000	0,14998171
419,60000000	0,15623171
419,80000000	0,15598930
420,00000000	0,15496864
420,20000000	0,15324185
420,40000000	0,15489251
420,60000000	0,15593682
420,80000000	0,15719291
421,00000000	0,15856923
421,20000000	0,16118567
421,40000000	0,16398370
421,60000000	0,15923589
421,80000000	0,16063646
422,00000000	0,16060934
422,20000000	0,15492302
422,40000000	0,15326676
422,60000000	0,15726646
422,80000000	0,15921319
423,00000000	0,15512375
423,20000000	0,15930720
423,40000000	0,16010075
423,60000000	0,15563073
423,80000000	0,15403865
424,00000000	0,15916328
424,20000000	0,16958338
424,40000000	0,16792935
424,60000000	0,16217592
424,80000000	0,15722888
425,00000000	0,15839033
425,20000000	0,16339705
425,40000000	0,16322977
425,60000000	0,16282528
425,80000000	0,16182634
426,00000000	0,16333309
426,20000000	0,15469714
426,40000000	0,15332854
426,60000000	0,16607532
426,80000000	0,16466750
427,00000000	0,16242148
427,20000000	0,16301699
427,40000000	0,16188367
427,60000000	0,16017030
427,80000000	0,16381519
428,00000000	0,16991693
428,20000000	0,16658757
428,40000000	0,16676174
428,60000000	0,16542497
428,80000000	0,16470206
429,00000000	0,16292798
429,20000000	0,16155093
429,40000000	0,17117515
429,60000000	0,17404157
429,80000000	0,17325496
430,00000000	0,16850633
430,20000000	0,16167032
430,40000000	0,16414114
430,60000000	0,16970615
430,80000000	0,17137350
431,00000000	0,16592112
431,20000000	0,16451027
431,40000000	0,17093002
431,60000000	0,17555032
431,80000000	0,17222796
432,00000000	0,17150113
432,20000000	0,17512465
432,40000000	0,16923080
432,60000000	0,17199893
432,80000000	0,17976729
433,00000000	0,17957097
433,20000000	0,18005655
433,40000000	0,17797480
433,60000000	0,17712635
433,80000000	0,17591796
434,00000000	0,17563309
434,20000000	0,18071381
434,40000000	0,18208444
434,60000000	0,18121136
434,80000000	0,18785146
435,00000000	0,19009136
435,20000000	0,18287518
435,40000000	0,18264850
435,60000000	0,18361042
435,80000000	0,18537567
436,00000000	0,19064244
436,20000000	0,18432184
436,40000000	0,18163898
436,60000000	0,19237899
436,80000000	0,19729314
437,00000000	0,18866458
437,20000000	0,17651234
437,40000000	0,18009421
437,60000000	0,19115148
437,80000000	0,19425076
438,00000000	0,19464485
438,20000000	0,19204315
438,40000000	0,18778287
438,60000000	0,18520638
438,80000000	0,18515424
439,00000000	0,19069687
439,20000000	0,19702659
439,40000000	0,19985602
439,60000000	0,20004516
439,80000000	0,19568269
440,00000000	0,19158123
440,20000000	0,19030395
440,40000000	0,19202842
440,60000000	0,19696661
440,80000000	0,20110861
441,00000000	0,20208562
441,20000000	0,19946321
441,40000000	0,20083111
441,60000000	0,20572708
441,80000000	0,20423884
442,00000000	0,20256365
442,20000000	0,20342152
442,40000000	0,20075767
442,60000000	0,20070408
442,80000000	0,20686615
443,00000000	0,21099909
443,20000000	0,20626801
443,40000000	0,20325094
443,60000000	0,20205464
443,80000000	0,20144819
444,00000000	0,20896603
444,20000000	0,20892255
444,40000000	0,20818565
444,60000000	0,21560446
444,80000000	0,21382506
445,00000000	0,20765022
445,20000000	0,20661351
445,40000000	0,20989462
445,60000000	0,21586373
445,80000000	0,22395868
446,00000000	0,22957629
446,20000000	0,22065370
446,40000000	0,21746445
446,60000000	0,22167228
446,80000000	0,21314879
447,00000000	0,21210762
447,20000000	0,22384175
447,40000000	0,23126966
447,60000000	0,23715272
447,80000000	0,24261049
448,00000000	0,23088788
448,20000000	0,22521261
448,40000000	0,23299208
448,60000000	0,23283805
448,80000000	0,23180523
449,00000000	0,23064156
449,20000000	0,23278739
449,40000000	0,23957361
449,60000000	0,24137022
449,80000000	0,24162406
450,00000000	0,24012619
450,20000000	0,23600334
450,40000000	0,23422117
450,60000000	0,23075657
450,80000000	0,22711135
451,00000000	0,23023239
451,20000000	0,24381902
451,40000000	0,25460639
451,60000000	0,25892288
451,80000000	0,26710184
452,00000000	0,26771066
452,20000000	0,25505887
452,40000000	0,25221666
452,60000000	0,25819200
452,80000000	0,25547796
453,00000000	0,25644847
453,20000000	0,26137733
453,40000000	0,25666721
453,60000000	0,25325900
453,80000000	0,25993527
454,00000000	0,26446609
454,20000000	0,27013373
454,40000000	0,27301772
454,60000000	0,26638271
454,80000000	0,26939802
455,00000000	0,27309924
455,20000000	0,26727510
455,40000000	0,26392924
455,60000000	0,26465576
455,80000000	0,26754847
456,00000000	0,27233530
456,20000000	0,28318347
456,40000000	0,28928694
456,60000000	0,28386842
456,80000000	0,28337007
457,00000000	0,28977411
457,20000000	0,29091695
457,40000000	0,29181620
457,60000000	0,28885692
457,80000000	0,28447679
458,00000000	0,28694764
458,20000000	0,28369628
458,40000000	0,28134995
458,60000000	0,28568144
458,80000000	0,28436951
459,00000000	0,28371386
459,20000000	0,29237254
459,40000000	0,29904258
459,60000000	0,29924251
459,80000000	0,30006087
460,00000000	0,30467559
460,20000000	0,30990808
460,40000000	0,31606612
460,60000000	0,32146598
460,80000000	0,31859318
461,00000000	0,31460878
461,20000000	0,31581087
461,40000000	0,31715893
461,60000000	0,32721376
461,80000000	0,33360967
462,00000000	0,32641106
462,20000000	0,32373908
462,40000000	0,32145680
462,60000000	0,32896448
462,80000000	0,35289489
463,00000000	0,36084558
463,20000000	0,34664433
463,40000000	0,33340377
463,60000000	0,34519648
463,80000000	0,36219929
464,00000000	0,36003460
464,20000000	0,35119407
464,40000000	0,34575159
464,60000000	0,35852741
464,80000000	0,37584749
465,00000000	0,37478214
465,20000000	0,36726804
465,40000000	0,36613951
465,60000000	0,37427439
465,80000000	0,38885104
466,00000000	0,39779844
466,20000000	0,39168987
466,40000000	0,38426825
466,60000000	0,38933642
466,80000000	0,39764798
467,00000000	0,40099189
467,20000000	0,39352780
467,40000000	0,39405160
467,60000000	0,40749704
467,80000000	0,42028152
468,00000000	0,42248763
468,20000000	0,40872066
468,40000000	0,40739851
468,60000000	0,42523769
468,80000000	0,44318107
469,00000000	0,44967004
469,20000000	0,43587856
469,40000000	0,42685432
469,60000000	0,44066072
469,80000000	0,46228000
470,00000000	0,46664998
470,20000000	0,45415182
470,40000000	0,44384500
470,60000000	0,44980445
470,80000000	0,46856095
471,00000000	0,47933902
471,20000000	0,46252511
471,40000000	0,45280543
471,60000000	0,48358574
471,80000000	0,50453075
472,00000000	0,49712528
472,20000000	0,48675064
472,40000000	0,48653073
472,60000000	0,50872409
472,80000000	0,52626618
473,00000000	0,51979921
473,20000000	0,51459872
473,40000000	0,52553162
473,60000000	0,53910254
473,80000000	0,53985643
474,00000000	0,52366852
474,20000000	0,50655926
474,40000000	0,53491210
474,60000000	0,57269814
474,80000000	0,56211536
475,00000000	0,53914782
475,20000000	0,54699812
475,40000000	0,57842080
475,60000000	0,59763708
475,80000000	0,58709995
476,00000000	0,56602067
476,20000000	0,56980049
476,40000000	0,60631121
476,60000000	0,62761326
476,80000000	0,61465657
477,00000000	0,60653191
477,20000000	0,61752372
477,40000000	0,63575136
477,60000000	0,63693039
477,80000000	0,61461338
478,00000000	0,62843406
478,20000000	0,66285663
478,40000000	0,65715361
478,60000000	0,64662974
478,80000000	0,65073290
479,00000000	0,65780935
479,20000000	0,67685008
479,40000000	0,67973178
479,60000000	0,66297774
479,80000000	0,67668075
480,00000000	0,70531492
480,20000000	0,70186451
480,40000000	0,68739623
480,60000000	0,68589127
480,80000000	0,70054076
481,00000000	0,72225439
481,20000000	0,71124559
481,40000000	0,69728152
481,60000000	0,72062321
481,80000000	0,72855573
482,00000000	0,72433650
482,20000000	0,72893874
482,40000000	0,72930335
482,60000000	0,74261757
482,80000000	0,75094374
483,00000000	0,73943574
483,20000000	0,74900548
483,40000000	0,76748297
483,60000000	0,76518272
483,80000000	0,75962990
484,00000000	0,75857187
484,20000000	0,76725959
484,40000000	0,77893028
484,60000000	0,77402035
484,80000000	0,77036476
485,00000000	0,77937710
485,20000000	0,78352618
485,40000000	0,78520522
485,60000000	0,78889014
485,80000000	0,78956734
486,00000000	0,79092909
486,20000000	0,79806614
486,40000000	0,80805482
486,60000000	0,81017928
486,80000000	0,80637341
487,00000000	0,81057353
487,20000000	0,81872579
487,40000000	0,82158080
487,60000000	0,82223741
487,80000000	0,81588582
488,00000000	0,81370885
488,20000000	0,82486647
488,40000000	0,82635446
488,60000000	0,82114581
488,80000000	0,82035012
489,00000000	0,82334323
489,20000000	0,83114910
489,40000000	0,83055890
489,60000000	0,82723982
489,80000000	0,83473530
490,00000000	0,83969343
490,20000000	0,83942176
490,40000000	0,84146124
490,60000000	0,84328307
490,80000000	0,84552152
491,00000000	0,84540007
491,20000000	0,84537374
491,40000000	0,85029775
491,60000000	0,84812425
491,80000000	0,84250155
492,00000000	0,84606896
492,20000000	0,84979740
492,40000000	0,85083493
492,60000000	0,84656111
492,80000000	0,84060939
493,00000000	0,84797264
493,20000000	0,85757076
493,40000000	0,85023554
493,60000000	0,83983045
493,80000000	0,85074484
494,00000000	0,86429456
494,20000000	0,85523473
494,40000000	0,84653400
494,60000000	0,85984249
494,80000000	0,86862496
495,00000000	0,85819966
495,20000000	0,85348410
495,40000000	0,86455189
495,60000000	0,86882468
495,80000000	0,86171985
496,00000000	0,86085180
496,20000000	0,86463300
496,40000000	0,86341957
496,60000000	0,86244937
496,80000000	0,86550963
497,00000000	0,86526180
497,20000000	0,86526168
497,40000000	0,86910934
497,60000000	0,86912565
497,80000000	0,86967732
498,00000000	0,87257769
498,20000000	0,86918763
498,40000000	0,86736914
498,60000000	0,87379201
498,80000000	0,87452506
499,00000000	0,86937445
499,20000000	0,87096123
499,40000000	0,87252597
499,60000000	0,87175135
499,80000000	0,87346464
500,00000000	0,86952973
500,20000000	0,87215449
500,40000000	0,88480860
500,60000000	0,87975714
500,80000000	0,86982945
501,00000000	0,88000784
501,20000000	0,88742844
501,40000000	0,87969602
501,60000000	0,87424353
501,80000000	0,87470846
502,00000000	0,87681551
502,20000000	0,87744160
502,40000000	0,87421521
502,60000000	0,87201697
502,80000000	0,87397137
503,00000000	0,87739622
503,20000000	0,87894283
503,40000000	0,87882064
503,60000000	0,87515850
503,80000000	0,87479799
504,00000000	0,88357013
504,20000000	0,88208109
504,40000000	0,87469123
504,60000000	0,88283236
504,80000000	0,88871814
505,00000000	0,88145728
505,20000000	0,88226187
505,40000000	0,88529185
505,60000000	0,88017300
505,80000000	0,88261441
506,00000000	0,88592224
506,20000000	0,88241330
506,40000000	0,87897088
506,60000000	0,87911804
506,80000000	0,88674030
507,00000000	0,88678628
507,20000000	0,87969174
507,40000000	0,88487856
507,60000000	0,88859332
507,80000000	0,88374710
508,00000000	0,88840668
508,20000000	0,88627533
508,40000000	0,88084056
508,60000000	0,89253119
508,80000000	0,89124040
509,00000000	0,88050432
509,20000000	0,88679117
509,40000000	0,89199608
509,60000000	0,88699778
509,80000000	0,88342813
510,00000000	0,88634640
510,20000000	0,88955984
510,40000000	0,88448313
510,60000000	0,88658681
510,80000000	0,89424647
511,00000000	0,88762520
511,20000000	0,88759993
511,40000000	0,89668372
511,60000000	0,89040353
511,80000000	0,88704808
512,00000000	0,89695078
512,20000000	0,89471781
512,40000000	0,88588517
512,60000000	0,89254623
512,80000000	0,89798962
513,00000000	0,88942491
513,20000000	0,88989577
513,40000000	0,89962657
513,60000000	0,89353975
513,80000000	0,88533101
514,00000000	0,89451028
514,20000000	0,89768537
514,40000000	0,88834240
514,60000000	0,89317178
514,80000000	0,89913721
515,00000000	0,89146906
515,20000000	0,89364855
515,40000000	0,90004667
515,60000000	0,89324155
515,80000000	0,89147528
516,00000000	0,89830854
516,20000000	0,89610640
516,40000000	0,89145986
516,60000000	0,89561114
516,80000000	0,89830506
517,00000000	0,89568068
517,20000000	0,89681482
517,40000000	0,89824288
517,60000000	0,89613577
517,80000000	0,89656291
518,00000000	0,89820802
518,20000000	0,89677560
518,40000000	0,89627633
518,60000000	0,89644130
518,80000000	0,89753657
519,00000000	0,89946996
519,20000000	0,89770694
519,40000000	0,89641309
519,60000000	0,90011613
519,80000000	0,90006459
520,00000000	0,89447795
520,20000000	0,89649456
520,40000000	0,89965243
520,60000000	0,89534903
520,80000000	0,89622422
521,00000000	0,89873830
521,20000000	0,89557705
521,40000000	0,89714317
521,60000000	0,90140886
521,80000000	0,89722378
522,00000000	0,89487660
522,20000000	0,90053408
522,40000000	0,89907309
522,60000000	0,89324592
522,80000000	0,89746208
523,00000000	0,89986045
523,20000000	0,89674296
523,40000000	0,89834287
523,60000000	0,89936982
523,80000000	0,89820203
524,00000000	0,89861229
524,20000000	0,89891826
524,40000000	0,89788588
524,60000000	0,89778291
524,80000000	0,89778145
525,00000000	0,89666016
525,20000000	0,89627616
525,40000000	0,89630787
525,60000000	0,89652608
525,80000000	0,89715513
526,00000000	0,89702044
526,20000000	0,89565330
526,40000000	0,89576136
526,60000000	0,89774488
526,80000000	0,89717727
527,00000000	0,89660776
527,20000000	0,89657648
527,40000000	0,89591335
527,60000000	0,89615504
527,80000000	0,89655044
528,00000000	0,89628147
528,20000000	0,89442075
528,40000000	0,89458474
528,60000000	0,89631929
528,80000000	0,89413726
529,00000000	0,89322189
529,20000000	0,89478375
529,40000000	0,89366424
529,60000000	0,89127697
529,80000000	0,89220652
530,00000000	0,89330780
530,20000000	0,89153965
530,40000000	0,89331889
530,60000000	0,89408760
530,80000000	0,89080905
531,00000000	0,89043816
531,20000000	0,89147246
531,40000000	0,89042668
531,60000000	0,88869827
531,80000000	0,88734425
532,00000000	0,88642285
532,20000000	0,88661301
532,40000000	0,88476342
532,60000000	0,88250377
532,80000000	0,88445385
533,00000000	0,88410505
533,20000000	0,87826683
533,40000000	0,87876935
533,60000000	0,88327798
533,80000000	0,88230136
534,00000000	0,88078180
534,20000000	0,88225077
534,40000000	0,88030919
534,60000000	0,87936199
534,80000000	0,88217405
535,00000000	0,87783663
535,20000000	0,87321433
535,40000000	0,87387396
535,60000000	0,87426397
535,80000000	0,87270441
536,00000000	0,86961099
536,20000000	0,87178212
536,40000000	0,87417048
536,60000000	0,86907318
536,80000000	0,86518551
537,00000000	0,87083670
537,20000000	0,87339670
537,40000000	0,86518977
537,60000000	0,86500757
537,80000000	0,87138196
538,00000000	0,86702425
538,20000000	0,86325214
538,40000000	0,86559942
538,60000000	0,86199701
538,80000000	0,85981099
539,00000000	0,86452439
539,20000000	0,86239624
539,40000000	0,85922670
539,60000000	0,86154928
539,80000000	0,86208982
540,00000000	0,85710887
540,20000000	0,85281510
540,40000000	0,85913222
540,60000000	0,86309882
540,80000000	0,85524340
541,00000000	0,85248845
541,20000000	0,85961283
541,40000000	0,86108680
541,60000000	0,85140888
541,80000000	0,85086287
542,00000000	0,85667631
542,20000000	0,85244958
542,40000000	0,84992598
542,60000000	0,85272370
542,80000000	0,85046031
543,00000000	0,84930622
543,20000000	0,85128735
543,40000000	0,84908314
543,60000000	0,84700411
543,80000000	0,84978421
544,00000000	0,84950924
544,20000000	0,84497313
544,40000000	0,84586551
544,60000000	0,85314588
544,80000000	0,85275660
545,00000000	0,84133495
545,20000000	0,84055660
545,40000000	0,85028646
545,60000000	0,84896586
545,80000000	0,84171620
546,00000000	0,84549250
546,20000000	0,85120220
546,40000000	0,84621543
546,60000000	0,84097070
546,80000000	0,84227660
547,00000000	0,84314376
547,20000000	0,84356716
547,40000000	0,84369967
547,60000000	0,84231939
547,80000000	0,84196398
548,00000000	0,84706660
548,20000000	0,84714304
548,40000000	0,83992596
548,60000000	0,84183038
548,80000000	0,84803580
549,00000000	0,84347906
549,20000000	0,83603301
549,40000000	0,84080710
549,60000000	0,84451931
549,80000000	0,83598936
550,00000000	0,83097865
550,20000000	0,83969758
550,40000000	0,84151558
550,60000000	0,83508989
550,80000000	0,83635880
551,00000000	0,84060518
551,20000000	0,84278815
551,40000000	0,84309021
551,60000000	0,83739088
551,80000000	0,83700628
552,00000000	0,84044078
552,20000000	0,83964154
552,40000000	0,83373072
552,60000000	0,83571715
552,80000000	0,84247154
553,00000000	0,83880094
553,20000000	0,83144026
553,40000000	0,83603500
553,60000000	0,84257153
553,80000000	0,83951964
554,00000000	0,83461131
554,20000000	0,83993619
554,40000000	0,84667253
554,60000000	0,84055362
554,80000000	0,83505854
555,00000000	0,83841230
555,20000000	0,83710169
555,40000000	0,83422840
555,60000000	0,83328786
555,80000000	0,83253534
556,00000000	0,83663463
556,20000000	0,83934879
556,40000000	0,83749192
556,60000000	0,84289988
556,80000000	0,84807807
557,00000000	0,84620306
557,20000000	0,84328997
557,40000000	0,84290111
557,60000000	0,84564043
557,80000000	0,84313528
558,00000000	0,83619305
558,20000000	0,83704761
558,40000000	0,84181226
558,60000000	0,83893529
558,80000000	0,83664975
559,00000000	0,84697445
559,20000000	0,85204496
559,40000000	0,84777679
559,60000000	0,84737648
559,80000000	0,84983092
560,00000000	0,85140468
560,20000000	0,84791104
560,40000000	0,84600323
560,60000000	0,84818017
560,80000000	0,85096604
561,00000000	0,84860107
561,20000000	0,84597395
561,40000000	0,84984091
561,60000000	0,85691343
561,80000000	0,85818175
562,00000000	0,85651858
562,20000000	0,85715572
562,40000000	0,86054357
562,60000000	0,86033080
562,80000000	0,85486957
563,00000000	0,85410400
563,20000000	0,85597185
563,40000000	0,85205284
563,60000000	0,85011562
563,80000000	0,85571007
564,00000000	0,85672841
564,20000000	0,85726504
564,40000000	0,86141749
564,60000000	0,86526562
564,80000000	0,86456770
565,00000000	0,86282763
565,20000000	0,86511635
565,40000000	0,86424453
565,60000000	0,86168933
565,80000000	0,85959585
566,00000000	0,85931751
566,20000000	0,86148859
566,40000000	0,86128398
566,60000000	0,86224001
566,80000000	0,86433507
567,00000000	0,86659732
567,20000000	0,86730662
567,40000000	0,86486185
567,60000000	0,86232025
567,80000000	0,86419715
568,00000000	0,86425712
568,20000000	0,86002309
568,40000000	0,85786105
568,60000000	0,86173338
568,80000000	0,86648173
569,00000000	0,86546195
569,20000000	0,86540357
569,40000000	0,86615270
569,60000000	0,86558663
569,80000000	0,86361179
570,00000000	0,86002771
570,20000000	0,85912126
570,40000000	0,85950684
570,60000000	0,86124300
570,80000000	0,86386618
571,00000000	0,86471881
571,20000000	0,86528708
571,40000000	0,86334818
571,60000000	0,86387710
571,80000000	0,86587006
572,00000000	0,86312413
572,20000000	0,86033913
572,40000000	0,85987880
572,60000000	0,86025952
572,80000000	0,85975987
573,00000000	0,85858385
573,20000000	0,86146675
573,40000000	0,86426871
573,60000000	0,86514231
573,80000000	0,86613085
574,00000000	0,86856749
574,20000000	0,86692420
574,40000000	0,86301100
574,60000000	0,86105609
574,80000000	0,86247052
575,00000000	0,86263975
575,20000000	0,85727313
575,40000000	0,85799677
575,60000000	0,86436006
575,80000000	0,86711868
576,00000000	0,86442301
576,20000000	0,86549777
576,40000000	0,86929203
576,60000000	0,86727042
576,80000000	0,86378015
577,00000000	0,86372952
577,20000000	0,86483299
577,40000000	0,86393244
577,60000000	0,86184852
577,80000000	0,86361355
578,00000000	0,86349885
578,20000000	0,86317852
578,40000000	0,86204674
578,60000000	0,86215177
578,80000000	0,86414615
579,00000000	0,86277313
579,20000000	0,86208448
579,40000000	0,86342535
579,60000000	0,86154969
579,80000000	0,86006590
580,00000000	0,86104240
580,20000000	0,86073875
580,40000000	0,86127598
580,60000000	0,86254459
580,80000000	0,86261746
581,00000000	0,86289895
581,20000000	0,86182760
581,40000000	0,86170445
581,60000000	0,86295906
581,80000000	0,86216026
582,00000000	0,86351344
582,20000000	0,86692801
582,40000000	0,86487166
582,60000000	0,86218817
582,80000000	0,86375772
583,00000000	0,86669769
583,20000000	0,86412138
583,40000000	0,86159033
583,60000000	0,86663345
583,80000000	0,87015726
584,00000000	0,86685317
584,20000000	0,86518915
584,40000000	0,87305933
584,60000000	0,87585723
584,80000000	0,87204855
585,00000000	0,87180393
585,20000000	0,87496471
585,40000000	0,87377519
585,60000000	0,86793010
585,80000000	0,86891757
586,00000000	0,87597592
586,20000000	0,87302882
586,40000000	0,86671022
586,60000000	0,87588337
586,80000000	0,87900361
587,00000000	0,87081086
587,20000000	0,87050535
587,40000000	0,87825545
587,60000000	0,87921847
587,80000000	0,87526556
588,00000000	0,87790217
588,20000000	0,88166187
588,40000000	0,88088064
588,60000000	0,87349854
588,80000000	0,87948725
589,00000000	0,88584883
589,20000000	0,88088144
589,40000000	0,87958472
589,60000000	0,88590665
589,80000000	0,88925708
590,00000000	0,88252536
590,20000000	0,88441711
590,40000000	0,88873814
590,60000000	0,88631312
590,80000000	0,88393056
591,00000000	0,88661866
591,20000000	0,88920734
591,40000000	0,88702463
591,60000000	0,88752648
591,80000000	0,89311132
592,00000000	0,89183112
592,20000000	0,88704398
592,40000000	0,89161734
592,60000000	0,89652037
592,80000000	0,89473991
593,00000000	0,89406271
593,20000000	0,89722265
593,40000000	0,89913376
593,60000000	0,89567800
593,80000000	0,89619615
594,00000000	0,90282201
594,20000000	0,90380034
594,40000000	0,89809952
594,60000000	0,90147138
594,80000000	0,90463541
595,00000000	0,90016555
595,20000000	0,90159564
595,40000000	0,90561097
595,60000000	0,90523935
595,80000000	0,90145730
596,00000000	0,90729452
596,20000000	0,90983426
596,40000000	0,90551667
596,60000000	0,90429088
596,80000000	0,90832312
597,00000000	0,91107066
597,20000000	0,90672816
597,40000000	0,90920183
597,60000000	0,91054004
597,80000000	0,91070104
598,00000000	0,91066792
598,20000000	0,91248774
598,40000000	0,91381816
598,60000000	0,91037437
598,80000000	0,91228009
599,00000000	0,91471891
599,20000000	0,91522755
599,40000000	0,91099178
599,60000000	0,91611525
599,80000000	0,91919198
600,00000000	0,91447368
600,20000000	0,91553716
600,40000000	0,91763545
600,60000000	0,91928118
600,80000000	0,91614877
601,00000000	0,91911990
601,20000000	0,92189418
601,40000000	0,91835547
601,60000000	0,91780469
601,80000000	0,92048508
602,00000000	0,92335605
602,20000000	0,91954924
602,40000000	0,92263881
602,60000000	0,92326045
602,80000000	0,92207645
603,00000000	0,92191103
603,20000000	0,92343733
603,40000000	0,92632020
603,60000000	0,92201658
603,80000000	0,92347397
604,00000000	0,92511017
604,20000000	0,92654639
604,40000000	0,92398527
604,60000000	0,92560553
604,80000000	0,92828975
605,00000000	0,92474964
605,20000000	0,92862376
605,40000000	0,92895623
605,60000000	0,92808333
605,80000000	0,92633710
606,00000000	0,92950250
606,20000000	0,92902896
606,40000000	0,92691134
606,60000000	0,93117265
606,80000000	0,93074600
607,00000000	0,93143345
607,20000000	0,93044080
607,40000000	0,93170825
607,60000000	0,93036172
607,80000000	0,93182287
608,00000000	0,92990675
608,20000000	0,92959541
608,40000000	0,93320506
608,60000000	0,93088120
608,80000000	0,93331094
609,00000000	0,93246347
609,20000000	0,93511386
609,40000000	0,93268796
609,60000000	0,93449632
609,80000000	0,93605139
610,00000000	0,93257615
610,20000000	0,93739375
610,40000000	0,93513300
610,60000000	0,93495793
610,80000000	0,93887967
611,00000000	0,93935993
611,20000000	0,93738808
611,40000000	0,94015125
611,60000000	0,93810298
611,80000000	0,93851813
612,00000000	0,94112718
612,20000000	0,93818360
612,40000000	0,94345710
612,60000000	0,94011031
612,80000000	0,94093483
613,00000000	0,94358519
613,20000000	0,93861343
613,40000000	0,94108241
613,60000000	0,94569387
613,80000000	0,94084446
614,00000000	0,94253736
614,20000000	0,94677864
614,40000000	0,93997243
614,60000000	0,94478750
614,80000000	0,94573859
615,00000000	0,94323360
615,20000000	0,94566865
615,40000000	0,94792018
615,60000000	0,94636019
615,80000000	0,94446229
616,00000000	0,95281083
616,20000000	0,94682374
616,40000000	0,94555936
616,60000000	0,95835556
616,80000000	0,94470146
617,00000000	0,94540912
617,20000000	0,96240846
617,40000000	0,94252392
617,60000000	0,94866117
617,80000000	0,96361862
618,00000000	0,93908188
618,20000000	0,95462935
618,40000000	0,96099944
618,60000000	0,94034154
618,80000000	0,96150199
619,00000000	0,95755155
619,20000000	0,94614648
619,40000000	0,96182720
619,60000000	0,95482832
619,80000000	0,95399466
620,00000000	0,96137873
620,20000000	0,95594586
620,40000000	0,95827114
620,60000000	0,95841258
620,80000000	0,95850254
621,00000000	0,96109242
621,20000000	0,95771642
621,40000000	0,96351235
621,60000000	0,95862531
621,80000000	0,95832495
622,00000000	0,96471192
622,20000000	0,95848875
622,40000000	0,96238293
622,60000000	0,96303244
622,80000000	0,96279251
623,00000000	0,96205400
623,20000000	0,96383167
623,40000000	0,96665285
623,60000000	0,96123374
623,80000000	0,96752475
624,00000000	0,96585297
624,20000000	0,96180626
624,40000000	0,96862887
624,60000000	0,96452293
624,80000000	0,96580458
625,00000000	0,96851161
625,20000000	0,96394766
625,40000000	0,97037413
625,60000000	0,96571184
625,80000000	0,96773467
626,00000000	0,97009242
626,20000000	0,96508862
626,40000000	0,97225908
626,60000000	0,96677415
626,80000000	0,97015384
627,00000000	0,96993184
627,20000000	0,96714722
627,40000000	0,97192510
627,60000000	0,96799416
627,80000000	0,97185743
628,00000000	0,96972917
628,20000000	0,97196921
628,40000000	0,97185848
628,60000000	0,96750188
628,80000000	0,97451128
629,00000000	0,96921982
629,20000000	0,97015374
629,40000000	0,97274586
629,60000000	0,96980870
629,80000000	0,97255385
630,00000000	0,97113757
630,20000000	0,97381523
630,40000000	0,97163878
630,60000000	0,97242479
630,80000000	0,97533603
631,00000000	0,96925790
631,20000000	0,97379951
631,40000000	0,97392503
631,60000000	0,97141409
631,80000000	0,97444993
632,00000000	0,97206140
632,20000000	0,97375304
632,40000000	0,97145226
632,60000000	0,97498447
632,80000000	0,97243269
633,00000000	0,97142850
633,20000000	0,97527668
633,40000000	0,97006342
633,60000000	0,97580580
633,80000000	0,97292214
634,00000000	0,97545755
634,20000000	0,97285936
634,40000000	0,97423030
634,60000000	0,97576721
634,80000000	0,97108010
635,00000000	0,97703745
635,20000000	0,97167699
635,40000000	0,97604109
635,60000000	0,97407024
635,80000000	0,97444214
636,00000000	0,97586596
636,20000000	0,97372329
636,40000000	0,97670965
636,60000000	0,97069348
636,80000000	0,97685098
637,00000000	0,97362664
637,20000000	0,97433217
637,40000000	0,97623841
637,60000000	0,97449168
637,80000000	0,97698375
638,00000000	0,97382505
638,20000000	0,97755877
638,40000000	0,97282384
638,60000000	0,97674122
638,80000000	0,97610363
639,00000000	0,97542003
639,20000000	0,97874927
639,40000000	0,97541750
639,60000000	0,97719823
639,80000000	0,97499353
640,00000000	0,97966665
640,20000000	0,97541411
640,40000000	0,97785714
640,60000000	0,97842663
640,80000000	0,97575098
641,00000000	0,97984263
641,20000000	0,97852292
641,40000000	0,97984506
641,60000000	0,97682879
641,80000000	0,97936786
642,00000000	0,97745570
642,20000000	0,97836306
642,40000000	0,98061614
642,60000000	0,97838567
642,80000000	0,98002397
643,00000000	0,97911611
643,20000000	0,98030860
643,40000000	0,97957594
643,60000000	0,98093312
643,80000000	0,98104445
644,00000000	0,97890302
644,20000000	0,98132729
644,40000000	0,98103869
644,60000000	0,98080725
644,80000000	0,98090824
645,00000000	0,98185840
645,20000000	0,98130326
645,40000000	0,98193414
645,60000000	0,98297094
645,80000000	0,98254323
646,00000000	0,98286804
646,20000000	0,98311150
646,40000000	0,98300113
646,60000000	0,98292668
646,80000000	0,98352050
647,00000000	0,98287943
647,20000000	0,98353495
647,40000000	0,98361392
647,60000000	0,98440266
647,80000000	0,98443663
648,00000000	0,98410901
648,20000000	0,98473283
648,40000000	0,98363550
648,60000000	0,98490919
648,80000000	0,98406262
649,00000000	0,98511586
649,20000000	0,98482451
649,40000000	0,98478469
649,60000000	0,98463548
649,80000000	0,98469423
650,00000000	0,98549696
650,20000000	0,98527145
650,40000000	0,98545479
650,60000000	0,98522599
650,80000000	0,98575888
651,00000000	0,98606812
651,20000000	0,98548518
651,40000000	0,98499141
651,60000000	0,98439334
651,80000000	0,98518360
652,00000000	0,98558875
652,20000000	0,98582523
652,40000000	0,98555196
652,60000000	0,98469075
652,80000000	0,98470354
653,00000000	0,98448853
653,20000000	0,98468080
653,40000000	0,98572634
653,60000000	0,98526138
653,80000000	0,98335637
654,00000000	0,98431500
654,20000000	0,98437907
654,40000000	0,98313668
654,60000000	0,98369224
654,80000000	0,98311531
655,00000000	0,98355783
655,20000000	0,98458234
655,40000000	0,98274320
655,60000000	0,98270814
655,80000000	0,98339149
656,00000000	0,98212415
656,20000000	0,98134026
656,40000000	0,98219879
656,60000000	0,98285052
656,80000000	0,98107366
657,00000000	0,98174008
657,20000000	0,98137126
657,40000000	0,98088591
657,60000000	0,98104421
657,80000000	0,97995611
658,00000000	0,97987348
658,20000000	0,98047687
658,40000000	0,97894254
658,60000000	0,97846676
658,80000000	0,97937862
659,00000000	0,97798420
659,20000000	0,97782403
659,40000000	0,97681724
659,60000000	0,97774929
659,80000000	0,97895695
660,00000000	0,97725519
660,20000000	0,97620733
660,40000000	0,97632592
660,60000000	0,97626384
660,80000000	0,97546632
661,00000000	0,97471503
661,20000000	0,97493251
661,40000000	0,97468373
661,60000000	0,97383447
661,80000000	0,97333466
662,00000000	0,97382199
662,20000000	0,97324889
662,40000000	0,97309971
662,60000000	0,97267420
662,80000000	0,97255551
663,00000000	0,97218364
663,20000000	0,97082857
663,40000000	0,97156959
663,60000000	0,97258626
663,80000000	0,97144106
664,00000000	0,97128387
664,20000000	0,97144648
664,40000000	0,97049323
664,60000000	0,97036747
664,80000000	0,97083663
665,00000000	0,97003676
665,20000000	0,96912939
665,40000000	0,96954493
665,60000000	0,97049327
665,80000000	0,96937995
666,00000000	0,96923148
666,20000000	0,96985749
666,40000000	0,96912243
666,60000000	0,96780986
666,80000000	0,96782624
667,00000000	0,96719412
667,20000000	0,96726588
667,40000000	0,96864369
667,60000000	0,96747383
667,80000000	0,96632596
668,00000000	0,96686494
668,20000000	0,96727245
668,40000000	0,96693387
668,60000000	0,96626043
668,80000000	0,96528724
669,00000000	0,96708160
669,20000000	0,96627024
669,40000000	0,96662697
669,60000000	0,96715545
669,80000000	0,96617462
670,00000000	0,96727556
670,20000000	0,96708741
670,40000000	0,96518825
670,60000000	0,96496026
670,80000000	0,96637083
671,00000000	0,96498867
671,20000000	0,96591571
671,40000000	0,96690268
671,60000000	0,96590066
671,80000000	0,96820856
672,00000000	0,96667785
672,20000000	0,96503607
672,40000000	0,96940728
672,60000000	0,96762976
672,80000000	0,96434998
673,00000000	0,96520833
673,20000000	0,96442255
673,40000000	0,96674162
673,60000000	0,96707261
673,80000000	0,96601759
674,00000000	0,97024860
674,20000000	0,96982399
674,40000000	0,96549065
674,60000000	0,96416971
674,80000000	0,96509686
675,00000000	0,96833052
675,20000000	0,96791447
675,40000000	0,96367188
675,60000000	0,96681357
675,80000000	0,96940478
676,00000000	0,96436464
676,20000000	0,96500863
676,40000000	0,96882542
676,60000000	0,97040928
676,80000000	0,96816356
677,00000000	0,96372100
677,20000000	0,96373684
677,40000000	0,96676443
677,60000000	0,96675107
677,80000000	0,96666917
678,00000000	0,96854288
678,20000000	0,96936641
678,40000000	0,96928763
678,60000000	0,96549510
678,80000000	0,96306241
679,00000000	0,96759416
679,20000000	0,96827686
679,40000000	0,96796828
679,60000000	0,96711795
679,80000000	0,96386782
680,00000000	0,96618707
680,20000000	0,96831346
680,40000000	0,96791417
680,60000000	0,96928674
680,80000000	0,96805675
681,00000000	0,96626750
681,20000000	0,96648737
681,40000000	0,96404855
681,60000000	0,96432872
681,80000000	0,96753529
682,00000000	0,96958523
682,20000000	0,96833967
682,40000000	0,96528916
682,60000000	0,96385106
682,80000000	0,96552304
683,00000000	0,96656783
683,20000000	0,96645472
683,40000000	0,96689709
683,60000000	0,96518222
683,80000000	0,96515500
684,00000000	0,96416586
684,20000000	0,96340191
684,40000000	0,96638171
684,60000000	0,96693357
684,80000000	0,96622319
685,00000000	0,96400760
685,20000000	0,96212746
685,40000000	0,96188641
685,60000000	0,96420175
685,80000000	0,96515037
686,00000000	0,96459555
686,20000000	0,96584744
686,40000000	0,96302983
686,60000000	0,96361176
686,80000000	0,96461613
687,00000000	0,96464996
687,20000000	0,96496054
687,40000000	0,96431269
687,60000000	0,96198498
687,80000000	0,96149885
688,00000000	0,96256635
688,20000000	0,96495329
688,40000000	0,96548358
688,60000000	0,96385168
688,80000000	0,96305250
689,00000000	0,96137698
689,20000000	0,96088920
689,40000000	0,96144263
689,60000000	0,96383600
689,80000000	0,96304172
690,00000000	0,96251545
690,20000000	0,96179093
690,40000000	0,96229796
690,60000000	0,96339911
690,80000000	0,96397085
691,00000000	0,96320167
691,20000000	0,96159641
691,40000000	0,96131187
691,60000000	0,96099299
691,80000000	0,96178714
692,00000000	0,96343780
692,20000000	0,96361431
692,40000000	0,96255551
692,60000000	0,96207903
692,80000000	0,96068933
693,00000000	0,96184713
693,20000000	0,96262086
693,40000000	0,96284028
693,60000000	0,96197140
693,80000000	0,96273095
694,00000000	0,96077362
694,20000000	0,96157513
694,40000000	0,96340550
694,60000000	0,96252141
694,80000000	0,96280511
695,00000000	0,96315571
695,20000000	0,96082551
695,40000000	0,96005932
695,60000000	0,96434624
695,80000000	0,96396197
696,00000000	0,96263001
696,20000000	0,96362714
696,40000000	0,96174406
696,60000000	0,96100593
696,80000000	0,96501140
697,00000000	0,96384636
697,20000000	0,96487248
697,40000000	0,96516035
697,60000000	0,96205834
697,80000000	0,96225278
698,00000000	0,96435649
698,20000000	0,96429747
698,40000000	0,96473701
698,60000000	0,96636110
698,80000000	0,96297199
699,00000000	0,96437606
699,20000000	0,96557932
699,40000000	0,96433833
699,60000000	0,96560117
699,80000000	0,96662200
700,00000000	0,96377649
700,20000000	0,96343887
700,40000000	0,96676833
700,60000000	0,96495909
700,80000000	0,96746206
701,00000000	0,96775822
701,20000000	0,96399061
701,40000000	0,96460482
701,60000000	0,96653378
701,80000000	0,96386057
702,00000000	0,96614889
702,20000000	0,96817301
702,40000000	0,96587642
702,60000000	0,96605479
702,80000000	0,96871525
703,00000000	0,96681530
703,20000000	0,96770864
703,40000000	0,96874724
703,60000000	0,96504969
703,80000000	0,96800196
704,00000000	0,96808518
704,20000000	0,96636143
704,40000000	0,96713772
704,60000000	0,96917637
704,80000000	0,96800733
705,00000000	0,96878394
705,20000000	0,96720536
705,40000000	0,96440648
705,60000000	0,96794210
705,80000000	0,96679603
706,00000000	0,96578807
706,20000000	0,96748562
706,40000000	0,96872490
706,60000000	0,96678522
706,80000000	0,96867494
707,00000000	0,96633814
707,20000000	0,96744714
707,40000000	0,96855741
707,60000000	0,96627316
707,80000000	0,96632287
708,00000000	0,97009816
708,20000000	0,96784249
708,40000000	0,96732992
708,60000000	0,96885486
708,80000000	0,96758303
709,00000000	0,96798702
709,20000000	0,96766494
709,40000000	0,96650367
709,60000000	0,96526412
709,80000000	0,96825574
710,00000000	0,96633804
710,20000000	0,96684273
710,40000000	0,96808825
710,60000000	0,96793427
710,80000000	0,96532518
711,00000000	0,96591266
711,20000000	0,96614021
711,40000000	0,96578492
711,60000000	0,96516072
711,80000000	0,96524350
712,00000000	0,96552031
712,20000000	0,96730530
712,40000000	0,96671587
712,60000000	0,96645309
712,80000000	0,96784065
713,00000000	0,96510493
713,20000000	0,96633040
713,40000000	0,96478892
713,60000000	0,96423942
713,80000000	0,96585916
714,00000000	0,96642621
714,20000000	0,96453892
714,40000000	0,96569142
714,60000000	0,96547077
714,80000000	0,96474878
715,00000000	0,96367457
715,20000000	0,96387022
715,40000000	0,96325290
715,60000000	0,96493319
715,80000000	0,96460051
716,00000000	0,96393761
716,20000000	0,96702561
716,40000000	0,96407258
716,60000000	0,96463841
716,80000000	0,96426132
717,00000000	0,96523282
717,20000000	0,96352538
717,40000000	0,96508660
717,60000000	0,96428328
717,80000000	0,96567770
718,00000000	0,96445842
718,20000000	0,96541417
718,40000000	0,96477683
718,60000000	0,96528406
718,80000000	0,96374705
719,00000000	0,96505446
719,20000000	0,96197668
719,40000000	0,96447074
719,60000000	0,96478162
719,80000000	0,96547592
720,00000000	0,96502079
720,20000000	0,96569190
720,40000000	0,96419428
720,60000000	0,96534163
720,80000000	0,96405445
721,00000000	0,96460645
721,20000000	0,96486897
721,40000000	0,96570057
721,60000000	0,96542524
721,80000000	0,96744753
722,00000000	0,96822080
722,20000000	0,96768339
722,40000000	0,96577733
722,60000000	0,96606434
722,80000000	0,96471703
723,00000000	0,96595310
723,20000000	0,96622472
723,40000000	0,96754310
723,60000000	0,96775769
723,80000000	0,96917701
724,00000000	0,96757434
724,20000000	0,96865924
724,40000000	0,96764011
724,60000000	0,96870155
724,80000000	0,96872966
725,00000000	0,96950323
725,20000000	0,96945457
725,40000000	0,97152129
725,60000000	0,97061252
725,80000000	0,97237396
726,00000000	0,97110713
726,20000000	0,97064124
726,40000000	0,97036779
726,60000000	0,97147281
726,80000000	0,97059886
727,00000000	0,97330267
727,20000000	0,97255548
727,40000000	0,97315800
727,60000000	0,97281301
727,80000000	0,97338535
728,00000000	0,97248573
728,20000000	0,97406703
728,40000000	0,97309493
728,60000000	0,97413385
728,80000000	0,97534815
729,00000000	0,97599993
729,20000000	0,97639003
729,40000000	0,97683113
729,60000000	0,97627001
729,80000000	0,97643653
730,00000000	0,97725653
730,20000000	0,97629141
730,40000000	0,97778651
730,60000000	0,97819263
730,80000000	0,97767330
731,00000000	0,97910599
731,20000000	0,97824236
731,40000000	0,97852370
731,60000000	0,97903376
731,80000000	0,97908952
732,00000000	0,97974076
732,20000000	0,98058752
732,40000000	0,98096981
732,60000000	0,98109203
732,80000000	0,98233427
733,00000000	0,98149354
733,20000000	0,98182988
733,40000000	0,98141620
733,60000000	0,98178337
733,80000000	0,98166681
734,00000000	0,98307457
734,20000000	0,98218964
734,40000000	0,98409215
734,60000000	0,98411774
734,80000000	0,98330504
735,00000000	0,98421630
735,20000000	0,98296164
735,40000000	0,98445666
735,60000000	0,98416542
735,80000000	0,98454338
736,00000000	0,98541277
736,20000000	0,98558820
736,40000000	0,98655300
736,60000000	0,98558020
736,80000000	0,98716066
737,00000000	0,98522165
737,20000000	0,98629370
737,40000000	0,98568176
737,60000000	0,98551203
737,80000000	0,98709677
738,00000000	0,98608064
738,20000000	0,98772932
738,40000000	0,98684639
738,60000000	0,98715242
738,80000000	0,98742765
739,00000000	0,98730244
739,20000000	0,98770942
739,40000000	0,98751572
739,60000000	0,98776763
739,80000000	0,98861998
740,00000000	0,98861896
740,20000000	0,98749787
740,40000000	0,98959717
740,60000000	0,98611513
740,80000000	0,99058081
741,00000000	0,98641666
741,20000000	0,98923132
741,40000000	0,98962980
741,60000000	0,98753071
741,80000000	0,99144102
742,00000000	0,98601591
742,20000000	0,99088759
742,40000000	0,98826917
742,60000000	0,98840172
742,80000000	0,99050758
743,00000000	0,98698101
743,20000000	0,99183730
743,40000000	0,98846183
743,60000000	0,99111507
743,80000000	0,99007757
744,00000000	0,99056715
744,20000000	0,98966811
744,40000000	0,98977119
744,60000000	0,98918153
744,80000000	0,99075331
745,00000000	0,99002972
745,20000000	0,99010400
745,40000000	0,99083187
745,60000000	0,98972348
745,80000000	0,99085690
746,00000000	0,98987483
746,20000000	0,99000847
746,40000000	0,99040655
746,60000000	0,99015516
746,80000000	0,99089200
747,00000000	0,99083029
747,20000000	0,99055010
747,40000000	0,99101945
747,60000000	0,99048158
747,80000000	0,99012832
748,00000000	0,99144061
748,20000000	0,99006792
748,40000000	0,99221275
748,60000000	0,99022171
748,80000000	0,99208178
749,00000000	0,99052716
749,20000000	0,99153195
749,40000000	0,99049844
749,60000000	0,99140220
749,80000000	0,99132490
750,00000000	0,99180768
750,20000000	0,99185147
750,40000000	0,99182804
750,60000000	0,99229608
750,80000000	0,99141394
751,00000000	0,99251455
751,20000000	0,99145469
751,40000000	0,99297704
751,60000000	0,99192054
751,80000000	0,99299422
752,00000000	0,99166718
752,20000000	0,99347656
752,40000000	0,99201057
752,60000000	0,99335581
752,80000000	0,99204592
753,00000000	0,99330751
753,20000000	0,99277659
753,40000000	0,99294515
753,60000000	0,99321772
753,80000000	0,99329857
754,00000000	0,99347418
754,20000000	0,99328581
754,40000000	0,99323506
754,60000000	0,99352730
754,80000000	0,99380146
755,00000000	0,99379953
755,20000000	0,99456494
755,40000000	0,99403687
755,60000000	0,99495872
755,80000000	0,99446130
756,00000000	0,99477834
756,20000000	0,99445599
756,40000000	0,99470352
756,60000000	0,99444503
756,80000000	0,99540641
757,00000000	0,99504697
757,20000000	0,99548478
757,40000000	0,99515187
757,60000000	0,99519098
757,80000000	0,99574063
758,00000000	0,99568916
758,20000000	0,99607239
758,40000000	0,99582955
758,60000000	0,99617124
758,80000000	0,99649449
759,00000000	0,99616348
759,20000000	0,99661942
759,40000000	0,99638724
759,60000000	0,99653303
759,80000000	0,99674297
760,00000000	0,99685451
760,20000000	0,99711806
760,40000000	0,99709555
760,60000000	0,99753880
760,80000000	0,99727471
761,00000000	0,99719195
761,20000000	0,99733451
761,40000000	0,99773115
761,60000000	0,99684665
761,80000000	0,99807888
762,00000000	0,99755039
762,20000000	0,99785825
762,40000000	0,99777999
762,60000000	0,99798457
762,80000000	0,99774435
763,00000000	0,99813758
763,20000000	0,99801050
763,40000000	0,99829458
763,60000000	0,99812581
763,80000000	0,99869329
764,00000000	0,99843351
764,20000000	0,99848665
764,40000000	0,99857987
764,60000000	0,99871577
764,80000000	0,99857720
765,00000000	0,99876187
765,20000000	0,99851806
765,40000000	0,99897345
765,60000000	0,99877176
765,80000000	0,99885855
766,00000000	0,99895510
766,20000000	0,99890313
766,40000000	0,99899047
766,60000000	0,99917898
766,80000000	0,99905189
767,00000000	0,99922113
767,20000000	0,99907510
767,40000000	0,99934833
767,60000000	0,99915668
767,80000000	0,99926926
768,00000000	0,99911922
768,20000000	0,99926027
768,40000000	0,99928215
768,60000000	0,99953448
768,80000000	0,99939482
769,00000000	0,99948026
769,20000000	0,99936051
769,40000000	0,99930018
769,60000000	0,99951437
769,80000000	0,99943180
770,00000000	0,99943042
770,20000000	0,99945660
770,40000000	0,99938018
770,60000000	0,99952712
770,80000000	0,99940008
771,00000000	0,99956227
771,20000000	0,99955139
771,40000000	0,99948432
771,60000000	0,99957985
771,80000000	0,99959090
772,00000000	0,99950780
772,20000000	0,99956721
772,40000000	0,99952894
772,60000000	0,99943535
772,80000000	0,99951820
773,00000000	0,99942742
773,20000000	0,99960631
773,40000000	0,99948891
773,60000000	0,99968781
773,80000000	0,99952926
774,00000000	0,99955506
774,20000000	0,99952251
774,40000000	0,99950134
774,60000000	0,99960969
774,80000000	0,99961670
775,00000000	0,99955555
775,20000000	0,99948030
775,40000000	0,99948385
775,60000000	0,99952086
775,80000000	0,99939584
776,00000000	0,99957013
776,20000000	0,99948436
776,40000000	0,99958502
776,60000000	0,99951575
776,80000000	0,99958419
777,00000000	0,99945607
777,20000000	0,99954483
777,40000000	0,99935897
777,60000000	0,99950721
777,80000000	0,99955485
778,00000000	0,99942299
778,20000000	0,99951607
778,40000000	0,99941231
778,60000000	0,99939208
778,80000000	0,99937222
779,00000000	0,99928327
779,20000000	0,99937965
779,40000000	0,99931146
779,60000000	0,99937629
779,80000000	0,99934327
780,00000000	0,99922032
780,20000000	0,99929899
780,40000000	0,99920538
780,60000000	0,99899963
780,80000000	0,99911340
781,00000000	0,99907765
781,20000000	0,99916917
781,40000000	0,99922277
781,60000000	0,99913438
781,80000000	0,99887813
782,00000000	0,99908831
782,20000000	0,99902557
782,40000000	0,99873381
782,60000000	0,99885529
782,80000000	0,99886578
783,00000000	0,99878070
783,20000000	0,99859772
783,40000000	0,99877260
783,60000000	0,99849207
783,80000000	0,99859256
784,00000000	0,99865309
784,20000000	0,99852123
784,40000000	0,99837226
784,60000000	0,99847137
784,80000000	0,99827920
785,00000000	0,99820650
785,20000000	0,99808984
785,40000000	0,99797274
785,60000000	0,99790455
785,80000000	0,99782767
786,00000000	0,99797919
786,20000000	0,99791884
786,40000000	0,99757690
786,60000000	0,99756025
786,80000000	0,99766774
787,00000000	0,99749160
787,20000000	0,99736276
787,40000000	0,99714197
787,60000000	0,99717812
787,80000000	0,99715378
788,00000000	0,99702778
788,20000000	0,99671776
788,40000000	0,99659174
788,60000000	0,99679588
788,80000000	0,99634627
789,00000000	0,99662681
789,20000000	0,99657651
789,40000000	0,99649075
789,60000000	0,99622065
789,80000000	0,99623357
790,00000000	0,99603608
790,20000000	0,99588409
790,40000000	0,99557315
790,60000000	0,99596871
790,80000000	0,99555232
791,00000000	0,99593311
791,20000000	0,99527146
791,40000000	0,99549037
791,60000000	0,99574148
791,80000000	0,99476053
792,00000000	0,99509748
792,20000000	0,99471485
792,40000000	0,99475020
792,60000000	0,99450602
792,80000000	0,99461775
793,00000000	0,99473647
793,20000000	0,99424879
793,40000000	0,99440169
793,60000000	0,99439089
793,80000000	0,99412308
794,00000000	0,99383073
794,20000000	0,99441730
794,40000000	0,99417392
794,60000000	0,99363484
794,80000000	0,99324428
795,00000000	0,99318777
795,20000000	0,99374144
795,40000000	0,99358477
795,60000000	0,99321588
795,80000000	0,99291222
796,00000000	0,99321295
796,20000000	0,99345792
796,40000000	0,99266964
796,60000000	0,99267041
796,80000000	0,99286455
797,00000000	0,99294826
797,20000000	0,99257379
797,40000000	0,99273290
797,60000000	0,99196918
797,80000000	0,99213922
798,00000000	0,99205545
798,20000000	0,99215505
798,40000000	0,99214674
798,60000000	0,99206604
798,80000000	0,99209010
799,00000000	0,99244814
799,20000000	0,99186491
799,40000000	0,99187237
799,60000000	0,99112757
799,80000000	0,99108365
800,00000000	0,99211523
800,20000000	0,99132914
800,40000000	0,99164027
800,60000000	0,99128632
800,80000000	0,99141498
801,00000000	0,99100349
801,20000000	0,99125532
801,40000000	0,99042832
801,60000000	0,99106306
801,80000000	0,99106323
802,00000000	0,99124791
802,20000000	0,99148938
802,40000000	0,99042591
802,60000000	0,99067855
802,80000000	0,99039055
803,00000000	0,99103027
803,20000000	0,99108922
803,40000000	0,99022135
803,60000000	0,99092699
803,80000000	0,99003260
804,00000000	0,99012706
804,20000000	0,99066582
804,40000000	0,98949982
804,60000000	0,99039586
804,80000000	0,99024441
805,00000000	0,99039277
805,20000000	0,98999403
805,40000000	0,99020932
805,60000000	0,98952970
805,80000000	0,98993109
806,00000000	0,99012613
806,20000000	0,98973525
806,40000000	0,99050548
806,60000000	0,98905282
806,80000000	0,99028443
807,00000000	0,98976525
807,20000000	0,98890224
807,40000000	0,98951918
807,60000000	0,98869943
807,80000000	0,98991861
808,00000000	0,98913587
808,20000000	0,98890390
808,40000000	0,98978558
808,60000000	0,98893151
808,80000000	0,98945273
809,00000000	0,98866615
809,20000000	0,98878589
809,40000000	0,98850092
809,60000000	0,98947871
809,80000000	0,98834590
810,00000000	0,98876834
810,20000000	0,98878442
810,40000000	0,98848677
810,60000000	0,98877419
810,80000000	0,98857067
811,00000000	0,98775719
811,20000000	0,98900343
811,40000000	0,98803633
811,60000000	0,98857417
811,80000000	0,98749945
812,00000000	0,98876187
812,20000000	0,98831004
812,40000000	0,98762538
812,60000000	0,98781939
812,80000000	0,98791407
813,00000000	0,98824139
813,20000000	0,98730510
813,40000000	0,98779039
813,60000000	0,98703558
813,80000000	0,98775490
814,00000000	0,98702431
814,20000000	0,98791609
814,40000000	0,98773633
814,60000000	0,98722146
814,80000000	0,98678121
815,00000000	0,98657822
815,20000000	0,98691290
815,40000000	0,98770206
815,60000000	0,98627593
815,80000000	0,98726766
816,00000000	0,98622746
816,20000000	0,98687882
816,40000000	0,98608443
816,60000000	0,98616507
816,80000000	0,98629520
817,00000000	0,98652296
817,20000000	0,98663154
817,40000000	0,98547975
817,60000000	0,98634305
817,80000000	0,98575907
818,00000000	0,98562016
818,20000000	0,98525689
818,40000000	0,98569042
818,60000000	0,98558642
818,80000000	0,98554698
819,00000000	0,98532971
819,20000000	0,98551483
819,40000000	0,98451208
819,60000000	0,98490187
819,80000000	0,98439866
820,00000000	0,98409922
820,20000000	0,98355332
820,40000000	0,98438766
820,60000000	0,98351510
820,80000000	0,98469526
821,00000000	0,98333200
821,20000000	0,98273945
821,40000000	0,98293881
821,60000000	0,98295120
821,80000000	0,98289293
822,00000000	0,98229571
822,20000000	0,98207800
822,40000000	0,98259155
822,60000000	0,98264292
822,80000000	0,98158898
823,00000000	0,98156649
823,20000000	0,98145350
823,40000000	0,98173431
823,60000000	0,98057924
823,80000000	0,98047121
824,00000000	0,97987402
824,20000000	0,97994322
824,40000000	0,97969327
824,60000000	0,97981880
824,80000000	0,97985460
825,00000000	0,97918208
825,20000000	0,97833633
825,40000000	0,97876491
825,60000000	0,97781560
825,80000000	0,97803119
826,00000000	0,97734961
826,20000000	0,97526905
826,40000000	0,97598723
826,60000000	0,97636283
826,80000000	0,97609000
827,00000000	0,97568691
827,20000000	0,97551651
827,40000000	0,97535440
827,60000000	0,97460095
827,80000000	0,97374106
828,00000000	0,97438849
828,20000000	0,97256841
828,40000000	0,97315431
828,60000000	0,97142235
828,80000000	0,97139911
829,00000000	0,97045351
829,20000000	0,96934325
829,40000000	0,96933572
829,60000000	0,97006753
829,80000000	0,96897117
830,00000000	0,96927487
830,20000000	0,96737631
830,40000000	0,96669043
830,60000000	0,96763014
830,80000000	0,96697887
831,00000000	0,96672007
831,20000000	0,96545272
831,40000000	0,96531869
831,60000000	0,96589945
831,80000000	0,96352057
832,00000000	0,96296409
832,20000000	0,96163711
832,40000000	0,96208999
832,60000000	0,96022159
832,80000000	0,96051715
833,00000000	0,96277745
833,20000000	0,96055005
833,40000000	0,95950625
833,60000000	0,95802825
833,80000000	0,95607215
834,00000000	0,95706307
834,20000000	0,95623826
834,40000000	0,95634817
834,60000000	0,95744944
834,80000000	0,95598544
835,00000000	0,95505707
835,20000000	0,95453428
835,40000000	0,95253132
835,60000000	0,95397589
835,80000000	0,95258667
836,00000000	0,95204746
836,20000000	0,95279161
836,40000000	0,95139131
836,60000000	0,94936748
836,80000000	0,94756815
837,00000000	0,94918989
837,20000000	0,94775526
837,40000000	0,94860229
837,60000000	0,94746719
837,80000000	0,94740872
838,00000000	0,94818795
838,20000000	0,94625916
838,40000000	0,94608279
838,60000000	0,94476357
838,80000000	0,94395822
839,00000000	0,94279231
839,20000000	0,94545022
839,40000000	0,94527476
839,60000000	0,94389977
839,80000000	0,94467908
840,00000000	0,94116472
840,20000000	0,94115048
840,40000000	0,94244167
840,60000000	0,94208614
840,80000000	0,94104999
841,00000000	0,94169723
841,20000000	0,94112204
841,40000000	0,94241525
841,60000000	0,94106116
841,80000000	0,93896409
842,00000000	0,93998936
842,20000000	0,93874781
842,40000000	0,94118827
842,60000000	0,93963154
842,80000000	0,93901752
843,00000000	0,94092426
843,20000000	0,93828205
843,40000000	0,94145902
843,60000000	0,93824145
843,80000000	0,94040702
844,00000000	0,93934713
844,20000000	0,93861074
844,40000000	0,94013005
844,60000000	0,93973967
844,80000000	0,94094613
845,00000000	0,94002766
845,20000000	0,93780198
845,40000000	0,94037765
845,60000000	0,93926974
845,80000000	0,93939273
846,00000000	0,94123880
846,20000000	0,94017233
846,40000000	0,94005780
846,60000000	0,93981258
846,80000000	0,93957587
847,00000000	0,94336914
847,20000000	0,94029701
847,40000000	0,94218513
847,60000000	0,94120316
847,80000000	0,94125594
848,00000000	0,94371520
848,20000000	0,94206636
848,40000000	0,94532956
848,60000000	0,94215696
848,80000000	0,94402016
849,00000000	0,94546600
849,20000000	0,94438744
849,40000000	0,94652004
849,60000000	0,94452626
849,80000000	0,94708671
850,00000000	0,94641448
850,20000000	0,94646503
850,40000000	0,94880828
850,60000000	0,94848652
850,80000000	0,94810312
851,00000000	0,94919361
851,20000000	0,94973501
851,40000000	0,95085406
851,60000000	0,95108602
851,80000000	0,95121610
852,00000000	0,95368131
852,20000000	0,95185100
852,40000000	0,95344067
852,60000000	0,95309564
852,80000000	0,95481886
853,00000000	0,95485678
853,20000000	0,95465686
853,40000000	0,95806281
853,60000000	0,95533053
853,80000000	0,95737793
854,00000000	0,95682964
854,20000000	0,95867831
854,40000000	0,95952187
854,60000000	0,96029822
854,80000000	0,96118386
855,00000000	0,96129883
855,20000000	0,96141207
855,40000000	0,96196761
855,60000000	0,96197245
855,80000000	0,96428439
856,00000000	0,96528628
856,20000000	0,96614033
856,40000000	0,96633381
856,60000000	0,96478168
856,80000000	0,96614776
857,00000000	0,96694586
857,20000000	0,96718919
857,40000000	0,96949775
857,60000000	0,96896063
857,80000000	0,97011100
858,00000000	0,96803868
858,20000000	0,97067826
858,40000000	0,97048853
858,60000000	0,97285254
858,80000000	0,97170029
859,00000000	0,97218579
859,20000000	0,97155545
859,40000000	0,97454096
859,60000000	0,97353302
859,80000000	0,97574212
860,00000000	0,97407022
860,20000000	0,97668064
860,40000000	0,97504372
860,60000000	0,97810216
860,80000000	0,97591511
861,00000000	0,97809889
861,20000000	0,97651525
861,40000000	0,97936177
861,60000000	0,97862603
861,80000000	0,97890709
862,00000000	0,97826704
862,20000000	0,97863154
862,40000000	0,98026732
862,60000000	0,98035975
862,80000000	0,98061937
863,00000000	0,97962914
863,20000000	0,98136961
863,40000000	0,98113383
863,60000000	0,98156508
863,80000000	0,98312230
864,00000000	0,98042461
864,20000000	0,98496871
864,40000000	0,97939962
864,60000000	0,98664265
864,80000000	0,97902898
865,00000000	0,98803509
865,20000000	0,98044888
865,40000000	0,98744282
865,60000000	0,98124089
865,80000000	0,98676865
866,00000000	0,98273269
866,20000000	0,98572558
866,40000000	0,98445711
866,60000000	0,98591697
866,80000000	0,98531704
867,00000000	0,98516618
867,20000000	0,98592528
867,40000000	0,98508985
867,60000000	0,98627753
867,80000000	0,98635088
868,00000000	0,98635433
868,20000000	0,98707026
868,40000000	0,98525213
868,60000000	0,98670675
868,80000000	0,98598879
869,00000000	0,98809232
869,20000000	0,98658064
869,40000000	0,98737509
869,60000000	0,98675988
869,80000000	0,98728377
870,00000000	0,98873183
870,20000000	0,98697944
870,40000000	0,98768495
870,60000000	0,98688705
870,80000000	0,98806523
871,00000000	0,98852320
871,20000000	0,98739201
871,40000000	0,98825950
871,60000000	0,98730232
871,80000000	0,98862907
872,00000000	0,98744157
872,20000000	0,98910219
872,40000000	0,98718208
872,60000000	0,98851344
872,80000000	0,98811425
873,00000000	0,98895493
873,20000000	0,98749745
873,40000000	0,98838938
873,60000000	0,98870914
873,80000000	0,98943298
874,00000000	0,98849820
874,20000000	0,98790790
874,40000000	0,98820446
874,60000000	0,98855600
874,80000000	0,98946004
875,00000000	0,98809912
875,20000000	0,98857514
875,40000000	0,98745833
875,60000000	0,98997785
875,80000000	0,98836188
876,00000000	0,98980846
876,20000000	0,98720661
876,40000000	0,98995846
876,60000000	0,98786735
876,80000000	0,98973089
877,00000000	0,98743719
877,20000000	0,98937861
877,40000000	0,98768207
877,60000000	0,98912503
877,80000000	0,98897016
878,00000000	0,98907708
878,20000000	0,98867894
878,40000000	0,98823936
878,60000000	0,98883332
878,80000000	0,98835861
879,00000000	0,98889156
879,20000000	0,98772675
879,40000000	0,98918454
879,60000000	0,98667539
879,80000000	0,98898213
880,00000000	0,98769019
880,20000000	0,98883574
880,40000000	0,98795374
880,60000000	0,98772863
880,80000000	0,98669489
881,00000000	0,98825225
881,20000000	0,98741990
881,40000000	0,98770010
881,60000000	0,98626904
881,80000000	0,98656782
882,00000000	0,98732613
882,20000000	0,98648314
882,40000000	0,98673841
882,60000000	0,98542631
882,80000000	0,98699932
883,00000000	0,98505823
883,20000000	0,98598878
883,40000000	0,98489563
883,60000000	0,98672414
883,80000000	0,98439557
884,00000000	0,98541422
884,20000000	0,98518511
884,40000000	0,98365632
884,60000000	0,98565465
884,80000000	0,98399297
885,00000000	0,98412513
885,20000000	0,98327748
885,40000000	0,98391182
885,60000000	0,98234816
885,80000000	0,98405568
886,00000000	0,98251994
886,20000000	0,98311538
886,40000000	0,98216465
886,60000000	0,98177715
886,80000000	0,98221368
887,00000000	0,98117449
887,20000000	0,98144951
887,40000000	0,97948707
887,60000000	0,98129318
887,80000000	0,98075997
888,00000000	0,98072880
888,20000000	0,97926106
888,40000000	0,97894162
888,60000000	0,97978582
888,80000000	0,97922649
889,00000000	0,97937076
889,20000000	0,97834943
889,40000000	0,97882461
889,60000000	0,97761714
889,80000000	0,97853317
890,00000000	0,97713645
890,20000000	0,97715887
890,40000000	0,97656603
890,60000000	0,97671448
890,80000000	0,97690996
891,00000000	0,97633524
891,20000000	0,97667369
891,40000000	0,97652312
891,60000000	0,97673878
891,80000000	0,97504847
892,00000000	0,97466716
892,20000000	0,97512127
892,40000000	0,97563027
892,60000000	0,97500537
892,80000000	0,97466761
893,00000000	0,97466573
893,20000000	0,97425567
893,40000000	0,97531604
893,60000000	0,97369973
893,80000000	0,97358039
894,00000000	0,97282381
894,20000000	0,97459955
894,40000000	0,97408130
894,60000000	0,97323629
894,80000000	0,97347393
895,00000000	0,97337640
895,20000000	0,97315209
895,40000000	0,97354274
895,60000000	0,97353352
895,80000000	0,97337668
896,00000000	0,97383721
896,20000000	0,97265348
896,40000000	0,97325902
896,60000000	0,97338960
896,80000000	0,97274671
897,00000000	0,97405065
897,20000000	0,97324384
897,40000000	0,97281404
897,60000000	0,97289881
897,80000000	0,97394030
898,00000000	0,97401472
898,20000000	0,97283381
898,40000000	0,97339029
898,60000000	0,97430086
898,80000000	0,97373208
899,00000000	0,97371734
899,20000000	0,97416797
899,40000000	0,97433431
899,60000000	0,97480333
899,80000000	0,97450365
900,00000000	0,97480509
