200,00000000	0,89338899
200,20000000	0,87841426
200,40000000	0,89328322
200,60000000	0,89392917
200,80000000	0,88823590
201,00000000	0,88834439
201,20000000	0,87223265
201,40000000	0,86976028
201,60000000	0,90399809
201,80000000	0,87932711
202,00000000	0,86012937
202,20000000	0,88327030
202,40000000	0,88265926
202,60000000	0,88582721
202,80000000	0,88344595
203,00000000	0,86740520
203,20000000	0,88170962
203,40000000	0,88897692
203,60000000	0,89086495
203,80000000	0,90132200
204,00000000	0,89081176
204,20000000	0,89958262
204,40000000	0,90587990
204,60000000	0,90929632
204,80000000	0,89772483
205,00000000	0,91524562
205,20000000	0,89731980
205,40000000	0,90659130
205,60000000	0,92535945
205,80000000	0,92744300
206,00000000	0,93579030
206,20000000	0,92410508
206,40000000	0,92926638
206,60000000	0,93236348
206,80000000	0,92932263
207,00000000	0,92637647
207,20000000	0,92794652
207,40000000	0,92742453
207,60000000	0,91676450
207,80000000	0,92238426
208,00000000	0,90612832
208,20000000	0,91276800
208,40000000	0,92964755
208,60000000	0,91589407
208,80000000	0,89323773
209,00000000	0,90269076
209,20000000	0,89417892
209,40000000	0,91112575
209,60000000	0,90217837
209,80000000	0,89938963
210,00000000	0,88349992
210,20000000	0,87699194
210,40000000	0,85569014
210,60000000	0,88724357
210,80000000	0,88119998
211,00000000	0,88088358
211,20000000	0,87460363
211,40000000	0,86119165
211,60000000	0,87116030
211,80000000	0,85946700
212,00000000	0,87055956
212,20000000	0,87469404
212,40000000	0,86887474
212,60000000	0,85324866
212,80000000	0,87056377
213,00000000	0,86404691
213,20000000	0,88286440
213,40000000	0,88783658
213,60000000	0,87587783
213,80000000	0,87719842
214,00000000	0,87268702
214,20000000	0,88637135
214,40000000	0,90477221
214,60000000	0,90556194
214,80000000	0,89152255
215,00000000	0,89638316
215,20000000	0,89244228
215,40000000	0,90153439
215,60000000	0,90247779
215,80000000	0,91088655
216,00000000	0,91212943
216,20000000	0,90973512
216,40000000	0,89880589
216,60000000	0,89917993
216,80000000	0,90320163
217,00000000	0,90100923
217,20000000	0,89824910
217,40000000	0,88798886
217,60000000	0,89209925
217,80000000	0,88419929
218,00000000	0,88795543
218,20000000	0,88414677
218,40000000	0,87724895
218,60000000	0,86169527
218,80000000	0,85981492
219,00000000	0,85791832
219,20000000	0,86054530
219,40000000	0,86766619
219,60000000	0,86909204
219,80000000	0,86047497
220,00000000	0,86250269
220,20000000	0,85447032
220,40000000	0,85907816
220,60000000	0,85170461
220,80000000	0,86182662
221,00000000	0,85639154
221,20000000	0,85825825
221,40000000	0,86732613
221,60000000	0,86699294
221,80000000	0,86280972
222,00000000	0,86678686
222,20000000	0,86637845
222,40000000	0,87916842
222,60000000	0,87816859
222,80000000	0,86926979
223,00000000	0,87584892
223,20000000	0,87721949
223,40000000	0,87431736
223,60000000	0,88295964
223,80000000	0,89282346
224,00000000	0,88847063
224,20000000	0,88138160
224,40000000	0,88481762
224,60000000	0,87988027
224,80000000	0,88089504
225,00000000	0,88618942
225,20000000	0,86498811
225,40000000	0,86502287
225,60000000	0,86800636
225,80000000	0,86431551
226,00000000	0,85824551
226,20000000	0,85226093
226,40000000	0,84677471
226,60000000	0,84190598
226,80000000	0,84454369
227,00000000	0,85898531
227,20000000	0,84474719
227,40000000	0,84161669
227,60000000	0,83668178
227,80000000	0,83244276
228,00000000	0,82784898
228,20000000	0,84447163
228,40000000	0,84601558
228,60000000	0,84394745
228,80000000	0,83747202
229,00000000	0,83720325
229,20000000	0,84464821
229,40000000	0,84163396
229,60000000	0,84620877
229,80000000	0,84559549
230,00000000	0,85397867
230,20000000	0,84711252
230,40000000	0,85198822
230,60000000	0,85263681
230,80000000	0,84814135
231,00000000	0,84860055
231,20000000	0,85414663
231,40000000	0,85821213
231,60000000	0,84581812
231,80000000	0,84868468
232,00000000	0,83608343
232,20000000	0,83996955
232,40000000	0,83533143
232,60000000	0,83451807
232,80000000	0,83778014
233,00000000	0,82733168
233,20000000	0,83544098
233,40000000	0,82619282
233,60000000	0,82137339
233,80000000	0,82023647
234,00000000	0,82236233
234,20000000	0,81746411
234,40000000	0,81725490
234,60000000	0,82577494
234,80000000	0,82497138
235,00000000	0,82362424
235,20000000	0,81705071
235,40000000	0,82225927
235,60000000	0,83481855
235,80000000	0,83209750
236,00000000	0,84220281
236,20000000	0,83679936
236,40000000	0,83890733
236,60000000	0,83678115
236,80000000	0,84124121
237,00000000	0,84018484
237,20000000	0,84906228
237,40000000	0,85218544
237,60000000	0,84564062
237,80000000	0,85431156
238,00000000	0,84228516
238,20000000	0,85120422
238,40000000	0,85142743
238,60000000	0,84705427
238,80000000	0,84894479
239,00000000	0,83615636
239,20000000	0,84222680
239,40000000	0,84176580
239,60000000	0,84298044
239,80000000	0,84195478
240,00000000	0,84238755
240,20000000	0,84186484
240,40000000	0,84104739
240,60000000	0,84681900
240,80000000	0,84155488
241,00000000	0,84792547
241,20000000	0,84648336
241,40000000	0,85132823
241,60000000	0,84576303
241,80000000	0,84894615
242,00000000	0,84669252
242,20000000	0,84826811
242,40000000	0,84804041
242,60000000	0,84785279
242,80000000	0,84922685
243,00000000	0,84238178
243,20000000	0,84326643
243,40000000	0,84423175
243,60000000	0,83728252
243,80000000	0,84100216
244,00000000	0,83766399
244,20000000	0,83602940
244,40000000	0,83259632
244,60000000	0,83274301
244,80000000	0,83135598
245,00000000	0,83247478
245,20000000	0,83635843
245,40000000	0,83162886
245,60000000	0,83280015
245,80000000	0,83473021
246,00000000	0,83075032
246,20000000	0,82879527
246,40000000	0,83468554
246,60000000	0,83019374
246,80000000	0,83563795
247,00000000	0,83311053
247,20000000	0,83179211
247,40000000	0,82675413
247,60000000	0,83098657
247,80000000	0,82562800
248,00000000	0,82587019
248,20000000	0,82819043
248,40000000	0,82311777
248,60000000	0,82054341
248,80000000	0,81773744
249,00000000	0,81925557
249,20000000	0,81997976
249,40000000	0,81662775
249,60000000	0,82259249
249,80000000	0,81282288
250,00000000	0,80822432
250,20000000	0,81441760
250,40000000	0,81872025
250,60000000	0,81465380
250,80000000	0,81567660
251,00000000	0,82079462
251,20000000	0,82067228
251,40000000	0,81518456
251,60000000	0,80936475
251,80000000	0,81504144
252,00000000	0,81448050
252,20000000	0,81444002
252,40000000	0,81196036
252,60000000	0,81207559
252,80000000	0,81338749
253,00000000	0,81114289
253,20000000	0,81141288
253,40000000	0,81324868
253,60000000	0,80927461
253,80000000	0,81095088
254,00000000	0,81180250
254,20000000	0,81840796
254,40000000	0,81788006
254,60000000	0,81909039
254,80000000	0,81590450
255,00000000	0,81708904
255,20000000	0,82007592
255,40000000	0,81674705
255,60000000	0,81161492
255,80000000	0,81233070
256,00000000	0,80788306
256,20000000	0,81283567
256,40000000	0,81245463
256,60000000	0,81222007
256,80000000	0,80468635
257,00000000	0,80717997
257,20000000	0,80388071
257,40000000	0,80199193
257,60000000	0,80685335
257,80000000	0,80036582
258,00000000	0,79769390
258,20000000	0,80329276
258,40000000	0,79864640
258,60000000	0,79481324
258,80000000	0,78841300
259,00000000	0,79106443
259,20000000	0,78758009
259,40000000	0,78031118
259,60000000	0,77776093
259,80000000	0,78188010
260,00000000	0,78222805
260,20000000	0,77558406
260,40000000	0,77222244
260,60000000	0,77012343
260,80000000	0,77002145
261,00000000	0,76699524
261,20000000	0,76617256
261,40000000	0,76514159
261,60000000	0,76702051
261,80000000	0,76515825
262,00000000	0,76502135
262,20000000	0,75736434
262,40000000	0,75717841
262,60000000	0,75838137
262,80000000	0,76081559
263,00000000	0,75736810
263,20000000	0,74572096
263,40000000	0,74678395
263,60000000	0,74804001
263,80000000	0,74945454
264,00000000	0,74077242
264,20000000	0,74051695
264,40000000	0,73750811
264,60000000	0,73521777
264,80000000	0,73010669
265,00000000	0,72907952
265,20000000	0,72951926
265,40000000	0,72992052
265,60000000	0,71844634
265,80000000	0,71562701
266,00000000	0,72125719
266,20000000	0,71648377
266,40000000	0,71817558
266,60000000	0,71272402
266,80000000	0,71310328
267,00000000	0,70936591
267,20000000	0,70340880
267,40000000	0,70077985
267,60000000	0,70168658
267,80000000	0,70205337
268,00000000	0,70221357
268,20000000	0,69616286
268,40000000	0,69754372
268,60000000	0,69752252
268,80000000	0,69853678
269,00000000	0,69218596
269,20000000	0,69690570
269,40000000	0,69750639
269,60000000	0,69880237
269,80000000	0,69835451
270,00000000	0,70046073
270,20000000	0,70311908
270,40000000	0,70590897
270,60000000	0,70565262
270,80000000	0,70044332
271,00000000	0,69706674
271,20000000	0,69436046
271,40000000	0,69293489
271,60000000	0,69335411
271,80000000	0,69570205
272,00000000	0,69405965
272,20000000	0,68983493
272,40000000	0,68628598
272,60000000	0,68522053
272,80000000	0,68325240
273,00000000	0,68113019
273,20000000	0,67510780
273,40000000	0,67967609
273,60000000	0,67540662
273,80000000	0,66954308
274,00000000	0,66928932
274,20000000	0,66973551
274,40000000	0,66214911
274,60000000	0,65873729
274,80000000	0,66285665
275,00000000	0,66572744
275,20000000	0,66602387
275,40000000	0,67003385
275,60000000	0,66527366
275,80000000	0,66206756
276,00000000	0,66705225
276,20000000	0,66775730
276,40000000	0,66605765
276,60000000	0,65829436
276,80000000	0,65197865
277,00000000	0,65214840
277,20000000	0,65561815
277,40000000	0,64775914
277,60000000	0,64134759
277,80000000	0,63813614
278,00000000	0,62715133
278,20000000	0,62859078
278,40000000	0,63143839
278,60000000	0,62296927
278,80000000	0,61448616
279,00000000	0,61083173
279,20000000	0,61300853
279,40000000	0,60956959
279,60000000	0,61021581
279,80000000	0,61128039
280,00000000	0,60707304
280,20000000	0,60809557
280,40000000	0,61394803
280,60000000	0,60482222
280,80000000	0,60819351
281,00000000	0,60870749
281,20000000	0,60500622
281,40000000	0,60306478
281,60000000	0,60082569
281,80000000	0,60197026
282,00000000	0,59757423
282,20000000	0,59418592
282,40000000	0,59472325
282,60000000	0,59632134
282,80000000	0,58817012
283,00000000	0,57773917
283,20000000	0,57171046
283,40000000	0,56962311
283,60000000	0,56344586
283,80000000	0,55936690
284,00000000	0,54743129
284,20000000	0,54100257
284,40000000	0,53181398
284,60000000	0,52371035
284,80000000	0,51755244
285,00000000	0,50927707
285,20000000	0,50776304
285,40000000	0,49700831
285,60000000	0,48869786
285,80000000	0,48572473
286,00000000	0,47167175
286,20000000	0,45954031
286,40000000	0,45564326
286,60000000	0,44363763
286,80000000	0,43772104
287,00000000	0,42871666
287,20000000	0,41938732
287,40000000	0,41483339
287,60000000	0,40941230
287,80000000	0,39607492
288,00000000	0,39388774
288,20000000	0,38872471
288,40000000	0,37549690
288,60000000	0,37297024
288,80000000	0,36769635
289,00000000	0,35964537
289,20000000	0,35419047
289,40000000	0,35477464
289,60000000	0,34857943
289,80000000	0,34685323
290,00000000	0,34447396
290,20000000	0,34143554
290,40000000	0,33445515
290,60000000	0,33092219
290,80000000	0,33329716
291,00000000	0,32575426
291,20000000	0,31772054
291,40000000	0,31261021
291,60000000	0,31030768
291,80000000	0,31251282
292,00000000	0,31068934
292,20000000	0,30536386
292,40000000	0,30706528
292,60000000	0,30091205
292,80000000	0,29889326
293,00000000	0,29526999
293,20000000	0,28943866
293,40000000	0,28799672
293,60000000	0,29164452
293,80000000	0,28266905
294,00000000	0,27770696
294,20000000	0,27928453
294,40000000	0,27807433
294,60000000	0,28413730
294,80000000	0,28518623
295,00000000	0,27630215
295,20000000	0,27403248
295,40000000	0,26749631
295,60000000	0,26709253
295,80000000	0,26789885
296,00000000	0,26671238
296,20000000	0,26757154
296,40000000	0,26251938
296,60000000	0,26002466
296,80000000	0,26071351
297,00000000	0,26119257
297,20000000	0,25878523
297,40000000	0,25876864
297,60000000	0,25974516
297,80000000	0,25665512
298,00000000	0,25790604
298,20000000	0,25513278
298,40000000	0,25362218
298,60000000	0,25297419
298,80000000	0,25174837
299,00000000	0,25522315
299,20000000	0,25411979
299,40000000	0,24858761
299,60000000	0,24836271
299,80000000	0,24640403
300,00000000	0,24576549
300,20000000	0,24815975
300,40000000	0,24626045
300,60000000	0,24381289
300,80000000	0,24474268
301,00000000	0,24528413
301,20000000	0,24300164
301,40000000	0,23807623
301,60000000	0,23954239
301,80000000	0,23853468
302,00000000	0,23834773
302,20000000	0,23864712
302,40000000	0,23861313
302,60000000	0,23800940
302,80000000	0,23612550
303,00000000	0,23814410
303,20000000	0,23714553
303,40000000	0,23539766
303,60000000	0,23290523
303,80000000	0,23632466
304,00000000	0,23640651
304,20000000	0,23435008
304,40000000	0,23221909
304,60000000	0,23333186
304,80000000	0,23416066
305,00000000	0,23195443
305,20000000	0,23394348
305,40000000	0,23202238
305,60000000	0,23097742
305,80000000	0,22864935
306,00000000	0,22763285
306,20000000	0,22953864
306,40000000	0,22793417
306,60000000	0,22587448
306,80000000	0,22445265
307,00000000	0,22199331
307,20000000	0,22130007
307,40000000	0,22278622
307,60000000	0,22190311
307,80000000	0,22013736
308,00000000	0,22245612
308,20000000	0,22341399
308,40000000	0,22435771
308,60000000	0,22394299
308,80000000	0,22418532
309,00000000	0,22225062
309,20000000	0,22223021
309,40000000	0,22239529
309,60000000	0,22008876
309,80000000	0,21661130
310,00000000	0,21916081
310,20000000	0,22159458
310,40000000	0,21982005
310,60000000	0,21855541
310,80000000	0,21765066
311,00000000	0,21629470
311,20000000	0,21714842
311,40000000	0,21601748
311,60000000	0,21521109
311,80000000	0,21544049
312,00000000	0,21549976
312,20000000	0,21485729
312,40000000	0,21390084
312,60000000	0,21351163
312,80000000	0,21342010
313,00000000	0,21360923
313,20000000	0,21446328
313,40000000	0,21577236
313,60000000	0,21508936
313,80000000	0,21438895
314,00000000	0,21097612
314,20000000	0,20947468
314,40000000	0,21096051
314,60000000	0,20992738
314,80000000	0,21029281
315,00000000	0,21012671
315,20000000	0,21242140
315,40000000	0,21321157
315,60000000	0,21068394
315,80000000	0,21107257
316,00000000	0,20985297
316,20000000	0,21148682
316,40000000	0,20942885
316,60000000	0,20846032
316,80000000	0,20936893
317,00000000	0,20766079
317,20000000	0,20923037
317,40000000	0,20942547
317,60000000	0,20782372
317,80000000	0,20799685
318,00000000	0,20987599
318,20000000	0,21090755
318,40000000	0,20911644
318,60000000	0,20694761
318,80000000	0,20774802
319,00000000	0,20864532
319,20000000	0,20817448
319,40000000	0,20698603
319,60000000	0,20658858
319,80000000	0,20684917
320,00000000	0,20671984
320,20000000	0,20428899
320,40000000	0,20202441
320,60000000	0,20365939
320,80000000	0,20674717
321,00000000	0,20725910
321,20000000	0,20449187
321,40000000	0,20244884
321,60000000	0,20222050
321,80000000	0,20236457
322,00000000	0,20364828
322,20000000	0,20302882
322,40000000	0,20330500
322,60000000	0,20412455
322,80000000	0,20511142
323,00000000	0,20522995
323,20000000	0,20252491
323,40000000	0,20203671
323,60000000	0,20294566
323,80000000	0,20335220
324,00000000	0,20329350
324,20000000	0,20298320
324,40000000	0,20279889
324,60000000	0,20289435
324,80000000	0,20224309
325,00000000	0,20030946
325,20000000	0,20006119
325,40000000	0,20161362
325,60000000	0,20224496
325,80000000	0,20116779
326,00000000	0,20016718
326,20000000	0,19906205
326,40000000	0,19946396
326,60000000	0,19923846
326,80000000	0,19927414
327,00000000	0,20033713
327,20000000	0,19970234
327,40000000	0,19976946
327,60000000	0,20026279
327,80000000	0,19834174
328,00000000	0,19748892
328,20000000	0,19806102
328,40000000	0,19908929
328,60000000	0,19907698
328,80000000	0,19875487
329,00000000	0,19745109
329,20000000	0,19789881
329,40000000	0,19839894
329,60000000	0,19809029
329,80000000	0,19756081
330,00000000	0,19695602
330,20000000	0,19678336
330,40000000	0,19684031
330,60000000	0,19638719
330,80000000	0,19614818
331,00000000	0,19568982
331,20000000	0,19542622
331,40000000	0,19597378
331,60000000	0,19590846
331,80000000	0,19617773
332,00000000	0,19728271
332,20000000	0,19676365
332,40000000	0,19570868
332,60000000	0,19539107
332,80000000	0,19606392
333,00000000	0,19559281
333,20000000	0,19471848
333,40000000	0,19551034
333,60000000	0,19543517
333,80000000	0,19464864
334,00000000	0,19446974
334,20000000	0,19435353
334,40000000	0,19370842
334,60000000	0,19384547
334,80000000	0,19498424
335,00000000	0,19467304
335,20000000	0,19411702
335,40000000	0,19372112
335,60000000	0,19273115
335,80000000	0,19252082
336,00000000	0,19270341
336,20000000	0,19325420
336,40000000	0,19406292
336,60000000	0,19339981
336,80000000	0,19279174
337,00000000	0,19268631
337,20000000	0,19254592
337,40000000	0,19278249
337,60000000	0,19209966
337,80000000	0,19217118
338,00000000	0,19265009
338,20000000	0,19205308
338,40000000	0,19163455
338,60000000	0,19179665
338,80000000	0,19260894
339,00000000	0,19207302
339,20000000	0,19167482
339,40000000	0,19229371
339,60000000	0,19105040
339,80000000	0,19100228
340,00000000	0,19161402
340,20000000	0,19141510
340,40000000	0,19126389
340,60000000	0,19071208
340,80000000	0,19139121
341,00000000	0,19165100
341,20000000	0,19084104
341,40000000	0,19110591
341,60000000	0,19086685
341,80000000	0,19040571
342,00000000	0,19023952
342,20000000	0,18978621
342,40000000	0,19011533
342,60000000	0,19022475
342,80000000	0,18928909
343,00000000	0,18908646
343,20000000	0,18881236
343,40000000	0,18864910
343,60000000	0,18841129
343,80000000	0,18822168
344,00000000	0,18852958
344,20000000	0,18857242
344,40000000	0,18838409
344,60000000	0,18797777
344,80000000	0,18786521
345,00000000	0,18762693
345,20000000	0,18736182
345,40000000	0,18736052
345,60000000	0,18722543
345,80000000	0,18698795
346,00000000	0,18704479
346,20000000	0,18694561
346,40000000	0,18655823
346,60000000	0,18666373
346,80000000	0,18675614
347,00000000	0,18646275
347,20000000	0,18594192
347,40000000	0,18609596
347,60000000	0,18642830
347,80000000	0,18603730
348,00000000	0,18552129
348,20000000	0,18548299
348,40000000	0,18598402
348,60000000	0,18555212
348,80000000	0,18494359
349,00000000	0,18491542
349,20000000	0,18461084
349,40000000	0,18475518
349,60000000	0,18490394
349,80000000	0,18468125
350,00000000	0,18474129
350,20000000	0,18438348
350,40000000	0,18433708
350,60000000	0,18449504
350,80000000	0,18374361
351,00000000	0,18373482
351,20000000	0,18378753
351,40000000	0,18346701
351,60000000	0,18383646
351,80000000	0,18361540
352,00000000	0,18344687
352,20000000	0,18376383
352,40000000	0,18333149
352,60000000	0,18330208
352,80000000	0,18316552
353,00000000	0,18255839
353,20000000	0,18279679
353,40000000	0,18247244
353,60000000	0,18195397
353,80000000	0,18247742
354,00000000	0,18227511
354,20000000	0,18195774
354,40000000	0,18200482
354,60000000	0,18177378
354,80000000	0,18199533
355,00000000	0,18193307
355,20000000	0,18186866
355,40000000	0,18214962
355,60000000	0,18154065
355,80000000	0,18095306
356,00000000	0,18077121
356,20000000	0,18034089
356,40000000	0,18034095
356,60000000	0,18012676
356,80000000	0,17982275
357,00000000	0,17969335
357,20000000	0,17964031
357,40000000	0,17978380
357,60000000	0,17966706
357,80000000	0,17972897
358,00000000	0,18015881
358,20000000	0,17985487
358,40000000	0,17939909
358,60000000	0,17939035
358,80000000	0,17944442
359,00000000	0,17901962
359,20000000	0,17812303
359,40000000	0,17797971
359,60000000	0,17822171
359,80000000	0,17771474
360,00000000	0,17724055
360,20000000	0,17719584
360,40000000	0,17713055
360,60000000	0,17688829
360,80000000	0,17680101
361,00000000	0,17680258
361,20000000	0,17687444
361,40000000	0,17691871
361,60000000	0,17714371
361,80000000	0,17683117
362,00000000	0,17567573
362,20000000	0,17595113
362,40000000	0,17650117
362,60000000	0,17677114
362,80000000	0,17637145
363,00000000	0,17597819
363,20000000	0,17584757
363,40000000	0,17474953
363,60000000	0,17432211
363,80000000	0,17551546
364,00000000	0,17582305
364,20000000	0,17530361
364,40000000	0,17571753
364,60000000	0,17538844
364,80000000	0,17504001
365,00000000	0,17521205
365,20000000	0,17477840
365,40000000	0,17424319
365,60000000	0,17435106
365,80000000	0,17457980
366,00000000	0,17469922
366,20000000	0,17457513
366,40000000	0,17375084
366,60000000	0,17452764
366,80000000	0,17497811
367,00000000	0,17465731
367,20000000	0,17448074
367,40000000	0,17345504
367,60000000	0,17286116
367,80000000	0,17312539
368,00000000	0,17272928
368,20000000	0,17188169
368,40000000	0,17166137
368,60000000	0,17162351
368,80000000	0,17310183
369,00000000	0,17420123
369,20000000	0,17307308
369,40000000	0,17146599
369,60000000	0,17106953
369,80000000	0,17175660
370,00000000	0,17219042
370,20000000	0,17269188
370,40000000	0,17154866
370,60000000	0,16994033
370,80000000	0,16976214
371,00000000	0,17051481
371,20000000	0,17110308
371,40000000	0,17169129
371,60000000	0,17135503
371,80000000	0,17019156
372,00000000	0,17026329
372,20000000	0,17022634
372,40000000	0,17018207
372,60000000	0,17089350
372,80000000	0,17084757
373,00000000	0,17128546
373,20000000	0,17026588
373,40000000	0,16885013
373,60000000	0,17025841
373,80000000	0,17097523
374,00000000	0,17039924
374,20000000	0,17012432
374,40000000	0,17094096
374,60000000	0,17087362
374,80000000	0,17092257
375,00000000	0,17210130
375,20000000	0,17134751
375,40000000	0,16964388
375,60000000	0,17019872
375,80000000	0,17171600
376,00000000	0,17187749
376,20000000	0,16989052
376,40000000	0,16780119
376,60000000	0,16956998
376,80000000	0,17197410
377,00000000	0,17094660
377,20000000	0,17083627
377,40000000	0,17162610
377,60000000	0,16965524
377,80000000	0,16779717
378,00000000	0,16927861
378,20000000	0,17153413
378,40000000	0,17116776
378,60000000	0,16898528
378,80000000	0,16774065
379,00000000	0,16870835
379,20000000	0,16927037
379,40000000	0,17013793
379,60000000	0,17028611
379,80000000	0,16807517
380,00000000	0,16638279
380,20000000	0,16797540
380,40000000	0,17006570
380,60000000	0,17008334
380,80000000	0,16867864
381,00000000	0,16769594
381,20000000	0,16788707
381,40000000	0,16866590
381,60000000	0,16973341
381,80000000	0,16938177
382,00000000	0,17072430
382,20000000	0,17129377
382,40000000	0,16931019
382,60000000	0,16921682
382,80000000	0,16953466
383,00000000	0,16851953
383,20000000	0,16799595
383,40000000	0,16852049
383,60000000	0,17038156
383,80000000	0,17108054
384,00000000	0,16942899
384,20000000	0,16779515
384,40000000	0,16794301
384,60000000	0,16751278
384,80000000	0,16774299
385,00000000	0,17068739
385,20000000	0,17085043
385,40000000	0,16897261
385,60000000	0,16900727
385,80000000	0,17008922
386,00000000	0,16984869
386,20000000	0,16816285
386,40000000	0,16840442
386,60000000	0,17166998
386,80000000	0,17244380
387,00000000	0,16856880
387,20000000	0,16604407
387,40000000	0,16736129
387,60000000	0,16956449
387,80000000	0,17014271
388,00000000	0,16920757
388,20000000	0,16905166
388,40000000	0,17033103
388,60000000	0,17124050
388,80000000	0,17028416
389,00000000	0,16944301
389,20000000	0,17298934
389,40000000	0,17379288
389,60000000	0,17036322
389,80000000	0,16800918
390,00000000	0,16642619
390,20000000	0,16989666
390,40000000	0,17373281
390,60000000	0,17266574
390,80000000	0,16955026
391,00000000	0,16875752
391,20000000	0,17091057
391,40000000	0,17104616
391,60000000	0,17013011
391,80000000	0,17006585
392,00000000	0,17100405
392,20000000	0,17286912
392,40000000	0,17237223
392,60000000	0,17117080
392,80000000	0,17211449
393,00000000	0,17296650
393,20000000	0,17380462
393,40000000	0,17440213
393,60000000	0,17337847
393,80000000	0,17103167
394,00000000	0,16975322
394,20000000	0,17167422
394,40000000	0,17209241
394,60000000	0,17132040
394,80000000	0,17135605
395,00000000	0,16985923
395,20000000	0,16773328
395,40000000	0,16745736
395,60000000	0,16806132
395,80000000	0,17011855
396,00000000	0,17075437
396,20000000	0,17085804
396,40000000	0,17266411
396,60000000	0,17111326
396,80000000	0,16954903
397,00000000	0,17207777
397,20000000	0,17461063
397,40000000	0,17262562
397,60000000	0,16972512
397,80000000	0,17035136
398,00000000	0,17091281
398,20000000	0,17073539
398,40000000	0,17309695
398,60000000	0,17313033
398,80000000	0,17110459
399,00000000	0,17108272
399,20000000	0,17041707
399,40000000	0,17186743
399,60000000	0,17412129
399,80000000	0,17440995
400,00000000	0,17365523
400,20000000	0,17337680
400,40000000	0,17593159
400,60000000	0,17600742
400,80000000	0,17324896
401,00000000	0,17403875
401,20000000	0,17421331
401,40000000	0,17287080
401,60000000	0,17283968
401,80000000	0,17384909
402,00000000	0,17622580
402,20000000	0,17637871
402,40000000	0,17478655
402,60000000	0,17417171
402,80000000	0,17273643
403,00000000	0,17292212
403,20000000	0,17666220
403,40000000	0,18006622
403,60000000	0,18055515
403,80000000	0,17923079
404,00000000	0,17947997
404,20000000	0,18020799
404,40000000	0,17775446
404,60000000	0,17443636
404,80000000	0,17666704
405,00000000	0,17496798
405,20000000	0,16931333
405,40000000	0,17286434
405,60000000	0,17736632
405,80000000	0,17777558
406,00000000	0,17859238
406,20000000	0,17947708
406,40000000	0,17700064
406,60000000	0,17616452
406,80000000	0,17902377
407,00000000	0,17776151
407,20000000	0,17474692
407,40000000	0,17456142
407,60000000	0,17475393
407,80000000	0,17791491
408,00000000	0,18351304
408,20000000	0,18438936
408,40000000	0,18185425
408,60000000	0,17970642
408,80000000	0,18067123
409,00000000	0,18126768
409,20000000	0,18029022
409,40000000	0,18173868
409,60000000	0,18132838
409,80000000	0,18073872
410,00000000	0,18275034
410,20000000	0,18479615
410,40000000	0,18815260
410,60000000	0,18792214
410,80000000	0,18481641
411,00000000	0,18370531
411,20000000	0,18255698
411,40000000	0,18254467
411,60000000	0,18405938
411,80000000	0,18599242
412,00000000	0,18619551
412,20000000	0,18433909
412,40000000	0,18418407
412,60000000	0,18475190
412,80000000	0,18334085
413,00000000	0,17989472
413,20000000	0,17826576
413,40000000	0,18141039
413,60000000	0,18425389
413,80000000	0,18686883
414,00000000	0,18870310
414,20000000	0,18737768
414,40000000	0,18751271
414,60000000	0,18698558
414,80000000	0,18585683
415,00000000	0,18340870
415,20000000	0,18412851
415,40000000	0,18927719
415,60000000	0,18888686
415,80000000	0,18907572
416,00000000	0,19024190
416,20000000	0,18890498
416,40000000	0,19225385
416,60000000	0,19364539
416,80000000	0,19079626
417,00000000	0,19325790
417,20000000	0,19743608
417,40000000	0,19657730
417,60000000	0,19421314
417,80000000	0,19656934
418,00000000	0,19884975
418,20000000	0,19675375
418,40000000	0,19595000
418,60000000	0,19814600
418,80000000	0,20018964
419,00000000	0,19787234
419,20000000	0,19636070
419,40000000	0,19783060
419,60000000	0,19601505
419,80000000	0,19856937
420,00000000	0,20216472
420,20000000	0,20099645
420,40000000	0,20233075
420,60000000	0,20715804
420,80000000	0,20893030
421,00000000	0,20332859
421,20000000	0,20094785
421,40000000	0,20702541
421,60000000	0,20953712
421,80000000	0,20811487
422,00000000	0,20997105
422,20000000	0,21219436
422,40000000	0,21251130
422,60000000	0,21293621
422,80000000	0,21313941
423,00000000	0,21140034
423,20000000	0,21129250
423,40000000	0,21177553
423,60000000	0,21336345
423,80000000	0,21745322
424,00000000	0,22091822
424,20000000	0,22096501
424,40000000	0,21902065
424,60000000	0,22121503
424,80000000	0,22182397
425,00000000	0,21936738
425,20000000	0,21919995
425,40000000	0,22026092
425,60000000	0,22202334
425,80000000	0,22355156
426,00000000	0,22620335
426,20000000	0,22827002
426,40000000	0,23014934
426,60000000	0,23168545
426,80000000	0,23091296
427,00000000	0,23339886
427,20000000	0,23689267
427,40000000	0,23659040
427,60000000	0,23890619
427,80000000	0,24148701
428,00000000	0,24018718
428,20000000	0,23725315
428,40000000	0,23684685
428,60000000	0,24267063
428,80000000	0,24575812
429,00000000	0,24607394
429,20000000	0,24894106
429,40000000	0,25462421
429,60000000	0,26300028
429,80000000	0,26507427
430,00000000	0,25984648
430,20000000	0,26124613
430,40000000	0,26316879
430,60000000	0,26135592
430,80000000	0,26473958
431,00000000	0,26904560
431,20000000	0,27342574
431,40000000	0,27926847
431,60000000	0,28191518
431,80000000	0,28091781
432,00000000	0,28188790
432,20000000	0,28620748
432,40000000	0,28847523
432,60000000	0,29164721
432,80000000	0,29976266
433,00000000	0,29978006
433,20000000	0,29678483
433,40000000	0,30222983
433,60000000	0,30696823
433,80000000	0,30824811
434,00000000	0,31112678
434,20000000	0,31906022
434,40000000	0,32621177
434,60000000	0,32967265
434,80000000	0,33612390
435,00000000	0,34456848
435,20000000	0,35302571
435,40000000	0,35792244
435,60000000	0,35690383
435,80000000	0,36076510
436,00000000	0,36823782
436,20000000	0,37530091
436,40000000	0,38557479
436,60000000	0,39706730
436,80000000	0,40396753
437,00000000	0,40921720
437,20000000	0,42015217
437,40000000	0,42997100
437,60000000	0,43319017
437,80000000	0,43241565
438,00000000	0,43527640
438,20000000	0,44723712
438,40000000	0,46454023
438,60000000	0,47793778
438,80000000	0,48795940
439,00000000	0,49648274
439,20000000	0,50182320
439,40000000	0,50772033
439,60000000	0,51446549
439,80000000	0,52507262
440,00000000	0,53611276
440,20000000	0,54303079
440,40000000	0,55201392
440,60000000	0,56312358
440,80000000	0,57096905
441,00000000	0,57950410
441,20000000	0,58787750
441,40000000	0,59114948
441,60000000	0,59553621
441,80000000	0,60477703
442,00000000	0,61270148
442,20000000	0,61913859
442,40000000	0,62921023
442,60000000	0,63770314
442,80000000	0,63961462
443,00000000	0,64013688
443,20000000	0,64393790
443,40000000	0,65364033
443,60000000	0,66372634
443,80000000	0,66722120
444,00000000	0,67235230
444,20000000	0,68264356
444,40000000	0,69177205
444,60000000	0,69688627
444,80000000	0,69825441
445,00000000	0,70381762
445,20000000	0,71209780
445,40000000	0,71404680
445,60000000	0,71488864
445,80000000	0,71821194
446,00000000	0,72225463
446,20000000	0,72549352
446,40000000	0,72640648
446,60000000	0,72711241
446,80000000	0,73179576
447,00000000	0,73625820
447,20000000	0,73693065
447,40000000	0,73838230
447,60000000	0,74210877
447,80000000	0,74606072
448,00000000	0,75023003
448,20000000	0,75436467
448,40000000	0,75962319
448,60000000	0,76611146
448,80000000	0,77130417
449,00000000	0,77517091
449,20000000	0,77725350
449,40000000	0,77980730
449,60000000	0,78257957
449,80000000	0,78363297
450,00000000	0,78533277
450,20000000	0,78872019
450,40000000	0,79114318
450,60000000	0,79275315
450,80000000	0,79281155
451,00000000	0,79122307
451,20000000	0,79194259
451,40000000	0,79491883
451,60000000	0,79476102
451,80000000	0,79172761
452,00000000	0,79194452
452,20000000	0,79185843
452,40000000	0,79145305
452,60000000	0,79491932
452,80000000	0,79706889
453,00000000	0,79497798
453,20000000	0,79299469
453,40000000	0,79551773
453,60000000	0,80038070
453,80000000	0,80286995
454,00000000	0,80449720
454,20000000	0,80646912
454,40000000	0,80829058
454,60000000	0,81004734
454,80000000	0,81352938
455,00000000	0,81887086
455,20000000	0,82100515
455,40000000	0,82196673
455,60000000	0,82453542
455,80000000	0,82754561
456,00000000	0,82976636
456,20000000	0,82994844
456,40000000	0,83080875
456,60000000	0,83300253
456,80000000	0,83494452
457,00000000	0,83494114
457,20000000	0,83359870
457,40000000	0,83419702
457,60000000	0,83433906
457,80000000	0,83362273
458,00000000	0,83359440
458,20000000	0,83257584
458,40000000	0,82992335
458,60000000	0,82756714
458,80000000	0,82551476
459,00000000	0,82500408
459,20000000	0,82845096
459,40000000	0,83207496
459,60000000	0,83224783
459,80000000	0,83134088
460,00000000	0,83229817
460,20000000	0,83410777
460,40000000	0,83523336
460,60000000	0,83786376
460,80000000	0,84346091
461,00000000	0,84639730
461,20000000	0,84668101
461,40000000	0,85148867
461,60000000	0,85885271
461,80000000	0,86297862
462,00000000	0,86575488
462,20000000	0,87011946
462,40000000	0,87296584
462,60000000	0,87608780
462,80000000	0,88038283
463,00000000	0,88367844
463,20000000	0,88575431
463,40000000	0,88677592
463,60000000	0,88928264
463,80000000	0,89259317
464,00000000	0,89460484
464,20000000	0,89528976
464,40000000	0,89524238
464,60000000	0,89546360
464,80000000	0,89471186
465,00000000	0,89356441
465,20000000	0,89345383
465,40000000	0,89273231
465,60000000	0,89089412
465,80000000	0,89075790
466,00000000	0,89193245
466,20000000	0,89095904
466,40000000	0,88856095
466,60000000	0,88752037
466,80000000	0,88666954
467,00000000	0,88556828
467,20000000	0,88409752
467,40000000	0,88442785
467,60000000	0,88603293
467,80000000	0,88669909
468,00000000	0,88731470
468,20000000	0,88812517
468,40000000	0,88878342
468,60000000	0,89084818
468,80000000	0,89237844
469,00000000	0,89291570
469,20000000	0,89654806
469,40000000	0,90108071
469,60000000	0,90396356
469,80000000	0,90452745
470,00000000	0,90689882
470,20000000	0,91147622
470,40000000	0,91466467
470,60000000	0,91733876
470,80000000	0,91925805
471,00000000	0,92112132
471,20000000	0,92521005
471,40000000	0,92991495
471,60000000	0,93139967
471,80000000	0,93164702
472,00000000	0,93325602
472,20000000	0,93536822
472,40000000	0,93790396
472,60000000	0,93956537
472,80000000	0,94044225
473,00000000	0,93977080
473,20000000	0,93772082
473,40000000	0,93826516
473,60000000	0,93919787
473,80000000	0,93761361
474,00000000	0,93435363
474,20000000	0,93218887
474,40000000	0,93156639
474,60000000	0,92975731
474,80000000	0,92810446
475,00000000	0,92696549
475,20000000	0,92376166
475,40000000	0,92076332
475,60000000	0,92031196
475,80000000	0,91894511
476,00000000	0,91652811
476,20000000	0,91545275
476,40000000	0,91455870
476,60000000	0,91366012
476,80000000	0,91318915
477,00000000	0,91220096
477,20000000	0,91189195
477,40000000	0,91239226
477,60000000	0,91450837
477,80000000	0,91534775
478,00000000	0,91444520
478,20000000	0,91401877
478,40000000	0,91452321
478,60000000	0,91623004
478,80000000	0,91844455
479,00000000	0,92171054
479,20000000	0,92424845
479,40000000	0,92541929
479,60000000	0,92728475
479,80000000	0,93092434
480,00000000	0,93342910
480,20000000	0,93419482
480,40000000	0,93804413
480,60000000	0,94297363
480,80000000	0,94508602
481,00000000	0,94613341
481,20000000	0,94843668
481,40000000	0,95202380
481,60000000	0,95391702
481,80000000	0,95476555
482,00000000	0,95664561
482,20000000	0,95864533
482,40000000	0,95958336
482,60000000	0,96066736
482,80000000	0,96159208
483,00000000	0,96143886
483,20000000	0,96086546
483,40000000	0,96067218
483,60000000	0,96107265
483,80000000	0,96023202
484,00000000	0,95828767
484,20000000	0,95740286
484,40000000	0,95655518
484,60000000	0,95464159
484,80000000	0,95263766
485,00000000	0,95071158
485,20000000	0,94820371
485,40000000	0,94628668
485,60000000	0,94468545
485,80000000	0,94266998
486,00000000	0,94068833
486,20000000	0,93928870
486,40000000	0,93737300
486,60000000	0,93467604
486,80000000	0,93240697
487,00000000	0,93181622
487,20000000	0,92920923
487,40000000	0,92756420
487,60000000	0,92718487
487,80000000	0,92488165
488,00000000	0,92374138
488,20000000	0,92358125
488,40000000	0,92434346
488,60000000	0,92277087
488,80000000	0,92364383
489,00000000	0,92544000
489,20000000	0,92562725
489,40000000	0,92601017
489,60000000	0,92766723
489,80000000	0,92873392
490,00000000	0,92819955
490,20000000	0,92981968
490,40000000	0,93000971
490,60000000	0,93070661
490,80000000	0,93457202
491,00000000	0,93681114
491,20000000	0,93672501
491,40000000	0,93879310
491,60000000	0,94135722
491,80000000	0,94084259
492,00000000	0,94288124
492,20000000	0,94577986
492,40000000	0,94716083
492,60000000	0,94818908
492,80000000	0,95122435
493,00000000	0,95324074
493,20000000	0,95365161
493,40000000	0,95462416
493,60000000	0,95610294
493,80000000	0,95807589
494,00000000	0,95896903
494,20000000	0,96002589
494,40000000	0,96032630
494,60000000	0,96028794
494,80000000	0,96015199
495,00000000	0,95986872
495,20000000	0,95957168
495,40000000	0,95952397
495,60000000	0,96074454
495,80000000	0,96006272
496,00000000	0,95893799
496,20000000	0,95816417
496,40000000	0,95682959
496,60000000	0,95565179
496,80000000	0,95460056
497,00000000	0,95334384
497,20000000	0,95182477
497,40000000	0,95101034
497,60000000	0,95017795
497,80000000	0,94881673
498,00000000	0,94647875
498,20000000	0,94508382
498,40000000	0,94377591
498,60000000	0,94216629
498,80000000	0,94054177
499,00000000	0,93954329
499,20000000	0,93897889
499,40000000	0,93843642
499,60000000	0,93903516
499,80000000	0,93823783
500,00000000	0,93701085
500,20000000	0,93734609
500,40000000	0,93737323
500,60000000	0,93657788
500,80000000	0,93674079
501,00000000	0,93766488
501,20000000	0,93772119
501,40000000	0,93847698
501,60000000	0,93814523
501,80000000	0,93894636
502,00000000	0,94097124
502,20000000	0,94288505
502,40000000	0,94460405
502,60000000	0,94598124
502,80000000	0,94769102
503,00000000	0,94948089
503,20000000	0,95061910
503,40000000	0,95136732
503,60000000	0,95321568
503,80000000	0,95626540
504,00000000	0,95870859
504,20000000	0,95872959
504,40000000	0,96004287
504,60000000	0,96257619
504,80000000	0,96404142
505,00000000	0,96579131
505,20000000	0,96763756
505,40000000	0,96964228
505,60000000	0,97094105
505,80000000	0,97213655
506,00000000	0,97312510
506,20000000	0,97401157
506,40000000	0,97520660
506,60000000	0,97714349
506,80000000	0,97764396
507,00000000	0,97798594
507,20000000	0,97841860
507,40000000	0,97841027
507,60000000	0,97909750
507,80000000	0,97935961
508,00000000	0,97909354
508,20000000	0,97859512
508,40000000	0,97805170
508,60000000	0,97741483
508,80000000	0,97622249
509,00000000	0,97502501
509,20000000	0,97528044
509,40000000	0,97476540
509,60000000	0,97312953
509,80000000	0,97173960
510,00000000	0,97013704
510,20000000	0,96859111
510,40000000	0,96667236
510,60000000	0,96569045
510,80000000	0,96442254
511,00000000	0,96307712
511,20000000	0,96105126
511,40000000	0,95876532
511,60000000	0,95633644
511,80000000	0,95563742
512,00000000	0,95518284
512,20000000	0,95418248
512,40000000	0,95267289
512,60000000	0,95076220
512,80000000	0,95007064
513,00000000	0,94872530
513,20000000	0,94761547
513,40000000	0,94730382
513,60000000	0,94709961
513,80000000	0,94535618
514,00000000	0,94449475
514,20000000	0,94402778
514,40000000	0,94361699
514,60000000	0,94403832
514,80000000	0,94481482
515,00000000	0,94570790
515,20000000	0,94522305
515,40000000	0,94620833
515,60000000	0,94697539
515,80000000	0,94771312
516,00000000	0,94848422
516,20000000	0,95026558
516,40000000	0,95131140
516,60000000	0,95183897
516,80000000	0,95201150
517,00000000	0,95334057
517,20000000	0,95612009
517,40000000	0,95867108
517,60000000	0,95983489
517,80000000	0,96019769
518,00000000	0,96101007
518,20000000	0,96117522
518,40000000	0,96397235
518,60000000	0,96764112
518,80000000	0,96915698
519,00000000	0,96931037
519,20000000	0,97134369
519,40000000	0,97314640
519,60000000	0,97572084
519,80000000	0,97781363
520,00000000	0,97971402
520,20000000	0,98085555
520,40000000	0,98173437
520,60000000	0,98291907
520,80000000	0,98483807
521,00000000	0,98655779
521,20000000	0,98767273
521,40000000	0,98817758
521,60000000	0,98807407
521,80000000	0,98811545
522,00000000	0,98868429
522,20000000	0,98983427
522,40000000	0,98989062
522,60000000	0,98925740
522,80000000	0,98881227
523,00000000	0,98805161
523,20000000	0,98760457
523,40000000	0,98748980
523,60000000	0,98813854
523,80000000	0,98774548
524,00000000	0,98616342
524,20000000	0,98463378
524,40000000	0,98413506
524,60000000	0,98355741
524,80000000	0,98326180
525,00000000	0,98254048
525,20000000	0,98105405
525,40000000	0,97995472
525,60000000	0,97895666
525,80000000	0,97762299
526,00000000	0,97688612
526,20000000	0,97640742
526,40000000	0,97443801
526,60000000	0,97217908
526,80000000	0,97004389
527,00000000	0,96829428
527,20000000	0,96801117
527,40000000	0,96763749
527,60000000	0,96434838
527,80000000	0,96130401
528,00000000	0,95977471
528,20000000	0,96087747
528,40000000	0,96162971
528,60000000	0,95974533
528,80000000	0,95672597
529,00000000	0,95603946
529,20000000	0,95646507
529,40000000	0,95662597
529,60000000	0,95662086
529,80000000	0,95609428
530,00000000	0,95419706
530,20000000	0,95363460
530,40000000	0,95438956
530,60000000	0,95525144
530,80000000	0,95576363
531,00000000	0,95602510
531,20000000	0,95520163
531,40000000	0,95489121
531,60000000	0,95577890
531,80000000	0,95747526
532,00000000	0,95977142
532,20000000	0,95977032
532,40000000	0,95926874
532,60000000	0,96140628
532,80000000	0,96294202
533,00000000	0,96319815
533,20000000	0,96511877
533,40000000	0,96588986
533,60000000	0,96403516
533,80000000	0,96529610
534,00000000	0,96838503
534,20000000	0,96888248
534,40000000	0,97019782
534,60000000	0,97164882
534,80000000	0,97238408
535,00000000	0,97441166
535,20000000	0,97726631
535,40000000	0,97798841
535,60000000	0,97876472
535,80000000	0,97967401
536,00000000	0,98017212
536,20000000	0,98211479
536,40000000	0,98393313
536,60000000	0,98437752
536,80000000	0,98542025
537,00000000	0,98619342
537,20000000	0,98582265
537,40000000	0,98685449
537,60000000	0,98845550
537,80000000	0,98794118
538,00000000	0,98791472
538,20000000	0,98886881
538,40000000	0,98916129
538,60000000	0,98946450
538,80000000	0,99006406
539,00000000	0,98916226
539,20000000	0,98879778
539,40000000	0,98961101
539,60000000	0,98879428
539,80000000	0,98760891
540,00000000	0,98849330
540,20000000	0,98852568
540,40000000	0,98687375
540,60000000	0,98620538
540,80000000	0,98586385
541,00000000	0,98573648
541,20000000	0,98568033
541,40000000	0,98421019
541,60000000	0,98246517
541,80000000	0,98209227
542,00000000	0,98156930
542,20000000	0,98090123
542,40000000	0,97991586
542,60000000	0,97784297
542,80000000	0,97642939
543,00000000	0,97705460
543,20000000	0,97618410
543,40000000	0,97543043
543,60000000	0,97551494
543,80000000	0,97430677
544,00000000	0,97248550
544,20000000	0,97100880
544,40000000	0,97023718
544,60000000	0,97073677
544,80000000	0,97008075
545,00000000	0,96907715
545,20000000	0,96918447
545,40000000	0,96867269
545,60000000	0,96748305
545,80000000	0,96743791
546,00000000	0,96676706
546,20000000	0,96538358
546,40000000	0,96653939
546,60000000	0,96692628
546,80000000	0,96627054
547,00000000	0,96695315
547,20000000	0,96617522
547,40000000	0,96551872
547,60000000	0,96726796
547,80000000	0,96686560
548,00000000	0,96553519
548,20000000	0,96633871
548,40000000	0,96630143
548,60000000	0,96606536
548,80000000	0,96820066
549,00000000	0,96856587
549,20000000	0,96888124
549,40000000	0,97027529
549,60000000	0,96928080
549,80000000	0,96931108
550,00000000	0,97105002
550,20000000	0,97163491
550,40000000	0,97283230
550,60000000	0,97338340
550,80000000	0,97333776
551,00000000	0,97441562
551,20000000	0,97612362
551,40000000	0,97672592
551,60000000	0,97716358
551,80000000	0,97760109
552,00000000	0,97841148
552,20000000	0,97979843
552,40000000	0,98009548
552,60000000	0,98072988
552,80000000	0,98293903
553,00000000	0,98349030
553,20000000	0,98281902
553,40000000	0,98351803
553,60000000	0,98434087
553,80000000	0,98503629
554,00000000	0,98577994
554,20000000	0,98619932
554,40000000	0,98638383
554,60000000	0,98720381
554,80000000	0,98754828
555,00000000	0,98759154
555,20000000	0,98797350
555,40000000	0,98877304
555,60000000	0,98848588
555,80000000	0,98791666
556,00000000	0,98789730
556,20000000	0,98868659
556,40000000	0,98854738
556,60000000	0,98828782
556,80000000	0,98848122
557,00000000	0,98802335
557,20000000	0,98716674
557,40000000	0,98689110
557,60000000	0,98624691
557,80000000	0,98604565
558,00000000	0,98623177
558,20000000	0,98587670
558,40000000	0,98505790
558,60000000	0,98488049
558,80000000	0,98416559
559,00000000	0,98356048
559,20000000	0,98327637
559,40000000	0,98225703
559,60000000	0,98089360
559,80000000	0,98044370
560,00000000	0,98021137
560,20000000	0,97962307
560,40000000	0,97943064
560,60000000	0,97945934
560,80000000	0,97842754
561,00000000	0,97701720
561,20000000	0,97647399
561,40000000	0,97701268
561,60000000	0,97625093
561,80000000	0,97561591
562,00000000	0,97543458
562,20000000	0,97428643
562,40000000	0,97406479
562,60000000	0,97413828
562,80000000	0,97276153
563,00000000	0,97199032
563,20000000	0,97235613
563,40000000	0,97222008
563,60000000	0,97215654
563,80000000	0,97265924
564,00000000	0,97269776
564,20000000	0,97254890
564,40000000	0,97154570
564,60000000	0,97125309
564,80000000	0,97128807
565,00000000	0,97124535
565,20000000	0,97157361
565,40000000	0,97192920
565,60000000	0,97247061
565,80000000	0,97305670
566,00000000	0,97288768
566,20000000	0,97379792
566,40000000	0,97440731
566,60000000	0,97381119
566,80000000	0,97417692
567,00000000	0,97533292
567,20000000	0,97547640
567,40000000	0,97672591
567,60000000	0,97808573
567,80000000	0,97771306
568,00000000	0,97800831
568,20000000	0,97895264
568,40000000	0,97916664
568,60000000	0,98048069
568,80000000	0,98131286
569,00000000	0,98122338
569,20000000	0,98203775
569,40000000	0,98290498
569,60000000	0,98331661
569,80000000	0,98456801
570,00000000	0,98499767
570,20000000	0,98578237
570,40000000	0,98628476
570,60000000	0,98665445
570,80000000	0,98790067
571,00000000	0,98880463
571,20000000	0,98917822
571,40000000	0,98930070
571,60000000	0,98988499
571,80000000	0,99068097
572,00000000	0,99098701
572,20000000	0,99161663
572,40000000	0,99236453
572,60000000	0,99272855
572,80000000	0,99310110
573,00000000	0,99358365
573,20000000	0,99404692
573,40000000	0,99414639
573,60000000	0,99411804
573,80000000	0,99411791
574,00000000	0,99446124
574,20000000	0,99483432
574,40000000	0,99510651
574,60000000	0,99538547
574,80000000	0,99528222
575,00000000	0,99492545
575,20000000	0,99497674
575,40000000	0,99478305
575,60000000	0,99482922
575,80000000	0,99490628
576,00000000	0,99421461
576,20000000	0,99407059
576,40000000	0,99446599
576,60000000	0,99418860
576,80000000	0,99342916
577,00000000	0,99297491
577,20000000	0,99258169
577,40000000	0,99234058
577,60000000	0,99215098
577,80000000	0,99201575
578,00000000	0,99206249
578,20000000	0,99160711
578,40000000	0,99045992
578,60000000	0,99010465
578,80000000	0,98937900
579,00000000	0,98885146
579,20000000	0,98912087
579,40000000	0,98855565
579,60000000	0,98791827
579,80000000	0,98779585
580,00000000	0,98721968
580,20000000	0,98705340
580,40000000	0,98619877
580,60000000	0,98533204
580,80000000	0,98543037
581,00000000	0,98523389
581,20000000	0,98493897
581,40000000	0,98505148
581,60000000	0,98464672
581,80000000	0,98371424
582,00000000	0,98304498
582,20000000	0,98294570
582,40000000	0,98307517
582,60000000	0,98303485
582,80000000	0,98249995
583,00000000	0,98288157
583,20000000	0,98274350
583,40000000	0,98251592
583,60000000	0,98247810
583,80000000	0,98233823
584,00000000	0,98229201
584,20000000	0,98254027
584,40000000	0,98224905
584,60000000	0,98292267
584,80000000	0,98321700
585,00000000	0,98238232
585,20000000	0,98269688
585,40000000	0,98324626
585,60000000	0,98290432
585,80000000	0,98358642
586,00000000	0,98385708
586,20000000	0,98354306
586,40000000	0,98431223
586,60000000	0,98447430
586,80000000	0,98454024
587,00000000	0,98485040
587,20000000	0,98497663
587,40000000	0,98601146
587,60000000	0,98677367
587,80000000	0,98684029
588,00000000	0,98740672
588,20000000	0,98759532
588,40000000	0,98757553
588,60000000	0,98816188
588,80000000	0,98828627
589,00000000	0,98826813
589,20000000	0,98893448
589,40000000	0,98961589
589,60000000	0,99031060
589,80000000	0,99068934
590,00000000	0,99080098
590,20000000	0,99103665
590,40000000	0,99123261
590,60000000	0,99153162
590,80000000	0,99234915
591,00000000	0,99270907
591,20000000	0,99305143
591,40000000	0,99335228
591,60000000	0,99284110
591,80000000	0,99321064
592,00000000	0,99371166
592,20000000	0,99392539
592,40000000	0,99411113
592,60000000	0,99424535
592,80000000	0,99434282
593,00000000	0,99472746
593,20000000	0,99472050
593,40000000	0,99477630
593,60000000	0,99486166
593,80000000	0,99465432
594,00000000	0,99477137
594,20000000	0,99513715
594,40000000	0,99493436
594,60000000	0,99473205
594,80000000	0,99473183
595,00000000	0,99454286
595,20000000	0,99447191
595,40000000	0,99429483
595,60000000	0,99407846
595,80000000	0,99418044
596,00000000	0,99393888
596,20000000	0,99384993
596,40000000	0,99350056
596,60000000	0,99312372
596,80000000	0,99298196
597,00000000	0,99275994
597,20000000	0,99227052
597,40000000	0,99229785
597,60000000	0,99182047
597,80000000	0,99131654
598,00000000	0,99138631
598,20000000	0,99075373
598,40000000	0,99072152
598,60000000	0,99034119
598,80000000	0,98971754
599,00000000	0,98974493
599,20000000	0,98927019
599,40000000	0,98865725
599,60000000	0,98875102
599,80000000	0,98817120
600,00000000	0,98739517
600,20000000	0,98734991
600,40000000	0,98745673
600,60000000	0,98714786
600,80000000	0,98663536
601,00000000	0,98572345
601,20000000	0,98559072
601,40000000	0,98526555
601,60000000	0,98513396
601,80000000	0,98533303
602,00000000	0,98502814
602,20000000	0,98500911
602,40000000	0,98490710
602,60000000	0,98422897
602,80000000	0,98408565
603,00000000	0,98423064
603,20000000	0,98422181
603,40000000	0,98442826
603,60000000	0,98459916
603,80000000	0,98444070
604,00000000	0,98434436
604,20000000	0,98463023
604,40000000	0,98480607
604,60000000	0,98439572
604,80000000	0,98445956
605,00000000	0,98493394
605,20000000	0,98501462
605,40000000	0,98526996
605,60000000	0,98519595
605,80000000	0,98485625
606,00000000	0,98509082
606,20000000	0,98615950
606,40000000	0,98669848
606,60000000	0,98670061
606,80000000	0,98708063
607,00000000	0,98681421
607,20000000	0,98687031
607,40000000	0,98788394
607,60000000	0,98815877
607,80000000	0,98790337
608,00000000	0,98825720
608,20000000	0,98921623
608,40000000	0,98941618
608,60000000	0,98903733
608,80000000	0,98913693
609,00000000	0,98976250
609,20000000	0,99033114
609,40000000	0,99129161
609,60000000	0,99154382
609,80000000	0,99130765
610,00000000	0,99191040
610,20000000	0,99258147
610,40000000	0,99281212
610,60000000	0,99322068
610,80000000	0,99385994
611,00000000	0,99422506
611,20000000	0,99427515
611,40000000	0,99418128
611,60000000	0,99444786
611,80000000	0,99504615
612,00000000	0,99547038
612,20000000	0,99576496
612,40000000	0,99598102
612,60000000	0,99599321
612,80000000	0,99631393
613,00000000	0,99656374
613,20000000	0,99631520
613,40000000	0,99666605
613,60000000	0,99716739
613,80000000	0,99738438
614,00000000	0,99741730
614,20000000	0,99725244
614,40000000	0,99705966
614,60000000	0,99716171
614,80000000	0,99713558
615,00000000	0,99696633
615,20000000	0,99703395
615,40000000	0,99700282
615,60000000	0,99685261
615,80000000	0,99662692
616,00000000	0,99647943
616,20000000	0,99625875
616,40000000	0,99600312
616,60000000	0,99578363
616,80000000	0,99535540
617,00000000	0,99499932
617,20000000	0,99465719
617,40000000	0,99436255
617,60000000	0,99390575
617,80000000	0,99357985
618,00000000	0,99322832
618,20000000	0,99270125
618,40000000	0,99253716
618,60000000	0,99221192
618,80000000	0,99168107
619,00000000	0,99099657
619,20000000	0,99060055
619,40000000	0,99020221
619,60000000	0,98968803
619,80000000	0,98928289
620,00000000	0,98845495
620,20000000	0,98770012
620,40000000	0,98708644
620,60000000	0,98716061
620,80000000	0,98681622
621,00000000	0,98642418
621,20000000	0,98592210
621,40000000	0,98566429
621,60000000	0,98485162
621,80000000	0,98381635
622,00000000	0,98327333
622,20000000	0,98326924
622,40000000	0,98306877
622,60000000	0,98196359
622,80000000	0,98134356
623,00000000	0,98146591
623,20000000	0,98117634
623,40000000	0,98075346
623,60000000	0,98002066
623,80000000	0,97950870
624,00000000	0,97999595
624,20000000	0,97928883
624,40000000	0,97859590
624,60000000	0,97843467
624,80000000	0,97869450
625,00000000	0,97838523
625,20000000	0,97782298
625,40000000	0,97813375
625,60000000	0,97814150
625,80000000	0,97820446
626,00000000	0,97814879
626,20000000	0,97798166
626,40000000	0,97863210
626,60000000	0,97894386
626,80000000	0,97867461
627,00000000	0,97868189
627,20000000	0,97837813
627,40000000	0,97869020
627,60000000	0,97952535
627,80000000	0,97958224
628,00000000	0,97985006
628,20000000	0,98004898
628,40000000	0,98000655
628,60000000	0,98014461
628,80000000	0,98011404
629,00000000	0,98045544
629,20000000	0,98126465
629,40000000	0,98202293
629,60000000	0,98246792
629,80000000	0,98253797
630,00000000	0,98332057
630,20000000	0,98346267
630,40000000	0,98361742
630,60000000	0,98390041
630,80000000	0,98455213
631,00000000	0,98575860
631,20000000	0,98612684
631,40000000	0,98625206
631,60000000	0,98725536
631,80000000	0,98806098
632,00000000	0,98870258
632,20000000	0,98913794
632,40000000	0,98935346
632,60000000	0,99030412
632,80000000	0,99095112
633,00000000	0,99108060
633,20000000	0,99172837
633,40000000	0,99234729
633,60000000	0,99262309
633,80000000	0,99312838
634,00000000	0,99357673
634,20000000	0,99417257
634,40000000	0,99477299
634,60000000	0,99500507
634,80000000	0,99530900
635,00000000	0,99571368
635,20000000	0,99611226
635,40000000	0,99653930
635,60000000	0,99665672
635,80000000	0,99698885
636,00000000	0,99742907
636,20000000	0,99759061
636,40000000	0,99767603
636,60000000	0,99794434
636,80000000	0,99813478
637,00000000	0,99829251
637,20000000	0,99837394
637,40000000	0,99837739
637,60000000	0,99838691
637,80000000	0,99845942
638,00000000	0,99841962
638,20000000	0,99822876
638,40000000	0,99806567
638,60000000	0,99808969
638,80000000	0,99796396
639,00000000	0,99769769
639,20000000	0,99743638
639,40000000	0,99721364
639,60000000	0,99690990
639,80000000	0,99639438
640,00000000	0,99614658
640,20000000	0,99597378
640,40000000	0,99581468
640,60000000	0,99530243
640,80000000	0,99469401
641,00000000	0,99412299
641,20000000	0,99386966
641,40000000	0,99323772
641,60000000	0,99276047
641,80000000	0,99277899
642,00000000	0,99238847
642,20000000	0,99142292
642,40000000	0,99075368
642,60000000	0,99038448
642,80000000	0,99022552
643,00000000	0,98950226
643,20000000	0,98861663
643,40000000	0,98811963
643,60000000	0,98777294
643,80000000	0,98714971
644,00000000	0,98645576
644,20000000	0,98610844
644,40000000	0,98601086
644,60000000	0,98533191
644,80000000	0,98464755
645,00000000	0,98460631
645,20000000	0,98395570
645,40000000	0,98391197
645,60000000	0,98372083
645,80000000	0,98260403
646,00000000	0,98231320
646,20000000	0,98201248
646,40000000	0,98130082
646,60000000	0,98154418
646,80000000	0,98174812
647,00000000	0,98163801
647,20000000	0,98111007
647,40000000	0,98062089
647,60000000	0,98024092
647,80000000	0,98080234
648,00000000	0,98074461
648,20000000	0,98042286
648,40000000	0,98038087
648,60000000	0,98017127
648,80000000	0,97968928
649,00000000	0,98011998
649,20000000	0,98029953
649,40000000	0,98100596
649,60000000	0,98148158
649,80000000	0,98061075
650,00000000	0,98066852
650,20000000	0,98139277
650,40000000	0,98129258
650,60000000	0,98182852
650,80000000	0,98257033
651,00000000	0,98230722
651,20000000	0,98235001
651,40000000	0,98309231
651,60000000	0,98392713
651,80000000	0,98446192
652,00000000	0,98450679
652,20000000	0,98447608
652,40000000	0,98532173
652,60000000	0,98543829
652,80000000	0,98628018
653,00000000	0,98699499
653,20000000	0,98697209
653,40000000	0,98726630
653,60000000	0,98754622
653,80000000	0,98780161
654,00000000	0,98848141
654,20000000	0,98916230
654,40000000	0,98965454
654,60000000	0,98998147
654,80000000	0,99035056
655,00000000	0,99085398
655,20000000	0,99136451
655,40000000	0,99149797
655,60000000	0,99205620
655,80000000	0,99260928
656,00000000	0,99272791
656,20000000	0,99308628
656,40000000	0,99378624
656,60000000	0,99411849
656,80000000	0,99411048
657,00000000	0,99430365
657,20000000	0,99456208
657,40000000	0,99505987
657,60000000	0,99516659
657,80000000	0,99536696
658,00000000	0,99543797
658,20000000	0,99542678
658,40000000	0,99559226
658,60000000	0,99580155
658,80000000	0,99574894
659,00000000	0,99574160
659,20000000	0,99587449
659,40000000	0,99553020
659,60000000	0,99537264
659,80000000	0,99554680
660,00000000	0,99541506
660,20000000	0,99518696
660,40000000	0,99480772
660,60000000	0,99451114
660,80000000	0,99450598
661,00000000	0,99406601
661,20000000	0,99376751
661,40000000	0,99335277
661,60000000	0,99288890
661,80000000	0,99222554
662,00000000	0,99187017
662,20000000	0,99194770
662,40000000	0,99159345
662,60000000	0,99057556
662,80000000	0,99032630
663,00000000	0,98984583
663,20000000	0,98940544
663,40000000	0,98895596
663,60000000	0,98822305
663,80000000	0,98777884
664,00000000	0,98716532
664,20000000	0,98675287
664,40000000	0,98622646
664,60000000	0,98551078
664,80000000	0,98534227
665,00000000	0,98454827
665,20000000	0,98340550
665,40000000	0,98346355
665,60000000	0,98314820
665,80000000	0,98261719
666,00000000	0,98207587
666,20000000	0,98099070
666,40000000	0,98053803
666,60000000	0,98061854
666,80000000	0,98056851
667,00000000	0,97999984
667,20000000	0,97913782
667,40000000	0,97887675
667,60000000	0,97829710
667,80000000	0,97774899
668,00000000	0,97822207
668,20000000	0,97815899
668,40000000	0,97758498
668,60000000	0,97695357
668,80000000	0,97687027
669,00000000	0,97650360
669,20000000	0,97682009
669,40000000	0,97648707
669,60000000	0,97643236
669,80000000	0,97624570
670,00000000	0,97637480
670,20000000	0,97670878
670,40000000	0,97683372
670,60000000	0,97645124
670,80000000	0,97637277
671,00000000	0,97639504
671,20000000	0,97691031
671,40000000	0,97720241
671,60000000	0,97721210
671,80000000	0,97734930
672,00000000	0,97780674
672,20000000	0,97799681
672,40000000	0,97819617
672,60000000	0,97904109
672,80000000	0,97901664
673,00000000	0,97934654
673,20000000	0,98024233
673,40000000	0,98053651
673,60000000	0,98085926
673,80000000	0,98129341
674,00000000	0,98172038
674,20000000	0,98244803
674,40000000	0,98295026
674,60000000	0,98340921
674,80000000	0,98372462
675,00000000	0,98451048
675,20000000	0,98524989
675,40000000	0,98562338
675,60000000	0,98593464
675,80000000	0,98660883
676,00000000	0,98731690
676,20000000	0,98801773
676,40000000	0,98853986
676,60000000	0,98867275
676,80000000	0,98922090
677,00000000	0,98957968
677,20000000	0,99030293
677,40000000	0,99100019
677,60000000	0,99124331
677,80000000	0,99172362
678,00000000	0,99229302
678,20000000	0,99276723
678,40000000	0,99303970
678,60000000	0,99357831
678,80000000	0,99379732
679,00000000	0,99399396
679,20000000	0,99449301
679,40000000	0,99466510
679,60000000	0,99497118
679,80000000	0,99541397
680,00000000	0,99551529
680,20000000	0,99569501
680,40000000	0,99574893
680,60000000	0,99590446
680,80000000	0,99602289
681,00000000	0,99593791
681,20000000	0,99618398
681,40000000	0,99608563
681,60000000	0,99596693
681,80000000	0,99593230
682,00000000	0,99582310
682,20000000	0,99571258
682,40000000	0,99548002
682,60000000	0,99528336
682,80000000	0,99510376
683,00000000	0,99493485
683,20000000	0,99461920
683,40000000	0,99421212
683,60000000	0,99394268
683,80000000	0,99356021
684,00000000	0,99340695
684,20000000	0,99302306
684,40000000	0,99229987
684,60000000	0,99201377
684,80000000	0,99160690
685,00000000	0,99144133
685,20000000	0,99113921
685,40000000	0,99043572
685,60000000	0,98968535
685,80000000	0,98926034
686,00000000	0,98895740
686,20000000	0,98862668
686,40000000	0,98781828
686,60000000	0,98719915
686,80000000	0,98652937
687,00000000	0,98634378
687,20000000	0,98593058
687,40000000	0,98561827
687,60000000	0,98490828
687,80000000	0,98432284
688,00000000	0,98376029
688,20000000	0,98358837
688,40000000	0,98288900
688,60000000	0,98267112
688,80000000	0,98230902
689,00000000	0,98142404
689,20000000	0,98172133
689,40000000	0,98097373
689,60000000	0,98064250
689,80000000	0,98048657
690,00000000	0,98011865
690,20000000	0,98005333
690,40000000	0,97992677
690,60000000	0,97955144
690,80000000	0,97909182
691,00000000	0,97849620
691,20000000	0,97886668
691,40000000	0,97855381
691,60000000	0,97913483
691,80000000	0,97896702
692,00000000	0,97866987
692,20000000	0,97815439
692,40000000	0,97796923
692,60000000	0,97869628
692,80000000	0,97871424
693,00000000	0,97870249
693,20000000	0,97862782
693,40000000	0,97915103
693,60000000	0,97906585
693,80000000	0,97913883
694,00000000	0,97964658
694,20000000	0,97974329
694,40000000	0,98002019
694,60000000	0,98046441
694,80000000	0,98099094
695,00000000	0,98145469
695,20000000	0,98107931
695,40000000	0,98138634
695,60000000	0,98237874
695,80000000	0,98271189
696,00000000	0,98265267
696,20000000	0,98303728
696,40000000	0,98384563
696,60000000	0,98408495
696,80000000	0,98446939
697,00000000	0,98527881
697,20000000	0,98542981
697,40000000	0,98605752
697,60000000	0,98626085
697,80000000	0,98636670
698,00000000	0,98730791
698,20000000	0,98814219
698,40000000	0,98792993
698,60000000	0,98839361
698,80000000	0,98923790
699,00000000	0,99011312
699,20000000	0,99023089
699,40000000	0,99039653
699,60000000	0,99102471
699,80000000	0,99122117
700,00000000	0,99146270
700,20000000	0,99182804
700,40000000	0,99213261
700,60000000	0,99278612
700,80000000	0,99281505
701,00000000	0,99287754
701,20000000	0,99356085
701,40000000	0,99380150
701,60000000	0,99381533
701,80000000	0,99380609
702,00000000	0,99404294
702,20000000	0,99448976
702,40000000	0,99452848
702,60000000	0,99432139
702,80000000	0,99460943
703,00000000	0,99461292
703,20000000	0,99464734
703,40000000	0,99455448
703,60000000	0,99434097
703,80000000	0,99451295
704,00000000	0,99457283
704,20000000	0,99411759
704,40000000	0,99397989
704,60000000	0,99425348
704,80000000	0,99389632
705,00000000	0,99308728
705,20000000	0,99281050
705,40000000	0,99291857
705,60000000	0,99258813
705,80000000	0,99226512
706,00000000	0,99172943
706,20000000	0,99140903
706,40000000	0,99127820
706,60000000	0,99067079
706,80000000	0,99013220
707,00000000	0,98957879
707,20000000	0,98951732
707,40000000	0,98903630
707,60000000	0,98850622
707,80000000	0,98839970
708,00000000	0,98852954
708,20000000	0,98773346
708,40000000	0,98675052
708,60000000	0,98601733
708,80000000	0,98596584
709,00000000	0,98519574
709,20000000	0,98434141
709,40000000	0,98387788
709,60000000	0,98375339
709,80000000	0,98365792
710,00000000	0,98301280
710,20000000	0,98264335
710,40000000	0,98248553
710,60000000	0,98214917
710,80000000	0,98138994
711,00000000	0,98104707
711,20000000	0,98049256
711,40000000	0,98013878
711,60000000	0,97995196
711,80000000	0,97961524
712,00000000	0,97918400
712,20000000	0,97918030
712,40000000	0,97915926
712,60000000	0,97824025
712,80000000	0,97783581
713,00000000	0,97824295
713,20000000	0,97796324
713,40000000	0,97686170
713,60000000	0,97699648
713,80000000	0,97789334
714,00000000	0,97719506
714,20000000	0,97653149
714,40000000	0,97707967
714,60000000	0,97749560
714,80000000	0,97729744
715,00000000	0,97675348
715,20000000	0,97681030
715,40000000	0,97722645
715,60000000	0,97740375
715,80000000	0,97749403
716,00000000	0,97778502
716,20000000	0,97767271
716,40000000	0,97779272
716,60000000	0,97748166
716,80000000	0,97786233
717,00000000	0,97864239
717,20000000	0,97910325
717,40000000	0,97898077
717,60000000	0,97878810
717,80000000	0,97984454
718,00000000	0,98037474
718,20000000	0,98032681
718,40000000	0,98004167
718,60000000	0,98060158
718,80000000	0,98136063
719,00000000	0,98199114
719,20000000	0,98274183
719,40000000	0,98259779
719,60000000	0,98285033
719,80000000	0,98381985
720,00000000	0,98419084
720,20000000	0,98445422
720,40000000	0,98526694
720,60000000	0,98533852
720,80000000	0,98524476
721,00000000	0,98592471
721,20000000	0,98665800
721,40000000	0,98715565
721,60000000	0,98735014
721,80000000	0,98773612
722,00000000	0,98843354
722,20000000	0,98888776
722,40000000	0,98883011
722,60000000	0,98939910
722,80000000	0,99026492
723,00000000	0,99034838
723,20000000	0,99046554
723,40000000	0,99088248
723,60000000	0,99132367
723,80000000	0,99171693
724,00000000	0,99219981
724,20000000	0,99238036
724,40000000	0,99218129
724,60000000	0,99253071
724,80000000	0,99302487
725,00000000	0,99344095
725,20000000	0,99321268
725,40000000	0,99364199
725,60000000	0,99391299
725,80000000	0,99381570
726,00000000	0,99425397
726,20000000	0,99463661
726,40000000	0,99436981
726,60000000	0,99415701
726,80000000	0,99430623
727,00000000	0,99462447
727,20000000	0,99443931
727,40000000	0,99427507
727,60000000	0,99428596
727,80000000	0,99422555
728,00000000	0,99421732
728,20000000	0,99434975
728,40000000	0,99406416
728,60000000	0,99414454
728,80000000	0,99369303
729,00000000	0,99376114
729,20000000	0,99383633
729,40000000	0,99337714
729,60000000	0,99304582
729,80000000	0,99284402
730,00000000	0,99301319
730,20000000	0,99244120
730,40000000	0,99254000
730,60000000	0,99213520
730,80000000	0,99170474
731,00000000	0,99191411
731,20000000	0,99162761
731,40000000	0,99111673
731,60000000	0,99098046
731,80000000	0,99060178
732,00000000	0,99040169
732,20000000	0,99015410
732,40000000	0,99024868
732,60000000	0,98955641
732,80000000	0,98913681
733,00000000	0,98910395
733,20000000	0,98905786
733,40000000	0,98922076
733,60000000	0,98847888
733,80000000	0,98809263
734,00000000	0,98822061
734,20000000	0,98781575
734,40000000	0,98764221
734,60000000	0,98733412
734,80000000	0,98741982
735,00000000	0,98708315
735,20000000	0,98687033
735,40000000	0,98671586
735,60000000	0,98677082
735,80000000	0,98681052
736,00000000	0,98661742
736,20000000	0,98653905
736,40000000	0,98649368
736,60000000	0,98597648
736,80000000	0,98615114
737,00000000	0,98619263
737,20000000	0,98582555
737,40000000	0,98589301
737,60000000	0,98614497
737,80000000	0,98571465
738,00000000	0,98606966
738,20000000	0,98632984
738,40000000	0,98602381
738,60000000	0,98606600
738,80000000	0,98598216
739,00000000	0,98617203
739,20000000	0,98634476
739,40000000	0,98657849
739,60000000	0,98578858
739,80000000	0,98668037
740,00000000	0,98697237
740,20000000	0,98676688
740,40000000	0,98688522
740,60000000	0,98672622
740,80000000	0,98738555
741,00000000	0,98751344
741,20000000	0,98744080
741,40000000	0,98756896
741,60000000	0,98808509
741,80000000	0,98781823
742,00000000	0,98841258
742,20000000	0,98892560
742,40000000	0,98874077
742,60000000	0,98890733
742,80000000	0,98927469
743,00000000	0,98950372
743,20000000	0,98937769
743,40000000	0,98965602
743,60000000	0,99010977
743,80000000	0,99012707
744,00000000	0,99050583
744,20000000	0,99082225
744,40000000	0,99071788
744,60000000	0,99109456
744,80000000	0,99137051
745,00000000	0,99165734
745,20000000	0,99168689
745,40000000	0,99201019
745,60000000	0,99227019
745,80000000	0,99223634
746,00000000	0,99264472
746,20000000	0,99274485
746,40000000	0,99266327
746,60000000	0,99298511
746,80000000	0,99313649
747,00000000	0,99353558
747,20000000	0,99335810
747,40000000	0,99346633
747,60000000	0,99375393
747,80000000	0,99390961
748,00000000	0,99381020
748,20000000	0,99380819
748,40000000	0,99403089
748,60000000	0,99390546
748,80000000	0,99397407
749,00000000	0,99416035
749,20000000	0,99418505
749,40000000	0,99391106
749,60000000	0,99387987
749,80000000	0,99429434
750,00000000	0,99401526
750,20000000	0,99395990
750,40000000	0,99396529
750,60000000	0,99376869
750,80000000	0,99344414
751,00000000	0,99372657
751,20000000	0,99353671
751,40000000	0,99355237
751,60000000	0,99319384
751,80000000	0,99330145
752,00000000	0,99324100
752,20000000	0,99294989
752,40000000	0,99268084
752,60000000	0,99260386
752,80000000	0,99240958
753,00000000	0,99225954
753,20000000	0,99187582
753,40000000	0,99162531
753,60000000	0,99150164
753,80000000	0,99163570
754,00000000	0,99110042
754,20000000	0,99047056
754,40000000	0,99081567
754,60000000	0,99074404
754,80000000	0,99031254
755,00000000	0,98992451
755,20000000	0,98963033
755,40000000	0,98969016
755,60000000	0,98947559
755,80000000	0,98902210
756,00000000	0,98858530
756,20000000	0,98851020
756,40000000	0,98818158
756,60000000	0,98779237
756,80000000	0,98788484
757,00000000	0,98762172
757,20000000	0,98712511
757,40000000	0,98725550
757,60000000	0,98675639
757,80000000	0,98648398
758,00000000	0,98610242
758,20000000	0,98557948
758,40000000	0,98560771
758,60000000	0,98543006
758,80000000	0,98508543
759,00000000	0,98478626
759,20000000	0,98426343
759,40000000	0,98459197
759,60000000	0,98457319
759,80000000	0,98417777
760,00000000	0,98405006
760,20000000	0,98356761
760,40000000	0,98355361
760,60000000	0,98334215
760,80000000	0,98334821
761,00000000	0,98298998
761,20000000	0,98301604
761,40000000	0,98275588
761,60000000	0,98277243
761,80000000	0,98279312
762,00000000	0,98249984
762,20000000	0,98256069
762,40000000	0,98233435
762,60000000	0,98227182
762,80000000	0,98242752
763,00000000	0,98222888
763,20000000	0,98213789
763,40000000	0,98188016
763,60000000	0,98195983
763,80000000	0,98178527
764,00000000	0,98223167
764,20000000	0,98223256
764,40000000	0,98218771
764,60000000	0,98222824
764,80000000	0,98193629
765,00000000	0,98261592
765,20000000	0,98307048
765,40000000	0,98259562
765,60000000	0,98248895
765,80000000	0,98254867
766,00000000	0,98303603
766,20000000	0,98320027
766,40000000	0,98313864
766,60000000	0,98340600
766,80000000	0,98327004
767,00000000	0,98352521
767,20000000	0,98366275
767,40000000	0,98381933
767,60000000	0,98421685
767,80000000	0,98443347
768,00000000	0,98435083
768,20000000	0,98462951
768,40000000	0,98510471
768,60000000	0,98538051
768,80000000	0,98572961
769,00000000	0,98561409
769,20000000	0,98561286
769,40000000	0,98623304
769,60000000	0,98662432
769,80000000	0,98688279
770,00000000	0,98702519
770,20000000	0,98737248
770,40000000	0,98749114
770,60000000	0,98756712
770,80000000	0,98834191
771,00000000	0,98840170
771,20000000	0,98846493
771,40000000	0,98882221
771,60000000	0,98943829
771,80000000	0,98973310
772,00000000	0,98956343
772,20000000	0,99010847
772,40000000	0,99044955
772,60000000	0,99070318
772,80000000	0,99096413
773,00000000	0,99120414
773,20000000	0,99163609
773,40000000	0,99167799
773,60000000	0,99201522
773,80000000	0,99209734
774,00000000	0,99238013
774,20000000	0,99287891
774,40000000	0,99290278
774,60000000	0,99322223
774,80000000	0,99320811
775,00000000	0,99361089
775,20000000	0,99370343
775,40000000	0,99368579
775,60000000	0,99401373
775,80000000	0,99424398
776,00000000	0,99455610
776,20000000	0,99437144
776,40000000	0,99448710
776,60000000	0,99460817
776,80000000	0,99496080
777,00000000	0,99465764
777,20000000	0,99469795
777,40000000	0,99489301
777,60000000	0,99478285
777,80000000	0,99488702
778,00000000	0,99488435
778,20000000	0,99504087
778,40000000	0,99497853
778,60000000	0,99471858
778,80000000	0,99473353
779,00000000	0,99467473
779,20000000	0,99486823
779,40000000	0,99471373
779,60000000	0,99440935
779,80000000	0,99436657
780,00000000	0,99447754
780,20000000	0,99433434
780,40000000	0,99390127
780,60000000	0,99383362
780,80000000	0,99386904
781,00000000	0,99343316
781,20000000	0,99317983
781,40000000	0,99311025
781,60000000	0,99305012
781,80000000	0,99292775
782,00000000	0,99238624
782,20000000	0,99242477
782,40000000	0,99209121
782,60000000	0,99184122
782,80000000	0,99139914
783,00000000	0,99137410
783,20000000	0,99123367
783,40000000	0,99090858
783,60000000	0,99060943
783,80000000	0,99050978
784,00000000	0,99008698
784,20000000	0,98978164
784,40000000	0,98975447
784,60000000	0,98918542
784,80000000	0,98902833
785,00000000	0,98909073
785,20000000	0,98867238
785,40000000	0,98869270
785,60000000	0,98820923
785,80000000	0,98798591
786,00000000	0,98769988
786,20000000	0,98780370
786,40000000	0,98759736
786,60000000	0,98742406
786,80000000	0,98701898
787,00000000	0,98693719
787,20000000	0,98688538
787,40000000	0,98646187
787,60000000	0,98645390
787,80000000	0,98626514
788,00000000	0,98655611
788,20000000	0,98652789
788,40000000	0,98604031
788,60000000	0,98599151
788,80000000	0,98587973
789,00000000	0,98609451
789,20000000	0,98621894
789,40000000	0,98576299
789,60000000	0,98586007
789,80000000	0,98597962
790,00000000	0,98629823
790,20000000	0,98614132
790,40000000	0,98617346
790,60000000	0,98613796
790,80000000	0,98644034
791,00000000	0,98645258
791,20000000	0,98654609
791,40000000	0,98687408
791,60000000	0,98674024
791,80000000	0,98711462
792,00000000	0,98733931
792,20000000	0,98746547
792,40000000	0,98758260
792,60000000	0,98786384
792,80000000	0,98807636
793,00000000	0,98821366
793,20000000	0,98866815
793,40000000	0,98875796
793,60000000	0,98907455
793,80000000	0,98948971
794,00000000	0,98962248
794,20000000	0,98976227
794,40000000	0,99002301
794,60000000	0,99054290
794,80000000	0,99086109
795,00000000	0,99101061
795,20000000	0,99128455
795,40000000	0,99170702
795,60000000	0,99166562
795,80000000	0,99210051
796,00000000	0,99223566
796,20000000	0,99275246
796,40000000	0,99295781
796,60000000	0,99304885
796,80000000	0,99346480
797,00000000	0,99370006
797,20000000	0,99396550
797,40000000	0,99409383
797,60000000	0,99431243
797,80000000	0,99454319
798,00000000	0,99483071
798,20000000	0,99498531
798,40000000	0,99513887
798,60000000	0,99553422
798,80000000	0,99553536
799,00000000	0,99564344
799,20000000	0,99570983
799,40000000	0,99583971
799,60000000	0,99594615
799,80000000	0,99581657
800,00000000	0,99592912
800,20000000	0,99615210
800,40000000	0,99607895
800,60000000	0,99605616
800,80000000	0,99602257
801,00000000	0,99581049
801,20000000	0,99594033
801,40000000	0,99596617
801,60000000	0,99568492
801,80000000	0,99550215
802,00000000	0,99558047
802,20000000	0,99543090
802,40000000	0,99522671
802,60000000	0,99491584
802,80000000	0,99502936
803,00000000	0,99473645
803,20000000	0,99444675
803,40000000	0,99420595
803,60000000	0,99385244
803,80000000	0,99353940
804,00000000	0,99323561
804,20000000	0,99311243
804,40000000	0,99261956
804,60000000	0,99235629
804,80000000	0,99210828
805,00000000	0,99204916
805,20000000	0,99165138
805,40000000	0,99115977
805,60000000	0,99057938
805,80000000	0,99050415
806,00000000	0,99005180
806,20000000	0,98979205
806,40000000	0,98920587
806,60000000	0,98894025
806,80000000	0,98866317
807,00000000	0,98839106
807,20000000	0,98810913
807,40000000	0,98762070
807,60000000	0,98738317
807,80000000	0,98664144
808,00000000	0,98658738
808,20000000	0,98595931
808,40000000	0,98557925
808,60000000	0,98585414
808,80000000	0,98526199
809,00000000	0,98509495
809,20000000	0,98469392
809,40000000	0,98468774
809,60000000	0,98440619
809,80000000	0,98435757
810,00000000	0,98409667
810,20000000	0,98381611
810,40000000	0,98336967
810,60000000	0,98314266
810,80000000	0,98361467
811,00000000	0,98338455
811,20000000	0,98270460
811,40000000	0,98313347
811,60000000	0,98288504
811,80000000	0,98303646
812,00000000	0,98286623
812,20000000	0,98276245
812,40000000	0,98288420
812,60000000	0,98307794
812,80000000	0,98318334
813,00000000	0,98320052
813,20000000	0,98301436
813,40000000	0,98345606
813,60000000	0,98359498
813,80000000	0,98349473
814,00000000	0,98367720
814,20000000	0,98416910
814,40000000	0,98435518
814,60000000	0,98422919
814,80000000	0,98470544
815,00000000	0,98497134
815,20000000	0,98527188
815,40000000	0,98543616
815,60000000	0,98583588
815,80000000	0,98630000
816,00000000	0,98639640
816,20000000	0,98642937
816,40000000	0,98705158
816,60000000	0,98745275
816,80000000	0,98755311
817,00000000	0,98783252
817,20000000	0,98827583
817,40000000	0,98862208
817,60000000	0,98905634
817,80000000	0,98941562
818,00000000	0,98933888
818,20000000	0,99023134
818,40000000	0,99049957
818,60000000	0,99060108
818,80000000	0,99107971
819,00000000	0,99124802
819,20000000	0,99174412
819,40000000	0,99189761
819,60000000	0,99203439
819,80000000	0,99238600
820,00000000	0,99295378
820,20000000	0,99279001
820,40000000	0,99311210
820,60000000	0,99344954
820,80000000	0,99364183
821,00000000	0,99384707
821,20000000	0,99405989
821,40000000	0,99421621
821,60000000	0,99435214
821,80000000	0,99457689
822,00000000	0,99464318
822,20000000	0,99444903
822,40000000	0,99454060
822,60000000	0,99475227
822,80000000	0,99481771
823,00000000	0,99459422
823,20000000	0,99469600
823,40000000	0,99472548
823,60000000	0,99440930
823,80000000	0,99448753
824,00000000	0,99427505
824,20000000	0,99430282
824,40000000	0,99393357
824,60000000	0,99377080
824,80000000	0,99375484
825,00000000	0,99363266
825,20000000	0,99287405
825,40000000	0,99261064
825,60000000	0,99289164
825,80000000	0,99262414
826,00000000	0,99223872
826,20000000	0,99188659
826,40000000	0,99156753
826,60000000	0,99139330
826,80000000	0,99076870
827,00000000	0,99017815
827,20000000	0,99003757
827,40000000	0,98970255
827,60000000	0,98918929
827,80000000	0,98898023
828,00000000	0,98838659
828,20000000	0,98817690
828,40000000	0,98803725
828,60000000	0,98725815
828,80000000	0,98733959
829,00000000	0,98712911
829,20000000	0,98637783
829,40000000	0,98588610
829,60000000	0,98544127
829,80000000	0,98554188
830,00000000	0,98493949
830,20000000	0,98428408
830,40000000	0,98391570
830,60000000	0,98419514
830,80000000	0,98399710
831,00000000	0,98311710
831,20000000	0,98307608
831,40000000	0,98289236
831,60000000	0,98290840
831,80000000	0,98203040
832,00000000	0,98195742
832,20000000	0,98216342
832,40000000	0,98220235
832,60000000	0,98191642
832,80000000	0,98150862
833,00000000	0,98164661
833,20000000	0,98163567
833,40000000	0,98083353
833,60000000	0,98086386
833,80000000	0,98155233
834,00000000	0,98143480
834,20000000	0,98130490
834,40000000	0,98140277
834,60000000	0,98170389
834,80000000	0,98202738
835,00000000	0,98162843
835,20000000	0,98148623
835,40000000	0,98234997
835,60000000	0,98250343
835,80000000	0,98224348
836,00000000	0,98211199
836,20000000	0,98316902
836,40000000	0,98320349
836,60000000	0,98364410
836,80000000	0,98371379
837,00000000	0,98407631
837,20000000	0,98442137
837,40000000	0,98488064
837,60000000	0,98474573
837,80000000	0,98546957
838,00000000	0,98595698
838,20000000	0,98589148
838,40000000	0,98657453
838,60000000	0,98701575
838,80000000	0,98753081
839,00000000	0,98779046
839,20000000	0,98813662
839,40000000	0,98854663
839,60000000	0,98923396
839,80000000	0,98941987
840,00000000	0,98954403
840,20000000	0,99020275
840,40000000	0,99048199
840,60000000	0,99095422
840,80000000	0,99128190
841,00000000	0,99168087
841,20000000	0,99210435
841,40000000	0,99264240
841,60000000	0,99270067
841,80000000	0,99312596
842,00000000	0,99343064
842,20000000	0,99363505
842,40000000	0,99378397
842,60000000	0,99433674
842,80000000	0,99445015
843,00000000	0,99437627
843,20000000	0,99484947
843,40000000	0,99489969
843,60000000	0,99526395
843,80000000	0,99525487
844,00000000	0,99523228
844,20000000	0,99527191
844,40000000	0,99536076
844,60000000	0,99566118
844,80000000	0,99546172
845,00000000	0,99560234
845,20000000	0,99548813
845,40000000	0,99539696
845,60000000	0,99520497
845,80000000	0,99523324
846,00000000	0,99487851
846,20000000	0,99460298
846,40000000	0,99454150
846,60000000	0,99410188
846,80000000	0,99399987
847,00000000	0,99387037
847,20000000	0,99355138
847,40000000	0,99313372
847,60000000	0,99288763
847,80000000	0,99243832
848,00000000	0,99202864
848,20000000	0,99165103
848,40000000	0,99140457
848,60000000	0,99071003
848,80000000	0,99069555
849,00000000	0,99039888
849,20000000	0,98980509
849,40000000	0,98951272
849,60000000	0,98903444
849,80000000	0,98825218
850,00000000	0,98761093
850,20000000	0,98747172
850,40000000	0,98714594
850,60000000	0,98618035
850,80000000	0,98565962
851,00000000	0,98571451
851,20000000	0,98521739
851,40000000	0,98464722
851,60000000	0,98454228
851,80000000	0,98435897
852,00000000	0,98323978
852,20000000	0,98281552
852,40000000	0,98266978
852,60000000	0,98237108
852,80000000	0,98237487
853,00000000	0,98177299
853,20000000	0,98138906
853,40000000	0,98072687
853,60000000	0,98073814
853,80000000	0,98044535
854,00000000	0,98011131
854,20000000	0,97994505
854,40000000	0,97992195
854,60000000	0,97975000
854,80000000	0,97903578
855,00000000	0,97916998
855,20000000	0,97874787
855,40000000	0,97878416
855,60000000	0,97876229
855,80000000	0,97895322
856,00000000	0,97873151
856,20000000	0,97860574
856,40000000	0,97869851
856,60000000	0,97878385
856,80000000	0,97893076
857,00000000	0,97879775
857,20000000	0,97922106
857,40000000	0,97865299
857,60000000	0,97932619
857,80000000	0,97974391
858,00000000	0,97973673
858,20000000	0,97962166
858,40000000	0,98017009
858,60000000	0,98037851
858,80000000	0,98062462
859,00000000	0,98056768
859,20000000	0,98123020
859,40000000	0,98184820
859,60000000	0,98153898
859,80000000	0,98189437
860,00000000	0,98262721
860,20000000	0,98293141
860,40000000	0,98303289
860,60000000	0,98360235
860,80000000	0,98398167
861,00000000	0,98438278
861,20000000	0,98458899
861,40000000	0,98540537
861,60000000	0,98578331
861,80000000	0,98612706
862,00000000	0,98626918
862,20000000	0,98673503
862,40000000	0,98725113
862,60000000	0,98779282
862,80000000	0,98788057
863,00000000	0,98837778
863,20000000	0,98881316
863,40000000	0,98919761
863,60000000	0,98919747
863,80000000	0,98973344
864,00000000	0,99013938
864,20000000	0,99062084
864,40000000	0,99076283
864,60000000	0,99086645
864,80000000	0,99138049
865,00000000	0,99150868
865,20000000	0,99165966
865,40000000	0,99191227
865,60000000	0,99238538
865,80000000	0,99254619
866,00000000	0,99224837
866,20000000	0,99262070
866,40000000	0,99280888
866,60000000	0,99296784
866,80000000	0,99277807
867,00000000	0,99268743
867,20000000	0,99293265
867,40000000	0,99281977
867,60000000	0,99258932
867,80000000	0,99253103
868,00000000	0,99282678
868,20000000	0,99261525
868,40000000	0,99221950
868,60000000	0,99180973
868,80000000	0,99218110
869,00000000	0,99174600
869,20000000	0,99171490
869,40000000	0,99106488
869,60000000	0,99077368
869,80000000	0,99072915
870,00000000	0,99050472
870,20000000	0,98997809
870,40000000	0,98967999
870,60000000	0,98944964
870,80000000	0,98915201
871,00000000	0,98855813
871,20000000	0,98815767
871,40000000	0,98809416
871,60000000	0,98729560
871,80000000	0,98689495
872,00000000	0,98651943
872,20000000	0,98592050
872,40000000	0,98609144
872,60000000	0,98518720
872,80000000	0,98471029
873,00000000	0,98427242
873,20000000	0,98401594
873,40000000	0,98337392
873,60000000	0,98298093
873,80000000	0,98263171
874,00000000	0,98238506
874,20000000	0,98157184
874,40000000	0,98089695
874,60000000	0,98100503
874,80000000	0,98059701
875,00000000	0,98027773
875,20000000	0,97949460
875,40000000	0,97940601
875,60000000	0,97925427
875,80000000	0,97912072
876,00000000	0,97851516
876,20000000	0,97800845
876,40000000	0,97785624
876,60000000	0,97771606
876,80000000	0,97738751
877,00000000	0,97731946
877,20000000	0,97718250
877,40000000	0,97677136
877,60000000	0,97655045
877,80000000	0,97653144
878,00000000	0,97712680
878,20000000	0,97640830
878,40000000	0,97615061
878,60000000	0,97650784
878,80000000	0,97647281
879,00000000	0,97669358
879,20000000	0,97651705
879,40000000	0,97649439
879,60000000	0,97669947
879,80000000	0,97665612
880,00000000	0,97685642
880,20000000	0,97678004
880,40000000	0,97725161
880,60000000	0,97753367
880,80000000	0,97760957
881,00000000	0,97807531
881,20000000	0,97835446
881,40000000	0,97852310
881,60000000	0,97865419
881,80000000	0,97873970
882,00000000	0,97954349
882,20000000	0,97978929
882,40000000	0,98018683
882,60000000	0,98016115
882,80000000	0,98071221
883,00000000	0,98136913
883,20000000	0,98187340
883,40000000	0,98196857
883,60000000	0,98203436
883,80000000	0,98267816
884,00000000	0,98316734
884,20000000	0,98359178
884,40000000	0,98410408
884,60000000	0,98477767
884,80000000	0,98494017
885,00000000	0,98526112
885,20000000	0,98584945
885,40000000	0,98650578
885,60000000	0,98672326
885,80000000	0,98704399
886,00000000	0,98795107
886,20000000	0,98805591
886,40000000	0,98811907
886,60000000	0,98884041
886,80000000	0,98947221
887,00000000	0,98978526
887,20000000	0,98988111
887,40000000	0,99025396
887,60000000	0,99091494
887,80000000	0,99106294
888,00000000	0,99152232
888,20000000	0,99171085
888,40000000	0,99205032
888,60000000	0,99238983
888,80000000	0,99277807
889,00000000	0,99277135
889,20000000	0,99295334
889,40000000	0,99338002
889,60000000	0,99358897
889,80000000	0,99397019
890,00000000	0,99409521
890,20000000	0,99431957
890,40000000	0,99438556
890,60000000	0,99430456
890,80000000	0,99453602
891,00000000	0,99481737
891,20000000	0,99512196
891,40000000	0,99496451
891,60000000	0,99495913
891,80000000	0,99489968
892,00000000	0,99506045
892,20000000	0,99499555
892,40000000	0,99492608
892,60000000	0,99481091
892,80000000	0,99518463
893,00000000	0,99484080
893,20000000	0,99460445
893,40000000	0,99463044
893,60000000	0,99480877
893,80000000	0,99458857
894,00000000	0,99434046
894,20000000	0,99450756
894,40000000	0,99423773
894,60000000	0,99407062
894,80000000	0,99389147
895,00000000	0,99389732
895,20000000	0,99360075
895,40000000	0,99351667
895,60000000	0,99323846
895,80000000	0,99289167
896,00000000	0,99286748
896,20000000	0,99292077
896,40000000	0,99241407
896,60000000	0,99219711
896,80000000	0,99206163
897,00000000	0,99179065
897,20000000	0,99158118
897,40000000	0,99170998
897,60000000	0,99127456
897,80000000	0,99106675
898,00000000	0,99072932
898,20000000	0,99066837
898,40000000	0,99042896
898,60000000	0,99025222
898,80000000	0,99006687
899,00000000	0,98992261
899,20000000	0,98969017
899,40000000	0,98956763
899,60000000	0,98900054
899,80000000	0,98876372
900,00000000	0,98910530
