200,00000000	0,99866315
200,20000000	0,99941089
200,40000000	0,99902990
200,60000000	0,99788315
200,80000000	0,99862571
201,00000000	0,99924534
201,20000000	0,99907890
201,40000000	0,99895310
201,60000000	0,99899643
201,80000000	0,99906395
202,00000000	0,99876331
202,20000000	0,99938885
202,40000000	0,99907420
202,60000000	0,99888633
202,80000000	0,99955681
203,00000000	0,99845885
203,20000000	0,99856990
203,40000000	0,99914783
203,60000000	0,99930473
203,80000000	0,99827117
204,00000000	0,99949166
204,20000000	0,99943582
204,40000000	0,99957041
204,60000000	0,99860670
204,80000000	0,99921831
205,00000000	0,99915725
205,20000000	0,99977125
205,40000000	0,99905658
205,60000000	0,99877793
205,80000000	0,99921762
206,00000000	0,99920848
206,20000000	0,99910874
206,40000000	0,99916706
206,60000000	0,99892136
206,80000000	0,99908316
207,00000000	0,99898295
207,20000000	0,99922383
207,40000000	0,99952366
207,60000000	0,99947737
207,80000000	0,99899035
208,00000000	0,99880209
208,20000000	0,99926343
208,40000000	0,99941532
208,60000000	0,99943574
208,80000000	0,99875207
209,00000000	0,99873505
209,20000000	0,99930093
209,40000000	0,99924971
209,60000000	0,99940502
209,80000000	0,99932153
210,00000000	0,99915965
210,20000000	0,99909293
210,40000000	0,99885241
210,60000000	0,99945000
210,80000000	0,99963673
211,00000000	0,99952458
211,20000000	0,99932948
211,40000000	0,99951894
211,60000000	0,99941767
211,80000000	0,99930678
212,00000000	0,99961415
212,20000000	0,99925831
212,40000000	0,99930408
212,60000000	0,99897459
212,80000000	0,99904767
213,00000000	0,99867381
213,20000000	0,99888764
213,40000000	0,99978864
213,60000000	0,99938232
213,80000000	0,99954831
214,00000000	0,99924670
214,20000000	0,99956705
214,40000000	0,99955329
214,60000000	0,99946828
214,80000000	0,99898131
215,00000000	0,99852676
215,20000000	0,99928100
215,40000000	0,99917551
215,60000000	0,99916191
215,80000000	0,99927825
216,00000000	0,99849355
216,20000000	0,99943376
216,40000000	0,99880112
216,60000000	0,99925530
216,80000000	0,99923210
217,00000000	0,99903811
217,20000000	0,99928110
217,40000000	0,99943776
217,60000000	0,99885908
217,80000000	0,99811468
218,00000000	0,99965837
218,20000000	0,99876634
218,40000000	0,99883129
218,60000000	0,99836239
218,80000000	0,99913068
219,00000000	0,99928202
219,20000000	0,99897394
219,40000000	0,99904127
219,60000000	0,99827220
219,80000000	0,99813149
220,00000000	0,99883178
220,20000000	0,99813984
220,40000000	0,99862347
220,60000000	0,99902110
220,80000000	0,99869284
221,00000000	0,99787467
221,20000000	0,99805537
221,40000000	0,99823406
221,60000000	0,99823285
221,80000000	0,99879263
222,00000000	0,99892711
222,20000000	0,99788149
222,40000000	0,99772693
222,60000000	0,99817715
222,80000000	0,99788459
223,00000000	0,99758227
223,20000000	0,99773904
223,40000000	0,99811374
223,60000000	0,99791598
223,80000000	0,99793516
224,00000000	0,99707893
224,20000000	0,99688769
224,40000000	0,99660467
224,60000000	0,99808578
224,80000000	0,99681312
225,00000000	0,99691575
225,20000000	0,99651390
225,40000000	0,99816305
225,60000000	0,99735068
225,80000000	0,99797329
226,00000000	0,99700792
226,20000000	0,99680520
226,40000000	0,99638395
226,60000000	0,99679664
226,80000000	0,99702432
227,00000000	0,99739850
227,20000000	0,99755802
227,40000000	0,99661463
227,60000000	0,99627765
227,80000000	0,99673466
228,00000000	0,99604809
228,20000000	0,99713765
228,40000000	0,99683192
228,60000000	0,99733526
228,80000000	0,99667529
229,00000000	0,99709372
229,20000000	0,99739190
229,40000000	0,99701890
229,60000000	0,99630220
229,80000000	0,99603617
230,00000000	0,99633421
230,20000000	0,99636489
230,40000000	0,99617490
230,60000000	0,99635242
230,80000000	0,99684946
231,00000000	0,99608538
231,20000000	0,99652094
231,40000000	0,99673733
231,60000000	0,99646274
231,80000000	0,99564168
232,00000000	0,99640236
232,20000000	0,99669970
232,40000000	0,99597598
232,60000000	0,99654465
232,80000000	0,99663884
233,00000000	0,99631092
233,20000000	0,99634629
233,40000000	0,99656423
233,60000000	0,99615456
233,80000000	0,99590942
234,00000000	0,99640168
234,20000000	0,99638541
234,40000000	0,99631433
234,60000000	0,99634072
234,80000000	0,99741698
235,00000000	0,99704209
235,20000000	0,99664081
235,40000000	0,99681805
235,60000000	0,99679650
235,80000000	0,99692814
236,00000000	0,99661651
236,20000000	0,99635901
236,40000000	0,99702327
236,60000000	0,99781840
236,80000000	0,99736872
237,00000000	0,99760991
237,20000000	0,99777959
237,40000000	0,99748085
237,60000000	0,99769310
237,80000000	0,99733729
238,00000000	0,99770419
238,20000000	0,99766328
238,40000000	0,99755616
238,60000000	0,99755501
238,80000000	0,99755372
239,00000000	0,99766116
239,20000000	0,99810499
239,40000000	0,99825662
239,60000000	0,99784407
239,80000000	0,99832908
240,00000000	0,99823706
240,20000000	0,99850891
240,40000000	0,99880908
240,60000000	0,99856055
240,80000000	0,99871558
241,00000000	0,99831191
241,20000000	0,99911263
241,40000000	0,99867009
241,60000000	0,99856815
241,80000000	0,99895884
242,00000000	0,99908402
242,20000000	0,99888460
242,40000000	0,99876026
242,60000000	0,99853912
242,80000000	0,99928841
243,00000000	0,99917680
243,20000000	0,99890935
243,40000000	0,99945652
243,60000000	0,99915763
243,80000000	0,99934768
244,00000000	0,99969462
244,20000000	0,99971293
244,40000000	0,99964612
244,60000000	0,99976559
244,80000000	0,99974475
245,00000000	0,99970116
245,20000000	0,99974362
245,40000000	0,99975940
245,60000000	0,99974073
245,80000000	0,99966733
246,00000000	0,99963844
246,20000000	0,99976113
246,40000000	0,99987721
246,60000000	0,99989232
246,80000000	0,99990566
247,00000000	0,99972488
247,20000000	0,99990365
247,40000000	0,99991345
247,60000000	0,99987725
247,80000000	0,99985413
248,00000000	0,99980373
248,20000000	0,99976743
248,40000000	0,99952631
248,60000000	0,99982433
248,80000000	0,99971985
249,00000000	0,99980468
249,20000000	0,99979525
249,40000000	0,99989320
249,60000000	0,99974865
249,80000000	0,99956086
250,00000000	0,99954381
250,20000000	0,99951266
250,40000000	0,99946105
250,60000000	0,99957971
250,80000000	0,99935378
251,00000000	0,99954915
251,20000000	0,99943876
251,40000000	0,99957722
251,60000000	0,99962018
251,80000000	0,99950651
252,00000000	0,99971763
252,20000000	0,99954671
252,40000000	0,99951582
252,60000000	0,99892460
252,80000000	0,99874362
253,00000000	0,99890537
253,20000000	0,99892303
253,40000000	0,99946766
253,60000000	0,99908850
253,80000000	0,99893959
254,00000000	0,99821332
254,20000000	0,99854928
254,40000000	0,99874139
254,60000000	0,99826067
254,80000000	0,99864686
255,00000000	0,99867611
255,20000000	0,99875596
255,40000000	0,99849516
255,60000000	0,99842837
255,80000000	0,99895913
256,00000000	0,99837500
256,20000000	0,99850380
256,40000000	0,99827087
256,60000000	0,99808472
256,80000000	0,99816333
257,00000000	0,99785589
257,20000000	0,99800541
257,40000000	0,99805174
257,60000000	0,99805551
257,80000000	0,99821422
258,00000000	0,99818097
258,20000000	0,99818322
258,40000000	0,99743192
258,60000000	0,99771930
258,80000000	0,99807054
259,00000000	0,99771701
259,20000000	0,99759244
259,40000000	0,99746564
259,60000000	0,99736671
259,80000000	0,99767004
260,00000000	0,99771455
260,20000000	0,99755674
260,40000000	0,99740212
260,60000000	0,99771914
260,80000000	0,99770624
261,00000000	0,99753431
261,20000000	0,99784921
261,40000000	0,99763192
261,60000000	0,99749075
261,80000000	0,99797584
262,00000000	0,99747461
262,20000000	0,99709871
262,40000000	0,99774666
262,60000000	0,99772019
262,80000000	0,99740033
263,00000000	0,99707415
263,20000000	0,99759012
263,40000000	0,99790046
263,60000000	0,99797766
263,80000000	0,99824610
264,00000000	0,99813594
264,20000000	0,99819314
264,40000000	0,99788763
264,60000000	0,99763110
264,80000000	0,99792544
265,00000000	0,99807242
265,20000000	0,99808216
265,40000000	0,99751398
265,60000000	0,99752014
265,80000000	0,99776299
266,00000000	0,99824214
266,20000000	0,99807143
266,40000000	0,99790919
266,60000000	0,99816816
266,80000000	0,99785458
267,00000000	0,99789283
267,20000000	0,99835268
267,40000000	0,99791808
267,60000000	0,99818185
267,80000000	0,99811574
268,00000000	0,99801059
268,20000000	0,99839877
268,40000000	0,99841324
268,60000000	0,99863868
268,80000000	0,99868716
269,00000000	0,99851960
269,20000000	0,99848329
269,40000000	0,99867321
269,60000000	0,99860827
269,80000000	0,99878104
270,00000000	0,99838177
270,20000000	0,99895835
270,40000000	0,99876678
270,60000000	0,99857669
270,80000000	0,99904293
271,00000000	0,99889373
271,20000000	0,99869715
271,40000000	0,99875131
271,60000000	0,99884896
271,80000000	0,99880994
272,00000000	0,99902104
272,20000000	0,99912620
272,40000000	0,99902572
272,60000000	0,99895864
272,80000000	0,99897049
273,00000000	0,99878455
273,20000000	0,99881434
273,40000000	0,99908758
273,60000000	0,99884320
273,80000000	0,99901977
274,00000000	0,99892752
274,20000000	0,99888042
274,40000000	0,99927311
274,60000000	0,99916176
274,80000000	0,99889831
275,00000000	0,99874324
275,20000000	0,99879296
275,40000000	0,99911046
275,60000000	0,99865465
275,80000000	0,99872613
276,00000000	0,99883899
276,20000000	0,99846782
276,40000000	0,99874711
276,60000000	0,99879142
276,80000000	0,99844784
277,00000000	0,99804692
277,20000000	0,99815409
277,40000000	0,99860080
277,60000000	0,99833241
277,80000000	0,99842345
278,00000000	0,99852890
278,20000000	0,99822732
278,40000000	0,99840054
278,60000000	0,99842209
278,80000000	0,99826281
279,00000000	0,99857104
279,20000000	0,99835003
279,40000000	0,99790500
279,60000000	0,99793809
279,80000000	0,99796369
280,00000000	0,99790878
280,20000000	0,99786936
280,40000000	0,99819289
280,60000000	0,99797336
280,80000000	0,99773619
281,00000000	0,99809596
281,20000000	0,99807301
281,40000000	0,99784261
281,60000000	0,99765881
281,80000000	0,99768207
282,00000000	0,99767001
282,20000000	0,99752572
282,40000000	0,99754254
282,60000000	0,99770232
282,80000000	0,99767352
283,00000000	0,99775610
283,20000000	0,99742463
283,40000000	0,99742849
283,60000000	0,99768802
283,80000000	0,99738223
284,00000000	0,99730074
284,20000000	0,99732250
284,40000000	0,99761502
284,60000000	0,99737441
284,80000000	0,99704134
285,00000000	0,99741204
285,20000000	0,99722446
285,40000000	0,99723776
285,60000000	0,99719704
285,80000000	0,99712771
286,00000000	0,99736568
286,20000000	0,99734817
286,40000000	0,99738733
286,60000000	0,99731320
286,80000000	0,99703228
287,00000000	0,99718756
287,20000000	0,99738146
287,40000000	0,99738492
287,60000000	0,99745197
287,80000000	0,99731841
288,00000000	0,99761327
288,20000000	0,99765088
288,40000000	0,99712077
288,60000000	0,99712129
288,80000000	0,99728554
289,00000000	0,99726628
289,20000000	0,99753803
289,40000000	0,99770897
289,60000000	0,99746831
289,80000000	0,99751122
290,00000000	0,99796176
290,20000000	0,99761642
290,40000000	0,99771257
290,60000000	0,99776737
290,80000000	0,99779272
291,00000000	0,99792167
291,20000000	0,99796698
291,40000000	0,99811864
291,60000000	0,99798237
291,80000000	0,99818057
292,00000000	0,99805215
292,20000000	0,99802199
292,40000000	0,99823695
292,60000000	0,99825584
292,80000000	0,99801980
293,00000000	0,99825619
293,20000000	0,99871777
293,40000000	0,99844585
293,60000000	0,99861312
293,80000000	0,99878878
294,00000000	0,99855532
294,20000000	0,99851379
294,40000000	0,99839888
294,60000000	0,99865510
294,80000000	0,99901857
295,00000000	0,99911100
295,20000000	0,99895095
295,40000000	0,99898573
295,60000000	0,99911645
295,80000000	0,99910507
296,00000000	0,99931057
296,20000000	0,99910266
296,40000000	0,99902687
296,60000000	0,99924131
296,80000000	0,99927253
297,00000000	0,99934354
297,20000000	0,99962450
297,40000000	0,99959927
297,60000000	0,99954518
297,80000000	0,99962749
298,00000000	0,99967791
298,20000000	0,99965543
298,40000000	0,99968605
298,60000000	0,99965985
298,80000000	0,99970920
299,00000000	0,99984274
299,20000000	0,99981804
299,40000000	0,99983636
299,60000000	0,99991055
299,80000000	0,99989156
300,00000000	0,99992033
300,20000000	0,99997180
300,40000000	0,99998324
300,60000000	0,99999303
300,80000000	0,99999499
301,00000000	0,99999459
301,20000000	0,99997934
301,40000000	0,99996276
301,60000000	0,99999939
301,80000000	0,99998955
302,00000000	0,99999755
302,20000000	0,99991284
302,40000000	0,99986049
302,60000000	0,99989936
302,80000000	0,99991557
303,00000000	0,99989378
303,20000000	0,99984245
303,40000000	0,99981311
303,60000000	0,99988911
303,80000000	0,99986156
304,00000000	0,99965584
304,20000000	0,99957283
304,40000000	0,99972471
304,60000000	0,99969979
304,80000000	0,99956065
305,00000000	0,99951329
305,20000000	0,99932252
305,40000000	0,99928635
305,60000000	0,99932224
305,80000000	0,99916234
306,00000000	0,99915290
306,20000000	0,99908328
306,40000000	0,99895142
306,60000000	0,99906103
306,80000000	0,99888580
307,00000000	0,99869682
307,20000000	0,99879746
307,40000000	0,99889021
307,60000000	0,99868067
307,80000000	0,99860964
308,00000000	0,99866379
308,20000000	0,99859719
308,40000000	0,99847182
308,60000000	0,99837300
308,80000000	0,99802632
309,00000000	0,99811675
309,20000000	0,99800194
309,40000000	0,99774170
309,60000000	0,99803059
309,80000000	0,99788578
310,00000000	0,99756968
310,20000000	0,99746029
310,40000000	0,99759303
310,60000000	0,99728539
310,80000000	0,99685192
311,00000000	0,99740896
311,20000000	0,99745449
311,40000000	0,99712549
311,60000000	0,99713791
311,80000000	0,99684581
312,00000000	0,99677641
312,20000000	0,99691964
312,40000000	0,99684236
312,60000000	0,99696564
312,80000000	0,99703181
313,00000000	0,99657752
313,20000000	0,99626001
313,40000000	0,99634938
313,60000000	0,99619575
313,80000000	0,99590273
314,00000000	0,99595511
314,20000000	0,99632457
314,40000000	0,99660386
314,60000000	0,99641103
314,80000000	0,99618141
315,00000000	0,99580786
315,20000000	0,99569273
315,40000000	0,99559384
315,60000000	0,99558804
315,80000000	0,99590578
316,00000000	0,99581128
316,20000000	0,99572079
316,40000000	0,99581533
316,60000000	0,99551171
316,80000000	0,99524173
317,00000000	0,99543135
317,20000000	0,99573649
317,40000000	0,99593195
317,60000000	0,99590641
317,80000000	0,99569669
318,00000000	0,99577330
318,20000000	0,99589222
318,40000000	0,99568879
318,60000000	0,99559310
318,80000000	0,99587381
319,00000000	0,99574073
319,20000000	0,99562008
319,40000000	0,99546001
319,60000000	0,99542440
319,80000000	0,99576209
320,00000000	0,99589654
320,20000000	0,99565461
320,40000000	0,99530811
320,60000000	0,99524912
320,80000000	0,99551872
321,00000000	0,99588288
321,20000000	0,99620783
321,40000000	0,99586608
321,60000000	0,99569268
321,80000000	0,99595892
322,00000000	0,99562820
322,20000000	0,99542759
322,40000000	0,99561971
322,60000000	0,99587070
322,80000000	0,99612296
323,00000000	0,99603351
323,20000000	0,99612704
323,40000000	0,99639778
323,60000000	0,99649960
323,80000000	0,99644744
324,00000000	0,99615684
324,20000000	0,99618001
324,40000000	0,99617989
324,60000000	0,99628278
324,80000000	0,99661969
325,00000000	0,99666638
325,20000000	0,99695372
325,40000000	0,99692271
325,60000000	0,99694563
325,80000000	0,99710998
326,00000000	0,99704995
326,20000000	0,99682876
326,40000000	0,99678404
326,60000000	0,99670972
326,80000000	0,99684529
327,00000000	0,99727366
327,20000000	0,99736019
327,40000000	0,99727294
327,60000000	0,99717364
327,80000000	0,99721890
328,00000000	0,99741891
328,20000000	0,99740397
328,40000000	0,99728483
328,60000000	0,99729420
328,80000000	0,99754318
329,00000000	0,99754839
329,20000000	0,99759610
329,40000000	0,99771514
329,60000000	0,99777024
329,80000000	0,99784017
330,00000000	0,99766202
330,20000000	0,99782466
330,40000000	0,99808731
330,60000000	0,99812338
330,80000000	0,99809139
331,00000000	0,99815367
331,20000000	0,99829480
331,40000000	0,99839310
331,60000000	0,99830169
331,80000000	0,99834633
332,00000000	0,99847156
332,20000000	0,99859722
332,40000000	0,99865247
332,60000000	0,99861525
332,80000000	0,99867650
333,00000000	0,99870112
333,20000000	0,99883698
333,40000000	0,99892675
333,60000000	0,99885880
333,80000000	0,99876315
334,00000000	0,99883713
334,20000000	0,99902007
334,40000000	0,99894293
334,60000000	0,99883439
334,80000000	0,99901345
335,00000000	0,99906637
335,20000000	0,99897538
335,40000000	0,99900686
335,60000000	0,99901908
335,80000000	0,99899917
336,00000000	0,99910061
336,20000000	0,99929070
336,40000000	0,99935560
336,60000000	0,99923414
336,80000000	0,99918939
337,00000000	0,99919771
337,20000000	0,99918616
337,40000000	0,99920092
337,60000000	0,99924719
337,80000000	0,99921787
338,00000000	0,99920339
338,20000000	0,99920792
338,40000000	0,99922847
338,60000000	0,99925858
338,80000000	0,99931868
339,00000000	0,99940351
339,20000000	0,99937723
339,40000000	0,99938495
339,60000000	0,99945968
339,80000000	0,99937207
340,00000000	0,99926749
340,20000000	0,99932425
340,40000000	0,99937575
340,60000000	0,99945754
340,80000000	0,99948643
341,00000000	0,99939859
341,20000000	0,99940436
341,40000000	0,99939896
341,60000000	0,99935213
341,80000000	0,99935910
342,00000000	0,99937918
342,20000000	0,99931104
342,40000000	0,99918338
342,60000000	0,99921825
342,80000000	0,99928450
343,00000000	0,99925564
343,20000000	0,99930982
343,40000000	0,99929349
343,60000000	0,99924560
343,80000000	0,99926412
344,00000000	0,99925316
344,20000000	0,99922258
344,40000000	0,99927650
344,60000000	0,99931685
344,80000000	0,99932956
345,00000000	0,99923776
345,20000000	0,99907164
345,40000000	0,99896229
345,60000000	0,99894162
345,80000000	0,99907196
346,00000000	0,99910202
346,20000000	0,99900870
346,40000000	0,99892814
346,60000000	0,99885485
346,80000000	0,99878745
347,00000000	0,99886552
347,20000000	0,99898548
347,40000000	0,99903560
347,60000000	0,99895904
347,80000000	0,99873650
348,00000000	0,99868129
348,20000000	0,99866319
348,40000000	0,99869230
348,60000000	0,99872816
348,80000000	0,99871755
349,00000000	0,99865424
349,20000000	0,99864580
349,40000000	0,99859527
349,60000000	0,99843125
349,80000000	0,99830584
350,00000000	0,99825767
350,20000000	0,99824203
350,40000000	0,99827288
350,60000000	0,99821579
350,80000000	0,99825369
351,00000000	0,99826793
351,20000000	0,99817201
351,40000000	0,99800882
351,60000000	0,99782431
351,80000000	0,99780391
352,00000000	0,99788653
352,20000000	0,99785743
352,40000000	0,99774823
352,60000000	0,99769421
352,80000000	0,99783017
353,00000000	0,99781134
353,20000000	0,99760492
353,40000000	0,99740022
353,60000000	0,99719793
353,80000000	0,99743350
354,00000000	0,99749016
354,20000000	0,99709551
354,40000000	0,99672839
354,60000000	0,99674191
354,80000000	0,99690373
355,00000000	0,99682943
355,20000000	0,99653268
355,40000000	0,99648928
355,60000000	0,99654238
355,80000000	0,99664165
356,00000000	0,99663593
356,20000000	0,99643780
356,40000000	0,99640784
356,60000000	0,99647667
356,80000000	0,99633057
357,00000000	0,99608561
357,20000000	0,99605593
357,40000000	0,99586637
357,60000000	0,99564050
357,80000000	0,99565131
358,00000000	0,99568614
358,20000000	0,99548754
358,40000000	0,99535063
358,60000000	0,99553339
358,80000000	0,99544644
359,00000000	0,99531237
359,20000000	0,99545285
359,40000000	0,99523152
359,60000000	0,99490326
359,80000000	0,99491973
360,00000000	0,99508757
360,20000000	0,99503262
360,40000000	0,99501569
360,60000000	0,99501871
360,80000000	0,99477002
361,00000000	0,99465569
361,20000000	0,99454028
361,40000000	0,99434595
361,60000000	0,99437138
361,80000000	0,99459331
362,00000000	0,99454569
362,20000000	0,99423455
362,40000000	0,99419119
362,60000000	0,99412155
362,80000000	0,99427946
363,00000000	0,99441227
363,20000000	0,99433660
363,40000000	0,99421476
363,60000000	0,99398368
363,80000000	0,99356173
364,00000000	0,99359967
364,20000000	0,99386274
364,40000000	0,99374360
364,60000000	0,99368288
364,80000000	0,99389491
365,00000000	0,99388373
365,20000000	0,99377355
365,40000000	0,99389841
365,60000000	0,99371597
365,80000000	0,99338522
366,00000000	0,99349384
366,20000000	0,99388992
366,40000000	0,99402816
366,60000000	0,99394844
366,80000000	0,99394159
367,00000000	0,99395736
367,20000000	0,99377195
367,40000000	0,99369485
367,60000000	0,99374403
367,80000000	0,99391480
368,00000000	0,99400848
368,20000000	0,99394309
368,40000000	0,99403546
368,60000000	0,99404216
368,80000000	0,99401178
369,00000000	0,99419277
369,20000000	0,99446812
369,40000000	0,99443648
369,60000000	0,99435970
369,80000000	0,99455746
370,00000000	0,99465824
370,20000000	0,99456658
370,40000000	0,99475369
370,60000000	0,99509626
370,80000000	0,99501407
371,00000000	0,99478018
371,20000000	0,99491241
371,40000000	0,99493046
371,60000000	0,99484724
371,80000000	0,99515057
372,00000000	0,99543047
372,20000000	0,99557775
372,40000000	0,99555793
372,60000000	0,99548681
372,80000000	0,99556068
373,00000000	0,99569073
373,20000000	0,99580643
373,40000000	0,99597068
373,60000000	0,99613333
373,80000000	0,99621302
374,00000000	0,99633776
374,20000000	0,99657421
374,40000000	0,99678958
374,60000000	0,99689038
374,80000000	0,99688021
375,00000000	0,99703565
375,20000000	0,99708269
375,40000000	0,99696848
375,60000000	0,99711075
375,80000000	0,99717647
376,00000000	0,99711147
376,20000000	0,99731376
376,40000000	0,99766442
376,60000000	0,99791764
376,80000000	0,99801265
377,00000000	0,99808373
377,20000000	0,99811021
377,40000000	0,99802913
377,60000000	0,99822953
377,80000000	0,99856781
378,00000000	0,99868014
378,20000000	0,99862569
378,40000000	0,99862603
378,60000000	0,99874518
378,80000000	0,99878809
379,00000000	0,99883971
379,20000000	0,99896815
379,40000000	0,99901250
379,60000000	0,99906456
379,80000000	0,99916753
380,00000000	0,99921305
380,20000000	0,99927734
380,40000000	0,99933881
380,60000000	0,99940762
380,80000000	0,99948572
381,00000000	0,99957073
381,20000000	0,99966509
381,40000000	0,99971745
381,60000000	0,99974021
381,80000000	0,99979018
382,00000000	0,99981120
382,20000000	0,99981022
382,40000000	0,99981451
382,60000000	0,99980599
382,80000000	0,99986065
383,00000000	0,99991866
383,20000000	0,99994290
383,40000000	0,99996675
383,60000000	0,99998327
383,80000000	0,99996243
384,00000000	0,99995985
384,20000000	0,99996679
384,40000000	0,99991748
384,60000000	0,99990188
384,80000000	0,99994067
385,00000000	0,99993402
385,20000000	0,99987184
385,40000000	0,99980263
385,60000000	0,99976130
385,80000000	0,99976640
386,00000000	0,99976579
386,20000000	0,99974138
386,40000000	0,99966075
386,60000000	0,99959835
386,80000000	0,99959945
387,00000000	0,99957422
387,20000000	0,99954652
387,40000000	0,99947253
387,60000000	0,99936466
387,80000000	0,99931862
388,00000000	0,99922512
388,20000000	0,99911016
388,40000000	0,99912663
388,60000000	0,99909943
388,80000000	0,99894192
389,00000000	0,99885908
389,20000000	0,99880208
389,40000000	0,99864964
389,60000000	0,99857576
389,80000000	0,99855216
390,00000000	0,99858792
390,20000000	0,99863426
390,40000000	0,99843106
390,60000000	0,99824746
390,80000000	0,99823228
391,00000000	0,99821892
391,20000000	0,99824136
391,40000000	0,99815043
391,60000000	0,99796741
391,80000000	0,99781015
392,00000000	0,99767204
392,20000000	0,99770366
392,40000000	0,99771463
392,60000000	0,99759286
392,80000000	0,99754233
393,00000000	0,99755338
393,20000000	0,99740768
393,40000000	0,99719186
393,60000000	0,99712256
393,80000000	0,99717363
394,00000000	0,99723582
394,20000000	0,99706259
394,40000000	0,99689279
394,60000000	0,99684165
394,80000000	0,99673687
395,00000000	0,99677356
395,20000000	0,99674861
395,40000000	0,99644155
395,60000000	0,99641846
395,80000000	0,99656923
396,00000000	0,99646477
396,20000000	0,99648209
396,40000000	0,99661726
396,60000000	0,99658866
396,80000000	0,99654657
397,00000000	0,99657096
397,20000000	0,99651579
397,40000000	0,99652893
397,60000000	0,99642628
397,80000000	0,99629339
398,00000000	0,99645875
398,20000000	0,99647266
398,40000000	0,99621444
398,60000000	0,99612644
398,80000000	0,99630709
399,00000000	0,99642674
399,20000000	0,99628021
399,40000000	0,99612696
399,60000000	0,99622109
399,80000000	0,99625105
400,00000000	0,99608617
400,20000000	0,99615270
400,40000000	0,99633487
400,60000000	0,99636945
400,80000000	0,99641168
401,00000000	0,99657937
401,20000000	0,99674800
401,40000000	0,99679344
401,60000000	0,99687525
401,80000000	0,99696411
402,00000000	0,99700651
402,20000000	0,99705911
402,40000000	0,99707010
402,60000000	0,99699076
402,80000000	0,99685775
403,00000000	0,99682089
403,20000000	0,99694859
403,40000000	0,99709802
403,60000000	0,99735064
403,80000000	0,99748812
404,00000000	0,99734211
404,20000000	0,99725669
404,40000000	0,99741200
404,60000000	0,99778275
404,80000000	0,99798283
405,00000000	0,99797106
405,20000000	0,99799501
405,40000000	0,99804337
405,60000000	0,99813417
405,80000000	0,99812024
406,00000000	0,99800836
406,20000000	0,99808853
406,40000000	0,99830077
406,60000000	0,99839391
406,80000000	0,99842249
407,00000000	0,99851611
407,20000000	0,99861036
407,40000000	0,99871121
407,60000000	0,99876581
407,80000000	0,99874126
408,00000000	0,99880581
408,20000000	0,99890206
408,40000000	0,99896475
408,60000000	0,99902673
408,80000000	0,99913356
409,00000000	0,99919907
409,20000000	0,99919229
409,40000000	0,99930013
409,60000000	0,99941858
409,80000000	0,99943509
410,00000000	0,99948674
410,20000000	0,99954475
410,40000000	0,99952618
410,60000000	0,99951114
410,80000000	0,99956636
411,00000000	0,99963946
411,20000000	0,99967245
411,40000000	0,99972092
411,60000000	0,99979360
411,80000000	0,99983697
412,00000000	0,99987266
412,20000000	0,99990359
412,40000000	0,99990363
412,60000000	0,99989498
412,80000000	0,99991485
413,00000000	0,99993016
413,20000000	0,99993558
413,40000000	0,99994831
413,60000000	0,99994429
413,80000000	0,99994999
414,00000000	0,99997387
414,20000000	0,99997289
414,40000000	0,99995800
414,60000000	0,99994500
414,80000000	0,99991236
415,00000000	0,99988537
415,20000000	0,99989207
415,40000000	0,99987247
415,60000000	0,99978559
415,80000000	0,99969168
416,00000000	0,99966359
416,20000000	0,99967715
416,40000000	0,99969015
416,60000000	0,99967664
416,80000000	0,99963659
417,00000000	0,99954823
417,20000000	0,99943194
417,40000000	0,99938943
417,60000000	0,99943861
417,80000000	0,99945343
418,00000000	0,99938179
418,20000000	0,99929643
418,40000000	0,99921585
418,60000000	0,99910500
418,80000000	0,99910703
419,00000000	0,99914062
419,20000000	0,99906604
419,40000000	0,99898444
419,60000000	0,99884183
419,80000000	0,99864818
420,00000000	0,99852711
420,20000000	0,99853003
420,40000000	0,99858593
420,60000000	0,99858360
420,80000000	0,99852586
421,00000000	0,99843203
421,20000000	0,99835096
421,40000000	0,99832089
421,60000000	0,99819267
421,80000000	0,99798503
422,00000000	0,99792940
422,20000000	0,99792482
422,40000000	0,99781379
422,60000000	0,99777947
422,80000000	0,99785564
423,00000000	0,99780295
423,20000000	0,99767859
423,40000000	0,99770343
423,60000000	0,99766092
423,80000000	0,99741003
424,00000000	0,99734693
424,20000000	0,99740366
424,40000000	0,99732235
424,60000000	0,99722713
424,80000000	0,99713412
425,00000000	0,99708280
425,20000000	0,99704551
425,40000000	0,99704018
425,60000000	0,99707452
425,80000000	0,99713445
426,00000000	0,99705813
426,20000000	0,99678118
426,40000000	0,99667696
426,60000000	0,99666251
426,80000000	0,99662302
427,00000000	0,99664261
427,20000000	0,99665803
427,40000000	0,99672631
427,60000000	0,99671261
427,80000000	0,99664692
428,00000000	0,99663218
428,20000000	0,99660702
428,40000000	0,99662934
428,60000000	0,99661495
428,80000000	0,99654506
429,00000000	0,99643850
429,20000000	0,99646567
429,40000000	0,99670163
429,60000000	0,99674611
429,80000000	0,99671931
430,00000000	0,99672956
430,20000000	0,99667342
430,40000000	0,99670346
430,60000000	0,99671911
430,80000000	0,99661200
431,00000000	0,99664481
431,20000000	0,99684889
431,40000000	0,99683201
431,60000000	0,99668220
431,80000000	0,99673392
432,00000000	0,99691201
432,20000000	0,99702826
432,40000000	0,99702411
432,60000000	0,99694408
432,80000000	0,99689493
433,00000000	0,99695330
433,20000000	0,99689553
433,40000000	0,99682157
433,60000000	0,99695659
433,80000000	0,99697837
434,00000000	0,99691788
434,20000000	0,99699071
434,40000000	0,99703207
434,60000000	0,99697604
434,80000000	0,99694328
435,00000000	0,99696399
435,20000000	0,99697127
435,40000000	0,99691171
435,60000000	0,99700533
435,80000000	0,99713891
436,00000000	0,99704274
436,20000000	0,99707174
436,40000000	0,99727059
436,60000000	0,99730697
436,80000000	0,99727447
437,00000000	0,99722283
437,20000000	0,99717970
437,40000000	0,99727503
437,60000000	0,99732534
437,80000000	0,99727592
438,00000000	0,99728820
438,20000000	0,99732320
438,40000000	0,99727985
438,60000000	0,99727402
438,80000000	0,99731304
439,00000000	0,99726651
439,20000000	0,99721936
439,40000000	0,99724046
439,60000000	0,99727913
439,80000000	0,99740506
440,00000000	0,99755573
440,20000000	0,99751291
440,40000000	0,99742983
440,60000000	0,99735551
440,80000000	0,99724211
441,00000000	0,99727354
441,20000000	0,99740156
441,40000000	0,99737482
441,60000000	0,99719806
441,80000000	0,99708020
442,00000000	0,99706913
442,20000000	0,99703241
442,40000000	0,99687637
442,60000000	0,99674323
442,80000000	0,99671111
443,00000000	0,99663455
443,20000000	0,99657361
443,40000000	0,99663812
443,60000000	0,99674814
443,80000000	0,99672169
444,00000000	0,99663582
444,20000000	0,99667383
444,40000000	0,99662788
444,60000000	0,99642728
444,80000000	0,99637386
445,00000000	0,99652256
445,20000000	0,99657985
445,40000000	0,99639800
445,60000000	0,99612882
445,80000000	0,99596930
446,00000000	0,99597040
446,20000000	0,99605889
446,40000000	0,99600861
446,60000000	0,99589696
446,80000000	0,99580146
447,00000000	0,99554866
447,20000000	0,99527456
447,40000000	0,99534038
447,60000000	0,99551170
447,80000000	0,99549323
448,00000000	0,99542698
448,20000000	0,99535253
448,40000000	0,99542791
448,60000000	0,99537926
448,80000000	0,99524297
449,00000000	0,99537761
449,20000000	0,99538763
449,40000000	0,99515096
449,60000000	0,99498871
449,80000000	0,99483385
450,00000000	0,99471461
450,20000000	0,99470108
450,40000000	0,99471379
450,60000000	0,99474572
450,80000000	0,99465922
451,00000000	0,99455077
451,20000000	0,99450902
451,40000000	0,99450619
451,60000000	0,99445082
451,80000000	0,99429879
452,00000000	0,99431312
452,20000000	0,99436399
452,40000000	0,99424423
452,60000000	0,99424308
452,80000000	0,99430602
453,00000000	0,99418745
453,20000000	0,99400946
453,40000000	0,99415525
453,60000000	0,99447793
453,80000000	0,99443237
454,00000000	0,99424030
454,20000000	0,99420527
454,40000000	0,99420377
454,60000000	0,99413028
454,80000000	0,99409704
455,00000000	0,99410720
455,20000000	0,99409545
455,40000000	0,99416725
455,60000000	0,99415989
455,80000000	0,99413946
456,00000000	0,99430663
456,20000000	0,99439804
456,40000000	0,99431216
456,60000000	0,99426539
456,80000000	0,99430799
457,00000000	0,99439269
457,20000000	0,99439531
457,40000000	0,99439429
457,60000000	0,99457800
457,80000000	0,99464553
458,00000000	0,99453957
458,20000000	0,99455246
458,40000000	0,99458189
458,60000000	0,99464311
458,80000000	0,99477854
459,00000000	0,99478993
459,20000000	0,99474696
459,40000000	0,99492487
459,60000000	0,99505728
459,80000000	0,99494563
460,00000000	0,99504114
460,20000000	0,99532908
460,40000000	0,99548343
460,60000000	0,99548435
460,80000000	0,99537411
461,00000000	0,99537422
461,20000000	0,99562408
461,40000000	0,99573341
461,60000000	0,99563039
461,80000000	0,99569120
462,00000000	0,99589792
462,20000000	0,99602967
462,40000000	0,99613453
462,60000000	0,99623464
462,80000000	0,99629433
463,00000000	0,99645663
463,20000000	0,99658485
463,40000000	0,99664714
463,60000000	0,99665377
463,80000000	0,99671607
464,00000000	0,99689442
464,20000000	0,99701103
464,40000000	0,99705135
464,60000000	0,99700198
464,80000000	0,99710360
465,00000000	0,99731120
465,20000000	0,99728205
465,40000000	0,99727090
465,60000000	0,99751378
465,80000000	0,99770259
466,00000000	0,99762033
466,20000000	0,99754036
466,40000000	0,99761869
466,60000000	0,99778642
466,80000000	0,99795551
467,00000000	0,99805404
467,20000000	0,99802864
467,40000000	0,99794015
467,60000000	0,99796226
467,80000000	0,99808037
468,00000000	0,99825373
468,20000000	0,99834461
468,40000000	0,99835799
468,60000000	0,99837159
468,80000000	0,99839933
469,00000000	0,99844252
469,20000000	0,99844486
469,40000000	0,99849441
469,60000000	0,99862529
469,80000000	0,99865214
470,00000000	0,99865989
470,20000000	0,99871123
470,40000000	0,99866708
470,60000000	0,99863479
470,80000000	0,99865506
471,00000000	0,99870145
471,20000000	0,99869439
471,40000000	0,99872403
471,60000000	0,99883089
471,80000000	0,99880168
472,00000000	0,99883175
472,20000000	0,99889667
472,40000000	0,99885150
472,60000000	0,99871723
472,80000000	0,99854618
473,00000000	0,99853711
473,20000000	0,99859590
473,40000000	0,99858666
473,60000000	0,99855132
473,80000000	0,99849955
474,00000000	0,99843631
474,20000000	0,99841525
474,40000000	0,99835887
474,60000000	0,99831251
474,80000000	0,99831816
475,00000000	0,99823992
475,20000000	0,99813091
475,40000000	0,99814511
475,60000000	0,99809674
475,80000000	0,99802045
476,00000000	0,99805109
476,20000000	0,99801568
476,40000000	0,99782179
476,60000000	0,99767486
476,80000000	0,99769696
477,00000000	0,99768881
477,20000000	0,99769146
477,40000000	0,99775014
477,60000000	0,99770827
477,80000000	0,99747116
478,00000000	0,99718023
478,20000000	0,99721122
478,40000000	0,99724688
478,60000000	0,99705784
478,80000000	0,99693516
479,00000000	0,99697725
479,20000000	0,99700037
479,40000000	0,99678366
479,60000000	0,99655907
479,80000000	0,99663458
480,00000000	0,99674222
480,20000000	0,99659660
480,40000000	0,99638643
480,60000000	0,99632331
480,80000000	0,99628609
481,00000000	0,99617840
481,20000000	0,99612950
481,40000000	0,99614967
481,60000000	0,99600525
481,80000000	0,99580907
482,00000000	0,99584822
482,20000000	0,99588554
482,40000000	0,99577752
482,60000000	0,99559558
482,80000000	0,99557358
483,00000000	0,99556943
483,20000000	0,99550437
483,40000000	0,99537667
483,60000000	0,99530208
483,80000000	0,99529236
484,00000000	0,99513507
484,20000000	0,99505708
484,40000000	0,99493342
484,60000000	0,99489350
484,80000000	0,99494397
485,00000000	0,99495817
485,20000000	0,99491574
485,40000000	0,99491194
485,60000000	0,99482900
485,80000000	0,99473037
486,00000000	0,99461262
486,20000000	0,99474072
486,40000000	0,99487618
486,60000000	0,99461244
486,80000000	0,99456450
487,00000000	0,99480870
487,20000000	0,99484067
487,40000000	0,99468784
487,60000000	0,99454194
487,80000000	0,99451933
488,00000000	0,99456431
488,20000000	0,99447487
488,40000000	0,99435229
488,60000000	0,99430034
488,80000000	0,99444475
489,00000000	0,99457159
489,20000000	0,99442612
489,40000000	0,99421857
489,60000000	0,99426113
489,80000000	0,99435611
490,00000000	0,99435054
490,20000000	0,99435748
490,40000000	0,99440717
490,60000000	0,99448728
490,80000000	0,99441545
491,00000000	0,99423932
491,20000000	0,99437906
491,40000000	0,99451339
491,60000000	0,99428880
491,80000000	0,99422837
492,00000000	0,99425026
492,20000000	0,99422122
492,40000000	0,99423092
492,60000000	0,99426637
492,80000000	0,99432711
493,00000000	0,99432179
493,20000000	0,99419122
493,40000000	0,99422527
493,60000000	0,99436995
493,80000000	0,99433048
494,00000000	0,99434248
494,20000000	0,99428178
494,40000000	0,99424634
494,60000000	0,99430557
494,80000000	0,99425057
495,00000000	0,99414494
495,20000000	0,99421407
495,40000000	0,99438378
495,60000000	0,99452097
495,80000000	0,99455535
496,00000000	0,99460693
496,20000000	0,99472540
496,40000000	0,99461890
496,60000000	0,99463530
496,80000000	0,99467109
497,00000000	0,99469146
497,20000000	0,99470903
497,40000000	0,99475482
497,60000000	0,99493254
497,80000000	0,99485544
498,00000000	0,99481864
498,20000000	0,99483809
498,40000000	0,99486649
498,60000000	0,99492031
498,80000000	0,99486499
499,00000000	0,99489490
499,20000000	0,99495036
499,40000000	0,99500228
499,60000000	0,99495240
499,80000000	0,99486390
500,00000000	0,99495581
500,20000000	0,99510107
500,40000000	0,99513694
500,60000000	0,99516297
500,80000000	0,99529219
501,00000000	0,99524818
501,20000000	0,99514365
501,40000000	0,99517121
501,60000000	0,99523259
501,80000000	0,99532803
502,00000000	0,99536986
502,20000000	0,99537759
502,40000000	0,99536636
502,60000000	0,99547469
502,80000000	0,99550350
503,00000000	0,99547694
503,20000000	0,99544385
503,40000000	0,99539162
503,60000000	0,99551838
503,80000000	0,99555537
504,00000000	0,99552441
504,20000000	0,99557048
504,40000000	0,99562429
504,60000000	0,99579699
504,80000000	0,99582502
505,00000000	0,99585588
505,20000000	0,99597694
505,40000000	0,99597310
505,60000000	0,99593077
505,80000000	0,99587516
506,00000000	0,99587698
506,20000000	0,99589275
506,40000000	0,99591688
506,60000000	0,99604558
506,80000000	0,99630626
507,00000000	0,99641971
507,20000000	0,99637219
507,40000000	0,99645072
507,60000000	0,99655658
507,80000000	0,99661873
508,00000000	0,99677480
508,20000000	0,99683692
508,40000000	0,99683970
508,60000000	0,99685559
508,80000000	0,99687535
509,00000000	0,99690085
509,20000000	0,99697891
509,40000000	0,99698561
509,60000000	0,99686319
509,80000000	0,99708460
510,00000000	0,99732484
510,20000000	0,99721412
510,40000000	0,99713099
510,60000000	0,99717339
510,80000000	0,99733696
511,00000000	0,99748337
511,20000000	0,99756200
511,40000000	0,99765080
511,60000000	0,99767796
511,80000000	0,99781176
512,00000000	0,99788568
512,20000000	0,99785536
512,40000000	0,99788692
512,60000000	0,99800831
512,80000000	0,99809525
513,00000000	0,99819707
513,20000000	0,99825488
513,40000000	0,99826073
513,60000000	0,99828959
513,80000000	0,99843591
514,00000000	0,99854320
514,20000000	0,99855875
514,40000000	0,99853226
514,60000000	0,99870014
514,80000000	0,99884310
515,00000000	0,99879543
515,20000000	0,99878182
515,40000000	0,99881080
515,60000000	0,99890651
515,80000000	0,99899418
516,00000000	0,99906750
516,20000000	0,99913636
516,40000000	0,99922117
516,60000000	0,99932275
516,80000000	0,99932080
517,00000000	0,99931812
517,20000000	0,99940587
517,40000000	0,99946328
517,60000000	0,99951533
517,80000000	0,99956727
518,00000000	0,99959006
518,20000000	0,99961993
518,40000000	0,99969340
518,60000000	0,99974378
518,80000000	0,99974004
519,00000000	0,99976117
519,20000000	0,99977793
519,40000000	0,99977041
519,60000000	0,99982092
519,80000000	0,99986411
520,00000000	0,99987848
520,20000000	0,99989647
520,40000000	0,99991878
520,60000000	0,99995550
520,80000000	0,99998190
521,00000000	0,99997925
521,20000000	0,99997917
521,40000000	0,99999196
521,60000000	0,99999526
521,80000000	0,99998559
522,00000000	0,99996355
522,20000000	0,99995191
522,40000000	0,99994541
522,60000000	0,99994547
522,80000000	0,99993470
523,00000000	0,99990767
523,20000000	0,99987581
523,40000000	0,99985171
523,60000000	0,99984719
523,80000000	0,99983075
524,00000000	0,99977634
524,20000000	0,99971693
524,40000000	0,99969904
524,60000000	0,99968648
524,80000000	0,99956237
525,00000000	0,99948046
525,20000000	0,99950239
525,40000000	0,99946993
525,60000000	0,99933670
525,80000000	0,99926276
526,00000000	0,99928996
526,20000000	0,99935197
526,40000000	0,99930389
526,60000000	0,99914885
526,80000000	0,99905368
527,00000000	0,99896555
527,20000000	0,99895764
527,40000000	0,99889212
527,60000000	0,99869980
527,80000000	0,99870511
528,00000000	0,99882667
528,20000000	0,99877367
528,40000000	0,99851405
528,60000000	0,99830878
528,80000000	0,99822209
529,00000000	0,99819677
529,20000000	0,99802868
529,40000000	0,99795599
529,60000000	0,99800158
529,80000000	0,99787560
530,00000000	0,99766138
530,20000000	0,99760786
530,40000000	0,99758208
530,60000000	0,99748354
530,80000000	0,99742807
531,00000000	0,99736823
531,20000000	0,99732697
531,40000000	0,99724550
531,60000000	0,99720910
531,80000000	0,99720132
532,00000000	0,99699552
532,20000000	0,99685342
532,40000000	0,99688510
532,60000000	0,99684959
532,80000000	0,99662724
533,00000000	0,99650733
533,20000000	0,99651071
533,40000000	0,99656354
533,60000000	0,99655338
533,80000000	0,99642502
534,00000000	0,99633307
534,20000000	0,99631823
534,40000000	0,99628697
534,60000000	0,99634376
534,80000000	0,99628232
535,00000000	0,99616676
535,20000000	0,99611072
535,40000000	0,99601797
535,60000000	0,99595731
535,80000000	0,99576614
536,00000000	0,99578259
536,20000000	0,99604183
536,40000000	0,99591686
536,60000000	0,99581118
536,80000000	0,99577746
537,00000000	0,99566247
537,20000000	0,99559496
537,40000000	0,99569307
537,60000000	0,99576284
537,80000000	0,99572948
538,00000000	0,99563608
538,20000000	0,99558907
538,40000000	0,99575804
538,60000000	0,99581127
538,80000000	0,99580500
539,00000000	0,99567048
539,20000000	0,99574189
539,40000000	0,99589272
539,60000000	0,99591946
539,80000000	0,99583117
540,00000000	0,99573956
540,20000000	0,99574925
540,40000000	0,99594166
540,60000000	0,99606909
540,80000000	0,99607906
541,00000000	0,99617392
541,20000000	0,99622643
541,40000000	0,99625729
541,60000000	0,99628623
541,80000000	0,99632810
542,00000000	0,99629352
542,20000000	0,99639798
542,40000000	0,99647001
542,60000000	0,99645169
542,80000000	0,99654848
543,00000000	0,99673025
543,20000000	0,99681210
543,40000000	0,99692323
543,60000000	0,99692731
543,80000000	0,99689640
544,00000000	0,99707371
544,20000000	0,99726431
544,40000000	0,99721745
544,60000000	0,99714375
544,80000000	0,99722560
545,00000000	0,99736323
545,20000000	0,99746613
545,40000000	0,99760373
545,60000000	0,99769567
545,80000000	0,99768313
546,00000000	0,99778679
546,20000000	0,99796316
546,40000000	0,99805859
546,60000000	0,99810335
546,80000000	0,99814923
547,00000000	0,99821580
547,20000000	0,99829026
547,40000000	0,99845968
547,60000000	0,99853648
547,80000000	0,99846466
548,00000000	0,99855280
548,20000000	0,99872503
548,40000000	0,99876074
548,60000000	0,99875648
548,80000000	0,99886571
549,00000000	0,99899160
549,20000000	0,99899231
549,40000000	0,99897516
549,60000000	0,99907000
549,80000000	0,99918781
550,00000000	0,99924222
550,20000000	0,99924526
550,40000000	0,99925185
550,60000000	0,99931699
550,80000000	0,99934618
551,00000000	0,99936318
551,20000000	0,99943438
551,40000000	0,99949502
551,60000000	0,99952006
551,80000000	0,99949161
552,00000000	0,99953120
552,20000000	0,99957734
552,40000000	0,99957882
552,60000000	0,99962612
552,80000000	0,99963526
553,00000000	0,99959178
553,20000000	0,99962178
553,40000000	0,99963192
553,60000000	0,99965293
553,80000000	0,99960454
554,00000000	0,99956309
554,20000000	0,99956985
554,40000000	0,99961142
554,60000000	0,99960027
554,80000000	0,99956575
555,00000000	0,99953393
555,20000000	0,99951112
555,40000000	0,99949513
555,60000000	0,99946780
555,80000000	0,99943482
556,00000000	0,99938323
556,20000000	0,99928416
556,40000000	0,99923495
556,60000000	0,99920866
556,80000000	0,99915465
557,00000000	0,99904172
557,20000000	0,99896204
557,40000000	0,99899858
557,60000000	0,99902907
557,80000000	0,99893312
558,00000000	0,99874874
558,20000000	0,99870640
558,40000000	0,99877276
558,60000000	0,99865805
558,80000000	0,99859651
559,00000000	0,99851951
559,20000000	0,99843087
559,40000000	0,99838189
559,60000000	0,99826048
559,80000000	0,99816931
560,00000000	0,99821570
560,20000000	0,99815336
560,40000000	0,99803418
560,60000000	0,99796452
560,80000000	0,99792659
561,00000000	0,99795365
561,20000000	0,99781422
561,40000000	0,99780497
561,60000000	0,99767852
561,80000000	0,99756449
562,00000000	0,99749656
562,20000000	0,99742083
562,40000000	0,99742504
562,60000000	0,99735650
562,80000000	0,99729685
563,00000000	0,99723459
563,20000000	0,99712748
563,40000000	0,99700601
563,60000000	0,99688864
563,80000000	0,99696876
564,00000000	0,99697185
564,20000000	0,99689534
564,40000000	0,99667547
564,60000000	0,99661529
564,80000000	0,99667442
565,00000000	0,99662717
565,20000000	0,99650289
565,40000000	0,99642194
565,60000000	0,99644496
565,80000000	0,99643586
566,00000000	0,99645025
566,20000000	0,99628308
566,40000000	0,99611546
566,60000000	0,99611902
566,80000000	0,99608774
567,00000000	0,99606315
567,20000000	0,99613157
567,40000000	0,99614900
567,60000000	0,99607769
567,80000000	0,99599389
568,00000000	0,99598802
568,20000000	0,99601577
568,40000000	0,99596379
568,60000000	0,99591917
568,80000000	0,99605242
569,00000000	0,99615494
569,20000000	0,99598271
569,40000000	0,99584364
569,60000000	0,99606248
569,80000000	0,99635459
570,00000000	0,99619996
570,20000000	0,99605466
570,40000000	0,99616969
570,60000000	0,99626188
570,80000000	0,99618513
571,00000000	0,99620689
571,20000000	0,99627606
571,40000000	0,99621385
571,60000000	0,99639734
571,80000000	0,99653411
572,00000000	0,99630818
572,20000000	0,99623815
572,40000000	0,99640296
572,60000000	0,99648427
572,80000000	0,99653139
573,00000000	0,99670078
573,20000000	0,99673077
573,40000000	0,99669170
573,60000000	0,99672368
573,80000000	0,99684894
574,00000000	0,99695835
574,20000000	0,99696268
574,40000000	0,99710516
574,60000000	0,99730658
574,80000000	0,99733120
575,00000000	0,99731411
575,20000000	0,99735888
575,40000000	0,99746913
575,60000000	0,99741041
575,80000000	0,99738182
576,00000000	0,99749272
576,20000000	0,99770919
576,40000000	0,99776178
576,60000000	0,99772328
576,80000000	0,99774562
577,00000000	0,99790832
577,20000000	0,99794378
577,40000000	0,99793985
577,60000000	0,99808292
577,80000000	0,99811056
578,00000000	0,99822786
578,20000000	0,99826274
578,40000000	0,99823216
578,60000000	0,99830984
578,80000000	0,99834656
579,00000000	0,99846082
579,20000000	0,99858953
579,40000000	0,99870874
579,60000000	0,99878099
579,80000000	0,99880568
580,00000000	0,99880101
580,20000000	0,99885952
580,40000000	0,99891591
580,60000000	0,99886630
580,80000000	0,99885598
581,00000000	0,99889547
581,20000000	0,99901371
581,40000000	0,99910257
581,60000000	0,99916942
581,80000000	0,99916169
582,00000000	0,99908115
582,20000000	0,99907390
582,40000000	0,99922317
582,60000000	0,99929900
582,80000000	0,99926209
583,00000000	0,99920885
583,20000000	0,99926859
583,40000000	0,99930416
583,60000000	0,99932910
583,80000000	0,99936891
584,00000000	0,99936052
584,20000000	0,99935290
584,40000000	0,99937870
584,60000000	0,99939768
584,80000000	0,99943645
585,00000000	0,99941877
585,20000000	0,99935065
585,40000000	0,99931506
585,60000000	0,99932084
585,80000000	0,99940765
586,00000000	0,99942125
586,20000000	0,99935022
586,40000000	0,99927013
586,60000000	0,99921511
586,80000000	0,99923413
587,00000000	0,99925826
587,20000000	0,99924445
587,40000000	0,99924535
587,60000000	0,99918597
587,80000000	0,99912885
588,00000000	0,99915549
588,20000000	0,99914077
588,40000000	0,99905642
588,60000000	0,99897376
588,80000000	0,99892530
589,00000000	0,99898307
589,20000000	0,99903634
589,40000000	0,99904619
589,60000000	0,99899412
589,80000000	0,99891410
590,00000000	0,99881074
590,20000000	0,99879458
590,40000000	0,99877619
590,60000000	0,99868464
590,80000000	0,99871831
591,00000000	0,99860503
591,20000000	0,99860173
591,40000000	0,99854420
591,60000000	0,99845541
591,80000000	0,99846851
592,00000000	0,99851105
592,20000000	0,99855553
592,40000000	0,99847142
592,60000000	0,99841921
592,80000000	0,99841218
593,00000000	0,99848126
593,20000000	0,99844404
593,40000000	0,99825204
593,60000000	0,99825220
593,80000000	0,99825591
594,00000000	0,99808061
594,20000000	0,99813782
594,40000000	0,99825598
594,60000000	0,99812952
594,80000000	0,99813397
595,00000000	0,99811047
595,20000000	0,99801420
595,40000000	0,99804044
595,60000000	0,99797128
595,80000000	0,99788618
596,00000000	0,99790744
596,20000000	0,99783979
596,40000000	0,99785203
596,60000000	0,99795187
596,80000000	0,99790064
597,00000000	0,99791627
597,20000000	0,99797800
597,40000000	0,99786814
597,60000000	0,99781875
597,80000000	0,99793767
598,00000000	0,99793679
598,20000000	0,99790716
598,40000000	0,99793378
598,60000000	0,99800797
598,80000000	0,99806190
599,00000000	0,99804503
599,20000000	0,99803605
599,40000000	0,99793404
599,60000000	0,99786179
599,80000000	0,99801366
600,00000000	0,99823340
600,20000000	0,99815613
600,40000000	0,99798718
600,60000000	0,99793302
600,80000000	0,99809433
601,00000000	0,99821641
601,20000000	0,99808034
601,40000000	0,99793125
601,60000000	0,99800676
601,80000000	0,99809086
602,00000000	0,99805318
602,20000000	0,99807340
602,40000000	0,99809953
602,60000000	0,99812104
602,80000000	0,99811112
603,00000000	0,99798361
603,20000000	0,99796393
603,40000000	0,99809693
603,60000000	0,99816379
603,80000000	0,99824180
604,00000000	0,99828863
604,20000000	0,99824875
604,40000000	0,99823394
604,60000000	0,99815279
604,80000000	0,99815581
605,00000000	0,99813047
605,20000000	0,99819284
605,40000000	0,99830667
605,60000000	0,99837939
605,80000000	0,99838915
606,00000000	0,99835872
606,20000000	0,99831282
606,40000000	0,99834646
606,60000000	0,99831161
606,80000000	0,99824277
607,00000000	0,99822217
607,20000000	0,99828917
607,40000000	0,99836055
607,60000000	0,99822407
607,80000000	0,99826578
608,00000000	0,99834148
608,20000000	0,99830657
608,40000000	0,99823285
608,60000000	0,99823813
608,80000000	0,99827999
609,00000000	0,99834064
609,20000000	0,99830590
609,40000000	0,99821279
609,60000000	0,99825531
609,80000000	0,99824355
610,00000000	0,99834896
610,20000000	0,99830432
610,40000000	0,99826350
610,60000000	0,99824625
610,80000000	0,99828183
611,00000000	0,99827404
611,20000000	0,99814468
611,40000000	0,99811929
611,60000000	0,99814628
611,80000000	0,99803340
612,00000000	0,99797640
612,20000000	0,99792828
612,40000000	0,99800932
612,60000000	0,99797008
612,80000000	0,99790031
613,00000000	0,99788513
613,20000000	0,99797183
613,40000000	0,99782367
613,60000000	0,99771804
613,80000000	0,99773320
614,00000000	0,99774546
614,20000000	0,99769960
614,40000000	0,99748024
614,60000000	0,99744826
614,80000000	0,99760104
615,00000000	0,99756460
615,20000000	0,99732334
615,40000000	0,99729618
615,60000000	0,99747907
615,80000000	0,99738813
616,00000000	0,99733129
616,20000000	0,99725935
616,40000000	0,99726928
616,60000000	0,99730756
616,80000000	0,99723770
617,00000000	0,99712042
617,20000000	0,99711256
617,40000000	0,99718530
617,60000000	0,99719945
617,80000000	0,99706714
618,00000000	0,99690922
618,20000000	0,99700436
618,40000000	0,99703746
618,60000000	0,99690282
618,80000000	0,99677177
619,00000000	0,99669448
619,20000000	0,99676455
619,40000000	0,99676576
619,60000000	0,99669995
619,80000000	0,99682915
620,00000000	0,99690829
620,20000000	0,99686174
620,40000000	0,99677911
620,60000000	0,99655648
620,80000000	0,99661030
621,00000000	0,99663924
621,20000000	0,99670570
621,40000000	0,99674366
621,60000000	0,99667135
621,80000000	0,99660472
622,00000000	0,99654723
622,20000000	0,99657592
622,40000000	0,99661928
622,60000000	0,99672142
622,80000000	0,99664953
623,00000000	0,99663250
623,20000000	0,99646161
623,40000000	0,99640177
623,60000000	0,99649662
623,80000000	0,99648697
624,00000000	0,99660261
624,20000000	0,99673872
624,40000000	0,99660488
624,60000000	0,99660612
624,80000000	0,99657697
625,00000000	0,99655075
625,20000000	0,99670524
625,40000000	0,99672130
625,60000000	0,99664693
625,80000000	0,99674507
626,00000000	0,99667819
626,20000000	0,99681603
626,40000000	0,99675762
626,60000000	0,99665023
626,80000000	0,99682364
627,00000000	0,99676739
627,20000000	0,99663725
627,40000000	0,99675076
627,60000000	0,99695138
627,80000000	0,99698013
628,00000000	0,99700701
628,20000000	0,99698166
628,40000000	0,99709668
628,60000000	0,99709351
628,80000000	0,99703037
629,00000000	0,99712169
629,20000000	0,99715667
629,40000000	0,99721373
629,60000000	0,99728169
629,80000000	0,99711590
630,00000000	0,99723729
630,20000000	0,99751162
630,40000000	0,99738165
630,60000000	0,99724392
630,80000000	0,99731640
631,00000000	0,99729082
631,20000000	0,99741989
631,40000000	0,99749941
631,60000000	0,99749206
631,80000000	0,99745802
632,00000000	0,99757115
632,20000000	0,99763026
632,40000000	0,99755781
632,60000000	0,99762243
632,80000000	0,99766143
633,00000000	0,99757254
633,20000000	0,99761723
633,40000000	0,99764190
633,60000000	0,99773991
633,80000000	0,99773539
634,00000000	0,99763088
634,20000000	0,99777087
634,40000000	0,99773956
634,60000000	0,99764420
634,80000000	0,99771021
635,00000000	0,99765241
635,20000000	0,99762537
635,40000000	0,99767266
635,60000000	0,99760399
635,80000000	0,99764726
636,00000000	0,99760161
636,20000000	0,99757057
636,40000000	0,99750959
636,60000000	0,99755899
636,80000000	0,99757498
637,00000000	0,99753771
637,20000000	0,99746016
637,40000000	0,99736234
637,60000000	0,99744170
637,80000000	0,99742284
638,00000000	0,99726669
638,20000000	0,99722071
638,40000000	0,99715489
638,60000000	0,99720035
638,80000000	0,99719153
639,00000000	0,99717728
639,20000000	0,99715500
639,40000000	0,99715361
639,60000000	0,99703569
639,80000000	0,99695007
640,00000000	0,99695454
640,20000000	0,99692969
640,40000000	0,99682105
640,60000000	0,99667178
640,80000000	0,99671027
641,00000000	0,99656012
641,20000000	0,99644763
641,40000000	0,99642923
641,60000000	0,99637828
641,80000000	0,99628646
642,00000000	0,99623604
642,20000000	0,99634122
642,40000000	0,99615017
642,60000000	0,99595596
642,80000000	0,99605301
643,00000000	0,99587075
643,20000000	0,99580613
643,40000000	0,99578219
643,60000000	0,99566759
643,80000000	0,99557696
644,00000000	0,99561246
644,20000000	0,99542702
644,40000000	0,99523107
644,60000000	0,99507789
644,80000000	0,99512282
645,00000000	0,99510794
645,20000000	0,99519828
645,40000000	0,99508552
645,60000000	0,99489682
645,80000000	0,99478262
646,00000000	0,99490258
646,20000000	0,99485576
646,40000000	0,99461424
646,60000000	0,99463633
646,80000000	0,99462547
647,00000000	0,99451854
647,20000000	0,99428555
647,40000000	0,99435000
647,60000000	0,99438461
647,80000000	0,99423674
648,00000000	0,99392989
648,20000000	0,99390322
648,40000000	0,99410830
648,60000000	0,99400068
648,80000000	0,99386107
649,00000000	0,99390266
649,20000000	0,99386265
649,40000000	0,99394796
649,60000000	0,99370169
649,80000000	0,99359694
650,00000000	0,99355170
650,20000000	0,99347992
650,40000000	0,99355552
650,60000000	0,99361035
650,80000000	0,99380688
651,00000000	0,99355531
651,20000000	0,99340068
651,40000000	0,99355954
651,60000000	0,99341320
651,80000000	0,99333669
652,00000000	0,99336275
652,20000000	0,99352668
652,40000000	0,99337361
652,60000000	0,99327934
652,80000000	0,99336642
653,00000000	0,99343145
653,20000000	0,99350610
653,40000000	0,99352202
653,60000000	0,99362437
653,80000000	0,99368763
654,00000000	0,99361678
654,20000000	0,99358807
654,40000000	0,99359756
654,60000000	0,99368710
654,80000000	0,99371016
655,00000000	0,99355457
655,20000000	0,99384534
655,40000000	0,99393817
655,60000000	0,99385817
655,80000000	0,99384165
656,00000000	0,99392906
656,20000000	0,99407325
656,40000000	0,99407573
656,60000000	0,99425998
656,80000000	0,99424442
657,00000000	0,99420879
657,20000000	0,99437113
657,40000000	0,99441614
657,60000000	0,99429908
657,80000000	0,99453594
658,00000000	0,99462165
658,20000000	0,99472000
658,40000000	0,99464818
658,60000000	0,99475227
658,80000000	0,99494544
659,00000000	0,99503340
659,20000000	0,99496095
659,40000000	0,99517493
659,60000000	0,99526718
659,80000000	0,99523484
660,00000000	0,99520476
660,20000000	0,99501010
660,40000000	0,99523612
660,60000000	0,99554761
660,80000000	0,99536358
661,00000000	0,99557247
661,20000000	0,99582060
661,40000000	0,99574569
661,60000000	0,99577837
661,80000000	0,99578123
662,00000000	0,99591370
662,20000000	0,99615260
662,40000000	0,99610410
662,60000000	0,99614307
662,80000000	0,99628798
663,00000000	0,99645696
663,20000000	0,99662664
663,40000000	0,99653231
663,60000000	0,99648592
663,80000000	0,99656196
664,00000000	0,99657265
664,20000000	0,99655737
664,40000000	0,99675971
664,60000000	0,99686373
664,80000000	0,99673230
665,00000000	0,99682491
665,20000000	0,99678491
665,40000000	0,99682613
665,60000000	0,99706626
665,80000000	0,99701458
666,00000000	0,99701983
666,20000000	0,99713282
666,40000000	0,99720357
666,60000000	0,99710433
666,80000000	0,99722276
667,00000000	0,99729459
667,20000000	0,99738271
667,40000000	0,99737181
667,60000000	0,99740730
667,80000000	0,99746625
668,00000000	0,99728210
668,20000000	0,99725492
668,40000000	0,99720899
668,60000000	0,99729663
668,80000000	0,99744952
669,00000000	0,99754826
669,20000000	0,99747275
669,40000000	0,99735766
669,60000000	0,99736782
669,80000000	0,99727381
670,00000000	0,99728793
670,20000000	0,99721521
670,40000000	0,99736166
670,60000000	0,99737491
670,80000000	0,99727181
671,00000000	0,99721163
671,20000000	0,99730029
671,40000000	0,99727736
671,60000000	0,99722507
671,80000000	0,99726619
672,00000000	0,99744631
672,20000000	0,99745929
672,40000000	0,99719264
672,60000000	0,99725299
672,80000000	0,99716842
673,00000000	0,99720326
673,20000000	0,99723684
673,40000000	0,99713052
673,60000000	0,99713814
673,80000000	0,99720197
674,00000000	0,99716119
674,20000000	0,99709527
674,40000000	0,99717705
674,60000000	0,99732014
674,80000000	0,99707659
675,00000000	0,99701408
675,20000000	0,99710090
675,40000000	0,99707167
675,60000000	0,99695578
675,80000000	0,99690106
676,00000000	0,99696926
676,20000000	0,99682404
676,40000000	0,99677809
676,60000000	0,99682759
676,80000000	0,99690509
677,00000000	0,99691403
677,20000000	0,99687668
677,40000000	0,99696061
677,60000000	0,99698640
677,80000000	0,99673156
678,00000000	0,99669268
678,20000000	0,99679919
678,40000000	0,99679716
678,60000000	0,99687527
678,80000000	0,99683968
679,00000000	0,99672263
679,20000000	0,99670391
679,40000000	0,99687660
679,60000000	0,99690468
679,80000000	0,99686078
680,00000000	0,99686233
680,20000000	0,99699045
680,40000000	0,99671301
680,60000000	0,99660315
680,80000000	0,99677094
681,00000000	0,99666527
681,20000000	0,99671167
681,40000000	0,99678477
681,60000000	0,99681743
681,80000000	0,99685394
682,00000000	0,99668207
682,20000000	0,99671215
682,40000000	0,99699057
682,60000000	0,99687596
682,80000000	0,99669983
683,00000000	0,99669764
683,20000000	0,99670981
683,40000000	0,99686151
683,60000000	0,99665893
683,80000000	0,99664142
684,00000000	0,99655570
684,20000000	0,99678076
684,40000000	0,99686405
684,60000000	0,99682545
684,80000000	0,99677694
685,00000000	0,99670006
685,20000000	0,99668837
685,40000000	0,99675646
685,60000000	0,99679854
685,80000000	0,99687513
686,00000000	0,99694244
686,20000000	0,99681672
686,40000000	0,99687081
686,60000000	0,99693603
686,80000000	0,99681376
687,00000000	0,99701001
687,20000000	0,99699247
687,40000000	0,99675662
687,60000000	0,99682297
687,80000000	0,99690130
688,00000000	0,99693362
688,20000000	0,99696508
688,40000000	0,99692051
688,60000000	0,99686536
688,80000000	0,99688271
689,00000000	0,99700442
689,20000000	0,99698606
689,40000000	0,99671495
689,60000000	0,99673439
689,80000000	0,99682326
690,00000000	0,99684017
690,20000000	0,99681601
690,40000000	0,99684511
690,60000000	0,99669529
690,80000000	0,99671731
691,00000000	0,99675682
691,20000000	0,99666883
691,40000000	0,99666282
691,60000000	0,99659144
691,80000000	0,99653782
692,00000000	0,99646872
692,20000000	0,99641683
692,40000000	0,99665997
692,60000000	0,99664059
692,80000000	0,99649576
693,00000000	0,99635446
693,20000000	0,99638494
693,40000000	0,99634449
693,60000000	0,99623873
693,80000000	0,99640567
694,00000000	0,99635282
694,20000000	0,99625988
694,40000000	0,99618333
694,60000000	0,99623064
694,80000000	0,99630391
695,00000000	0,99597001
695,20000000	0,99582778
695,40000000	0,99584837
695,60000000	0,99598286
695,80000000	0,99585825
696,00000000	0,99559895
696,20000000	0,99560049
696,40000000	0,99569211
696,60000000	0,99571311
696,80000000	0,99554238
697,00000000	0,99517435
697,20000000	0,99520234
697,40000000	0,99546084
697,60000000	0,99535811
697,80000000	0,99515938
698,00000000	0,99509734
698,20000000	0,99503975
698,40000000	0,99495501
698,60000000	0,99506661
698,80000000	0,99510404
699,00000000	0,99494356
699,20000000	0,99482054
699,40000000	0,99482313
699,60000000	0,99486992
699,80000000	0,99485732
700,00000000	0,99474405
700,20000000	0,99483794
700,40000000	0,99484894
700,60000000	0,99473246
700,80000000	0,99457840
701,00000000	0,99440163
701,20000000	0,99432114
701,40000000	0,99455950
701,60000000	0,99452928
701,80000000	0,99419544
702,00000000	0,99438648
702,20000000	0,99445865
702,40000000	0,99435652
702,60000000	0,99439788
702,80000000	0,99449868
703,00000000	0,99433857
703,20000000	0,99427724
703,40000000	0,99436276
703,60000000	0,99421064
703,80000000	0,99430492
704,00000000	0,99434893
704,20000000	0,99434957
704,40000000	0,99425483
704,60000000	0,99440726
704,80000000	0,99433284
705,00000000	0,99410010
705,20000000	0,99403327
705,40000000	0,99439790
705,60000000	0,99460000
705,80000000	0,99448362
706,00000000	0,99441752
706,20000000	0,99452207
706,40000000	0,99461317
706,60000000	0,99453205
706,80000000	0,99443013
707,00000000	0,99448036
707,20000000	0,99476140
707,40000000	0,99482155
707,60000000	0,99470601
707,80000000	0,99479402
708,00000000	0,99488430
708,20000000	0,99476509
708,40000000	0,99497781
708,60000000	0,99491333
708,80000000	0,99496067
709,00000000	0,99520915
709,20000000	0,99528897
709,40000000	0,99524790
709,60000000	0,99530332
709,80000000	0,99546522
710,00000000	0,99546254
710,20000000	0,99557850
710,40000000	0,99574495
710,60000000	0,99562955
710,80000000	0,99568576
711,00000000	0,99575333
711,20000000	0,99587591
711,40000000	0,99585837
711,60000000	0,99602941
711,80000000	0,99605958
712,00000000	0,99608512
712,20000000	0,99611904
712,40000000	0,99626765
712,60000000	0,99633520
712,80000000	0,99645842
713,00000000	0,99651296
713,20000000	0,99662694
713,40000000	0,99660932
713,60000000	0,99672281
713,80000000	0,99683577
714,00000000	0,99688732
714,20000000	0,99698282
714,40000000	0,99701059
714,60000000	0,99702357
714,80000000	0,99709246
715,00000000	0,99717419
715,20000000	0,99726563
715,40000000	0,99727696
715,60000000	0,99736571
715,80000000	0,99732513
716,00000000	0,99748042
716,20000000	0,99748217
716,40000000	0,99748707
716,60000000	0,99741673
716,80000000	0,99755201
717,00000000	0,99764166
717,20000000	0,99765884
717,40000000	0,99775588
717,60000000	0,99777989
717,80000000	0,99770928
718,00000000	0,99781498
718,20000000	0,99784182
718,40000000	0,99796042
718,60000000	0,99784074
718,80000000	0,99770470
719,00000000	0,99775633
719,20000000	0,99784086
719,40000000	0,99795115
719,60000000	0,99779741
719,80000000	0,99769240
720,00000000	0,99782805
720,20000000	0,99787120
720,40000000	0,99780837
720,60000000	0,99774239
720,80000000	0,99773131
721,00000000	0,99786442
721,20000000	0,99780869
721,40000000	0,99761768
721,60000000	0,99786065
721,80000000	0,99786381
722,00000000	0,99775669
722,20000000	0,99763839
722,40000000	0,99758847
722,60000000	0,99750785
722,80000000	0,99746908
723,00000000	0,99737846
723,20000000	0,99741265
723,40000000	0,99744163
723,60000000	0,99743025
723,80000000	0,99730840
724,00000000	0,99716782
724,20000000	0,99723970
724,40000000	0,99720498
724,60000000	0,99712763
724,80000000	0,99714618
725,00000000	0,99703180
725,20000000	0,99691232
725,40000000	0,99689292
725,60000000	0,99667764
725,80000000	0,99666958
726,00000000	0,99677171
726,20000000	0,99661654
726,40000000	0,99639412
726,60000000	0,99628037
726,80000000	0,99644384
727,00000000	0,99616804
727,20000000	0,99614772
727,40000000	0,99624506
727,60000000	0,99606786
727,80000000	0,99604301
728,00000000	0,99627228
728,20000000	0,99590410
728,40000000	0,99595146
728,60000000	0,99598564
728,80000000	0,99578577
729,00000000	0,99594026
729,20000000	0,99568095
729,40000000	0,99551210
729,60000000	0,99557863
729,80000000	0,99559881
730,00000000	0,99561641
730,20000000	0,99551679
730,40000000	0,99531403
730,60000000	0,99531169
730,80000000	0,99537549
731,00000000	0,99541085
731,20000000	0,99530584
731,40000000	0,99511130
731,60000000	0,99509842
731,80000000	0,99526153
732,00000000	0,99505802
732,20000000	0,99510655
732,40000000	0,99514100
732,60000000	0,99516782
732,80000000	0,99504232
733,00000000	0,99496765
733,20000000	0,99499977
733,40000000	0,99500507
733,60000000	0,99498501
733,80000000	0,99481671
734,00000000	0,99494367
734,20000000	0,99497540
734,40000000	0,99496399
734,60000000	0,99495809
734,80000000	0,99484188
735,00000000	0,99494040
735,20000000	0,99487053
735,40000000	0,99491154
735,60000000	0,99504181
735,80000000	0,99520765
736,00000000	0,99499645
736,20000000	0,99468680
736,40000000	0,99483079
736,60000000	0,99494246
736,80000000	0,99491683
737,00000000	0,99491220
737,20000000	0,99488474
737,40000000	0,99504225
737,60000000	0,99520841
737,80000000	0,99496307
738,00000000	0,99506070
738,20000000	0,99523201
738,40000000	0,99518516
738,60000000	0,99531458
738,80000000	0,99511846
739,00000000	0,99536768
739,20000000	0,99527169
739,40000000	0,99525620
739,60000000	0,99511281
739,80000000	0,99531956
740,00000000	0,99560945
740,20000000	0,99541983
740,40000000	0,99544190
740,60000000	0,99567875
740,80000000	0,99552203
741,00000000	0,99564946
741,20000000	0,99562537
741,40000000	0,99571381
741,60000000	0,99585604
741,80000000	0,99576469
742,00000000	0,99582557
742,20000000	0,99587259
742,40000000	0,99598810
742,60000000	0,99594488
742,80000000	0,99594860
743,00000000	0,99613319
743,20000000	0,99619841
743,40000000	0,99610835
743,60000000	0,99601809
743,80000000	0,99620251
744,00000000	0,99622493
744,20000000	0,99641320
744,40000000	0,99634024
744,60000000	0,99634318
744,80000000	0,99663378
745,00000000	0,99634748
745,20000000	0,99642507
745,40000000	0,99683171
745,60000000	0,99651490
745,80000000	0,99641552
746,00000000	0,99662048
746,20000000	0,99672700
746,40000000	0,99681375
746,60000000	0,99677253
746,80000000	0,99675153
747,00000000	0,99680761
747,20000000	0,99695832
747,40000000	0,99702224
747,60000000	0,99680384
747,80000000	0,99680721
748,00000000	0,99716558
748,20000000	0,99719511
748,40000000	0,99696988
748,60000000	0,99699368
748,80000000	0,99709387
749,00000000	0,99719485
749,20000000	0,99706771
749,40000000	0,99717635
749,60000000	0,99727610
749,80000000	0,99713859
750,00000000	0,99705068
750,20000000	0,99708443
750,40000000	0,99726731
750,60000000	0,99726042
750,80000000	0,99718159
751,00000000	0,99706217
751,20000000	0,99734681
751,40000000	0,99727207
751,60000000	0,99720105
751,80000000	0,99705368
752,00000000	0,99716578
752,20000000	0,99732112
752,40000000	0,99727916
752,60000000	0,99720898
752,80000000	0,99730928
753,00000000	0,99729923
753,20000000	0,99731244
753,40000000	0,99732916
753,60000000	0,99723418
753,80000000	0,99736403
754,00000000	0,99727690
754,20000000	0,99719068
754,40000000	0,99720301
754,60000000	0,99718000
754,80000000	0,99723651
755,00000000	0,99717942
755,20000000	0,99718467
755,40000000	0,99716781
755,60000000	0,99725685
755,80000000	0,99728812
756,00000000	0,99714825
756,20000000	0,99723897
756,40000000	0,99722146
756,60000000	0,99718763
756,80000000	0,99725780
757,00000000	0,99742498
757,20000000	0,99732796
757,40000000	0,99736514
757,60000000	0,99726446
757,80000000	0,99737134
758,00000000	0,99721853
758,20000000	0,99714293
758,40000000	0,99714384
758,60000000	0,99741583
758,80000000	0,99743897
759,00000000	0,99735764
759,20000000	0,99734962
759,40000000	0,99735742
759,60000000	0,99733095
759,80000000	0,99736894
760,00000000	0,99739174
760,20000000	0,99743302
760,40000000	0,99720226
760,60000000	0,99733737
760,80000000	0,99750423
761,00000000	0,99752427
761,20000000	0,99754429
761,40000000	0,99762525
761,60000000	0,99767960
761,80000000	0,99765664
762,00000000	0,99767641
762,20000000	0,99768970
762,40000000	0,99761094
762,60000000	0,99780583
762,80000000	0,99777582
763,00000000	0,99787739
763,20000000	0,99775408
763,40000000	0,99793198
763,60000000	0,99793316
763,80000000	0,99788716
764,00000000	0,99789635
764,20000000	0,99803220
764,40000000	0,99826818
764,60000000	0,99809493
764,80000000	0,99801366
765,00000000	0,99816264
765,20000000	0,99818218
765,40000000	0,99821279
765,60000000	0,99833599
765,80000000	0,99831511
766,00000000	0,99838976
766,20000000	0,99828199
766,40000000	0,99848530
766,60000000	0,99872261
766,80000000	0,99863854
767,00000000	0,99859525
767,20000000	0,99875108
767,40000000	0,99873406
767,60000000	0,99881554
767,80000000	0,99882035
768,00000000	0,99883298
768,20000000	0,99895246
768,40000000	0,99898226
768,60000000	0,99894656
768,80000000	0,99899009
769,00000000	0,99908603
769,20000000	0,99909055
769,40000000	0,99908816
769,60000000	0,99917109
769,80000000	0,99922909
770,00000000	0,99929597
770,20000000	0,99927379
770,40000000	0,99929599
770,60000000	0,99934320
770,80000000	0,99942298
771,00000000	0,99939725
771,20000000	0,99946936
771,40000000	0,99948710
771,60000000	0,99951286
771,80000000	0,99955604
772,00000000	0,99952944
772,20000000	0,99955447
772,40000000	0,99965130
772,60000000	0,99963164
772,80000000	0,99956019
773,00000000	0,99960171
773,20000000	0,99964600
773,40000000	0,99963797
773,60000000	0,99965171
773,80000000	0,99967496
774,00000000	0,99966874
774,20000000	0,99969021
774,40000000	0,99967753
774,60000000	0,99971748
774,80000000	0,99968345
775,00000000	0,99968679
775,20000000	0,99964176
775,40000000	0,99967630
775,60000000	0,99966087
775,80000000	0,99966981
776,00000000	0,99959073
776,20000000	0,99957192
776,40000000	0,99965054
776,60000000	0,99963455
776,80000000	0,99959554
777,00000000	0,99956066
777,20000000	0,99952371
777,40000000	0,99955059
777,60000000	0,99953077
777,80000000	0,99945334
778,00000000	0,99939925
778,20000000	0,99932439
778,40000000	0,99937246
778,60000000	0,99941961
778,80000000	0,99929601
779,00000000	0,99928237
779,20000000	0,99930507
779,40000000	0,99921584
779,60000000	0,99915054
779,80000000	0,99906138
780,00000000	0,99912090
780,20000000	0,99901538
780,40000000	0,99900573
780,60000000	0,99900932
780,80000000	0,99887540
781,00000000	0,99883757
781,20000000	0,99887471
781,40000000	0,99869180
781,60000000	0,99874050
781,80000000	0,99850481
782,00000000	0,99851801
782,20000000	0,99856067
782,40000000	0,99860704
782,60000000	0,99852376
782,80000000	0,99849992
783,00000000	0,99840614
783,20000000	0,99833782
783,40000000	0,99824008
783,60000000	0,99823257
783,80000000	0,99820559
784,00000000	0,99820443
784,20000000	0,99815061
784,40000000	0,99785411
784,60000000	0,99798319
784,80000000	0,99777768
785,00000000	0,99785345
785,20000000	0,99796814
785,40000000	0,99766636
785,60000000	0,99776662
785,80000000	0,99782707
786,00000000	0,99766773
786,20000000	0,99755871
786,40000000	0,99770614
786,60000000	0,99758072
786,80000000	0,99753882
787,00000000	0,99744531
787,20000000	0,99729461
787,40000000	0,99740574
787,60000000	0,99740504
787,80000000	0,99734297
788,00000000	0,99719526
788,20000000	0,99723782
788,40000000	0,99716960
788,60000000	0,99724231
788,80000000	0,99716690
789,00000000	0,99714005
789,20000000	0,99715125
789,40000000	0,99683349
789,60000000	0,99709135
789,80000000	0,99714492
790,00000000	0,99698743
790,20000000	0,99682121
790,40000000	0,99700628
790,60000000	0,99695067
790,80000000	0,99686077
791,00000000	0,99683657
791,20000000	0,99661697
791,40000000	0,99664153
791,60000000	0,99668400
791,80000000	0,99662685
792,00000000	0,99673704
792,20000000	0,99662702
792,40000000	0,99657670
792,60000000	0,99646449
792,80000000	0,99655231
793,00000000	0,99653832
793,20000000	0,99662828
793,40000000	0,99650069
793,60000000	0,99653469
793,80000000	0,99646088
794,00000000	0,99671888
794,20000000	0,99661031
794,40000000	0,99633841
794,60000000	0,99638904
794,80000000	0,99643440
795,00000000	0,99640236
795,20000000	0,99650314
795,40000000	0,99636276
795,60000000	0,99651739
795,80000000	0,99637726
796,00000000	0,99643412
796,20000000	0,99650076
796,40000000	0,99652932
796,60000000	0,99650154
796,80000000	0,99623019
797,00000000	0,99631176
797,20000000	0,99641366
797,40000000	0,99644532
797,60000000	0,99629766
797,80000000	0,99617621
798,00000000	0,99633222
798,20000000	0,99608385
798,40000000	0,99601071
798,60000000	0,99625071
798,80000000	0,99649074
799,00000000	0,99613643
799,20000000	0,99602010
799,40000000	0,99616955
799,60000000	0,99604870
799,80000000	0,99623152
800,00000000	0,99611766
800,20000000	0,99612755
800,40000000	0,99611249
800,60000000	0,99628600
800,80000000	0,99603237
801,00000000	0,99601052
801,20000000	0,99607267
801,40000000	0,99591901
801,60000000	0,99597498
801,80000000	0,99583033
802,00000000	0,99589010
802,20000000	0,99596431
802,40000000	0,99607238
802,60000000	0,99585877
802,80000000	0,99583328
803,00000000	0,99588747
803,20000000	0,99589961
803,40000000	0,99571809
803,60000000	0,99587579
803,80000000	0,99572592
804,00000000	0,99561431
804,20000000	0,99563312
804,40000000	0,99585822
804,60000000	0,99564991
804,80000000	0,99550107
805,00000000	0,99542517
805,20000000	0,99564009
805,40000000	0,99583784
805,60000000	0,99559850
805,80000000	0,99539307
806,00000000	0,99542469
806,20000000	0,99553842
806,40000000	0,99544989
806,60000000	0,99524406
806,80000000	0,99564513
807,00000000	0,99544954
807,20000000	0,99547990
807,40000000	0,99545315
807,60000000	0,99536973
807,80000000	0,99556251
808,00000000	0,99555663
808,20000000	0,99509520
808,40000000	0,99547218
808,60000000	0,99551851
808,80000000	0,99519845
809,00000000	0,99531098
809,20000000	0,99531549
809,40000000	0,99537489
809,60000000	0,99547456
809,80000000	0,99550291
810,00000000	0,99543684
810,20000000	0,99530677
810,40000000	0,99535276
810,60000000	0,99529799
810,80000000	0,99527765
811,00000000	0,99520605
811,20000000	0,99529607
811,40000000	0,99515198
811,60000000	0,99549689
811,80000000	0,99519616
812,00000000	0,99489310
812,20000000	0,99505646
812,40000000	0,99517223
812,60000000	0,99526153
812,80000000	0,99501824
813,00000000	0,99501766
813,20000000	0,99499324
813,40000000	0,99513140
813,60000000	0,99492973
813,80000000	0,99475412
814,00000000	0,99488882
814,20000000	0,99475620
814,40000000	0,99495235
814,60000000	0,99484020
814,80000000	0,99482481
815,00000000	0,99491436
815,20000000	0,99474557
815,40000000	0,99449934
815,60000000	0,99449820
815,80000000	0,99450048
816,00000000	0,99459966
816,20000000	0,99424780
816,40000000	0,99436693
816,60000000	0,99474146
816,80000000	0,99427327
817,00000000	0,99411079
817,20000000	0,99401589
817,40000000	0,99407935
817,60000000	0,99395176
817,80000000	0,99370182
818,00000000	0,99367921
818,20000000	0,99376682
818,40000000	0,99345623
818,60000000	0,99322613
818,80000000	0,99343207
819,00000000	0,99351855
819,20000000	0,99335460
819,40000000	0,99303619
819,60000000	0,99289486
819,80000000	0,99293949
820,00000000	0,99278930
820,20000000	0,99245435
820,40000000	0,99205640
820,60000000	0,99200493
820,80000000	0,99224765
821,00000000	0,99195942
821,20000000	0,99180076
821,40000000	0,99131413
821,60000000	0,99127068
821,80000000	0,99149926
822,00000000	0,99094804
822,20000000	0,99081937
822,40000000	0,99051074
822,60000000	0,99021825
822,80000000	0,99012673
823,00000000	0,98995756
823,20000000	0,98976446
823,40000000	0,98959724
823,60000000	0,98935940
823,80000000	0,98901928
824,00000000	0,98923441
824,20000000	0,98898634
824,40000000	0,98834295
824,60000000	0,98829252
824,80000000	0,98763395
825,00000000	0,98757613
825,20000000	0,98781022
825,40000000	0,98710534
825,60000000	0,98696363
825,80000000	0,98671962
826,00000000	0,98677497
826,20000000	0,98633887
826,40000000	0,98631770
826,60000000	0,98622296
826,80000000	0,98567066
827,00000000	0,98564662
827,20000000	0,98533586
827,40000000	0,98497690
827,60000000	0,98427856
827,80000000	0,98477466
828,00000000	0,98432126
828,20000000	0,98393699
828,40000000	0,98370121
828,60000000	0,98356461
828,80000000	0,98330690
829,00000000	0,98344297
829,20000000	0,98299461
829,40000000	0,98275042
829,60000000	0,98272209
829,80000000	0,98234775
830,00000000	0,98233018
830,20000000	0,98184213
830,40000000	0,98124638
830,60000000	0,98113982
830,80000000	0,98122907
831,00000000	0,98100377
831,20000000	0,98061251
831,40000000	0,98099604
831,60000000	0,98078760
831,80000000	0,98069285
832,00000000	0,98052605
832,20000000	0,98024068
832,40000000	0,98013588
832,60000000	0,97942866
832,80000000	0,97963877
833,00000000	0,97953688
833,20000000	0,97986491
833,40000000	0,97925593
833,60000000	0,97927220
833,80000000	0,97917752
834,00000000	0,97907920
834,20000000	0,97913827
834,40000000	0,97921296
834,60000000	0,97934709
834,80000000	0,97917667
835,00000000	0,97850498
835,20000000	0,97869546
835,40000000	0,97944349
835,60000000	0,97871456
835,80000000	0,97892842
836,00000000	0,97889856
836,20000000	0,97953202
836,40000000	0,97895435
836,60000000	0,97944942
836,80000000	0,97909386
837,00000000	0,97921441
837,20000000	0,97981541
837,40000000	0,97907908
837,60000000	0,97967487
837,80000000	0,97955419
838,00000000	0,97992645
838,20000000	0,98004196
838,40000000	0,98036723
838,60000000	0,98028751
838,80000000	0,98024062
839,00000000	0,98029982
839,20000000	0,98043864
839,40000000	0,98092531
839,60000000	0,98123757
839,80000000	0,98147177
840,00000000	0,98122518
840,20000000	0,98153176
840,40000000	0,98203558
840,60000000	0,98241366
840,80000000	0,98237398
841,00000000	0,98267991
841,20000000	0,98310505
841,40000000	0,98308828
841,60000000	0,98333161
841,80000000	0,98349959
842,00000000	0,98414073
842,20000000	0,98429275
842,40000000	0,98439156
842,60000000	0,98456429
842,80000000	0,98529855
843,00000000	0,98524205
843,20000000	0,98596462
843,40000000	0,98639756
843,60000000	0,98661095
843,80000000	0,98670334
844,00000000	0,98695848
844,20000000	0,98747553
844,40000000	0,98803235
844,60000000	0,98809244
844,80000000	0,98824592
845,00000000	0,98872997
845,20000000	0,98920825
845,40000000	0,98939075
845,60000000	0,98979342
845,80000000	0,99011581
846,00000000	0,99045175
846,20000000	0,99079496
846,40000000	0,99098839
846,60000000	0,99132792
846,80000000	0,99156216
847,00000000	0,99187083
847,20000000	0,99230105
847,40000000	0,99255014
847,60000000	0,99293575
847,80000000	0,99330774
848,00000000	0,99331776
848,20000000	0,99386111
848,40000000	0,99424767
848,60000000	0,99421396
848,80000000	0,99464872
849,00000000	0,99505033
849,20000000	0,99495500
849,40000000	0,99549785
849,60000000	0,99566075
849,80000000	0,99600960
850,00000000	0,99641298
850,20000000	0,99649155
850,40000000	0,99677089
850,60000000	0,99685076
850,80000000	0,99709374
851,00000000	0,99741268
851,20000000	0,99743547
851,40000000	0,99771593
851,60000000	0,99799893
851,80000000	0,99809530
852,00000000	0,99822070
852,20000000	0,99834892
852,40000000	0,99858652
852,60000000	0,99871227
852,80000000	0,99887192
853,00000000	0,99892189
853,20000000	0,99913841
853,40000000	0,99914827
853,60000000	0,99932970
853,80000000	0,99939762
854,00000000	0,99954513
854,20000000	0,99958258
854,40000000	0,99964284
854,60000000	0,99971653
854,80000000	0,99977701
855,00000000	0,99980862
855,20000000	0,99983323
855,40000000	0,99989381
855,60000000	0,99995536
855,80000000	0,99994757
856,00000000	0,99998186
856,20000000	0,99996419
856,40000000	0,99999969
856,60000000	0,99998250
856,80000000	0,99998562
857,00000000	0,99996363
857,20000000	0,99994231
857,40000000	0,99995320
857,60000000	0,99989161
857,80000000	0,99988629
858,00000000	0,99988147
858,20000000	0,99977821
858,40000000	0,99971482
858,60000000	0,99972961
858,80000000	0,99963111
859,00000000	0,99963885
859,20000000	0,99946327
859,40000000	0,99943186
859,60000000	0,99933562
859,80000000	0,99924767
860,00000000	0,99925962
860,20000000	0,99931464
860,40000000	0,99910962
860,60000000	0,99901683
860,80000000	0,99892074
861,00000000	0,99898464
861,20000000	0,99873916
861,40000000	0,99860032
861,60000000	0,99873168
861,80000000	0,99863228
862,00000000	0,99827648
862,20000000	0,99814577
862,40000000	0,99840243
862,60000000	0,99825148
862,80000000	0,99795403
863,00000000	0,99801085
863,20000000	0,99786695
863,40000000	0,99787003
863,60000000	0,99749068
863,80000000	0,99764715
864,00000000	0,99767509
864,20000000	0,99760504
864,40000000	0,99727935
864,60000000	0,99718489
864,80000000	0,99702420
865,00000000	0,99715214
865,20000000	0,99702373
865,40000000	0,99690386
865,60000000	0,99662739
865,80000000	0,99660060
866,00000000	0,99681478
866,20000000	0,99646306
866,40000000	0,99628448
866,60000000	0,99658631
866,80000000	0,99638621
867,00000000	0,99593953
867,20000000	0,99609882
867,40000000	0,99622976
867,60000000	0,99622214
867,80000000	0,99585516
868,00000000	0,99595902
868,20000000	0,99560874
868,40000000	0,99578433
868,60000000	0,99566876
868,80000000	0,99536855
869,00000000	0,99542098
869,20000000	0,99506668
869,40000000	0,99540705
869,60000000	0,99519661
869,80000000	0,99522455
870,00000000	0,99507235
870,20000000	0,99521764
870,40000000	0,99490222
870,60000000	0,99482710
870,80000000	0,99494354
871,00000000	0,99471108
871,20000000	0,99459244
871,40000000	0,99451884
871,60000000	0,99422062
871,80000000	0,99413934
872,00000000	0,99410972
872,20000000	0,99390726
872,40000000	0,99401398
872,60000000	0,99385806
872,80000000	0,99353950
873,00000000	0,99383484
873,20000000	0,99378450
873,40000000	0,99328732
873,60000000	0,99343242
873,80000000	0,99317813
874,00000000	0,99274012
874,20000000	0,99305772
874,40000000	0,99286767
874,60000000	0,99246854
874,80000000	0,99269187
875,00000000	0,99285742
875,20000000	0,99238414
875,40000000	0,99231526
875,60000000	0,99197224
875,80000000	0,99181716
876,00000000	0,99176895
876,20000000	0,99161794
876,40000000	0,99161045
876,60000000	0,99145114
876,80000000	0,99125226
877,00000000	0,99086365
877,20000000	0,99083103
877,40000000	0,99071385
877,60000000	0,99062538
877,80000000	0,99026811
878,00000000	0,99014740
878,20000000	0,99013349
878,40000000	0,99016622
878,60000000	0,98956251
878,80000000	0,98935545
879,00000000	0,98943280
879,20000000	0,98934751
879,40000000	0,98869196
879,60000000	0,98845232
879,80000000	0,98842747
880,00000000	0,98838516
880,20000000	0,98834725
880,40000000	0,98807513
880,60000000	0,98809471
880,80000000	0,98788454
881,00000000	0,98765991
881,20000000	0,98699699
881,40000000	0,98757010
881,60000000	0,98697495
881,80000000	0,98688322
882,00000000	0,98671570
882,20000000	0,98652628
882,40000000	0,98651347
882,60000000	0,98602231
882,80000000	0,98644954
883,00000000	0,98574905
883,20000000	0,98564928
883,40000000	0,98533683
883,60000000	0,98553083
883,80000000	0,98576870
884,00000000	0,98500280
884,20000000	0,98484640
884,40000000	0,98490411
884,60000000	0,98483304
884,80000000	0,98442633
885,00000000	0,98481291
885,20000000	0,98429338
885,40000000	0,98420944
885,60000000	0,98417821
885,80000000	0,98373114
886,00000000	0,98405757
886,20000000	0,98434302
886,40000000	0,98415249
886,60000000	0,98326909
886,80000000	0,98353447
887,00000000	0,98413868
887,20000000	0,98404138
887,40000000	0,98374399
887,60000000	0,98326105
887,80000000	0,98345735
888,00000000	0,98365592
888,20000000	0,98376456
888,40000000	0,98350340
888,60000000	0,98355888
888,80000000	0,98326258
889,00000000	0,98377054
889,20000000	0,98329946
889,40000000	0,98367573
889,60000000	0,98384198
889,80000000	0,98384097
890,00000000	0,98377354
890,20000000	0,98373200
890,40000000	0,98403860
890,60000000	0,98427029
890,80000000	0,98430975
891,00000000	0,98439922
891,20000000	0,98459415
891,40000000	0,98408919
891,60000000	0,98463991
891,80000000	0,98422937
892,00000000	0,98513876
892,20000000	0,98508410
892,40000000	0,98482085
892,60000000	0,98570070
892,80000000	0,98564591
893,00000000	0,98569931
893,20000000	0,98551934
893,40000000	0,98612251
893,60000000	0,98642951
893,80000000	0,98647890
894,00000000	0,98647140
894,20000000	0,98691378
894,40000000	0,98657831
894,60000000	0,98737456
894,80000000	0,98712306
895,00000000	0,98745697
895,20000000	0,98765370
895,40000000	0,98809336
895,60000000	0,98811910
895,80000000	0,98838099
896,00000000	0,98864086
896,20000000	0,98908327
896,40000000	0,98876713
896,60000000	0,98927722
896,80000000	0,98946272
897,00000000	0,98963123
897,20000000	0,98982008
897,40000000	0,99006634
897,60000000	0,99058929
897,80000000	0,99075548
898,00000000	0,99057168
898,20000000	0,99055564
898,40000000	0,99123115
898,60000000	0,99119261
898,80000000	0,99143524
899,00000000	0,99139218
899,20000000	0,99191689
899,40000000	0,99187248
899,60000000	0,99218961
899,80000000	0,99245122
900,00000000	0,99271513
