150,00000000	0,89636309
150,20000000	0,92107198
150,40000000	0,90531765
150,60000000	0,89837517
150,80000000	0,90899090
151,00000000	0,93453993
151,20000000	0,91200958
151,40000000	0,89110904
151,60000000	0,92908269
151,80000000	0,94210668
152,00000000	0,92058160
152,20000000	0,92051472
152,40000000	0,87830317
152,60000000	0,91379646
152,80000000	0,89633144
153,00000000	0,84157136
153,20000000	0,90680108
153,40000000	0,88739984
153,60000000	0,82633206
153,80000000	0,88345057
154,00000000	0,89621837
154,20000000	0,91953014
154,40000000	0,89457430
154,60000000	0,86786177
154,80000000	0,91713667
155,00000000	0,93305143
155,20000000	0,88636540
155,40000000	0,85532272
155,60000000	0,91125778
155,80000000	0,88456849
156,00000000	0,87841289
156,20000000	0,82501146
156,40000000	0,87149603
156,60000000	0,87541287
156,80000000	0,90252757
157,00000000	0,81454230
157,20000000	0,84886412
157,40000000	0,93879117
157,60000000	0,88257457
157,80000000	0,88817145
158,00000000	0,88003973
158,20000000	0,89119661
158,40000000	0,86752289
158,60000000	0,80099550
158,80000000	0,81569711
159,00000000	0,89892057
159,20000000	0,86937300
159,40000000	0,82207627
159,60000000	0,82569875
159,80000000	0,85988843
160,00000000	0,90144053
160,20000000	0,88837266
160,40000000	0,87505064
160,60000000	0,85713986
160,80000000	0,91441976
161,00000000	0,87858027
161,20000000	0,83583690
161,40000000	0,87057457
161,60000000	0,87531144
161,80000000	0,86338527
162,00000000	0,84416792
162,20000000	0,81683329
162,40000000	0,82957110
162,60000000	0,87312566
162,80000000	0,83576421
163,00000000	0,87021018
163,20000000	0,87676717
163,40000000	0,83935433
163,60000000	0,88094598
163,80000000	0,88016372
164,00000000	0,85507643
164,20000000	0,87060678
164,40000000	0,87267498
164,60000000	0,86234204
164,80000000	0,86170038
165,00000000	0,84765316
165,20000000	0,83253712
165,40000000	0,85368746
165,60000000	0,86429264
165,80000000	0,84262390
166,00000000	0,83285691
166,20000000	0,86015129
166,40000000	0,87448309
166,60000000	0,84854596
166,80000000	0,83862059
167,00000000	0,84769703
167,20000000	0,86047362
167,40000000	0,88175741
167,60000000	0,85105899
167,80000000	0,84394768
168,00000000	0,85343079
168,20000000	0,84260857
168,40000000	0,84655529
168,60000000	0,87656423
168,80000000	0,82340471
169,00000000	0,84948404
169,20000000	0,86336526
169,40000000	0,83498223
169,60000000	0,85824280
169,80000000	0,86218598
170,00000000	0,82655645
170,20000000	0,86597948
170,40000000	0,85513192
170,60000000	0,82325096
170,80000000	0,85418509
171,00000000	0,84105621
171,20000000	0,84520485
171,40000000	0,86723906
171,60000000	0,85164414
171,80000000	0,81899846
172,00000000	0,84755131
172,20000000	0,84738513
172,40000000	0,85129757
172,60000000	0,83716046
172,80000000	0,83176370
173,00000000	0,85332685
173,20000000	0,85256711
173,40000000	0,84694103
173,60000000	0,83547701
173,80000000	0,81801163
174,00000000	0,85518062
174,20000000	0,83906256
174,40000000	0,81024826
174,60000000	0,83597993
174,80000000	0,84333357
175,00000000	0,82619690
175,20000000	0,85091657
175,40000000	0,83678636
175,60000000	0,80610179
175,80000000	0,83801895
176,00000000	0,84232428
176,20000000	0,82313103
176,40000000	0,83396432
176,60000000	0,83265402
176,80000000	0,80534400
177,00000000	0,83801391
177,20000000	0,82327656
177,40000000	0,81737289
177,60000000	0,82287825
177,80000000	0,80915165
178,00000000	0,81894112
178,20000000	0,81089395
178,40000000	0,79555615
178,60000000	0,82617493
178,80000000	0,83688320
179,00000000	0,80971652
179,20000000	0,80870927
179,40000000	0,80223335
179,60000000	0,80996978
179,80000000	0,81009314
180,00000000	0,79593731
180,20000000	0,79498743
180,40000000	0,79849757
180,60000000	0,79968881
180,80000000	0,81484425
181,00000000	0,79902443
181,20000000	0,79207915
181,40000000	0,79873518
181,60000000	0,80204833
181,80000000	0,78349696
182,00000000	0,79056541
182,20000000	0,77962128
182,40000000	0,78654213
182,60000000	0,78249711
182,80000000	0,78561493
183,00000000	0,78900304
183,20000000	0,76225906
183,40000000	0,79093745
183,60000000	0,78387835
183,80000000	0,79011882
184,00000000	0,79777936
184,20000000	0,76916400
184,40000000	0,78425313
184,60000000	0,78112082
184,80000000	0,77695158
185,00000000	0,77443112
185,20000000	0,76557516
185,40000000	0,77042100
185,60000000	0,78853940
185,80000000	0,76218450
186,00000000	0,76865760
186,20000000	0,78013705
186,40000000	0,76886304
186,60000000	0,74885311
186,80000000	0,75827060
187,00000000	0,76016834
187,20000000	0,76101107
187,40000000	0,76191013
187,60000000	0,78114001
187,80000000	0,75391995
188,00000000	0,76422577
188,20000000	0,75207364
188,40000000	0,75070993
188,60000000	0,74367193
188,80000000	0,75772349
189,00000000	0,73392893
189,20000000	0,75751396
189,40000000	0,75172185
189,60000000	0,74446519
189,80000000	0,75361111
190,00000000	0,75446515
190,20000000	0,75816112
190,40000000	0,75219411
190,60000000	0,73429394
190,80000000	0,74000994
191,00000000	0,73921054
191,20000000	0,74835688
191,40000000	0,75923074
191,60000000	0,73619068
191,80000000	0,73887032
192,00000000	0,75408987
192,20000000	0,73848629
192,40000000	0,76058995
192,60000000	0,75650578
192,80000000	0,73265608
193,00000000	0,71251250
193,20000000	0,72432059
193,40000000	0,74319172
193,60000000	0,76161939
193,80000000	0,75300950
194,00000000	0,74263454
194,20000000	0,73808049
194,40000000	0,73774943
194,60000000	0,74768664
194,80000000	0,73651295
195,00000000	0,73368794
195,20000000	0,74493763
195,40000000	0,74183524
195,60000000	0,75070740
195,80000000	0,75227351
196,00000000	0,73586719
196,20000000	0,74654449
196,40000000	0,75001138
196,60000000	0,75367008
196,80000000	0,74231244
197,00000000	0,72602871
197,20000000	0,74127906
197,40000000	0,74883447
197,60000000	0,75001089
197,80000000	0,75907241
198,00000000	0,75148643
198,20000000	0,75048073
198,40000000	0,73532105
198,60000000	0,73921794
198,80000000	0,74886844
199,00000000	0,75941290
199,20000000	0,75562256
199,40000000	0,74243183
199,60000000	0,74949959
199,80000000	0,74004266
200,00000000	0,73440423
200,20000000	0,74837995
200,40000000	0,74296327
200,60000000	0,74295153
200,80000000	0,74721646
201,00000000	0,74377544
201,20000000	0,75136878
201,40000000	0,74787115
201,60000000	0,74631613
201,80000000	0,74682092
202,00000000	0,75076884
202,20000000	0,75147590
202,40000000	0,75173794
202,60000000	0,74754435
202,80000000	0,75138393
203,00000000	0,73913738
203,20000000	0,73829346
203,40000000	0,75850432
203,60000000	0,75696368
203,80000000	0,75398237
204,00000000	0,76113967
204,20000000	0,75836596
204,40000000	0,74989348
204,60000000	0,74456896
204,80000000	0,75439093
205,00000000	0,76240157
205,20000000	0,75620260
205,40000000	0,75872256
205,60000000	0,74912252
205,80000000	0,75208789
206,00000000	0,75016084
206,20000000	0,76032635
206,40000000	0,76979059
206,60000000	0,76799892
206,80000000	0,75726182
207,00000000	0,75522333
207,20000000	0,76246596
207,40000000	0,76504783
207,60000000	0,75759091
207,80000000	0,76762353
208,00000000	0,77145792
208,20000000	0,76827304
208,40000000	0,77058785
208,60000000	0,76370782
208,80000000	0,76234934
209,00000000	0,77189769
209,20000000	0,76685137
209,40000000	0,76951175
209,60000000	0,77071393
209,80000000	0,76731310
210,00000000	0,77557678
210,20000000	0,77246823
210,40000000	0,77388356
210,60000000	0,77948732
210,80000000	0,77855179
211,00000000	0,77631036
211,20000000	0,77392549
211,40000000	0,77657981
211,60000000	0,77983946
211,80000000	0,77994883
212,00000000	0,78372789
212,20000000	0,78167380
212,40000000	0,79236885
212,60000000	0,79481119
212,80000000	0,79402829
213,00000000	0,78926935
213,20000000	0,78554149
213,40000000	0,79006289
213,60000000	0,79429375
213,80000000	0,80153530
214,00000000	0,79687554
214,20000000	0,80219355
214,40000000	0,80297483
214,60000000	0,80642702
214,80000000	0,80601383
215,00000000	0,80174003
215,20000000	0,81146346
215,40000000	0,81144915
215,60000000	0,81222600
215,80000000	0,81289558
216,00000000	0,82177937
216,20000000	0,81755657
216,40000000	0,80894920
216,60000000	0,81809004
216,80000000	0,82086343
217,00000000	0,82927021
217,20000000	0,83645324
217,40000000	0,83119495
217,60000000	0,82987845
217,80000000	0,83357050
218,00000000	0,84010973
218,20000000	0,83476087
218,40000000	0,84041161
218,60000000	0,84295314
218,80000000	0,84278172
219,00000000	0,84325293
219,20000000	0,84375801
219,40000000	0,85601676
219,60000000	0,85714273
219,80000000	0,85497871
220,00000000	0,85684590
220,20000000	0,85677721
220,40000000	0,86465369
220,60000000	0,87219067
220,80000000	0,86956902
221,00000000	0,86836318
221,20000000	0,87517529
221,40000000	0,87674603
221,60000000	0,87871212
221,80000000	0,88138712
222,00000000	0,87931861
222,20000000	0,88840023
222,40000000	0,88951937
222,60000000	0,88833782
222,80000000	0,89145445
223,00000000	0,89185942
223,20000000	0,89993860
223,40000000	0,89842744
223,60000000	0,89672131
223,80000000	0,90081627
224,00000000	0,90330954
224,20000000	0,90954683
224,40000000	0,90838422
224,60000000	0,90917349
224,80000000	0,91281248
225,00000000	0,91492219
225,20000000	0,91699165
225,40000000	0,92208522
225,60000000	0,92522616
225,80000000	0,92493923
226,00000000	0,92681593
226,20000000	0,92698429
226,40000000	0,92968810
226,60000000	0,93400454
226,80000000	0,93431985
227,00000000	0,93688129
227,20000000	0,93947576
227,40000000	0,93941095
227,60000000	0,94298081
227,80000000	0,94458650
228,00000000	0,94715756
228,20000000	0,94701054
228,40000000	0,94823071
228,60000000	0,95181120
228,80000000	0,95170800
229,00000000	0,95314324
229,20000000	0,95575849
229,40000000	0,95758880
229,60000000	0,95807713
229,80000000	0,95927433
230,00000000	0,96181694
230,20000000	0,96423828
230,40000000	0,96630963
230,60000000	0,96787347
230,80000000	0,96735305
231,00000000	0,96578404
231,20000000	0,96612964
231,40000000	0,97109780
231,60000000	0,97399365
231,80000000	0,97574361
232,00000000	0,97542806
232,20000000	0,97496601
232,40000000	0,97795855
232,60000000	0,97732790
232,80000000	0,97676668
233,00000000	0,97916220
233,20000000	0,97939169
233,40000000	0,98271627
233,60000000	0,98428160
233,80000000	0,98414556
234,00000000	0,98573508
234,20000000	0,98690607
234,40000000	0,98549132
234,60000000	0,98670105
234,80000000	0,98734534
235,00000000	0,98860394
235,20000000	0,98852386
235,40000000	0,98852724
235,60000000	0,99011150
235,80000000	0,99167447
236,00000000	0,99192257
236,20000000	0,99249749
236,40000000	0,99242015
236,60000000	0,99167311
236,80000000	0,99356595
237,00000000	0,99378799
237,20000000	0,99434503
237,40000000	0,99513281
237,60000000	0,99399155
237,80000000	0,99204375
238,00000000	0,99380526
238,20000000	0,99163370
238,40000000	0,99404351
238,60000000	0,99265497
238,80000000	0,99198088
239,00000000	0,99445267
239,20000000	0,99699564
239,40000000	0,99564337
239,60000000	0,99428692
239,80000000	0,98935046
240,00000000	0,99065049
240,20000000	0,99316750
240,40000000	0,99330802
240,60000000	0,99123626
240,80000000	0,98749968
241,00000000	0,98619978
241,20000000	0,98892377
241,40000000	0,99228094
241,60000000	0,99068021
241,80000000	0,98804154
242,00000000	0,98320521
242,20000000	0,98236843
242,40000000	0,98350112
242,60000000	0,98797347
242,80000000	0,98614340
243,00000000	0,98374984
243,20000000	0,97540738
243,40000000	0,97659305
243,60000000	0,98056272
243,80000000	0,97976580
244,00000000	0,97435234
244,20000000	0,97127359
244,40000000	0,96931732
244,60000000	0,97353925
244,80000000	0,97428455
245,00000000	0,96839532
245,20000000	0,96933314
245,40000000	0,96934676
245,60000000	0,96967955
245,80000000	0,96605586
246,00000000	0,96285316
246,20000000	0,95889482
246,40000000	0,96087142
246,60000000	0,96122508
246,80000000	0,95962535
247,00000000	0,96151223
247,20000000	0,96046540
247,40000000	0,96164954
247,60000000	0,95708087
247,80000000	0,95351551
248,00000000	0,95002607
248,20000000	0,95336013
248,40000000	0,94920204
248,60000000	0,94450662
248,80000000	0,94307613
249,00000000	0,94423593
249,20000000	0,94708736
249,40000000	0,94728889
249,60000000	0,94556911
249,80000000	0,94322686
250,00000000	0,94248461
250,20000000	0,94599851
250,40000000	0,95179372
250,60000000	0,95145860
250,80000000	0,94902344
251,00000000	0,94795934
251,20000000	0,94363629
251,40000000	0,94057846
251,60000000	0,94487863
251,80000000	0,94534879
252,00000000	0,94838293
252,20000000	0,94800877
252,40000000	0,94020599
252,60000000	0,93730767
252,80000000	0,93763050
253,00000000	0,94022109
253,20000000	0,94467706
253,40000000	0,94497291
253,60000000	0,94260735
253,80000000	0,94358385
254,00000000	0,94632819
254,20000000	0,95121612
254,40000000	0,95230195
254,60000000	0,94948988
254,80000000	0,95033220
255,00000000	0,95068242
255,20000000	0,94869852
255,40000000	0,94935894
255,60000000	0,95241984
255,80000000	0,95038983
256,00000000	0,94738895
256,20000000	0,94239898
256,40000000	0,94211816
256,60000000	0,93803995
256,80000000	0,93613573
257,00000000	0,93771063
257,20000000	0,93863445
257,40000000	0,93632121
257,60000000	0,92754740
257,80000000	0,92246763
258,00000000	0,92235808
258,20000000	0,92151082
258,40000000	0,91879325
258,60000000	0,91538648
258,80000000	0,91068648
259,00000000	0,90315212
259,20000000	0,89548119
259,40000000	0,88780678
259,60000000	0,88490526
259,80000000	0,88022511
260,00000000	0,86916546
260,20000000	0,86109781
260,40000000	0,85068310
260,60000000	0,83567944
260,80000000	0,82827634
261,00000000	0,82464753
261,20000000	0,81500822
261,40000000	0,80548318
261,60000000	0,78805898
261,80000000	0,77329015
262,00000000	0,76504813
262,20000000	0,75909629
262,40000000	0,75053238
262,60000000	0,74665034
262,80000000	0,73252479
263,00000000	0,71692638
263,20000000	0,70961243
263,40000000	0,69528089
263,60000000	0,68059110
263,80000000	0,67880775
264,00000000	0,67058809
264,20000000	0,65272662
264,40000000	0,64162765
264,60000000	0,62750893
264,80000000	0,61582635
265,00000000	0,62243829
265,20000000	0,61789387
265,40000000	0,60258505
265,60000000	0,58738811
265,80000000	0,57100749
266,00000000	0,55986267
266,20000000	0,55521499
266,40000000	0,54962866
266,60000000	0,54306741
266,80000000	0,53223536
267,00000000	0,51973460
267,20000000	0,51187862
267,40000000	0,51060978
267,60000000	0,50938516
267,80000000	0,50747609
268,00000000	0,50256463
268,20000000	0,48476939
268,40000000	0,47020872
268,60000000	0,46267200
268,80000000	0,45791545
269,00000000	0,45160413
269,20000000	0,45439708
269,40000000	0,45475474
269,60000000	0,43776127
269,80000000	0,43002280
270,00000000	0,42833289
270,20000000	0,41442938
270,40000000	0,40630209
270,60000000	0,41189013
270,80000000	0,40496484
271,00000000	0,39358052
271,20000000	0,39674148
271,40000000	0,39518830
271,60000000	0,38129904
271,80000000	0,37290592
272,00000000	0,37162189
272,20000000	0,37874028
272,40000000	0,38067995
272,60000000	0,38152305
272,80000000	0,37209638
273,00000000	0,36415425
273,20000000	0,35447722
273,40000000	0,34992648
273,60000000	0,35262949
273,80000000	0,34746999
274,00000000	0,34045755
274,20000000	0,33618642
274,40000000	0,33646920
274,60000000	0,33246186
274,80000000	0,33076042
275,00000000	0,33247262
275,20000000	0,33105528
275,40000000	0,32906629
275,60000000	0,32036140
275,80000000	0,31686017
276,00000000	0,31704091
276,20000000	0,31342980
276,40000000	0,31334850
276,60000000	0,31373354
276,80000000	0,30874371
277,00000000	0,29846410
277,20000000	0,29580986
277,40000000	0,29328250
277,60000000	0,28739564
277,80000000	0,28804659
278,00000000	0,29399592
278,20000000	0,30007452
278,40000000	0,29202741
278,60000000	0,28252557
278,80000000	0,28436139
279,00000000	0,28532466
279,20000000	0,28273278
279,40000000	0,27959347
279,60000000	0,26932764
279,80000000	0,26594236
280,00000000	0,26360907
280,20000000	0,25767611
280,40000000	0,26383554
280,60000000	0,26871140
280,80000000	0,26583595
281,00000000	0,26069101
281,20000000	0,25967829
281,40000000	0,26916192
281,60000000	0,26726729
281,80000000	0,25889150
282,00000000	0,25780302
282,20000000	0,25189265
282,40000000	0,24665424
282,60000000	0,24827742
282,80000000	0,25199658
283,00000000	0,24599331
283,20000000	0,24025714
283,40000000	0,24073604
283,60000000	0,23940110
283,80000000	0,23493812
284,00000000	0,23587375
284,20000000	0,23788181
284,40000000	0,24061001
284,60000000	0,24114814
284,80000000	0,24179635
285,00000000	0,24053904
285,20000000	0,23639145
285,40000000	0,23838298
285,60000000	0,23183471
285,80000000	0,22960722
286,00000000	0,23086921
286,20000000	0,22680172
286,40000000	0,22802406
286,60000000	0,22668876
286,80000000	0,22495834
287,00000000	0,22841180
287,20000000	0,22874637
287,40000000	0,22639608
287,60000000	0,22675371
287,80000000	0,22497005
288,00000000	0,22100665
288,20000000	0,22046273
288,40000000	0,22020340
288,60000000	0,21651719
288,80000000	0,21444173
289,00000000	0,21540405
289,20000000	0,21355274
289,40000000	0,21603107
289,60000000	0,21613795
289,80000000	0,21085548
290,00000000	0,21042085
290,20000000	0,21057161
290,40000000	0,20956604
290,60000000	0,20956783
290,80000000	0,20753482
291,00000000	0,20754399
291,20000000	0,21058116
291,40000000	0,21125565
291,60000000	0,20754905
291,80000000	0,20329654
292,00000000	0,20339953
292,20000000	0,20415339
292,40000000	0,20344299
292,60000000	0,20217555
292,80000000	0,20325660
293,00000000	0,20211470
293,20000000	0,20196217
293,40000000	0,20450901
293,60000000	0,20202352
293,80000000	0,19757761
294,00000000	0,19712141
294,20000000	0,19995930
294,40000000	0,19939923
294,60000000	0,19752513
294,80000000	0,19497027
295,00000000	0,18994975
295,20000000	0,18834387
295,40000000	0,19170279
295,60000000	0,19372122
295,80000000	0,19394723
296,00000000	0,19327668
296,20000000	0,18949333
296,40000000	0,18708403
296,60000000	0,18717301
296,80000000	0,18828124
297,00000000	0,18851357
297,20000000	0,18801486
297,40000000	0,18766010
297,60000000	0,18763691
297,80000000	0,18765890
298,00000000	0,18442628
298,20000000	0,18227535
298,40000000	0,18151442
298,60000000	0,18018861
298,80000000	0,18018007
299,00000000	0,18262384
299,20000000	0,18428984
299,40000000	0,18358118
299,60000000	0,18188082
299,80000000	0,18168117
300,00000000	0,18051126
300,20000000	0,18078379
300,40000000	0,18324880
300,60000000	0,18320178
300,80000000	0,18140914
301,00000000	0,17952342
301,20000000	0,17666320
301,40000000	0,17494785
301,60000000	0,17555119
301,80000000	0,17489636
302,00000000	0,17499957
302,20000000	0,17404474
302,40000000	0,17367412
302,60000000	0,17383390
302,80000000	0,17340178
303,00000000	0,17182702
303,20000000	0,17000802
303,40000000	0,17099963
303,60000000	0,17250467
303,80000000	0,17396967
304,00000000	0,17496909
304,20000000	0,17450726
304,40000000	0,17276998
304,60000000	0,17228312
304,80000000	0,17408455
305,00000000	0,17291511
305,20000000	0,16924416
305,40000000	0,16793672
305,60000000	0,16929640
305,80000000	0,16854797
306,00000000	0,16739969
306,20000000	0,16868399
306,40000000	0,17128389
306,60000000	0,17207504
306,80000000	0,17015947
307,00000000	0,16892033
307,20000000	0,16825363
307,40000000	0,16631948
307,60000000	0,16673945
307,80000000	0,16795645
308,00000000	0,16947424
308,20000000	0,16923197
308,40000000	0,16702623
308,60000000	0,16612225
308,80000000	0,16599303
309,00000000	0,16645808
309,20000000	0,16682218
309,40000000	0,16647398
309,60000000	0,16605442
309,80000000	0,16529864
310,00000000	0,16362303
310,20000000	0,16193586
310,40000000	0,16171379
310,60000000	0,16261690
310,80000000	0,16386172
311,00000000	0,16426739
311,20000000	0,16300534
311,40000000	0,16208857
311,60000000	0,16321435
311,80000000	0,16239402
312,00000000	0,16079782
312,20000000	0,16058190
312,40000000	0,15961415
312,60000000	0,16032706
312,80000000	0,16170181
313,00000000	0,16079256
313,20000000	0,16118550
313,40000000	0,16206898
313,60000000	0,16114703
313,80000000	0,15971791
314,00000000	0,15918793
314,20000000	0,15872743
314,40000000	0,15819101
314,60000000	0,15892650
314,80000000	0,15925205
315,00000000	0,15867101
315,20000000	0,15836945
315,40000000	0,15904587
315,60000000	0,15892476
315,80000000	0,15746103
316,00000000	0,15620046
316,20000000	0,15647031
316,40000000	0,15705644
316,60000000	0,15654535
316,80000000	0,15593475
317,00000000	0,15584905
317,20000000	0,15643146
317,40000000	0,15645545
317,60000000	0,15476215
317,80000000	0,15397574
318,00000000	0,15528599
318,20000000	0,15575996
318,40000000	0,15481631
318,60000000	0,15368308
318,80000000	0,15347919
319,00000000	0,15379403
319,20000000	0,15321415
319,40000000	0,15286155
319,60000000	0,15285570
319,80000000	0,15245848
320,00000000	0,15191559
320,20000000	0,15164345
320,40000000	0,15219529
320,60000000	0,15263822
320,80000000	0,15254132
321,00000000	0,15197027
321,20000000	0,15100621
321,40000000	0,15013936
321,60000000	0,14979681
321,80000000	0,14954034
322,00000000	0,14882181
322,20000000	0,14890004
322,40000000	0,14928760
322,60000000	0,14925083
322,80000000	0,14919620
323,00000000	0,14895266
323,20000000	0,14879488
323,40000000	0,14893708
323,60000000	0,14876385
323,80000000	0,14847043
324,00000000	0,14847247
324,20000000	0,14845373
324,40000000	0,14808633
324,60000000	0,14777186
324,80000000	0,14782551
325,00000000	0,14783116
325,20000000	0,14737968
325,40000000	0,14694156
325,60000000	0,14674520
325,80000000	0,14669293
326,00000000	0,14682644
326,20000000	0,14672211
326,40000000	0,14639156
326,60000000	0,14632972
326,80000000	0,14641461
327,00000000	0,14625808
327,20000000	0,14590728
327,40000000	0,14556239
327,60000000	0,14532134
327,80000000	0,14537331
328,00000000	0,14529722
328,20000000	0,14509332
328,40000000	0,14493178
328,60000000	0,14472124
328,80000000	0,14454501
329,00000000	0,14432277
329,20000000	0,14440623
329,40000000	0,14436404
329,60000000	0,14394488
329,80000000	0,14374219
330,00000000	0,14382314
330,20000000	0,14394764
330,40000000	0,14366534
330,60000000	0,14323270
330,80000000	0,14313784
331,00000000	0,14346317
331,20000000	0,14351358
331,40000000	0,14313320
331,60000000	0,14289208
331,80000000	0,14269734
332,00000000	0,14262380
332,20000000	0,14260488
332,40000000	0,14227094
332,60000000	0,14208092
332,80000000	0,14221134
333,00000000	0,14216214
333,20000000	0,14205784
333,40000000	0,14200147
333,60000000	0,14192302
333,80000000	0,14190846
334,00000000	0,14180103
334,20000000	0,14153351
334,40000000	0,14132606
334,60000000	0,14127503
334,80000000	0,14126338
335,00000000	0,14119715
335,20000000	0,14105974
335,40000000	0,14091305
335,60000000	0,14083867
335,80000000	0,14072282
336,00000000	0,14056594
336,20000000	0,14048441
336,40000000	0,14042017
336,60000000	0,14040826
336,80000000	0,14039228
337,00000000	0,14026286
337,20000000	0,14020087
337,40000000	0,14015020
337,60000000	0,14003658
337,80000000	0,13999286
338,00000000	0,13997692
338,20000000	0,13993108
338,40000000	0,13988471
338,60000000	0,13984320
338,80000000	0,13979262
339,00000000	0,13976251
339,20000000	0,13971228
339,40000000	0,13958809
339,60000000	0,13948382
339,80000000	0,13943973
340,00000000	0,13938212
340,20000000	0,13933667
340,40000000	0,13926847
340,60000000	0,13916924
340,80000000	0,13916372
341,00000000	0,13915605
341,20000000	0,13907274
341,40000000	0,13902431
341,60000000	0,13900375
341,80000000	0,13896547
342,00000000	0,13888652
342,20000000	0,13878684
342,40000000	0,13877245
342,60000000	0,13879448
342,80000000	0,13873612
343,00000000	0,13863968
343,20000000	0,13859995
343,40000000	0,13858398
343,60000000	0,13855609
343,80000000	0,13857570
344,00000000	0,13856910
344,20000000	0,13851838
344,40000000	0,13853905
344,60000000	0,13853023
344,80000000	0,13845970
345,00000000	0,13844720
345,20000000	0,13839809
345,40000000	0,13844444
345,60000000	0,13855588
345,80000000	0,13848667
346,00000000	0,13848774
346,20000000	0,13857823
346,40000000	0,13855781
346,60000000	0,13859749
346,80000000	0,13866544
347,00000000	0,13866764
347,20000000	0,13875756
347,40000000	0,13875228
347,60000000	0,13871790
347,80000000	0,13873906
348,00000000	0,13861001
348,20000000	0,13850231
348,40000000	0,13851102
348,60000000	0,13850374
348,80000000	0,13840427
349,00000000	0,13848172
349,20000000	0,13871464
349,40000000	0,13861635
349,60000000	0,13861126
349,80000000	0,13894094
350,00000000	0,13910429
350,20000000	0,13922889
350,40000000	0,13928405
350,60000000	0,13934341
350,80000000	0,13959796
351,00000000	0,13957807
351,20000000	0,13945385
351,40000000	0,13952912
351,60000000	0,13962818
351,80000000	0,13975185
352,00000000	0,13985459
352,20000000	0,13984630
352,40000000	0,13990582
352,60000000	0,14004163
352,80000000	0,14012623
353,00000000	0,14018195
353,20000000	0,14021239
353,40000000	0,14027366
353,60000000	0,14023054
353,80000000	0,14040123
354,00000000	0,14065147
354,20000000	0,14055111
354,40000000	0,14088825
354,60000000	0,14133615
354,80000000	0,14120901
355,00000000	0,14115015
355,20000000	0,14130906
355,40000000	0,14152964
355,60000000	0,14176061
355,80000000	0,14189537
356,00000000	0,14171237
356,20000000	0,14138599
356,40000000	0,14163120
356,60000000	0,14210652
356,80000000	0,14228206
357,00000000	0,14234786
357,20000000	0,14243311
357,40000000	0,14257508
357,60000000	0,14265192
357,80000000	0,14283701
358,00000000	0,14337050
358,20000000	0,14376111
358,40000000	0,14382796
358,60000000	0,14361744
358,80000000	0,14353345
359,00000000	0,14422405
359,20000000	0,14451728
359,40000000	0,14401340
359,60000000	0,14436843
359,80000000	0,14505247
360,00000000	0,14471853
360,20000000	0,14452283
360,40000000	0,14488125
360,60000000	0,14491970
360,80000000	0,14528774
361,00000000	0,14597782
361,20000000	0,14582572
361,40000000	0,14601386
361,60000000	0,14695996
361,80000000	0,14771169
362,00000000	0,14807037
362,20000000	0,14777964
362,40000000	0,14781291
362,60000000	0,14845870
362,80000000	0,14844540
363,00000000	0,14786976
363,20000000	0,14804974
363,40000000	0,14862869
363,60000000	0,14891339
363,80000000	0,14859046
364,00000000	0,14765616
364,20000000	0,14722602
364,40000000	0,14773269
364,60000000	0,14871979
364,80000000	0,14960843
365,00000000	0,15001885
365,20000000	0,15050445
365,40000000	0,15172711
365,60000000	0,15212441
365,80000000	0,15159974
366,00000000	0,15207056
366,20000000	0,15255179
366,40000000	0,15301405
366,60000000	0,15389790
366,80000000	0,15408760
367,00000000	0,15370227
367,20000000	0,15383506
367,40000000	0,15400814
367,60000000	0,15332995
367,80000000	0,15378519
368,00000000	0,15488874
368,20000000	0,15522662
368,40000000	0,15642873
368,60000000	0,15742427
368,80000000	0,15650633
369,00000000	0,15585349
369,20000000	0,15651210
369,40000000	0,15653370
369,60000000	0,15591420
369,80000000	0,15574536
370,00000000	0,15608888
370,20000000	0,15813292
370,40000000	0,16073445
370,60000000	0,16128903
370,80000000	0,16063234
371,00000000	0,16118798
371,20000000	0,16226618
371,40000000	0,16191508
371,60000000	0,16188974
371,80000000	0,16367655
372,00000000	0,16455998
372,20000000	0,16327553
372,40000000	0,16295531
372,60000000	0,16384408
372,80000000	0,16436023
373,00000000	0,16530184
373,20000000	0,16576849
373,40000000	0,16389862
373,60000000	0,16277904
373,80000000	0,16473834
374,00000000	0,16693026
374,20000000	0,16832553
374,40000000	0,16838950
374,60000000	0,16721525
374,80000000	0,16662042
375,00000000	0,16750532
375,20000000	0,17007187
375,40000000	0,17241491
375,60000000	0,17237272
375,80000000	0,17099928
376,00000000	0,17074997
376,20000000	0,17170372
376,40000000	0,17188927
376,60000000	0,17122056
376,80000000	0,17183215
377,00000000	0,17490388
377,20000000	0,17771864
377,40000000	0,17793096
377,60000000	0,17738115
377,80000000	0,17746510
378,00000000	0,17679883
378,20000000	0,17594824
378,40000000	0,17684784
378,60000000	0,17879930
378,80000000	0,17891898
379,00000000	0,17826228
379,20000000	0,17993546
379,40000000	0,18258911
379,60000000	0,18355701
379,80000000	0,18310148
380,00000000	0,18353956
380,20000000	0,18375631
380,40000000	0,18178464
380,60000000	0,18073102
380,80000000	0,18275423
381,00000000	0,18325926
381,20000000	0,18364930
381,40000000	0,18657434
381,60000000	0,18847440
381,80000000	0,18899911
382,00000000	0,19031524
382,20000000	0,19104226
382,40000000	0,18978372
382,60000000	0,18833631
382,80000000	0,18711212
383,00000000	0,18525647
383,20000000	0,18307132
383,40000000	0,18404524
383,60000000	0,18544475
383,80000000	0,18574785
384,00000000	0,18819792
384,20000000	0,19073139
384,40000000	0,19395217
384,60000000	0,19721618
384,80000000	0,19723614
385,00000000	0,19384734
385,20000000	0,19258475
385,40000000	0,19686287
385,60000000	0,20141977
385,80000000	0,20234649
386,00000000	0,20061015
386,20000000	0,20263293
386,40000000	0,20777956
386,60000000	0,21046007
386,80000000	0,21013085
387,00000000	0,20660036
387,20000000	0,20433797
387,40000000	0,20420030
387,60000000	0,20364721
387,80000000	0,20456996
388,00000000	0,20693119
388,20000000	0,20864135
388,40000000	0,20854805
388,60000000	0,20786144
388,80000000	0,20839051
389,00000000	0,20995348
389,20000000	0,21254935
389,40000000	0,21519475
389,60000000	0,21488672
389,80000000	0,21461704
390,00000000	0,21832564
390,20000000	0,22110448
390,40000000	0,21845818
390,60000000	0,21559486
390,80000000	0,21678166
391,00000000	0,21892917
391,20000000	0,21960669
391,40000000	0,22142281
391,60000000	0,22620665
391,80000000	0,22617961
392,00000000	0,22288511
392,20000000	0,22356869
392,40000000	0,22482478
392,60000000	0,22421207
392,80000000	0,22271921
393,00000000	0,22084774
393,20000000	0,22284386
393,40000000	0,22542282
393,60000000	0,22553383
393,80000000	0,22603659
394,00000000	0,22833842
394,20000000	0,23330363
394,40000000	0,23587025
394,60000000	0,23675822
394,80000000	0,23638995
395,00000000	0,23873939
395,20000000	0,24029513
395,40000000	0,23446652
395,60000000	0,23311649
395,80000000	0,23653119
396,00000000	0,23729383
396,20000000	0,23545135
396,40000000	0,23708082
396,60000000	0,24026652
396,80000000	0,24420729
397,00000000	0,24832316
397,20000000	0,24969219
397,40000000	0,25169219
397,60000000	0,25139079
397,80000000	0,25141059
398,00000000	0,25312367
398,20000000	0,25187164
398,40000000	0,25100180
398,60000000	0,25230495
398,80000000	0,25657161
399,00000000	0,26124023
399,20000000	0,26249514
399,40000000	0,26347416
399,60000000	0,26263040
399,80000000	0,25935368
400,00000000	0,26119740
400,20000000	0,26242660
400,40000000	0,25922637
400,60000000	0,26254078
400,80000000	0,26871486
401,00000000	0,26825142
401,20000000	0,26750225
401,40000000	0,27191612
401,60000000	0,27673955
401,80000000	0,27540824
402,00000000	0,27465990
402,20000000	0,27858410
402,40000000	0,27961350
402,60000000	0,28060583
402,80000000	0,28151316
403,00000000	0,28307387
403,20000000	0,28179769
403,40000000	0,27887325
403,60000000	0,28000389
403,80000000	0,28014646
404,00000000	0,28342705
404,20000000	0,28929539
404,40000000	0,29103923
404,60000000	0,29394469
404,80000000	0,29809550
405,00000000	0,29736579
405,20000000	0,29198900
405,40000000	0,29356410
405,60000000	0,29977757
405,80000000	0,30313540
406,00000000	0,30262136
406,20000000	0,30129807
406,40000000	0,30269784
406,60000000	0,30132444
406,80000000	0,29988845
407,00000000	0,29895394
407,20000000	0,29926901
407,40000000	0,30105461
407,60000000	0,30475412
407,80000000	0,30862854
408,00000000	0,31231886
408,20000000	0,31388997
408,40000000	0,31711977
408,60000000	0,32639710
408,80000000	0,32857992
409,00000000	0,32469276
409,20000000	0,32413200
409,40000000	0,32450777
409,60000000	0,32497525
409,80000000	0,32433788
410,00000000	0,32849127
410,20000000	0,33486538
410,40000000	0,33593103
410,60000000	0,33574344
410,80000000	0,33564833
411,00000000	0,33690999
411,20000000	0,33885714
411,40000000	0,33891653
411,60000000	0,33869714
411,80000000	0,34213031
412,00000000	0,34535811
412,20000000	0,34528998
412,40000000	0,34642992
412,60000000	0,35018004
412,80000000	0,35113972
413,00000000	0,35225562
413,20000000	0,35221162
413,40000000	0,35214114
413,60000000	0,35751519
413,80000000	0,36336380
414,00000000	0,36258938
414,20000000	0,36410882
414,40000000	0,36993609
414,60000000	0,36924966
414,80000000	0,36372819
415,00000000	0,36082972
415,20000000	0,36636798
415,40000000	0,36831930
415,60000000	0,36793441
415,80000000	0,37242032
416,00000000	0,37640587
416,20000000	0,37694880
416,40000000	0,37665515
416,60000000	0,38230783
416,80000000	0,38824265
417,00000000	0,38825369
417,20000000	0,38913404
417,40000000	0,39254797
417,60000000	0,39261100
417,80000000	0,38701491
418,00000000	0,38689624
418,20000000	0,39551134
418,40000000	0,39470358
418,60000000	0,39421243
418,80000000	0,40313130
419,00000000	0,40687175
419,20000000	0,40753195
419,40000000	0,40548953
419,60000000	0,40196253
419,80000000	0,40268499
420,00000000	0,40525225
420,20000000	0,40696209
420,40000000	0,41210877
420,60000000	0,41430415
420,80000000	0,41120881
421,00000000	0,41263853
421,20000000	0,41821315
421,40000000	0,41919215
421,60000000	0,41950859
421,80000000	0,42431448
422,00000000	0,42365111
422,20000000	0,41805825
422,40000000	0,41766851
422,60000000	0,42024439
422,80000000	0,42110244
423,00000000	0,42625731
423,20000000	0,43224116
423,40000000	0,42915573
423,60000000	0,42935989
423,80000000	0,43615385
424,00000000	0,43846783
424,20000000	0,43818028
424,40000000	0,43380178
424,60000000	0,42764449
424,80000000	0,42842934
425,00000000	0,43736647
425,20000000	0,44419651
425,40000000	0,44118895
425,60000000	0,43772204
425,80000000	0,43816814
426,00000000	0,44189560
426,20000000	0,44593564
426,40000000	0,43997524
426,60000000	0,43731218
426,80000000	0,44666844
427,00000000	0,45249740
427,20000000	0,45163857
427,40000000	0,44976823
427,60000000	0,44743983
427,80000000	0,44940036
428,00000000	0,45381818
428,20000000	0,45385018
428,40000000	0,45155893
428,60000000	0,45086945
428,80000000	0,45255333
429,00000000	0,45675987
429,20000000	0,46115003
429,40000000	0,45884292
429,60000000	0,45567415
429,80000000	0,45896136
430,00000000	0,45728054
430,20000000	0,45395928
430,40000000	0,45889924
430,60000000	0,46572699
430,80000000	0,46971071
431,00000000	0,46752179
431,20000000	0,46558589
431,40000000	0,46577726
431,60000000	0,46351120
431,80000000	0,45831283
432,00000000	0,45413706
432,20000000	0,45247159
432,40000000	0,45758333
432,60000000	0,46400730
432,80000000	0,46769326
433,00000000	0,47219555
433,20000000	0,47597338
433,40000000	0,47891323
433,60000000	0,47459879
433,80000000	0,46586114
434,00000000	0,46440660
434,20000000	0,46560529
434,40000000	0,46945902
434,60000000	0,47215392
434,80000000	0,47167829
435,00000000	0,47369902
435,20000000	0,47310893
435,40000000	0,47390731
435,60000000	0,47494256
435,80000000	0,47745444
436,00000000	0,47998794
436,20000000	0,47628578
436,40000000	0,47522318
436,60000000	0,47565701
436,80000000	0,47556266
437,00000000	0,47636113
437,20000000	0,47352798
437,40000000	0,47460708
437,60000000	0,48241109
437,80000000	0,48600701
438,00000000	0,48293870
438,20000000	0,48188115
438,40000000	0,48395282
438,60000000	0,48486905
438,80000000	0,48479788
439,00000000	0,48129238
439,20000000	0,47628920
439,40000000	0,48023855
439,60000000	0,48378921
439,80000000	0,47984758
440,00000000	0,48081727
440,20000000	0,48493674
440,40000000	0,48024985
440,60000000	0,47890080
440,80000000	0,48241443
441,00000000	0,48183782
441,20000000	0,47996018
441,40000000	0,48201550
441,60000000	0,48221511
441,80000000	0,47908342
442,00000000	0,47539360
442,20000000	0,47530667
442,40000000	0,47939657
442,60000000	0,48142501
442,80000000	0,47581860
443,00000000	0,47107151
443,20000000	0,47355729
443,40000000	0,47452330
443,60000000	0,47383748
443,80000000	0,47335784
444,00000000	0,47544313
444,20000000	0,47407021
444,40000000	0,47470378
444,60000000	0,47700953
444,80000000	0,47654337
445,00000000	0,47127653
445,20000000	0,47015093
445,40000000	0,47477330
445,60000000	0,47427503
445,80000000	0,47225071
446,00000000	0,47100824
446,20000000	0,46995352
446,40000000	0,46957000
446,60000000	0,46875772
446,80000000	0,46750291
447,00000000	0,46472351
447,20000000	0,46410808
447,40000000	0,46530857
447,60000000	0,46496741
447,80000000	0,46190333
448,00000000	0,46072014
448,20000000	0,46719887
448,40000000	0,46837095
448,60000000	0,46103459
448,80000000	0,46028899
449,00000000	0,46067040
449,20000000	0,45995130
449,40000000	0,46073961
449,60000000	0,46041221
449,80000000	0,45938394
450,00000000	0,45725561
450,20000000	0,45496896
450,40000000	0,45558513
450,60000000	0,45747503
450,80000000	0,45629355
451,00000000	0,45320080
451,20000000	0,45360845
451,40000000	0,45060173
451,60000000	0,44681105
451,80000000	0,44852964
452,00000000	0,45007230
452,20000000	0,44864268
452,40000000	0,44875907
452,60000000	0,44873762
452,80000000	0,44681663
453,00000000	0,44720532
453,20000000	0,44734218
453,40000000	0,44744146
453,60000000	0,44759631
453,80000000	0,44602680
454,00000000	0,44258251
454,20000000	0,44127899
454,40000000	0,44274210
454,60000000	0,44240342
454,80000000	0,44055671
455,00000000	0,43895405
455,20000000	0,43609185
455,40000000	0,43735111
455,60000000	0,43871509
455,80000000	0,43666827
456,00000000	0,43511194
456,20000000	0,43659979
456,40000000	0,43667187
456,60000000	0,43458868
456,80000000	0,43250289
457,00000000	0,43203941
457,20000000	0,43105092
457,40000000	0,43020602
457,60000000	0,43046639
457,80000000	0,42961391
458,00000000	0,42970248
458,20000000	0,43236189
458,40000000	0,43040904
458,60000000	0,42810036
458,80000000	0,42801554
459,00000000	0,42776516
459,20000000	0,42728854
459,40000000	0,42671150
459,60000000	0,42542128
459,80000000	0,42514508
460,00000000	0,42521193
460,20000000	0,42485572
460,40000000	0,42463271
460,60000000	0,42400572
460,80000000	0,42298734
461,00000000	0,42280332
461,20000000	0,42243851
461,40000000	0,42103928
461,60000000	0,42145875
461,80000000	0,42294760
462,00000000	0,42254392
462,20000000	0,42106146
462,40000000	0,42011820
462,60000000	0,41933361
462,80000000	0,41948381
463,00000000	0,42024101
463,20000000	0,42061872
463,40000000	0,41905535
463,60000000	0,41894464
463,80000000	0,41936187
464,00000000	0,41809636
464,20000000	0,41681643
464,40000000	0,41758399
464,60000000	0,41816419
464,80000000	0,41713478
465,00000000	0,41590085
465,20000000	0,41526459
465,40000000	0,41536399
465,60000000	0,41536273
465,80000000	0,41421882
466,00000000	0,41431070
466,20000000	0,41440134
466,40000000	0,41450629
466,60000000	0,41419420
466,80000000	0,41259068
467,00000000	0,41261655
467,20000000	0,41369558
467,40000000	0,41421542
467,60000000	0,41430876
467,80000000	0,41375108
468,00000000	0,41371876
468,20000000	0,41352549
468,40000000	0,41390854
468,60000000	0,41422508
468,80000000	0,41403361
469,00000000	0,41358881
469,20000000	0,41381004
469,40000000	0,41405401
469,60000000	0,41356631
469,80000000	0,41360542
470,00000000	0,41398676
470,20000000	0,41429067
470,40000000	0,41443443
470,60000000	0,41470368
470,80000000	0,41490654
471,00000000	0,41508594
471,20000000	0,41516694
471,40000000	0,41478795
471,60000000	0,41487923
471,80000000	0,41544358
472,00000000	0,41590668
472,20000000	0,41558942
472,40000000	0,41547745
472,60000000	0,41608279
472,80000000	0,41618552
473,00000000	0,41640535
473,20000000	0,41639378
473,40000000	0,41648100
473,60000000	0,41689839
473,80000000	0,41704649
474,00000000	0,41729186
474,20000000	0,41728254
474,40000000	0,41770891
474,60000000	0,41824514
474,80000000	0,41830363
475,00000000	0,41820023
475,20000000	0,41840406
475,40000000	0,41882824
475,60000000	0,41901707
475,80000000	0,41927970
476,00000000	0,41949043
476,20000000	0,41992289
476,40000000	0,42062449
476,60000000	0,42073679
476,80000000	0,42067289
477,00000000	0,42064612
477,20000000	0,42110106
477,40000000	0,42163951
477,60000000	0,42200936
477,80000000	0,42238935
478,00000000	0,42294231
478,20000000	0,42325432
478,40000000	0,42310678
478,60000000	0,42330405
478,80000000	0,42359140
479,00000000	0,42389422
479,20000000	0,42431801
479,40000000	0,42461573
479,60000000	0,42488060
479,80000000	0,42503185
480,00000000	0,42539934
480,20000000	0,42559375
480,40000000	0,42597741
480,60000000	0,42659802
480,80000000	0,42702778
481,00000000	0,42750363
481,20000000	0,42779016
481,40000000	0,42808099
481,60000000	0,42796706
481,80000000	0,42851273
482,00000000	0,42898729
482,20000000	0,42915352
482,40000000	0,43015255
482,60000000	0,43100066
482,80000000	0,43122358
483,00000000	0,43089115
483,20000000	0,43124602
483,40000000	0,43136091
483,60000000	0,43184750
483,80000000	0,43268239
484,00000000	0,43252100
484,20000000	0,43367719
484,40000000	0,43419969
484,60000000	0,43457052
484,80000000	0,43461704
485,00000000	0,43467074
485,20000000	0,43532506
485,40000000	0,43590946
485,60000000	0,43700391
485,80000000	0,43694959
486,00000000	0,43778646
486,20000000	0,43846324
486,40000000	0,43868139
486,60000000	0,43904304
486,80000000	0,43932354
487,00000000	0,44007621
487,20000000	0,44039201
487,40000000	0,44198239
487,60000000	0,44176074
487,80000000	0,44127201
488,00000000	0,44356138
488,20000000	0,44434387
488,40000000	0,44473214
488,60000000	0,44619603
488,80000000	0,44763143
489,00000000	0,44690868
489,20000000	0,44788793
489,40000000	0,44770414
489,60000000	0,44799344
489,80000000	0,44957872
490,00000000	0,45124690
490,20000000	0,45143534
490,40000000	0,44931341
490,60000000	0,45185351
490,80000000	0,45302236
491,00000000	0,45298198
491,20000000	0,45466945
491,40000000	0,45505133
491,60000000	0,45448116
491,80000000	0,45555426
492,00000000	0,45591180
492,20000000	0,45505738
492,40000000	0,45911112
492,60000000	0,46055379
492,80000000	0,46100999
493,00000000	0,46258568
493,20000000	0,46381943
493,40000000	0,46659350
493,60000000	0,46541653
493,80000000	0,46582627
494,00000000	0,46644969
494,20000000	0,46831879
494,40000000	0,47051161
494,60000000	0,47066080
494,80000000	0,46964364
495,00000000	0,46913846
495,20000000	0,46943378
495,40000000	0,47035471
495,60000000	0,47271494
495,80000000	0,47288550
496,00000000	0,47803812
496,20000000	0,47892884
496,40000000	0,47611276
496,60000000	0,47858902
496,80000000	0,47777887
497,00000000	0,47967587
497,20000000	0,48192155
497,40000000	0,48426880
497,60000000	0,48541517
497,80000000	0,48822829
498,00000000	0,49073522
498,20000000	0,48922932
498,40000000	0,48785071
498,60000000	0,48793201
498,80000000	0,48992197
499,00000000	0,49060951
499,20000000	0,49592494
499,40000000	0,49584974
499,60000000	0,49459909
499,80000000	0,49696793
500,00000000	0,49324596
500,20000000	0,49319818
500,40000000	0,49765840
500,60000000	0,50208297
500,80000000	0,50351382
501,00000000	0,50426714
501,20000000	0,50561254
501,40000000	0,50684734
501,60000000	0,50953398
501,80000000	0,51043784
502,00000000	0,51213073
502,20000000	0,51186676
502,40000000	0,51763894
502,60000000	0,51880945
502,80000000	0,51738761
503,00000000	0,51584819
503,20000000	0,51058772
503,40000000	0,51327811
503,60000000	0,51562629
503,80000000	0,51830993
504,00000000	0,52110505
504,20000000	0,51993395
504,40000000	0,51890121
504,60000000	0,51975904
504,80000000	0,52110033
505,00000000	0,52706973
505,20000000	0,53040165
505,40000000	0,52819728
505,60000000	0,53088247
505,80000000	0,53221131
506,00000000	0,53365479
506,20000000	0,53296260
506,40000000	0,53491612
506,60000000	0,53891562
506,80000000	0,53497806
507,00000000	0,53693915
507,20000000	0,54122602
507,40000000	0,53966448
507,60000000	0,53854515
507,80000000	0,53838513
508,00000000	0,53556501
508,20000000	0,54055069
508,40000000	0,54523077
508,60000000	0,54489121
508,80000000	0,54590295
509,00000000	0,54464796
509,20000000	0,54590762
509,40000000	0,54633953
509,60000000	0,55012850
509,80000000	0,55561291
510,00000000	0,55466317
510,20000000	0,55495664
510,40000000	0,55661651
510,60000000	0,55570982
510,80000000	0,55635235
511,00000000	0,55783713
511,20000000	0,55559561
511,40000000	0,55722550
511,60000000	0,55742433
511,80000000	0,56037891
512,00000000	0,56416445
512,20000000	0,56437346
512,40000000	0,56564200
512,60000000	0,56350587
512,80000000	0,56422690
513,00000000	0,56626588
513,20000000	0,56803441
513,40000000	0,57056854
513,60000000	0,57084005
513,80000000	0,57113916
514,00000000	0,57206737
514,20000000	0,57244345
514,40000000	0,57308979
514,60000000	0,57560299
514,80000000	0,57402518
515,00000000	0,57658537
515,20000000	0,57728948
515,40000000	0,57859671
515,60000000	0,58075016
515,80000000	0,57710903
516,00000000	0,57759849
516,20000000	0,57802015
516,40000000	0,58053185
516,60000000	0,58128221
516,80000000	0,58066703
517,00000000	0,58428832
517,20000000	0,58395216
517,40000000	0,58419486
517,60000000	0,58576699
517,80000000	0,58871452
518,00000000	0,59201317
518,20000000	0,59352061
518,40000000	0,59113334
518,60000000	0,59353313
518,80000000	0,59378268
519,00000000	0,59314122
519,20000000	0,59482833
519,40000000	0,59186195
519,60000000	0,59246183
519,80000000	0,59529125
520,00000000	0,59879414
520,20000000	0,59900555
520,40000000	0,59776584
520,60000000	0,59825948
520,80000000	0,59740467
521,00000000	0,59964673
521,20000000	0,60316645
521,40000000	0,60589581
521,60000000	0,60576724
521,80000000	0,60905352
522,00000000	0,60877542
522,20000000	0,61188298
522,40000000	0,60990857
522,60000000	0,60676996
522,80000000	0,61149029
523,00000000	0,60985258
523,20000000	0,61143385
523,40000000	0,61497477
523,60000000	0,61644667
523,80000000	0,61236255
524,00000000	0,60999126
524,20000000	0,61228955
524,40000000	0,61266156
524,60000000	0,61553975
524,80000000	0,61747413
525,00000000	0,61736625
525,20000000	0,61961762
525,40000000	0,62287193
525,60000000	0,62248179
525,80000000	0,62443065
526,00000000	0,62538390
526,20000000	0,62301420
526,40000000	0,62535537
526,60000000	0,62435750
526,80000000	0,62458157
527,00000000	0,62781544
527,20000000	0,62908105
527,40000000	0,62935368
527,60000000	0,63022820
527,80000000	0,63140547
528,00000000	0,63049702
528,20000000	0,63331203
528,40000000	0,63884915
528,60000000	0,63843312
528,80000000	0,64009310
529,00000000	0,64240056
529,20000000	0,64042443
529,40000000	0,64019749
529,60000000	0,64106280
529,80000000	0,64197857
530,00000000	0,64607302
530,20000000	0,64568502
530,40000000	0,64035740
530,60000000	0,64228786
530,80000000	0,64024826
531,00000000	0,64363931
531,20000000	0,64641955
531,40000000	0,64689262
531,60000000	0,64542605
531,80000000	0,64915984
532,00000000	0,65334197
532,20000000	0,65140306
532,40000000	0,65477941
532,60000000	0,65786707
532,80000000	0,66073663
533,00000000	0,65779179
533,20000000	0,65967263
533,40000000	0,66005238
533,60000000	0,66248824
533,80000000	0,66227438
534,00000000	0,65795828
534,20000000	0,66097358
534,40000000	0,65939238
534,60000000	0,66069973
534,80000000	0,66206532
535,00000000	0,66453732
535,20000000	0,66607741
535,40000000	0,67242195
535,60000000	0,67100210
535,80000000	0,67115607
536,00000000	0,67631949
536,20000000	0,67546501
536,40000000	0,67513244
536,60000000	0,67474583
536,80000000	0,67923051
537,00000000	0,67645293
537,20000000	0,67880753
537,40000000	0,67810559
537,60000000	0,68262148
537,80000000	0,68263754
538,00000000	0,68401240
538,20000000	0,68718120
538,40000000	0,68550628
538,60000000	0,68684270
538,80000000	0,68898010
539,00000000	0,69496167
539,20000000	0,69189594
539,40000000	0,69689208
539,60000000	0,69681066
539,80000000	0,69493139
540,00000000	0,69788391
540,20000000	0,69986612
540,40000000	0,70008849
540,60000000	0,69804224
540,80000000	0,69903171
541,00000000	0,69878478
541,20000000	0,70656964
541,40000000	0,70630604
541,60000000	0,70708308
541,80000000	0,70655110
542,00000000	0,70971266
542,20000000	0,71069097
542,40000000	0,71106293
542,60000000	0,71215807
542,80000000	0,71395412
543,00000000	0,71689085
543,20000000	0,71653001
543,40000000	0,71793143
543,60000000	0,71904295
543,80000000	0,72241969
544,00000000	0,71884702
544,20000000	0,72464319
544,40000000	0,72423560
544,60000000	0,72547051
544,80000000	0,73093425
545,00000000	0,73124923
545,20000000	0,73314633
545,40000000	0,73133486
545,60000000	0,73596352
545,80000000	0,74100395
546,00000000	0,74363838
546,20000000	0,74178099
546,40000000	0,74580900
546,60000000	0,74474318
546,80000000	0,74568980
547,00000000	0,74801142
547,20000000	0,74849261
547,40000000	0,74914959
547,60000000	0,75025236
547,80000000	0,75115318
548,00000000	0,74989033
548,20000000	0,75266938
548,40000000	0,75659505
548,60000000	0,76090315
548,80000000	0,76306873
549,00000000	0,76547503
549,20000000	0,76688319
549,40000000	0,76929849
549,60000000	0,77142911
549,80000000	0,77265995
550,00000000	0,77457942
550,20000000	0,77433085
550,40000000	0,77282972
550,60000000	0,77483362
550,80000000	0,77618029
551,00000000	0,77952190
551,20000000	0,78010850
551,40000000	0,78022586
551,60000000	0,78490051
551,80000000	0,78752490
552,00000000	0,78829272
552,20000000	0,79118670
552,40000000	0,79458706
552,60000000	0,79249445
552,80000000	0,79350542
553,00000000	0,79530892
553,20000000	0,79545587
553,40000000	0,79581929
553,60000000	0,79830938
553,80000000	0,80092194
554,00000000	0,80139786
554,20000000	0,80511252
554,40000000	0,80592803
554,60000000	0,80694123
554,80000000	0,80781636
555,00000000	0,81084246
555,20000000	0,81248827
555,40000000	0,81486323
555,60000000	0,81607219
555,80000000	0,81846126
556,00000000	0,81804183
556,20000000	0,81901517
556,40000000	0,82091137
556,60000000	0,81961433
556,80000000	0,82084900
557,00000000	0,82389146
557,20000000	0,82491624
557,40000000	0,82526539
557,60000000	0,82805648
557,80000000	0,82857674
558,00000000	0,82976885
558,20000000	0,83003686
558,40000000	0,83199747
558,60000000	0,83499922
558,80000000	0,83711789
559,00000000	0,83631087
559,20000000	0,83608782
559,40000000	0,83796442
559,60000000	0,83790363
559,80000000	0,84030803
560,00000000	0,84101160
560,20000000	0,84336212
560,40000000	0,84453347
560,60000000	0,84598060
560,80000000	0,84553149
561,00000000	0,84699966
561,20000000	0,84906157
561,40000000	0,85093919
561,60000000	0,85125560
561,80000000	0,85172162
562,00000000	0,85347308
562,20000000	0,85405606
562,40000000	0,85336305
562,60000000	0,85444319
562,80000000	0,85537807
563,00000000	0,85508276
563,20000000	0,85681047
563,40000000	0,85775253
563,60000000	0,85823384
563,80000000	0,85818076
564,00000000	0,86102274
564,20000000	0,86324486
564,40000000	0,86279545
564,60000000	0,86372982
564,80000000	0,86489808
565,00000000	0,86516733
565,20000000	0,86370771
565,40000000	0,86362282
565,60000000	0,86578382
565,80000000	0,86733367
566,00000000	0,86850403
566,20000000	0,86878695
566,40000000	0,86832463
566,60000000	0,87124926
566,80000000	0,87219802
567,00000000	0,87197837
567,20000000	0,87324478
567,40000000	0,87522486
567,60000000	0,87435150
567,80000000	0,87541526
568,00000000	0,87663716
568,20000000	0,87747900
568,40000000	0,87660647
568,60000000	0,87702398
568,80000000	0,87869954
569,00000000	0,87922377
569,20000000	0,88003517
569,40000000	0,88120274
569,60000000	0,88287269
569,80000000	0,88379762
570,00000000	0,88539563
570,20000000	0,88389250
570,40000000	0,88433502
570,60000000	0,88453110
570,80000000	0,88324198
571,00000000	0,88475832
571,20000000	0,88598286
571,40000000	0,88608569
571,60000000	0,88867653
571,80000000	0,88927152
572,00000000	0,88881928
572,20000000	0,88685417
572,40000000	0,89044348
572,60000000	0,89371920
572,80000000	0,89458501
573,00000000	0,89359525
573,20000000	0,89381783
573,40000000	0,89446270
573,60000000	0,89403630
573,80000000	0,89429626
574,00000000	0,89513235
574,20000000	0,89597500
574,40000000	0,89775446
574,60000000	0,89763913
574,80000000	0,89912470
575,00000000	0,90000371
575,20000000	0,90170580
575,40000000	0,90253911
575,60000000	0,90265457
575,80000000	0,90268831
576,00000000	0,90269110
576,20000000	0,90275153
576,40000000	0,90410390
576,60000000	0,90394307
576,80000000	0,90468208
577,00000000	0,90558409
577,20000000	0,90749268
577,40000000	0,90662452
577,60000000	0,90730441
577,80000000	0,90825463
578,00000000	0,90912580
578,20000000	0,91088851
578,40000000	0,91175983
578,60000000	0,91061665
578,80000000	0,91186978
579,00000000	0,91342586
579,20000000	0,91384696
579,40000000	0,91386662
579,60000000	0,91366589
579,80000000	0,91528844
580,00000000	0,91677029
580,20000000	0,91664035
580,40000000	0,91757167
580,60000000	0,91880978
580,80000000	0,92006340
581,00000000	0,92054785
581,20000000	0,92015575
581,40000000	0,91940379
581,60000000	0,92022536
581,80000000	0,92137863
582,00000000	0,92305984
582,20000000	0,92492155
582,40000000	0,92507259
582,60000000	0,92565786
582,80000000	0,92699473
583,00000000	0,92654689
583,20000000	0,92615568
583,40000000	0,92767246
583,60000000	0,92831088
583,80000000	0,92854723
584,00000000	0,92953135
584,20000000	0,93113789
584,40000000	0,93159138
584,60000000	0,93209767
584,80000000	0,93275231
585,00000000	0,93382639
585,20000000	0,93383883
585,40000000	0,93396345
585,60000000	0,93447863
585,80000000	0,93505059
586,00000000	0,93495050
586,20000000	0,93559531
586,40000000	0,93716040
586,60000000	0,93800823
586,80000000	0,93854619
587,00000000	0,93946691
587,20000000	0,94060580
587,40000000	0,94064484
587,60000000	0,94062937
587,80000000	0,94143210
588,00000000	0,94245414
588,20000000	0,94331034
588,40000000	0,94312980
588,60000000	0,94325732
588,80000000	0,94537571
589,00000000	0,94583980
589,20000000	0,94590344
589,40000000	0,94614025
589,60000000	0,94677680
589,80000000	0,94774090
590,00000000	0,94826304
590,20000000	0,94905947
590,40000000	0,94943224
590,60000000	0,94962790
590,80000000	0,95128567
591,00000000	0,95140994
591,20000000	0,95180637
591,40000000	0,95175531
591,60000000	0,95224587
591,80000000	0,95352265
592,00000000	0,95397519
592,20000000	0,95361082
592,40000000	0,95360923
592,60000000	0,95511662
592,80000000	0,95609328
593,00000000	0,95668650
593,20000000	0,95715524
593,40000000	0,95761745
593,60000000	0,95830301
593,80000000	0,95901607
594,00000000	0,95904247
594,20000000	0,95886195
594,40000000	0,95949342
594,60000000	0,96068002
594,80000000	0,96029001
595,00000000	0,96062693
595,20000000	0,96169937
595,40000000	0,96212382
595,60000000	0,96301128
595,80000000	0,96350620
596,00000000	0,96274409
596,20000000	0,96399804
596,40000000	0,96456696
596,60000000	0,96525713
596,80000000	0,96488428
597,00000000	0,96564594
597,20000000	0,96625158
597,40000000	0,96698200
597,60000000	0,96762913
597,80000000	0,96828721
598,00000000	0,96841517
598,20000000	0,96850641
598,40000000	0,96868326
598,60000000	0,96894187
598,80000000	0,96924660
599,00000000	0,97089319
599,20000000	0,97177906
599,40000000	0,97137422
599,60000000	0,97069079
599,80000000	0,97178246
600,00000000	0,97276973
600,20000000	0,97252222
600,40000000	0,97316604
600,60000000	0,97331194
600,80000000	0,97344080
601,00000000	0,97396899
601,20000000	0,97496913
601,40000000	0,97500778
601,60000000	0,97528605
601,80000000	0,97545889
602,00000000	0,97627899
602,20000000	0,97680928
602,40000000	0,97719652
602,60000000	0,97738472
602,80000000	0,97776988
603,00000000	0,97848998
603,20000000	0,97898585
603,40000000	0,97895727
603,60000000	0,97931652
603,80000000	0,97975497
604,00000000	0,97995952
604,20000000	0,98049823
604,40000000	0,98071768
604,60000000	0,98137341
604,80000000	0,98147738
605,00000000	0,98166668
605,20000000	0,98187980
605,40000000	0,98231341
605,60000000	0,98312417
605,80000000	0,98312753
606,00000000	0,98365961
606,20000000	0,98407387
606,40000000	0,98452360
606,60000000	0,98498049
606,80000000	0,98469142
607,00000000	0,98509430
607,20000000	0,98533963
607,40000000	0,98587849
607,60000000	0,98623519
607,80000000	0,98645685
608,00000000	0,98687073
608,20000000	0,98705502
608,40000000	0,98721572
608,60000000	0,98764515
608,80000000	0,98771600
609,00000000	0,98798980
609,20000000	0,98816232
609,40000000	0,98856647
609,60000000	0,98872584
609,80000000	0,98938801
610,00000000	0,98966792
610,20000000	0,98987195
610,40000000	0,98970277
610,60000000	0,99029514
610,80000000	0,99058605
611,00000000	0,99083715
611,20000000	0,99061808
611,40000000	0,99104086
611,60000000	0,99143529
611,80000000	0,99175257
612,00000000	0,99208371
612,20000000	0,99236842
612,40000000	0,99250871
612,60000000	0,99259608
612,80000000	0,99279228
613,00000000	0,99304559
613,20000000	0,99322597
613,40000000	0,99349450
613,60000000	0,99368582
613,80000000	0,99402373
614,00000000	0,99394679
614,20000000	0,99406841
614,40000000	0,99412990
614,60000000	0,99470759
614,80000000	0,99496489
615,00000000	0,99506401
615,20000000	0,99505629
615,40000000	0,99517653
615,60000000	0,99557288
615,80000000	0,99588417
616,00000000	0,99579580
616,20000000	0,99576180
616,40000000	0,99603888
616,60000000	0,99627377
616,80000000	0,99652505
617,00000000	0,99659975
617,20000000	0,99663945
617,40000000	0,99677962
617,60000000	0,99690978
617,80000000	0,99708968
618,00000000	0,99723257
618,20000000	0,99732216
618,40000000	0,99731071
618,60000000	0,99746839
618,80000000	0,99766481
619,00000000	0,99775216
619,20000000	0,99787638
619,40000000	0,99794538
619,60000000	0,99798424
619,80000000	0,99805974
620,00000000	0,99833557
620,20000000	0,99840452
620,40000000	0,99842625
620,60000000	0,99846867
620,80000000	0,99857306
621,00000000	0,99868386
621,20000000	0,99882892
621,40000000	0,99881812
621,60000000	0,99883765
621,80000000	0,99896097
622,00000000	0,99905100
622,20000000	0,99913324
622,40000000	0,99915934
622,60000000	0,99921659
622,80000000	0,99923632
623,00000000	0,99928293
623,20000000	0,99933445
623,40000000	0,99939317
623,60000000	0,99940263
623,80000000	0,99945174
624,00000000	0,99950605
624,20000000	0,99949608
624,40000000	0,99953397
624,60000000	0,99958854
624,80000000	0,99964353
625,00000000	0,99967116
625,20000000	0,99966668
625,40000000	0,99968274
625,60000000	0,99967267
625,80000000	0,99972399
626,00000000	0,99969778
626,20000000	0,99971141
626,40000000	0,99972681
626,60000000	0,99973966
626,80000000	0,99974762
627,00000000	0,99970619
627,20000000	0,99971674
627,40000000	0,99975352
627,60000000	0,99969433
627,80000000	0,99967569
628,00000000	0,99970641
628,20000000	0,99970247
628,40000000	0,99968702
628,60000000	0,99964716
628,80000000	0,99956951
629,00000000	0,99963416
629,20000000	0,99958346
629,40000000	0,99952517
629,60000000	0,99946903
629,80000000	0,99948265
630,00000000	0,99948803
630,20000000	0,99940485
630,40000000	0,99941217
630,60000000	0,99940799
630,80000000	0,99931964
631,00000000	0,99927262
631,20000000	0,99924046
631,40000000	0,99917602
631,60000000	0,99913335
631,80000000	0,99908911
632,00000000	0,99904720
632,20000000	0,99898457
632,40000000	0,99896835
632,60000000	0,99894194
632,80000000	0,99880576
633,00000000	0,99874301
633,20000000	0,99865944
633,40000000	0,99855988
633,60000000	0,99862851
633,80000000	0,99845765
634,00000000	0,99836149
634,20000000	0,99834898
634,40000000	0,99831574
634,60000000	0,99824766
634,80000000	0,99829907
635,00000000	0,99818202
635,20000000	0,99806114
635,40000000	0,99805325
635,60000000	0,99789353
635,80000000	0,99778372
636,00000000	0,99776893
636,20000000	0,99782950
636,40000000	0,99764333
636,60000000	0,99755638
636,80000000	0,99739038
637,00000000	0,99724985
637,20000000	0,99732190
637,40000000	0,99732629
637,60000000	0,99722232
637,80000000	0,99718286
638,00000000	0,99723175
638,20000000	0,99708476
638,40000000	0,99671475
638,60000000	0,99671529
638,80000000	0,99676252
639,00000000	0,99679867
639,20000000	0,99666468
639,40000000	0,99654640
639,60000000	0,99639155
639,80000000	0,99631155
640,00000000	0,99620941
640,20000000	0,99626796
640,40000000	0,99619112
640,60000000	0,99617057
640,80000000	0,99606020
641,00000000	0,99590222
641,20000000	0,99589021
641,40000000	0,99592364
641,60000000	0,99558467
641,80000000	0,99564158
642,00000000	0,99567827
642,20000000	0,99566911
642,40000000	0,99565497
642,60000000	0,99560578
642,80000000	0,99571424
643,00000000	0,99553021
643,20000000	0,99529092
643,40000000	0,99534678
643,60000000	0,99552021
643,80000000	0,99541508
644,00000000	0,99523294
644,20000000	0,99523187
644,40000000	0,99524526
644,60000000	0,99534516
644,80000000	0,99510981
645,00000000	0,99503452
645,20000000	0,99506515
645,40000000	0,99490191
645,60000000	0,99499636
645,80000000	0,99497336
646,00000000	0,99491302
646,20000000	0,99482208
646,40000000	0,99478388
646,60000000	0,99493043
646,80000000	0,99489888
647,00000000	0,99503099
647,20000000	0,99497038
647,40000000	0,99482664
647,60000000	0,99495495
647,80000000	0,99495160
648,00000000	0,99487435
648,20000000	0,99490618
648,40000000	0,99484205
648,60000000	0,99500750
648,80000000	0,99481474
649,00000000	0,99493798
649,20000000	0,99495807
649,40000000	0,99501880
649,60000000	0,99496706
649,80000000	0,99505296
650,00000000	0,99517930
650,20000000	0,99531966
650,40000000	0,99534586
650,60000000	0,99527185
650,80000000	0,99544355
651,00000000	0,99543746
651,20000000	0,99531133
651,40000000	0,99532450
651,60000000	0,99542395
651,80000000	0,99555982
652,00000000	0,99571193
652,20000000	0,99556144
652,40000000	0,99567001
652,60000000	0,99563501
652,80000000	0,99580140
653,00000000	0,99588464
653,20000000	0,99581693
653,40000000	0,99593956
653,60000000	0,99600014
653,80000000	0,99602480
654,00000000	0,99602382
654,20000000	0,99602091
654,40000000	0,99632343
654,60000000	0,99637187
654,80000000	0,99639714
655,00000000	0,99640441
655,20000000	0,99663143
655,40000000	0,99673720
655,60000000	0,99656984
655,80000000	0,99657741
656,00000000	0,99683566
656,20000000	0,99685732
656,40000000	0,99704232
656,60000000	0,99698041
656,80000000	0,99693662
657,00000000	0,99708582
657,20000000	0,99726229
657,40000000	0,99733628
657,60000000	0,99729812
657,80000000	0,99740395
658,00000000	0,99750594
658,20000000	0,99746291
658,40000000	0,99768519
658,60000000	0,99766481
658,80000000	0,99766551
659,00000000	0,99788865
659,20000000	0,99792363
659,40000000	0,99784350
659,60000000	0,99784538
659,80000000	0,99804551
660,00000000	0,99813232
660,20000000	0,99821905
660,40000000	0,99830012
660,60000000	0,99835218
660,80000000	0,99835796
661,00000000	0,99828138
661,20000000	0,99845409
661,40000000	0,99855080
661,60000000	0,99851518
661,80000000	0,99864374
662,00000000	0,99870311
662,20000000	0,99856153
662,40000000	0,99863110
662,60000000	0,99874843
662,80000000	0,99859539
663,00000000	0,99862836
663,20000000	0,99894058
663,40000000	0,99892889
663,60000000	0,99896747
663,80000000	0,99897494
664,00000000	0,99891700
664,20000000	0,99896727
664,40000000	0,99899453
664,60000000	0,99910625
664,80000000	0,99918794
665,00000000	0,99915097
665,20000000	0,99903306
665,40000000	0,99891683
665,60000000	0,99897286
665,80000000	0,99909682
666,00000000	0,99904674
666,20000000	0,99911335
666,40000000	0,99914435
666,60000000	0,99909312
666,80000000	0,99904852
667,00000000	0,99903835
667,20000000	0,99903034
667,40000000	0,99905593
667,60000000	0,99916462
667,80000000	0,99913631
668,00000000	0,99906138
668,20000000	0,99916032
668,40000000	0,99907146
668,60000000	0,99902938
668,80000000	0,99909230
669,00000000	0,99910922
669,20000000	0,99915494
669,40000000	0,99908930
669,60000000	0,99900882
669,80000000	0,99897832
670,00000000	0,99903634
670,20000000	0,99900547
670,40000000	0,99896697
670,60000000	0,99906660
670,80000000	0,99903915
671,00000000	0,99902467
671,20000000	0,99907464
671,40000000	0,99899277
671,60000000	0,99901821
671,80000000	0,99894627
672,00000000	0,99896261
672,20000000	0,99897020
672,40000000	0,99897375
672,60000000	0,99900592
672,80000000	0,99893586
673,00000000	0,99887578
673,20000000	0,99898289
673,40000000	0,99896845
673,60000000	0,99894715
673,80000000	0,99889653
674,00000000	0,99870245
674,20000000	0,99883197
674,40000000	0,99884332
674,60000000	0,99879177
674,80000000	0,99876655
675,00000000	0,99889474
675,20000000	0,99874665
675,40000000	0,99886594
675,60000000	0,99898485
675,80000000	0,99882848
676,00000000	0,99872517
676,20000000	0,99884342
676,40000000	0,99893241
676,60000000	0,99897190
676,80000000	0,99877683
677,00000000	0,99872397
677,20000000	0,99892615
677,40000000	0,99888624
677,60000000	0,99889107
677,80000000	0,99881164
678,00000000	0,99890109
678,20000000	0,99888360
678,40000000	0,99890042
678,60000000	0,99884412
678,80000000	0,99901136
679,00000000	0,99909937
679,20000000	0,99906120
679,40000000	0,99902737
679,60000000	0,99899874
679,80000000	0,99906924
680,00000000	0,99914608
680,20000000	0,99918589
680,40000000	0,99901809
680,60000000	0,99896704
680,80000000	0,99905989
681,00000000	0,99926617
681,20000000	0,99925919
681,40000000	0,99914382
681,60000000	0,99909675
681,80000000	0,99916953
682,00000000	0,99929865
682,20000000	0,99931985
682,40000000	0,99916471
682,60000000	0,99920919
682,80000000	0,99949052
683,00000000	0,99940702
683,20000000	0,99935193
683,40000000	0,99924840
683,60000000	0,99936329
683,80000000	0,99952313
684,00000000	0,99962250
684,20000000	0,99946685
684,40000000	0,99947359
684,60000000	0,99947897
684,80000000	0,99962141
685,00000000	0,99968548
685,20000000	0,99960250
685,40000000	0,99960732
685,60000000	0,99963725
685,80000000	0,99969467
686,00000000	0,99971288
686,20000000	0,99968679
686,40000000	0,99968240
686,60000000	0,99975940
686,80000000	0,99976780
687,00000000	0,99976446
687,20000000	0,99971278
687,40000000	0,99980606
687,60000000	0,99986040
687,80000000	0,99987600
688,00000000	0,99979490
688,20000000	0,99979702
688,40000000	0,99989288
688,60000000	0,99992408
688,80000000	0,99991597
689,00000000	0,99988585
689,20000000	0,99990933
689,40000000	0,99993611
689,60000000	0,99989664
689,80000000	0,99988096
690,00000000	0,99993432
690,20000000	0,99998900
690,40000000	0,99996570
690,60000000	0,99994435
690,80000000	0,99994131
691,00000000	0,99994124
691,20000000	0,99998794
691,40000000	0,99998301
691,60000000	0,99995270
691,80000000	0,99998794
692,00000000	0,99998937
692,20000000	0,99999971
692,40000000	0,99998890
692,60000000	0,99998867
692,80000000	0,99999818
693,00000000	0,99999455
693,20000000	0,99998575
693,40000000	0,99997864
693,60000000	0,99999599
693,80000000	0,99999330
694,00000000	0,99996589
694,20000000	0,99996264
694,40000000	0,99997672
694,60000000	0,99999519
694,80000000	0,99997074
695,00000000	0,99994056
695,20000000	0,99992958
695,40000000	0,99996643
695,60000000	0,99998380
695,80000000	0,99995769
696,00000000	0,99992117
696,20000000	0,99992184
696,40000000	0,99994676
696,60000000	0,99995664
696,80000000	0,99996180
697,00000000	0,99995501
697,20000000	0,99994577
697,40000000	0,99994445
697,60000000	0,99991426
697,80000000	0,99992011
698,00000000	0,99994118
698,20000000	0,99991898
698,40000000	0,99990165
698,60000000	0,99990521
698,80000000	0,99989730
699,00000000	0,99990349
699,20000000	0,99989433
699,40000000	0,99988370
699,60000000	0,99990847
699,80000000	0,99984126
700,00000000	0,99986373
700,20000000	0,99990833
700,40000000	0,99990247
700,60000000	0,99987681
700,80000000	0,99979811
701,00000000	0,99986324
701,20000000	0,99986594
701,40000000	0,99988730
701,60000000	0,99988942
701,80000000	0,99987167
702,00000000	0,99980497
702,20000000	0,99984326
702,40000000	0,99984097
702,60000000	0,99983321
702,80000000	0,99982302
703,00000000	0,99979074
703,20000000	0,99982211
703,40000000	0,99980007
703,60000000	0,99976956
703,80000000	0,99978834
704,00000000	0,99982559
704,20000000	0,99976911
704,40000000	0,99974082
704,60000000	0,99969603
704,80000000	0,99970357
705,00000000	0,99972044
705,20000000	0,99969460
705,40000000	0,99969325
705,60000000	0,99964347
705,80000000	0,99964996
706,00000000	0,99967733
706,20000000	0,99958193
706,40000000	0,99955176
706,60000000	0,99955731
706,80000000	0,99949064
707,00000000	0,99950512
707,20000000	0,99951103
707,40000000	0,99951109
707,60000000	0,99947065
707,80000000	0,99940148
708,00000000	0,99931087
708,20000000	0,99937190
708,40000000	0,99933085
708,60000000	0,99922198
708,80000000	0,99918765
709,00000000	0,99914363
709,20000000	0,99904248
709,40000000	0,99902933
709,60000000	0,99892902
709,80000000	0,99892792
710,00000000	0,99888927
710,20000000	0,99895867
710,40000000	0,99874916
710,60000000	0,99865663
710,80000000	0,99863063
711,00000000	0,99862721
711,20000000	0,99856760
711,40000000	0,99854177
711,60000000	0,99835008
711,80000000	0,99826483
712,00000000	0,99819560
712,20000000	0,99794719
712,40000000	0,99794117
712,60000000	0,99805523
712,80000000	0,99815612
713,00000000	0,99776410
713,20000000	0,99765404
713,40000000	0,99767230
713,60000000	0,99752702
713,80000000	0,99755307
714,00000000	0,99746852
714,20000000	0,99755313
714,40000000	0,99723537
714,60000000	0,99712180
714,80000000	0,99702525
715,00000000	0,99697996
715,20000000	0,99694950
715,40000000	0,99683044
715,60000000	0,99677904
715,80000000	0,99632809
716,00000000	0,99639401
716,20000000	0,99615365
716,40000000	0,99627580
716,60000000	0,99612342
716,80000000	0,99619991
717,00000000	0,99614801
717,20000000	0,99576144
717,40000000	0,99566246
717,60000000	0,99551397
717,80000000	0,99554785
718,00000000	0,99540332
718,20000000	0,99537336
718,40000000	0,99533656
718,60000000	0,99521111
718,80000000	0,99507431
719,00000000	0,99454616
719,20000000	0,99473092
719,40000000	0,99477487
719,60000000	0,99496341
719,80000000	0,99471422
720,00000000	0,99448929
720,20000000	0,99420326
720,40000000	0,99415471
720,60000000	0,99422196
720,80000000	0,99409780
721,00000000	0,99427854
721,20000000	0,99410514
721,40000000	0,99381793
721,60000000	0,99338410
721,80000000	0,99343338
722,00000000	0,99347570
722,20000000	0,99374860
722,40000000	0,99388465
722,60000000	0,99333425
722,80000000	0,99331886
723,00000000	0,99307047
723,20000000	0,99348191
723,40000000	0,99328588
723,60000000	0,99293653
723,80000000	0,99301608
724,00000000	0,99315008
724,20000000	0,99322006
724,40000000	0,99233428
724,60000000	0,99248989
724,80000000	0,99281271
725,00000000	0,99316799
725,20000000	0,99259162
725,40000000	0,99273219
725,60000000	0,99268447
725,80000000	0,99276874
726,00000000	0,99243412
726,20000000	0,99189029
726,40000000	0,99254015
726,60000000	0,99281263
726,80000000	0,99311122
727,00000000	0,99256361
727,20000000	0,99250325
727,40000000	0,99190238
727,60000000	0,99192216
727,80000000	0,99265630
728,00000000	0,99288870
728,20000000	0,99303020
728,40000000	0,99224155
728,60000000	0,99201518
728,80000000	0,99178988
729,00000000	0,99251699
729,20000000	0,99238582
729,40000000	0,99245734
729,60000000	0,99244874
729,80000000	0,99199948
730,00000000	0,99199116
730,20000000	0,99228408
730,40000000	0,99291559
730,60000000	0,99206516
730,80000000	0,99206522
731,00000000	0,99213415
731,20000000	0,99202746
731,40000000	0,99189130
731,60000000	0,99200884
731,80000000	0,99198506
732,00000000	0,99194932
732,20000000	0,99200985
732,40000000	0,99185765
732,60000000	0,99201912
732,80000000	0,99171520
733,00000000	0,99167861
733,20000000	0,99135760
733,40000000	0,99132408
733,60000000	0,99162850
733,80000000	0,99146472
734,00000000	0,99185690
734,20000000	0,99121432
734,40000000	0,99103904
734,60000000	0,99050695
734,80000000	0,99107651
735,00000000	0,99144338
735,20000000	0,99129983
735,40000000	0,99067173
735,60000000	0,99011160
735,80000000	0,99030538
736,00000000	0,99029923
736,20000000	0,99046450
736,40000000	0,98972832
736,60000000	0,99000472
736,80000000	0,98950406
737,00000000	0,98921313
737,20000000	0,98936658
737,40000000	0,98939557
737,60000000	0,98983201
737,80000000	0,98873532
738,00000000	0,98871489
738,20000000	0,98821890
738,40000000	0,98846807
738,60000000	0,98782042
738,80000000	0,98798033
739,00000000	0,98725772
739,20000000	0,98686288
739,40000000	0,98705255
739,60000000	0,98689905
739,80000000	0,98661826
740,00000000	0,98597124
740,20000000	0,98549415
740,40000000	0,98513247
740,60000000	0,98575296
740,80000000	0,98538836
741,00000000	0,98455615
741,20000000	0,98428421
741,40000000	0,98371630
741,60000000	0,98349513
741,80000000	0,98301019
742,00000000	0,98287679
742,20000000	0,98307863
742,40000000	0,98238746
742,60000000	0,98115166
742,80000000	0,98087782
743,00000000	0,98093300
743,20000000	0,98110376
743,40000000	0,98060931
743,60000000	0,97915962
743,80000000	0,97876726
744,00000000	0,97858378
744,20000000	0,97858041
744,40000000	0,97846681
744,60000000	0,97768262
744,80000000	0,97628770
745,00000000	0,97643645
745,20000000	0,97626811
745,40000000	0,97595664
745,60000000	0,97540562
745,80000000	0,97477380
746,00000000	0,97395910
746,20000000	0,97323141
746,40000000	0,97324835
746,60000000	0,97257088
746,80000000	0,97319114
747,00000000	0,97221414
747,20000000	0,97073359
747,40000000	0,97053661
747,60000000	0,97030009
747,80000000	0,97097655
748,00000000	0,96938737
748,20000000	0,96828113
748,40000000	0,96726095
748,60000000	0,96819723
748,80000000	0,96778940
749,00000000	0,96731628
749,20000000	0,96528061
749,40000000	0,96486897
749,60000000	0,96509789
749,80000000	0,96504225
750,00000000	0,96501043
750,20000000	0,96380510
750,40000000	0,96267705
750,60000000	0,96155306
750,80000000	0,96078398
751,00000000	0,96149489
751,20000000	0,96127974
751,40000000	0,96065714
751,60000000	0,95925789
751,80000000	0,95867692
752,00000000	0,95745219
752,20000000	0,95871656
752,40000000	0,95760667
752,60000000	0,95677309
752,80000000	0,95527194
753,00000000	0,95529263
753,20000000	0,95405505
753,40000000	0,95589095
753,60000000	0,95460681
753,80000000	0,95318619
754,00000000	0,95153683
754,20000000	0,95263671
754,40000000	0,95259757
754,60000000	0,95141505
754,80000000	0,95111134
755,00000000	0,95006363
755,20000000	0,94905387
755,40000000	0,94947564
755,60000000	0,94904024
755,80000000	0,94828556
756,00000000	0,94746495
756,20000000	0,94690367
756,40000000	0,94580011
756,60000000	0,94677084
756,80000000	0,94631998
757,00000000	0,94638776
757,20000000	0,94398039
757,40000000	0,94339233
757,60000000	0,94211927
757,80000000	0,94465367
758,00000000	0,94384181
758,20000000	0,94205405
758,40000000	0,94098357
758,60000000	0,94081092
758,80000000	0,94161616
759,00000000	0,94052009
759,20000000	0,94024510
759,40000000	0,93912978
759,60000000	0,93886778
759,80000000	0,93685554
760,00000000	0,93746373
760,20000000	0,93804692
760,40000000	0,93744698
760,60000000	0,93684549
760,80000000	0,93567130
761,00000000	0,93523159
761,20000000	0,93465568
761,40000000	0,93466252
761,60000000	0,93442316
761,80000000	0,93373072
762,00000000	0,93223506
762,20000000	0,93298529
762,40000000	0,93354880
762,60000000	0,93232033
762,80000000	0,93145119
763,00000000	0,93014985
763,20000000	0,93069967
763,40000000	0,93052836
763,60000000	0,93098391
763,80000000	0,92967550
764,00000000	0,92902433
764,20000000	0,92772349
764,40000000	0,92712243
764,60000000	0,92894662
764,80000000	0,92889715
765,00000000	0,92819594
765,20000000	0,92752391
765,40000000	0,92558038
765,60000000	0,92515671
765,80000000	0,92508913
766,00000000	0,92707936
766,20000000	0,92643568
766,40000000	0,92388182
766,60000000	0,92337435
766,80000000	0,92345564
767,00000000	0,92551767
767,20000000	0,92346444
767,40000000	0,92236952
767,60000000	0,92235664
767,80000000	0,92077607
768,00000000	0,92162842
768,20000000	0,92266107
768,40000000	0,92133858
768,60000000	0,92008728
768,80000000	0,92054846
769,00000000	0,92078556
769,20000000	0,91837647
769,40000000	0,91987779
769,60000000	0,92073488
769,80000000	0,91849660
770,00000000	0,91661843
770,20000000	0,91868226
770,40000000	0,91857361
770,60000000	0,91784372
770,80000000	0,91701049
771,00000000	0,91620168
771,20000000	0,91599076
771,40000000	0,91541529
771,60000000	0,91715655
771,80000000	0,91762161
772,00000000	0,91644470
772,20000000	0,91343748
772,40000000	0,91497302
772,60000000	0,91480809
772,80000000	0,91397433
773,00000000	0,91550683
773,20000000	0,91355091
773,40000000	0,91279102
773,60000000	0,91295924
773,80000000	0,91440919
774,00000000	0,91369691
774,20000000	0,91090225
774,40000000	0,91178574
774,60000000	0,91226802
774,80000000	0,91110508
775,00000000	0,91320408
775,20000000	0,91174435
775,40000000	0,91203719
775,60000000	0,91030054
775,80000000	0,90763951
776,00000000	0,90941625
776,20000000	0,91094627
776,40000000	0,90967802
776,60000000	0,90919973
776,80000000	0,90801983
777,00000000	0,90920983
777,20000000	0,90784773
777,40000000	0,90941793
777,60000000	0,90681450
777,80000000	0,90574706
778,00000000	0,90714047
778,20000000	0,90721812
778,40000000	0,90802657
778,60000000	0,90729066
778,80000000	0,90610985
779,00000000	0,90515243
779,20000000	0,90453796
779,40000000	0,90534926
779,60000000	0,90629381
779,80000000	0,90612815
780,00000000	0,90457884
780,20000000	0,90215403
780,40000000	0,90296879
780,60000000	0,90517027
780,80000000	0,90454217
781,00000000	0,90320072
781,20000000	0,90230247
781,40000000	0,90186241
781,60000000	0,90477830
781,80000000	0,90260956
782,00000000	0,90177241
782,20000000	0,90058512
782,40000000	0,90085471
782,60000000	0,90081762
782,80000000	0,90005792
783,00000000	0,90138030
783,20000000	0,89987682
783,40000000	0,89818016
783,60000000	0,89767332
783,80000000	0,90013315
784,00000000	0,89940905
784,20000000	0,89891074
784,40000000	0,89861946
784,60000000	0,89800180
784,80000000	0,89713450
785,00000000	0,89765215
785,20000000	0,89710284
785,40000000	0,89757942
785,60000000	0,89462911
785,80000000	0,89428395
786,00000000	0,89423962
786,20000000	0,89698207
786,40000000	0,89469054
786,60000000	0,89137883
786,80000000	0,89370205
787,00000000	0,89308205
787,20000000	0,89332434
787,40000000	0,89206257
787,60000000	0,89209617
787,80000000	0,88955846
788,00000000	0,89086724
788,20000000	0,89259152
788,40000000	0,89070866
788,60000000	0,88934786
788,80000000	0,88842286
789,00000000	0,89079686
789,20000000	0,88865856
789,40000000	0,88682504
789,60000000	0,88771211
789,80000000	0,88754055
790,00000000	0,88779757
790,20000000	0,88592958
790,40000000	0,88454504
790,60000000	0,88891448
790,80000000	0,88751010
791,00000000	0,88541294
791,20000000	0,88367760
791,40000000	0,88458259
791,60000000	0,88236674
791,80000000	0,88562052
792,00000000	0,88450199
792,20000000	0,88072379
792,40000000	0,87982612
792,60000000	0,88071174
792,80000000	0,88248046
793,00000000	0,88352876
793,20000000	0,88126198
793,40000000	0,87725737
793,60000000	0,87867438
793,80000000	0,88071944
794,00000000	0,87801372
794,20000000	0,87808169
794,40000000	0,87817652
794,60000000	0,87604435
794,80000000	0,87744351
795,00000000	0,87696304
795,20000000	0,87675721
795,40000000	0,87882949
795,60000000	0,87633652
795,80000000	0,87471882
796,00000000	0,87396729
796,20000000	0,87657655
796,40000000	0,87366957
796,60000000	0,87434380
796,80000000	0,87301116
797,00000000	0,87313952
797,20000000	0,87440647
797,40000000	0,87273784
797,60000000	0,87275999
797,80000000	0,87057571
798,00000000	0,87096214
798,20000000	0,87220508
798,40000000	0,87156001
798,60000000	0,87160625
798,80000000	0,87095525
799,00000000	0,87038000
799,20000000	0,87179590
799,40000000	0,86822843
799,60000000	0,86919586
799,80000000	0,86942843
800,00000000	0,86910010
800,20000000	0,87019023
800,40000000	0,87003850
800,60000000	0,86888664
800,80000000	0,87014954
801,00000000	0,86992468
801,20000000	0,86800542
801,40000000	0,86912652
801,60000000	0,87076103
801,80000000	0,87012510
802,00000000	0,86671561
802,20000000	0,86829854
802,40000000	0,86800377
802,60000000	0,86901008
802,80000000	0,86668374
803,00000000	0,86762407
803,20000000	0,86639609
803,40000000	0,86738193
803,60000000	0,86739395
803,80000000	0,86817039
804,00000000	0,86710383
804,20000000	0,86525648
804,40000000	0,86527044
804,60000000	0,86830506
804,80000000	0,86595284
805,00000000	0,86784121
805,20000000	0,86793365
805,40000000	0,86689656
805,60000000	0,86487540
805,80000000	0,86678479
806,00000000	0,86532268
806,20000000	0,86515567
806,40000000	0,86623249
806,60000000	0,86783193
806,80000000	0,86629684
807,00000000	0,86475486
807,20000000	0,86494344
807,40000000	0,86705633
807,60000000	0,86635367
807,80000000	0,86594012
808,00000000	0,86529853
808,20000000	0,86536751
808,40000000	0,86832776
808,60000000	0,86515107
808,80000000	0,86580672
809,00000000	0,86502895
809,20000000	0,86695267
809,40000000	0,86724016
809,60000000	0,86428226
809,80000000	0,86543006
810,00000000	0,86461366
810,20000000	0,86725434
810,40000000	0,86501531
810,60000000	0,86519943
810,80000000	0,86724256
811,00000000	0,86704708
811,20000000	0,86657413
811,40000000	0,86507100
811,60000000	0,86584740
811,80000000	0,86402623
812,00000000	0,86509233
812,20000000	0,86374275
812,40000000	0,86403966
812,60000000	0,86419431
812,80000000	0,86484471
813,00000000	0,86632830
813,20000000	0,86557121
813,40000000	0,86288138
813,60000000	0,86395260
813,80000000	0,86363233
814,00000000	0,86331609
814,20000000	0,86213282
814,40000000	0,86162906
814,60000000	0,86204859
814,80000000	0,86145929
815,00000000	0,86153128
815,20000000	0,86025903
815,40000000	0,86068680
815,60000000	0,86108128
815,80000000	0,85963226
816,00000000	0,85976239
816,20000000	0,85827969
816,40000000	0,85793607
816,60000000	0,85895920
816,80000000	0,85980153
817,00000000	0,85447921
817,20000000	0,85734331
817,40000000	0,85762597
817,60000000	0,85524575
817,80000000	0,85473098
818,00000000	0,85355088
818,20000000	0,85448194
818,40000000	0,85319110
818,60000000	0,85466366
818,80000000	0,84975467
819,00000000	0,85120775
819,20000000	0,84870101
819,40000000	0,84992587
819,60000000	0,84912660
819,80000000	0,84870665
820,00000000	0,84869012
820,20000000	0,84988328
820,40000000	0,84714280
820,60000000	0,84310632
820,80000000	0,84459093
821,00000000	0,84612349
821,20000000	0,84348142
821,40000000	0,84562208
821,60000000	0,84144391
821,80000000	0,84091951
822,00000000	0,84076320
822,20000000	0,84260274
822,40000000	0,83923916
822,60000000	0,83646330
822,80000000	0,83871763
823,00000000	0,83861803
823,20000000	0,83741088
823,40000000	0,83355300
823,60000000	0,83417215
823,80000000	0,83456659
824,00000000	0,83303528
824,20000000	0,83085855
824,40000000	0,83116054
824,60000000	0,82724144
824,80000000	0,83093114
825,00000000	0,83022641
825,20000000	0,82948416
825,40000000	0,82478880
825,60000000	0,82638473
825,80000000	0,82493490
826,00000000	0,82683812
826,20000000	0,82261728
826,40000000	0,82290415
826,60000000	0,82383529
826,80000000	0,82230005
827,00000000	0,81899851
827,20000000	0,82036551
827,40000000	0,82013670
827,60000000	0,81897952
827,80000000	0,81774302
828,00000000	0,81608369
828,20000000	0,81478750
828,40000000	0,81420935
828,60000000	0,81673033
828,80000000	0,81348334
829,00000000	0,81293830
829,20000000	0,81177279
829,40000000	0,81072921
829,60000000	0,81408602
829,80000000	0,80960035
830,00000000	0,80898144
830,20000000	0,81304702
830,40000000	0,81289412
830,60000000	0,80829526
830,80000000	0,80755397
831,00000000	0,80726895
831,20000000	0,80871904
831,40000000	0,80915307
831,60000000	0,80415687
831,80000000	0,80465337
832,00000000	0,80350568
832,20000000	0,80741769
832,40000000	0,80606085
832,60000000	0,80194631
832,80000000	0,80226874
833,00000000	0,80565094
833,20000000	0,80539239
833,40000000	0,80415293
833,60000000	0,80338940
833,80000000	0,80144288
834,00000000	0,80471586
834,20000000	0,80272714
834,40000000	0,80163685
834,60000000	0,80014800
834,80000000	0,80231607
835,00000000	0,80293613
835,20000000	0,80195631
835,40000000	0,80202551
835,60000000	0,79907924
835,80000000	0,80404375
836,00000000	0,80230352
836,20000000	0,80151936
836,40000000	0,80050726
836,60000000	0,80176797
836,80000000	0,80271177
837,00000000	0,80225981
837,20000000	0,80195727
837,40000000	0,79992297
837,60000000	0,80132146
837,80000000	0,80333553
838,00000000	0,80221625
838,20000000	0,80057457
838,40000000	0,80089235
838,60000000	0,80271618
838,80000000	0,80665602
839,00000000	0,80160457
839,20000000	0,80118388
839,40000000	0,80189924
839,60000000	0,80575849
839,80000000	0,80772413
840,00000000	0,80394761
840,20000000	0,80230465
840,40000000	0,80608609
840,60000000	0,80686256
840,80000000	0,80591064
841,00000000	0,80587672
841,20000000	0,80969334
841,40000000	0,80837431
841,60000000	0,81100710
841,80000000	0,80881914
842,00000000	0,80703616
842,20000000	0,81011804
842,40000000	0,81331623
842,60000000	0,81089179
842,80000000	0,81004504
843,00000000	0,81066515
843,20000000	0,81218044
843,40000000	0,81560102
843,60000000	0,81420716
843,80000000	0,81320775
844,00000000	0,81679703
844,20000000	0,81875452
844,40000000	0,81486711
844,60000000	0,81640384
844,80000000	0,81625819
845,00000000	0,82033437
845,20000000	0,81845743
845,40000000	0,81902063
845,60000000	0,81757510
845,80000000	0,81833684
846,00000000	0,82122802
846,20000000	0,82361114
846,40000000	0,82188002
846,60000000	0,82183017
846,80000000	0,82203074
847,00000000	0,82539235
847,20000000	0,82303446
847,40000000	0,82476054
847,60000000	0,82741557
847,80000000	0,82884855
848,00000000	0,82814369
848,20000000	0,82678768
848,40000000	0,82714229
848,60000000	0,82742038
848,80000000	0,82970505
849,00000000	0,82813451
849,20000000	0,82886383
849,40000000	0,82993575
849,60000000	0,83024588
849,80000000	0,83239223
850,00000000	0,82987549
850,20000000	0,83003849
850,40000000	0,83087049
850,60000000	0,83393864
850,80000000	0,83396749
851,00000000	0,83318411
851,20000000	0,83312114
851,40000000	0,83566163
851,60000000	0,83854672
851,80000000	0,83506536
852,00000000	0,83520769
852,20000000	0,83606862
852,40000000	0,83685768
852,60000000	0,83673276
852,80000000	0,83262655
853,00000000	0,83552816
853,20000000	0,83704735
853,40000000	0,83856283
853,60000000	0,83764929
853,80000000	0,83745049
854,00000000	0,83494441
854,20000000	0,83792561
854,40000000	0,83824191
854,60000000	0,83625453
854,80000000	0,83759806
855,00000000	0,83737362
855,20000000	0,83910728
855,40000000	0,83734590
855,60000000	0,83989201
855,80000000	0,83756407
856,00000000	0,83947523
856,20000000	0,83936073
856,40000000	0,83731092
856,60000000	0,83882644
856,80000000	0,83808513
857,00000000	0,83924059
857,20000000	0,84070320
857,40000000	0,83824982
857,60000000	0,83760308
857,80000000	0,83760408
858,00000000	0,84063268
858,20000000	0,83970899
858,40000000	0,83915154
858,60000000	0,83646561
858,80000000	0,83959301
859,00000000	0,84072084
859,20000000	0,83684816
859,40000000	0,83631555
859,60000000	0,83508046
859,80000000	0,83811275
860,00000000	0,83629456
860,20000000	0,83778338
860,40000000	0,83895500
860,60000000	0,83700865
860,80000000	0,83528378
861,00000000	0,83502540
861,20000000	0,83685449
861,40000000	0,83370806
861,60000000	0,83708605
861,80000000	0,83743765
862,00000000	0,83772664
862,20000000	0,83763643
862,40000000	0,83459297
862,60000000	0,83633252
862,80000000	0,83654273
863,00000000	0,83691103
863,20000000	0,83415760
863,40000000	0,83538783
863,60000000	0,83616439
863,80000000	0,83518915
864,00000000	0,83404686
864,20000000	0,83436276
864,40000000	0,83636411
864,60000000	0,83570556
864,80000000	0,83511232
865,00000000	0,83210768
865,20000000	0,83184844
865,40000000	0,83498165
865,60000000	0,83274023
865,80000000	0,83008708
866,00000000	0,83031370
866,20000000	0,83479433
866,40000000	0,83408589
866,60000000	0,83207595
866,80000000	0,83030442
867,00000000	0,83156577
867,20000000	0,83294387
867,40000000	0,83297867
867,60000000	0,83002944
867,80000000	0,83149545
868,00000000	0,83270120
868,20000000	0,83486717
868,40000000	0,83216032
868,60000000	0,82986407
868,80000000	0,83245960
869,00000000	0,83287966
869,20000000	0,83271902
869,40000000	0,83145834
869,60000000	0,83197092
869,80000000	0,83282296
870,00000000	0,83327568
870,20000000	0,83188073
870,40000000	0,83065385
870,60000000	0,83035775
870,80000000	0,83249856
871,00000000	0,83341445
871,20000000	0,83249719
871,40000000	0,83108742
871,60000000	0,82936584
871,80000000	0,83207198
872,00000000	0,83198948
872,20000000	0,83028965
872,40000000	0,83059049
872,60000000	0,83209674
872,80000000	0,83449467
873,00000000	0,83212023
873,20000000	0,83013044
873,40000000	0,83310052
873,60000000	0,83163132
873,80000000	0,83256185
874,00000000	0,83212887
874,20000000	0,83272252
874,40000000	0,83112342
874,60000000	0,83374544
874,80000000	0,83420430
875,00000000	0,83136605
875,20000000	0,83241591
875,40000000	0,83460368
875,60000000	0,83451795
875,80000000	0,83213783
876,00000000	0,83279148
876,20000000	0,83476755
876,40000000	0,83410893
876,60000000	0,83385864
876,80000000	0,83352349
877,00000000	0,83214721
877,20000000	0,83277315
877,40000000	0,83511170
877,60000000	0,83403610
877,80000000	0,83160185
878,00000000	0,83279587
878,20000000	0,83441822
878,40000000	0,83392702
878,60000000	0,83327504
878,80000000	0,83277837
879,00000000	0,83135749
879,20000000	0,83430795
879,40000000	0,83361227
879,60000000	0,83242520
879,80000000	0,83224400
880,00000000	0,83347643
880,20000000	0,83414029
880,40000000	0,83295824
880,60000000	0,83170030
880,80000000	0,83508085
881,00000000	0,83462020
881,20000000	0,83321634
881,40000000	0,83217449
881,60000000	0,83256332
881,80000000	0,83517613
882,00000000	0,83501049
882,20000000	0,83329982
882,40000000	0,83263938
882,60000000	0,83413361
882,80000000	0,83517331
883,00000000	0,83544389
883,20000000	0,83422713
883,40000000	0,83547006
883,60000000	0,83442476
883,80000000	0,83417744
884,00000000	0,83427884
884,20000000	0,83243365
884,40000000	0,83468549
884,60000000	0,83387946
884,80000000	0,83260568
885,00000000	0,83368320
885,20000000	0,83109165
885,40000000	0,83320122
885,60000000	0,83311191
885,80000000	0,83203871
886,00000000	0,83146456
886,20000000	0,83172954
886,40000000	0,83244651
886,60000000	0,83226382
886,80000000	0,83145317
887,00000000	0,83216698
887,20000000	0,83190655
887,40000000	0,83161157
887,60000000	0,83298515
887,80000000	0,83100374
888,00000000	0,82946583
888,20000000	0,83365353
888,40000000	0,83228391
888,60000000	0,83226689
888,80000000	0,83158059
889,00000000	0,83232305
889,20000000	0,83355016
889,40000000	0,83310448
889,60000000	0,83343125
889,80000000	0,83325443
890,00000000	0,83372990
890,20000000	0,83455372
890,40000000	0,83415425
890,60000000	0,83339514
890,80000000	0,83388513
891,00000000	0,83542671
891,20000000	0,83433932
891,40000000	0,83628592
891,60000000	0,83516879
891,80000000	0,83534853
892,00000000	0,83624583
892,20000000	0,83652903
892,40000000	0,83609214
892,60000000	0,83578670
892,80000000	0,83626288
893,00000000	0,83761024
893,20000000	0,83612785
893,40000000	0,83679115
893,60000000	0,83759490
893,80000000	0,83753701
894,00000000	0,83852329
894,20000000	0,83768947
894,40000000	0,83662754
894,60000000	0,83876806
894,80000000	0,83961606
895,00000000	0,83945989
895,20000000	0,83952856
895,40000000	0,83941115
895,60000000	0,84024195
895,80000000	0,84173995
896,00000000	0,84318937
896,20000000	0,84128922
896,40000000	0,84312656
896,60000000	0,84414976
896,80000000	0,84441337
897,00000000	0,84483109
897,20000000	0,84452443
897,40000000	0,84590469
897,60000000	0,84862641
897,80000000	0,84755446
898,00000000	0,84746515
898,20000000	0,84792699
898,40000000	0,85047758
898,60000000	0,85139179
898,80000000	0,85045079
899,00000000	0,85074408
899,20000000	0,85336337
899,40000000	0,85432208
899,60000000	0,85471783
899,80000000	0,85460707
900,00000000	0,85576645
