150,00000000	0,99544728
150,20000000	0,99431893
150,40000000	0,99523002
150,60000000	0,99446561
150,80000000	0,99423607
151,00000000	0,99420891
151,20000000	0,99442895
151,40000000	0,99459042
151,60000000	0,99544310
151,80000000	0,99465836
152,00000000	0,99242313
152,20000000	0,99407517
152,40000000	0,99613606
152,60000000	0,99401753
152,80000000	0,99573617
153,00000000	0,99486039
153,20000000	0,99377727
153,40000000	0,99262244
153,60000000	0,99286895
153,80000000	0,99627384
154,00000000	0,99444304
154,20000000	0,99313492
154,40000000	0,99549270
154,60000000	0,99519015
154,80000000	0,99368580
155,00000000	0,99407816
155,20000000	0,99229824
155,40000000	0,99505232
155,60000000	0,99546783
155,80000000	0,99367206
156,00000000	0,99287422
156,20000000	0,99431376
156,40000000	0,99414149
156,60000000	0,99473974
156,80000000	0,99409806
157,00000000	0,99376365
157,20000000	0,99485330
157,40000000	0,99363869
157,60000000	0,99442125
157,80000000	0,99615793
158,00000000	0,99443418
158,20000000	0,99334006
158,40000000	0,99542883
158,60000000	0,99585103
158,80000000	0,99542525
159,00000000	0,99622304
159,20000000	0,99453174
159,40000000	0,99549536
159,60000000	0,99606376
159,80000000	0,99569673
160,00000000	0,99550775
160,20000000	0,99483479
160,40000000	0,99558740
160,60000000	0,99536644
160,80000000	0,99651943
161,00000000	0,99777758
161,20000000	0,99535505
161,40000000	0,99289164
161,60000000	0,99684480
161,80000000	0,99597888
162,00000000	0,99567326
162,20000000	0,99637281
162,40000000	0,99580585
162,60000000	0,99775647
162,80000000	0,99718300
163,00000000	0,99605590
163,20000000	0,99744953
163,40000000	0,99660402
163,60000000	0,99718404
163,80000000	0,99767891
164,00000000	0,99808931
164,20000000	0,99804888
164,40000000	0,99780085
164,60000000	0,99783576
164,80000000	0,99765450
165,00000000	0,99786577
165,20000000	0,99789530
165,40000000	0,99844513
165,60000000	0,99684362
165,80000000	0,99822215
166,00000000	0,99902637
166,20000000	0,99939915
166,40000000	0,99862185
166,60000000	0,99824173
166,80000000	0,99810585
167,00000000	0,99894876
167,20000000	0,99907738
167,40000000	0,99924432
167,60000000	0,99885678
167,80000000	0,99867123
168,00000000	0,99898457
168,20000000	0,99924263
168,40000000	0,99974149
168,60000000	0,99899641
168,80000000	0,99913705
169,00000000	0,99937165
169,20000000	0,99955888
169,40000000	0,99972336
169,60000000	0,99939958
169,80000000	0,99958742
170,00000000	0,99948815
170,20000000	0,99987367
170,40000000	0,99988029
170,60000000	0,99992471
170,80000000	0,99978791
171,00000000	0,99984002
171,20000000	0,99978995
171,40000000	0,99981990
171,60000000	0,99966498
171,80000000	0,99985061
172,00000000	0,99998090
172,20000000	0,99997594
172,40000000	0,99999472
172,60000000	0,99997526
172,80000000	0,99996919
173,00000000	0,99990990
173,20000000	0,99995340
173,40000000	0,99984956
173,60000000	0,99978252
173,80000000	0,99986014
174,00000000	0,99980265
174,20000000	0,99992270
174,40000000	0,99996898
174,60000000	0,99981820
174,80000000	0,99992981
175,00000000	0,99991111
175,20000000	0,99975635
175,40000000	0,99978966
175,60000000	0,99959781
175,80000000	0,99984052
176,00000000	0,99957878
176,20000000	0,99955824
176,40000000	0,99976079
176,60000000	0,99976608
176,80000000	0,99980273
177,00000000	0,99940043
177,20000000	0,99940613
177,40000000	0,99913424
177,60000000	0,99941315
177,80000000	0,99943824
178,00000000	0,99953991
178,20000000	0,99913179
178,40000000	0,99941631
178,60000000	0,99892134
178,80000000	0,99881645
179,00000000	0,99906969
179,20000000	0,99938657
179,40000000	0,99914013
179,60000000	0,99914687
179,80000000	0,99905668
180,00000000	0,99906910
180,20000000	0,99887397
180,40000000	0,99856456
180,60000000	0,99936455
180,80000000	0,99915324
181,00000000	0,99808338
181,20000000	0,99873556
181,40000000	0,99869851
181,60000000	0,99863455
181,80000000	0,99814602
182,00000000	0,99846351
182,20000000	0,99837030
182,40000000	0,99850938
182,60000000	0,99830550
182,80000000	0,99824475
183,00000000	0,99839328
183,20000000	0,99857285
183,40000000	0,99789520
183,60000000	0,99796388
183,80000000	0,99844314
184,00000000	0,99812184
184,20000000	0,99850671
184,40000000	0,99867429
184,60000000	0,99836915
184,80000000	0,99792149
185,00000000	0,99802686
185,20000000	0,99806637
185,40000000	0,99749559
185,60000000	0,99807325
185,80000000	0,99875481
186,00000000	0,99809915
186,20000000	0,99788357
186,40000000	0,99757575
186,60000000	0,99769290
186,80000000	0,99845454
187,00000000	0,99876167
187,20000000	0,99818106
187,40000000	0,99787752
187,60000000	0,99776723
187,80000000	0,99765251
188,00000000	0,99801316
188,20000000	0,99776553
188,40000000	0,99821274
188,60000000	0,99769722
188,80000000	0,99737775
189,00000000	0,99837972
189,20000000	0,99872367
189,40000000	0,99854076
189,60000000	0,99799121
189,80000000	0,99821209
190,00000000	0,99813084
190,20000000	0,99791375
190,40000000	0,99824596
190,60000000	0,99816154
190,80000000	0,99833495
191,00000000	0,99875328
191,20000000	0,99837527
191,40000000	0,99812715
191,60000000	0,99870626
191,80000000	0,99862131
192,00000000	0,99852055
192,20000000	0,99848131
192,40000000	0,99844362
192,60000000	0,99864041
192,80000000	0,99880872
193,00000000	0,99835029
193,20000000	0,99882172
193,40000000	0,99866939
193,60000000	0,99845157
193,80000000	0,99861065
194,00000000	0,99826594
194,20000000	0,99840793
194,40000000	0,99857165
194,60000000	0,99902456
194,80000000	0,99890776
195,00000000	0,99860473
195,20000000	0,99851818
195,40000000	0,99900227
195,60000000	0,99925330
195,80000000	0,99944680
196,00000000	0,99908515
196,20000000	0,99887012
196,40000000	0,99930136
196,60000000	0,99883128
196,80000000	0,99884920
197,00000000	0,99906034
197,20000000	0,99915854
197,40000000	0,99885785
197,60000000	0,99917197
197,80000000	0,99912438
198,00000000	0,99902943
198,20000000	0,99917880
198,40000000	0,99909027
198,60000000	0,99914210
198,80000000	0,99923113
199,00000000	0,99898896
199,20000000	0,99938799
199,40000000	0,99933626
199,60000000	0,99887053
199,80000000	0,99899823
200,00000000	0,99924700
200,20000000	0,99930174
200,40000000	0,99895322
200,60000000	0,99924516
200,80000000	0,99907309
201,00000000	0,99883131
201,20000000	0,99883144
201,40000000	0,99874788
201,60000000	0,99938144
201,80000000	0,99928197
202,00000000	0,99895904
202,20000000	0,99911726
202,40000000	0,99905185
202,60000000	0,99898018
202,80000000	0,99947473
203,00000000	0,99905349
203,20000000	0,99886488
203,40000000	0,99911078
203,60000000	0,99906129
203,80000000	0,99899326
204,00000000	0,99916659
204,20000000	0,99898214
204,40000000	0,99918557
204,60000000	0,99902028
204,80000000	0,99894509
205,00000000	0,99924963
205,20000000	0,99929043
205,40000000	0,99902272
205,60000000	0,99908599
205,80000000	0,99873320
206,00000000	0,99890512
206,20000000	0,99900045
206,40000000	0,99884057
206,60000000	0,99884698
206,80000000	0,99907096
207,00000000	0,99900315
207,20000000	0,99880592
207,40000000	0,99895257
207,60000000	0,99905695
207,80000000	0,99897658
208,00000000	0,99883110
208,20000000	0,99878110
208,40000000	0,99877297
208,60000000	0,99859796
208,80000000	0,99901452
209,00000000	0,99909602
209,20000000	0,99876745
209,40000000	0,99857816
209,60000000	0,99890108
209,80000000	0,99903609
210,00000000	0,99906576
210,20000000	0,99896990
210,40000000	0,99888512
210,60000000	0,99907357
210,80000000	0,99865727
211,00000000	0,99879849
211,20000000	0,99892942
211,40000000	0,99869776
211,60000000	0,99867246
211,80000000	0,99894686
212,00000000	0,99913189
212,20000000	0,99859831
212,40000000	0,99858024
212,60000000	0,99865302
212,80000000	0,99884960
213,00000000	0,99909632
213,20000000	0,99898183
213,40000000	0,99866255
213,60000000	0,99889430
213,80000000	0,99898786
214,00000000	0,99893486
214,20000000	0,99895736
214,40000000	0,99925131
214,60000000	0,99921002
214,80000000	0,99903002
215,00000000	0,99911882
215,20000000	0,99924133
215,40000000	0,99926113
215,60000000	0,99920119
215,80000000	0,99906800
216,00000000	0,99903047
216,20000000	0,99872956
216,40000000	0,99872311
216,60000000	0,99893678
216,80000000	0,99912725
217,00000000	0,99915765
217,20000000	0,99908878
217,40000000	0,99925953
217,60000000	0,99925977
217,80000000	0,99911628
218,00000000	0,99913644
218,20000000	0,99906853
218,40000000	0,99929663
218,60000000	0,99941869
218,80000000	0,99906658
219,00000000	0,99922284
219,20000000	0,99932857
219,40000000	0,99914747
219,60000000	0,99935229
219,80000000	0,99945978
220,00000000	0,99917433
220,20000000	0,99932505
220,40000000	0,99941508
220,60000000	0,99943006
220,80000000	0,99945700
221,00000000	0,99940938
221,20000000	0,99930500
221,40000000	0,99951915
221,60000000	0,99951132
221,80000000	0,99939383
222,00000000	0,99954324
222,20000000	0,99959116
222,40000000	0,99941744
222,60000000	0,99934397
222,80000000	0,99949856
223,00000000	0,99942422
223,20000000	0,99941686
223,40000000	0,99944196
223,60000000	0,99930912
223,80000000	0,99935512
224,00000000	0,99947627
224,20000000	0,99939364
224,40000000	0,99925332
224,60000000	0,99942346
224,80000000	0,99948731
225,00000000	0,99953642
225,20000000	0,99968104
225,40000000	0,99957803
225,60000000	0,99952065
225,80000000	0,99962326
226,00000000	0,99959470
226,20000000	0,99953805
226,40000000	0,99949031
226,60000000	0,99938824
226,80000000	0,99950883
227,00000000	0,99957372
227,20000000	0,99944226
227,40000000	0,99946373
227,60000000	0,99941192
227,80000000	0,99943495
228,00000000	0,99944634
228,20000000	0,99938456
228,40000000	0,99926582
228,60000000	0,99950946
228,80000000	0,99952461
229,00000000	0,99946258
229,20000000	0,99952529
229,40000000	0,99932575
229,60000000	0,99933344
229,80000000	0,99947429
230,00000000	0,99926536
230,20000000	0,99924029
230,40000000	0,99922315
230,60000000	0,99935529
230,80000000	0,99953793
231,00000000	0,99944849
231,20000000	0,99925107
231,40000000	0,99937509
231,60000000	0,99941494
231,80000000	0,99938220
232,00000000	0,99924717
232,20000000	0,99922628
232,40000000	0,99945097
232,60000000	0,99955810
232,80000000	0,99941703
233,00000000	0,99935708
233,20000000	0,99949709
233,40000000	0,99940723
233,60000000	0,99938120
233,80000000	0,99935844
234,00000000	0,99920232
234,20000000	0,99938079
234,40000000	0,99949033
234,60000000	0,99936090
234,80000000	0,99933171
235,00000000	0,99936056
235,20000000	0,99925519
235,40000000	0,99923421
235,60000000	0,99922609
235,80000000	0,99932069
236,00000000	0,99933453
236,20000000	0,99939391
236,40000000	0,99954463
236,60000000	0,99944878
236,80000000	0,99936669
237,00000000	0,99924363
237,20000000	0,99930108
237,40000000	0,99932299
237,60000000	0,99948362
237,80000000	0,99946465
238,00000000	0,99948072
238,20000000	0,99947448
238,40000000	0,99924746
238,60000000	0,99932308
238,80000000	0,99932665
239,00000000	0,99932426
239,20000000	0,99938703
239,40000000	0,99930524
239,60000000	0,99931207
239,80000000	0,99947427
240,00000000	0,99947576
240,20000000	0,99925587
240,40000000	0,99925725
240,60000000	0,99952744
240,80000000	0,99953885
241,00000000	0,99940206
241,20000000	0,99939448
241,40000000	0,99949254
241,60000000	0,99941860
241,80000000	0,99944427
242,00000000	0,99954528
242,20000000	0,99961882
242,40000000	0,99963602
242,60000000	0,99958464
242,80000000	0,99946144
243,00000000	0,99940564
243,20000000	0,99948026
243,40000000	0,99957110
243,60000000	0,99951613
243,80000000	0,99968893
244,00000000	0,99975828
244,20000000	0,99961079
244,40000000	0,99966188
244,60000000	0,99971478
244,80000000	0,99966287
245,00000000	0,99958544
245,20000000	0,99957912
245,40000000	0,99974929
245,60000000	0,99979638
245,80000000	0,99966006
246,00000000	0,99970058
246,20000000	0,99976959
246,40000000	0,99979478
246,60000000	0,99979500
246,80000000	0,99975594
247,00000000	0,99979994
247,20000000	0,99983630
247,40000000	0,99984201
247,60000000	0,99983498
247,80000000	0,99988752
248,00000000	0,99986082
248,20000000	0,99978701
248,40000000	0,99983795
248,60000000	0,99994392
248,80000000	0,99994241
249,00000000	0,99986645
249,20000000	0,99984317
249,40000000	0,99989498
249,60000000	0,99992688
249,80000000	0,99993372
250,00000000	0,99993948
250,20000000	0,99995604
250,40000000	0,99992774
250,60000000	0,99992047
250,80000000	0,99995272
251,00000000	0,99995682
251,20000000	0,99998099
251,40000000	0,99997581
251,60000000	0,99998288
251,80000000	0,99998132
252,00000000	0,99998737
252,20000000	0,99999816
252,40000000	0,99998964
252,60000000	0,99999181
252,80000000	0,99999326
253,00000000	0,99997609
253,20000000	0,99995420
253,40000000	0,99997653
253,60000000	0,99996435
253,80000000	0,99998258
254,00000000	0,99998419
254,20000000	0,99998119
254,40000000	0,99998350
254,60000000	0,99998253
254,80000000	0,99999169
255,00000000	0,99999424
255,20000000	0,99999298
255,40000000	0,99999173
255,60000000	0,99999393
255,80000000	0,99999671
256,00000000	0,99999967
256,20000000	0,99999882
256,40000000	0,99999955
256,60000000	0,99999715
256,80000000	0,99999424
257,00000000	0,99997682
257,20000000	0,99995914
257,40000000	0,99996329
257,60000000	0,99998795
257,80000000	0,99999980
258,00000000	0,99999995
258,20000000	0,99999100
258,40000000	0,99998868
258,60000000	0,99999737
258,80000000	0,99999579
259,00000000	0,99997995
259,20000000	0,99999413
259,40000000	0,99998701
259,60000000	0,99996247
259,80000000	0,99996887
260,00000000	0,99998327
260,20000000	0,99999659
260,40000000	0,99999629
260,60000000	0,99997708
260,80000000	0,99997294
261,00000000	0,99997540
261,20000000	0,99995290
261,40000000	0,99996401
261,60000000	0,99998711
261,80000000	0,99998230
262,00000000	0,99996330
262,20000000	0,99997296
262,40000000	0,99998370
262,60000000	0,99998368
262,80000000	0,99997375
263,00000000	0,99997507
263,20000000	0,99996123
263,40000000	0,99996972
263,60000000	0,99997895
263,80000000	0,99997119
264,00000000	0,99998621
264,20000000	0,99997357
264,40000000	0,99994085
264,60000000	0,99993477
264,80000000	0,99995469
265,00000000	0,99993143
265,20000000	0,99988616
265,40000000	0,99990758
265,60000000	0,99991688
265,80000000	0,99990079
266,00000000	0,99992568
266,20000000	0,99992996
266,40000000	0,99987872
266,60000000	0,99985264
266,80000000	0,99979918
267,00000000	0,99973183
267,20000000	0,99978258
267,40000000	0,99980783
267,60000000	0,99972306
267,80000000	0,99974781
268,00000000	0,99980820
268,20000000	0,99977208
268,40000000	0,99972795
268,60000000	0,99979918
268,80000000	0,99975799
269,00000000	0,99969095
269,20000000	0,99967141
269,40000000	0,99963347
269,60000000	0,99960947
269,80000000	0,99966804
270,00000000	0,99970635
270,20000000	0,99968895
270,40000000	0,99960435
270,60000000	0,99950552
270,80000000	0,99957517
271,00000000	0,99960040
271,20000000	0,99959076
271,40000000	0,99955370
271,60000000	0,99955683
271,80000000	0,99952978
272,00000000	0,99939836
272,20000000	0,99932847
272,40000000	0,99933974
272,60000000	0,99931550
272,80000000	0,99929987
273,00000000	0,99928703
273,20000000	0,99912617
273,40000000	0,99910377
273,60000000	0,99927776
273,80000000	0,99922988
274,00000000	0,99889367
274,20000000	0,99879682
274,40000000	0,99888700
274,60000000	0,99886210
274,80000000	0,99880760
275,00000000	0,99873474
275,20000000	0,99890923
275,40000000	0,99885710
275,60000000	0,99873409
275,80000000	0,99861352
276,00000000	0,99863991
276,20000000	0,99872556
276,40000000	0,99866468
276,60000000	0,99854800
276,80000000	0,99842882
277,00000000	0,99846925
277,20000000	0,99861471
277,40000000	0,99851599
277,60000000	0,99847315
277,80000000	0,99851954
278,00000000	0,99843993
278,20000000	0,99829998
278,40000000	0,99814480
278,60000000	0,99800277
278,80000000	0,99794553
279,00000000	0,99810030
279,20000000	0,99803000
279,40000000	0,99775813
279,60000000	0,99782778
279,80000000	0,99773605
280,00000000	0,99764458
280,20000000	0,99783176
280,40000000	0,99786084
280,60000000	0,99769577
280,80000000	0,99760177
281,00000000	0,99765997
281,20000000	0,99768324
281,40000000	0,99754933
281,60000000	0,99718773
281,80000000	0,99708943
282,00000000	0,99722097
282,20000000	0,99723820
282,40000000	0,99708926
282,60000000	0,99722795
282,80000000	0,99730302
283,00000000	0,99706618
283,20000000	0,99687361
283,40000000	0,99695805
283,60000000	0,99684441
283,80000000	0,99681000
284,00000000	0,99704963
284,20000000	0,99693351
284,40000000	0,99683752
284,60000000	0,99692268
284,80000000	0,99697721
285,00000000	0,99666019
285,20000000	0,99647054
285,40000000	0,99670649
285,60000000	0,99686479
285,80000000	0,99692280
286,00000000	0,99690504
286,20000000	0,99690978
286,40000000	0,99695971
286,60000000	0,99682609
286,80000000	0,99657623
287,00000000	0,99630071
287,20000000	0,99634205
287,40000000	0,99655783
287,60000000	0,99672633
287,80000000	0,99669566
288,00000000	0,99640091
288,20000000	0,99622501
288,40000000	0,99641571
288,60000000	0,99643333
288,80000000	0,99645184
289,00000000	0,99657236
289,20000000	0,99659256
289,40000000	0,99663910
289,60000000	0,99655670
289,80000000	0,99636150
290,00000000	0,99654332
290,20000000	0,99666144
290,40000000	0,99651444
290,60000000	0,99655341
290,80000000	0,99656163
291,00000000	0,99651376
291,20000000	0,99657171
291,40000000	0,99670216
291,60000000	0,99678922
291,80000000	0,99682642
292,00000000	0,99691681
292,20000000	0,99689200
292,40000000	0,99677881
292,60000000	0,99677147
292,80000000	0,99679950
293,00000000	0,99689452
293,20000000	0,99689414
293,40000000	0,99702602
293,60000000	0,99704918
293,80000000	0,99684038
294,00000000	0,99684774
294,20000000	0,99716950
294,40000000	0,99725422
294,60000000	0,99705171
294,80000000	0,99703746
295,00000000	0,99709438
295,20000000	0,99710118
295,40000000	0,99733255
295,60000000	0,99746593
295,80000000	0,99722352
296,00000000	0,99691472
296,20000000	0,99724821
296,40000000	0,99779073
296,60000000	0,99776259
296,80000000	0,99756579
297,00000000	0,99772286
297,20000000	0,99778994
297,40000000	0,99770099
297,60000000	0,99781695
297,80000000	0,99788169
298,00000000	0,99779812
298,20000000	0,99772098
298,40000000	0,99769846
298,60000000	0,99790374
298,80000000	0,99789302
299,00000000	0,99789264
299,20000000	0,99821862
299,40000000	0,99830314
299,60000000	0,99828796
299,80000000	0,99828152
300,00000000	0,99812917
300,20000000	0,99801335
300,40000000	0,99814597
300,60000000	0,99837755
300,80000000	0,99856855
301,00000000	0,99862231
301,20000000	0,99854705
301,40000000	0,99853704
301,60000000	0,99865590
301,80000000	0,99872809
302,00000000	0,99879740
302,20000000	0,99891810
302,40000000	0,99890516
302,60000000	0,99886116
302,80000000	0,99889294
303,00000000	0,99896678
303,20000000	0,99901926
303,40000000	0,99903201
303,60000000	0,99902396
303,80000000	0,99905590
304,00000000	0,99908547
304,20000000	0,99906253
304,40000000	0,99920252
304,60000000	0,99931920
304,80000000	0,99923998
305,00000000	0,99920018
305,20000000	0,99928547
305,40000000	0,99940117
305,60000000	0,99944635
305,80000000	0,99937098
306,00000000	0,99929685
306,20000000	0,99933877
306,40000000	0,99939750
306,60000000	0,99937708
306,80000000	0,99940103
307,00000000	0,99943774
307,20000000	0,99946152
307,40000000	0,99949874
307,60000000	0,99955633
307,80000000	0,99958744
308,00000000	0,99960800
308,20000000	0,99966378
308,40000000	0,99967763
308,60000000	0,99960240
308,80000000	0,99957903
309,00000000	0,99966580
309,20000000	0,99969058
309,40000000	0,99968316
309,60000000	0,99964994
309,80000000	0,99959176
310,00000000	0,99962022
310,20000000	0,99969431
310,40000000	0,99975562
310,60000000	0,99971051
310,80000000	0,99964464
311,00000000	0,99965233
311,20000000	0,99965802
311,40000000	0,99962825
311,60000000	0,99960139
311,80000000	0,99967091
312,00000000	0,99971433
312,20000000	0,99962410
312,40000000	0,99951919
312,60000000	0,99953262
312,80000000	0,99958324
313,00000000	0,99960033
313,20000000	0,99958141
313,40000000	0,99960417
313,60000000	0,99965514
313,80000000	0,99966148
314,00000000	0,99968700
314,20000000	0,99966651
314,40000000	0,99955334
314,60000000	0,99948153
314,80000000	0,99951070
315,00000000	0,99953473
315,20000000	0,99954523
315,40000000	0,99954863
315,60000000	0,99957520
315,80000000	0,99955987
316,00000000	0,99949502
316,20000000	0,99947747
316,40000000	0,99944739
316,60000000	0,99949143
316,80000000	0,99951233
317,00000000	0,99939703
317,20000000	0,99936043
317,40000000	0,99942491
317,60000000	0,99943509
317,80000000	0,99941359
318,00000000	0,99932889
318,20000000	0,99931922
318,40000000	0,99934573
318,60000000	0,99935227
318,80000000	0,99941238
319,00000000	0,99941805
319,20000000	0,99936147
319,40000000	0,99931553
319,60000000	0,99939583
319,80000000	0,99948993
320,00000000	0,99943520
320,20000000	0,99931259
320,40000000	0,99925515
320,60000000	0,99922236
320,80000000	0,99923987
321,00000000	0,99934897
321,20000000	0,99936140
321,40000000	0,99938710
321,60000000	0,99940229
321,80000000	0,99935477
322,00000000	0,99933526
322,20000000	0,99931006
322,40000000	0,99929855
322,60000000	0,99923815
322,80000000	0,99914789
323,00000000	0,99919188
323,20000000	0,99927919
323,40000000	0,99926599
323,60000000	0,99926555
323,80000000	0,99933918
324,00000000	0,99940155
324,20000000	0,99940537
324,40000000	0,99939061
324,60000000	0,99934080
324,80000000	0,99932022
325,00000000	0,99938697
325,20000000	0,99940640
325,40000000	0,99935498
325,60000000	0,99933118
325,80000000	0,99935133
326,00000000	0,99946276
326,20000000	0,99949016
326,40000000	0,99941924
326,60000000	0,99940302
326,80000000	0,99939790
327,00000000	0,99937447
327,20000000	0,99935153
327,40000000	0,99939199
327,60000000	0,99945368
327,80000000	0,99951112
328,00000000	0,99957124
328,20000000	0,99955743
328,40000000	0,99956225
328,60000000	0,99959363
328,80000000	0,99957458
329,00000000	0,99955873
329,20000000	0,99956892
329,40000000	0,99959909
329,60000000	0,99959651
329,80000000	0,99958824
330,00000000	0,99960892
330,20000000	0,99962078
330,40000000	0,99962748
330,60000000	0,99960562
330,80000000	0,99963249
331,00000000	0,99967853
331,20000000	0,99969445
331,40000000	0,99973929
331,60000000	0,99978851
331,80000000	0,99979032
332,00000000	0,99978386
332,20000000	0,99975161
332,40000000	0,99969824
332,60000000	0,99967303
332,80000000	0,99968525
333,00000000	0,99970692
333,20000000	0,99972818
333,40000000	0,99977408
333,60000000	0,99982964
333,80000000	0,99985352
334,00000000	0,99982760
334,20000000	0,99981091
334,40000000	0,99983401
334,60000000	0,99986913
334,80000000	0,99985782
335,00000000	0,99985009
335,20000000	0,99988496
335,40000000	0,99989593
335,60000000	0,99988258
335,80000000	0,99986718
336,00000000	0,99986611
336,20000000	0,99989682
336,40000000	0,99991123
336,60000000	0,99991435
336,80000000	0,99992139
337,00000000	0,99992892
337,20000000	0,99993366
337,40000000	0,99993566
337,60000000	0,99992871
337,80000000	0,99992383
338,00000000	0,99995039
338,20000000	0,99994802
338,40000000	0,99993447
338,60000000	0,99994535
338,80000000	0,99994320
339,00000000	0,99994531
339,20000000	0,99994848
339,40000000	0,99995290
339,60000000	0,99996186
339,80000000	0,99996195
340,00000000	0,99997723
340,20000000	0,99998220
340,40000000	0,99997197
340,60000000	0,99996895
340,80000000	0,99996534
341,00000000	0,99997216
341,20000000	0,99997582
341,40000000	0,99997097
341,60000000	0,99996775
341,80000000	0,99996801
342,00000000	0,99997062
342,20000000	0,99997488
342,40000000	0,99997985
342,60000000	0,99998467
342,80000000	0,99997799
343,00000000	0,99996974
343,20000000	0,99997451
343,40000000	0,99997103
343,60000000	0,99996530
343,80000000	0,99997499
344,00000000	0,99998039
344,20000000	0,99997548
344,40000000	0,99996608
344,60000000	0,99995580
344,80000000	0,99994465
345,00000000	0,99993526
345,20000000	0,99993437
345,40000000	0,99993265
345,60000000	0,99995693
345,80000000	0,99997080
346,00000000	0,99995210
346,20000000	0,99993168
346,40000000	0,99993572
346,60000000	0,99994306
346,80000000	0,99995587
347,00000000	0,99996357
347,20000000	0,99995811
347,40000000	0,99993891
347,60000000	0,99990461
347,80000000	0,99988155
348,00000000	0,99990000
348,20000000	0,99991310
348,40000000	0,99988838
348,60000000	0,99985249
348,80000000	0,99985520
349,00000000	0,99986195
349,20000000	0,99984829
349,40000000	0,99983959
349,60000000	0,99983947
349,80000000	0,99983888
350,00000000	0,99983766
350,20000000	0,99982803
350,40000000	0,99980486
350,60000000	0,99976500
350,80000000	0,99976220
351,00000000	0,99977687
351,20000000	0,99977973
351,40000000	0,99976889
351,60000000	0,99972820
351,80000000	0,99971312
352,00000000	0,99971298
352,20000000	0,99967856
352,40000000	0,99968425
352,60000000	0,99971655
352,80000000	0,99968887
353,00000000	0,99965897
353,20000000	0,99964361
353,40000000	0,99962629
353,60000000	0,99962916
353,80000000	0,99962745
354,00000000	0,99959711
354,20000000	0,99954827
354,40000000	0,99951273
354,60000000	0,99946405
354,80000000	0,99938884
355,00000000	0,99938455
355,20000000	0,99940423
355,40000000	0,99938869
355,60000000	0,99941591
355,80000000	0,99943726
356,00000000	0,99941285
356,20000000	0,99938289
356,40000000	0,99936949
356,60000000	0,99930885
356,80000000	0,99919428
357,00000000	0,99913243
357,20000000	0,99910997
357,40000000	0,99913450
357,60000000	0,99919436
357,80000000	0,99914791
358,00000000	0,99905785
358,20000000	0,99905514
358,40000000	0,99910242
358,60000000	0,99912691
358,80000000	0,99905084
359,00000000	0,99894766
359,20000000	0,99891895
359,40000000	0,99897395
359,60000000	0,99903809
359,80000000	0,99900993
360,00000000	0,99895706
360,20000000	0,99900510
360,40000000	0,99904341
360,60000000	0,99896645
360,80000000	0,99888608
361,00000000	0,99888726
361,20000000	0,99888649
361,40000000	0,99883331
361,60000000	0,99873432
361,80000000	0,99863231
362,00000000	0,99861593
362,20000000	0,99869559
362,40000000	0,99878667
362,60000000	0,99881767
362,80000000	0,99878206
363,00000000	0,99870437
363,20000000	0,99863539
363,40000000	0,99860793
363,60000000	0,99858585
363,80000000	0,99866262
364,00000000	0,99872045
364,20000000	0,99862612
364,40000000	0,99862079
364,60000000	0,99868816
364,80000000	0,99863888
365,00000000	0,99858208
365,20000000	0,99863331
365,40000000	0,99865421
365,60000000	0,99858218
365,80000000	0,99857925
366,00000000	0,99867502
366,20000000	0,99870644
366,40000000	0,99863322
366,60000000	0,99856818
366,80000000	0,99856983
367,00000000	0,99856088
367,20000000	0,99852406
367,40000000	0,99855579
367,60000000	0,99861945
367,80000000	0,99854718
368,00000000	0,99851179
368,20000000	0,99865114
368,40000000	0,99870882
368,60000000	0,99872939
368,80000000	0,99874061
369,00000000	0,99868829
369,20000000	0,99872442
369,40000000	0,99876551
369,60000000	0,99870932
369,80000000	0,99865154
370,00000000	0,99865823
370,20000000	0,99878400
370,40000000	0,99887474
370,60000000	0,99885170
370,80000000	0,99882920
371,00000000	0,99883530
371,20000000	0,99883809
371,40000000	0,99881369
371,60000000	0,99885276
371,80000000	0,99892532
372,00000000	0,99896196
372,20000000	0,99900286
372,40000000	0,99901137
372,60000000	0,99903320
372,80000000	0,99909416
373,00000000	0,99912204
373,20000000	0,99917751
373,40000000	0,99924199
373,60000000	0,99919546
373,80000000	0,99913543
374,00000000	0,99920467
374,20000000	0,99930578
374,40000000	0,99931525
374,60000000	0,99926423
374,80000000	0,99927713
375,00000000	0,99931396
375,20000000	0,99930418
375,40000000	0,99936482
375,60000000	0,99947735
375,80000000	0,99947542
376,00000000	0,99940483
376,20000000	0,99941601
376,40000000	0,99948019
376,60000000	0,99949863
376,80000000	0,99950548
377,00000000	0,99954200
377,20000000	0,99955612
377,40000000	0,99962602
377,60000000	0,99973776
377,80000000	0,99975902
378,00000000	0,99973888
378,20000000	0,99975122
378,40000000	0,99978687
378,60000000	0,99981608
378,80000000	0,99980272
379,00000000	0,99981242
379,20000000	0,99984540
379,40000000	0,99986256
379,60000000	0,99987299
379,80000000	0,99987729
380,00000000	0,99989809
380,20000000	0,99992093
380,40000000	0,99992228
380,60000000	0,99991577
380,80000000	0,99994187
381,00000000	0,99997275
381,20000000	0,99998302
381,40000000	0,99998278
381,60000000	0,99998708
381,80000000	0,99999374
382,00000000	0,99999339
382,20000000	0,99999061
382,40000000	0,99998749
382,60000000	0,99998131
382,80000000	0,99996492
383,00000000	0,99995621
383,20000000	0,99996198
383,40000000	0,99995904
383,60000000	0,99995441
383,80000000	0,99993662
384,00000000	0,99989707
384,20000000	0,99986891
384,40000000	0,99985783
384,60000000	0,99985958
384,80000000	0,99983645
385,00000000	0,99977238
385,20000000	0,99972892
385,40000000	0,99971115
385,60000000	0,99972511
385,80000000	0,99971729
386,00000000	0,99969553
386,20000000	0,99969957
386,40000000	0,99967988
386,60000000	0,99961990
386,80000000	0,99952293
387,00000000	0,99947531
387,20000000	0,99951543
387,40000000	0,99950189
387,60000000	0,99941328
387,80000000	0,99937655
388,00000000	0,99937294
388,20000000	0,99932972
388,40000000	0,99927635
388,60000000	0,99924786
388,80000000	0,99917882
389,00000000	0,99907978
389,20000000	0,99904909
389,40000000	0,99898925
389,60000000	0,99894171
389,80000000	0,99896104
390,00000000	0,99892004
390,20000000	0,99883063
390,40000000	0,99875105
390,60000000	0,99873585
390,80000000	0,99869285
391,00000000	0,99860428
391,20000000	0,99857075
391,40000000	0,99857639
391,60000000	0,99858365
391,80000000	0,99856303
392,00000000	0,99847410
392,20000000	0,99830480
392,40000000	0,99811681
392,60000000	0,99808360
392,80000000	0,99814556
393,00000000	0,99805351
393,20000000	0,99796946
393,40000000	0,99800148
393,60000000	0,99791773
393,80000000	0,99781181
394,00000000	0,99779620
394,20000000	0,99773265
394,40000000	0,99768770
394,60000000	0,99776083
394,80000000	0,99763760
395,00000000	0,99742553
395,20000000	0,99743939
395,40000000	0,99752739
395,60000000	0,99751606
395,80000000	0,99744059
396,00000000	0,99744353
396,20000000	0,99745231
396,40000000	0,99730555
396,60000000	0,99714731
396,80000000	0,99716690
397,00000000	0,99718290
397,20000000	0,99714081
397,40000000	0,99715730
397,60000000	0,99712792
397,80000000	0,99696771
398,00000000	0,99685531
398,20000000	0,99684459
398,40000000	0,99679189
398,60000000	0,99676898
398,80000000	0,99679034
399,00000000	0,99677940
399,20000000	0,99676473
399,40000000	0,99674665
399,60000000	0,99672560
399,80000000	0,99674539
400,00000000	0,99668415
400,20000000	0,99658506
400,40000000	0,99664516
400,60000000	0,99667476
400,80000000	0,99654636
401,00000000	0,99648005
401,20000000	0,99663004
401,40000000	0,99672540
401,60000000	0,99670975
401,80000000	0,99665787
402,00000000	0,99648249
402,20000000	0,99646121
402,40000000	0,99654110
402,60000000	0,99649797
402,80000000	0,99649097
403,00000000	0,99653665
403,20000000	0,99659243
403,40000000	0,99664319
403,60000000	0,99658153
403,80000000	0,99657419
404,00000000	0,99660391
404,20000000	0,99655269
404,40000000	0,99659514
404,60000000	0,99666774
404,80000000	0,99671884
405,00000000	0,99677439
405,20000000	0,99682376
405,40000000	0,99687620
405,60000000	0,99688673
405,80000000	0,99684871
406,00000000	0,99685842
406,20000000	0,99679957
406,40000000	0,99669470
406,60000000	0,99681543
406,80000000	0,99699501
407,00000000	0,99704819
407,20000000	0,99709238
407,40000000	0,99714734
407,60000000	0,99722814
407,80000000	0,99728261
408,00000000	0,99724155
408,20000000	0,99721416
408,40000000	0,99725440
408,60000000	0,99743541
408,80000000	0,99755240
409,00000000	0,99749466
409,20000000	0,99751768
409,40000000	0,99765658
409,60000000	0,99767827
409,80000000	0,99752452
410,00000000	0,99753240
410,20000000	0,99768350
410,40000000	0,99773441
410,60000000	0,99769587
410,80000000	0,99770528
411,00000000	0,99783009
411,20000000	0,99793383
411,40000000	0,99793521
411,60000000	0,99794864
411,80000000	0,99803573
412,00000000	0,99803769
412,20000000	0,99792946
412,40000000	0,99792724
412,60000000	0,99806928
412,80000000	0,99819773
413,00000000	0,99824850
413,20000000	0,99831558
413,40000000	0,99841234
413,60000000	0,99848759
413,80000000	0,99841941
414,00000000	0,99832959
414,20000000	0,99840997
414,40000000	0,99851423
414,60000000	0,99860099
414,80000000	0,99858807
415,00000000	0,99854962
415,20000000	0,99859292
415,40000000	0,99868624
415,60000000	0,99882912
415,80000000	0,99890482
416,00000000	0,99883439
416,20000000	0,99879196
416,40000000	0,99880948
416,60000000	0,99885329
416,80000000	0,99896127
417,00000000	0,99903008
417,20000000	0,99903126
417,40000000	0,99908993
417,60000000	0,99911194
417,80000000	0,99906732
418,00000000	0,99893921
418,20000000	0,99883792
418,40000000	0,99897303
418,60000000	0,99908678
418,80000000	0,99911880
419,00000000	0,99916083
419,20000000	0,99919138
419,40000000	0,99918865
419,60000000	0,99917781
419,80000000	0,99921742
420,00000000	0,99924620
420,20000000	0,99923600
420,40000000	0,99929882
420,60000000	0,99930392
420,80000000	0,99923629
421,00000000	0,99926743
421,20000000	0,99922304
421,40000000	0,99923663
421,60000000	0,99934217
421,80000000	0,99933869
422,00000000	0,99930572
422,20000000	0,99926510
422,40000000	0,99930574
422,60000000	0,99933370
422,80000000	0,99932022
423,00000000	0,99940156
423,20000000	0,99944841
423,40000000	0,99942734
423,60000000	0,99941842
423,80000000	0,99940454
424,00000000	0,99937889
424,20000000	0,99936723
424,40000000	0,99938763
424,60000000	0,99940968
424,80000000	0,99942343
425,00000000	0,99945233
425,20000000	0,99946510
425,40000000	0,99944949
425,60000000	0,99949544
425,80000000	0,99950207
426,00000000	0,99947389
426,20000000	0,99944444
426,40000000	0,99940458
426,60000000	0,99940362
426,80000000	0,99942066
427,00000000	0,99940997
427,20000000	0,99938618
427,40000000	0,99936816
427,60000000	0,99937767
427,80000000	0,99943910
428,00000000	0,99944957
428,20000000	0,99943483
428,40000000	0,99950015
428,60000000	0,99952452
428,80000000	0,99943608
429,00000000	0,99942614
429,20000000	0,99947468
429,40000000	0,99947411
429,60000000	0,99941922
429,80000000	0,99943296
430,00000000	0,99948908
430,20000000	0,99950023
430,40000000	0,99946425
430,60000000	0,99944624
430,80000000	0,99946770
431,00000000	0,99948998
431,20000000	0,99949561
431,40000000	0,99948251
431,60000000	0,99948479
431,80000000	0,99947130
432,00000000	0,99946992
432,20000000	0,99949716
432,40000000	0,99950556
432,60000000	0,99950681
432,80000000	0,99950226
433,00000000	0,99946321
433,20000000	0,99944847
433,40000000	0,99945254
433,60000000	0,99945821
433,80000000	0,99947952
434,00000000	0,99948759
434,20000000	0,99955734
434,40000000	0,99959016
434,60000000	0,99950426
434,80000000	0,99949155
435,00000000	0,99954312
435,20000000	0,99950750
435,40000000	0,99947060
435,60000000	0,99951815
435,80000000	0,99956095
436,00000000	0,99956711
436,20000000	0,99957111
436,40000000	0,99957772
436,60000000	0,99959022
436,80000000	0,99957524
437,00000000	0,99956341
437,20000000	0,99958111
437,40000000	0,99957385
437,60000000	0,99956159
437,80000000	0,99954950
438,00000000	0,99955815
438,20000000	0,99954173
438,40000000	0,99950570
438,60000000	0,99953329
438,80000000	0,99956740
439,00000000	0,99955316
439,20000000	0,99952546
439,40000000	0,99951205
439,60000000	0,99952637
439,80000000	0,99954586
440,00000000	0,99954739
440,20000000	0,99954975
440,40000000	0,99952200
440,60000000	0,99947938
440,80000000	0,99945845
441,00000000	0,99942201
441,20000000	0,99939577
441,40000000	0,99942433
441,60000000	0,99942583
441,80000000	0,99942727
442,00000000	0,99941632
442,20000000	0,99935055
442,40000000	0,99939542
442,60000000	0,99941866
442,80000000	0,99936784
443,00000000	0,99936562
443,20000000	0,99935711
443,40000000	0,99928244
443,60000000	0,99921511
443,80000000	0,99918809
444,00000000	0,99917409
444,20000000	0,99917976
444,40000000	0,99920257
444,60000000	0,99916841
444,80000000	0,99909346
445,00000000	0,99907579
445,20000000	0,99908020
445,40000000	0,99899425
445,60000000	0,99881881
445,80000000	0,99881870
446,00000000	0,99888564
446,20000000	0,99890237
446,40000000	0,99885566
446,60000000	0,99880182
446,80000000	0,99878867
447,00000000	0,99872474
447,20000000	0,99861667
447,40000000	0,99853620
447,60000000	0,99847036
447,80000000	0,99856371
448,00000000	0,99870022
448,20000000	0,99860909
448,40000000	0,99846748
448,60000000	0,99842992
448,80000000	0,99839644
449,00000000	0,99832987
449,20000000	0,99828746
449,40000000	0,99822516
449,60000000	0,99819857
449,80000000	0,99816102
450,00000000	0,99811796
450,20000000	0,99804112
450,40000000	0,99801308
450,60000000	0,99800803
450,80000000	0,99799870
451,00000000	0,99794233
451,20000000	0,99784142
451,40000000	0,99781270
451,60000000	0,99780552
451,80000000	0,99769794
452,00000000	0,99763140
452,20000000	0,99766685
452,40000000	0,99761484
452,60000000	0,99752110
452,80000000	0,99745571
453,00000000	0,99738038
453,20000000	0,99739497
453,40000000	0,99740665
453,60000000	0,99723881
453,80000000	0,99712613
454,00000000	0,99730127
454,20000000	0,99736298
454,40000000	0,99716416
454,60000000	0,99705213
454,80000000	0,99703508
455,00000000	0,99700393
455,20000000	0,99702640
455,40000000	0,99705989
455,60000000	0,99699649
455,80000000	0,99694201
456,00000000	0,99697150
456,20000000	0,99683250
456,40000000	0,99675602
456,60000000	0,99671106
456,80000000	0,99664590
457,00000000	0,99684681
457,20000000	0,99684722
457,40000000	0,99674934
457,60000000	0,99658305
457,80000000	0,99649833
458,00000000	0,99654306
458,20000000	0,99655917
458,40000000	0,99666188
458,60000000	0,99672069
458,80000000	0,99662899
459,00000000	0,99658661
459,20000000	0,99650193
459,40000000	0,99627298
459,60000000	0,99623772
459,80000000	0,99640830
460,00000000	0,99651779
460,20000000	0,99653592
460,40000000	0,99648173
460,60000000	0,99642496
460,80000000	0,99643529
461,00000000	0,99650475
461,20000000	0,99654015
461,40000000	0,99654622
461,60000000	0,99646261
461,80000000	0,99640133
462,00000000	0,99653291
462,20000000	0,99666421
462,40000000	0,99660870
462,60000000	0,99653301
462,80000000	0,99648652
463,00000000	0,99640267
463,20000000	0,99652610
463,40000000	0,99664124
463,60000000	0,99662282
463,80000000	0,99660481
464,00000000	0,99653767
464,20000000	0,99655601
464,40000000	0,99665128
464,60000000	0,99677068
464,80000000	0,99680611
465,00000000	0,99682597
465,20000000	0,99686413
465,40000000	0,99694370
465,60000000	0,99697511
465,80000000	0,99696239
466,00000000	0,99701368
466,20000000	0,99710270
466,40000000	0,99713662
466,60000000	0,99709317
466,80000000	0,99711728
467,00000000	0,99716419
467,20000000	0,99720730
467,40000000	0,99727917
467,60000000	0,99725540
467,80000000	0,99734255
468,00000000	0,99748146
468,20000000	0,99750186
468,40000000	0,99756874
468,60000000	0,99763801
468,80000000	0,99765675
469,00000000	0,99758889
469,20000000	0,99756349
469,40000000	0,99769944
469,60000000	0,99783198
469,80000000	0,99785076
470,00000000	0,99790564
470,20000000	0,99796937
470,40000000	0,99801055
470,60000000	0,99806263
470,80000000	0,99810663
471,00000000	0,99815544
471,20000000	0,99820997
471,40000000	0,99832714
471,60000000	0,99833234
471,80000000	0,99823493
472,00000000	0,99832449
472,20000000	0,99850380
472,40000000	0,99864992
472,60000000	0,99863160
472,80000000	0,99852867
473,00000000	0,99858161
473,20000000	0,99870270
473,40000000	0,99881623
473,60000000	0,99884265
473,80000000	0,99880708
474,00000000	0,99882938
474,20000000	0,99894068
474,40000000	0,99904681
474,60000000	0,99905870
474,80000000	0,99908565
475,00000000	0,99910195
475,20000000	0,99914715
475,40000000	0,99919030
475,60000000	0,99923683
475,80000000	0,99919963
476,00000000	0,99921222
476,20000000	0,99930109
476,40000000	0,99935796
476,60000000	0,99942424
476,80000000	0,99943731
477,00000000	0,99945634
477,20000000	0,99943276
477,40000000	0,99935620
477,60000000	0,99945159
477,80000000	0,99956283
478,00000000	0,99956997
478,20000000	0,99957153
478,40000000	0,99959046
478,60000000	0,99959808
478,80000000	0,99964973
479,00000000	0,99967820
479,20000000	0,99968191
479,40000000	0,99970248
479,60000000	0,99971288
479,80000000	0,99971402
480,00000000	0,99969692
480,20000000	0,99967437
480,40000000	0,99968510
480,60000000	0,99971850
480,80000000	0,99976009
481,00000000	0,99976014
481,20000000	0,99972881
481,40000000	0,99974030
481,60000000	0,99977025
481,80000000	0,99975558
482,00000000	0,99975917
482,20000000	0,99975378
482,40000000	0,99972542
482,60000000	0,99971042
482,80000000	0,99969957
483,00000000	0,99970050
483,20000000	0,99970874
483,40000000	0,99969618
483,60000000	0,99970479
483,80000000	0,99967366
484,00000000	0,99964150
484,20000000	0,99961583
484,40000000	0,99961327
484,60000000	0,99962791
484,80000000	0,99959549
485,00000000	0,99955657
485,20000000	0,99952841
485,40000000	0,99947636
485,60000000	0,99944856
485,80000000	0,99947981
486,00000000	0,99949840
486,20000000	0,99948640
486,40000000	0,99943744
486,60000000	0,99940226
486,80000000	0,99934550
487,00000000	0,99935767
487,20000000	0,99934796
487,40000000	0,99927328
487,60000000	0,99921942
487,80000000	0,99920766
488,00000000	0,99921383
488,20000000	0,99923930
488,40000000	0,99922809
488,60000000	0,99911538
488,80000000	0,99899852
489,00000000	0,99901095
489,20000000	0,99905976
489,40000000	0,99902070
489,60000000	0,99895543
489,80000000	0,99893435
490,00000000	0,99893108
490,20000000	0,99894523
490,40000000	0,99890838
490,60000000	0,99887568
490,80000000	0,99890451
491,00000000	0,99887268
491,20000000	0,99879877
491,40000000	0,99881544
491,60000000	0,99882760
491,80000000	0,99879793
492,00000000	0,99868806
492,20000000	0,99863455
492,40000000	0,99867401
492,60000000	0,99868763
492,80000000	0,99868406
493,00000000	0,99864511
493,20000000	0,99853101
493,40000000	0,99858611
493,60000000	0,99866478
493,80000000	0,99856385
494,00000000	0,99852338
494,20000000	0,99847073
494,40000000	0,99839524
494,60000000	0,99841035
494,80000000	0,99841993
495,00000000	0,99832717
495,20000000	0,99825838
495,40000000	0,99832456
495,60000000	0,99845345
495,80000000	0,99845691
496,00000000	0,99843100
496,20000000	0,99844778
496,40000000	0,99843411
496,60000000	0,99843010
496,80000000	0,99838044
497,00000000	0,99836180
497,20000000	0,99839392
497,40000000	0,99836777
497,60000000	0,99834356
497,80000000	0,99832024
498,00000000	0,99835713
498,20000000	0,99836039
498,40000000	0,99834776
498,60000000	0,99829215
498,80000000	0,99839536
499,00000000	0,99843633
499,20000000	0,99834194
499,40000000	0,99835033
499,60000000	0,99847154
499,80000000	0,99842845
500,00000000	0,99836764
500,20000000	0,99845997
500,40000000	0,99847171
500,60000000	0,99847765
500,80000000	0,99848855
501,00000000	0,99847230
501,20000000	0,99847005
501,40000000	0,99850998
501,60000000	0,99854921
501,80000000	0,99860405
502,00000000	0,99859779
502,20000000	0,99852742
502,40000000	0,99847794
502,60000000	0,99852103
502,80000000	0,99857875
503,00000000	0,99851697
503,20000000	0,99856246
503,40000000	0,99865895
503,60000000	0,99862175
503,80000000	0,99869937
504,00000000	0,99870592
504,20000000	0,99864636
504,40000000	0,99868447
504,60000000	0,99870298
504,80000000	0,99876928
505,00000000	0,99874511
505,20000000	0,99876140
505,40000000	0,99884370
505,60000000	0,99887190
505,80000000	0,99886387
506,00000000	0,99884504
506,20000000	0,99885661
506,40000000	0,99886278
506,60000000	0,99894134
506,80000000	0,99901828
507,00000000	0,99898766
507,20000000	0,99898541
507,40000000	0,99908360
507,60000000	0,99911514
507,80000000	0,99912747
508,00000000	0,99912673
508,20000000	0,99911537
508,40000000	0,99914238
508,60000000	0,99916267
508,80000000	0,99920232
509,00000000	0,99922952
509,20000000	0,99926880
509,40000000	0,99922604
509,60000000	0,99922169
509,80000000	0,99925988
510,00000000	0,99931636
510,20000000	0,99930590
510,40000000	0,99927912
510,60000000	0,99930728
510,80000000	0,99938138
511,00000000	0,99942193
511,20000000	0,99940104
511,40000000	0,99940674
511,60000000	0,99946335
511,80000000	0,99946330
512,00000000	0,99940758
512,20000000	0,99941440
512,40000000	0,99949034
512,60000000	0,99950944
512,80000000	0,99954973
513,00000000	0,99956920
513,20000000	0,99954554
513,40000000	0,99957254
513,60000000	0,99961167
513,80000000	0,99963199
514,00000000	0,99959294
514,20000000	0,99963919
514,40000000	0,99968552
514,60000000	0,99967051
514,80000000	0,99968246
515,00000000	0,99967803
515,20000000	0,99967994
515,40000000	0,99976142
515,60000000	0,99978017
515,80000000	0,99977347
516,00000000	0,99976191
516,20000000	0,99975023
516,40000000	0,99977464
516,60000000	0,99978457
516,80000000	0,99975772
517,00000000	0,99976769
517,20000000	0,99978287
517,40000000	0,99980677
517,60000000	0,99984611
517,80000000	0,99986158
518,00000000	0,99986910
518,20000000	0,99988682
518,40000000	0,99987822
518,60000000	0,99990279
518,80000000	0,99992404
519,00000000	0,99989088
519,20000000	0,99990802
519,40000000	0,99991304
519,60000000	0,99990722
519,80000000	0,99992112
520,00000000	0,99993430
520,20000000	0,99994228
520,40000000	0,99993039
520,60000000	0,99993350
520,80000000	0,99993828
521,00000000	0,99993432
521,20000000	0,99993662
521,40000000	0,99992477
521,60000000	0,99990345
521,80000000	0,99994044
522,00000000	0,99995007
522,20000000	0,99992252
522,40000000	0,99992752
522,60000000	0,99995250
522,80000000	0,99995627
523,00000000	0,99995286
523,20000000	0,99995525
523,40000000	0,99995102
523,60000000	0,99996363
523,80000000	0,99996425
524,00000000	0,99994246
524,20000000	0,99995199
524,40000000	0,99996259
524,60000000	0,99995087
524,80000000	0,99995094
525,00000000	0,99995713
525,20000000	0,99995070
525,40000000	0,99994537
525,60000000	0,99992386
525,80000000	0,99990678
526,00000000	0,99992969
526,20000000	0,99991750
526,40000000	0,99989374
526,60000000	0,99990608
526,80000000	0,99990508
527,00000000	0,99990899
527,20000000	0,99992536
527,40000000	0,99990386
527,60000000	0,99991023
527,80000000	0,99991132
528,00000000	0,99988755
528,20000000	0,99988098
528,40000000	0,99989115
528,60000000	0,99986177
528,80000000	0,99983748
529,00000000	0,99985004
529,20000000	0,99985442
529,40000000	0,99984571
529,60000000	0,99984679
529,80000000	0,99985479
530,00000000	0,99984486
530,20000000	0,99980202
530,40000000	0,99978473
530,60000000	0,99977632
530,80000000	0,99978320
531,00000000	0,99981815
531,20000000	0,99981632
531,40000000	0,99980890
531,60000000	0,99978916
531,80000000	0,99978135
532,00000000	0,99979307
532,20000000	0,99977144
532,40000000	0,99975062
532,60000000	0,99971360
532,80000000	0,99972358
533,00000000	0,99971691
533,20000000	0,99967588
533,40000000	0,99967217
533,60000000	0,99968744
533,80000000	0,99968878
534,00000000	0,99961506
534,20000000	0,99961349
534,40000000	0,99960501
534,60000000	0,99959261
534,80000000	0,99958645
535,00000000	0,99959200
535,20000000	0,99962074
535,40000000	0,99962408
535,60000000	0,99955987
535,80000000	0,99953909
536,00000000	0,99954351
536,20000000	0,99953199
536,40000000	0,99954243
536,60000000	0,99950941
536,80000000	0,99951172
537,00000000	0,99952281
537,20000000	0,99951935
537,40000000	0,99945837
537,60000000	0,99943371
537,80000000	0,99944155
538,00000000	0,99948179
538,20000000	0,99948998
538,40000000	0,99946633
538,60000000	0,99940549
538,80000000	0,99935196
539,00000000	0,99935940
539,20000000	0,99937106
539,40000000	0,99935230
539,60000000	0,99935919
539,80000000	0,99935663
540,00000000	0,99931099
540,20000000	0,99933586
540,40000000	0,99938884
540,60000000	0,99936991
540,80000000	0,99936468
541,00000000	0,99933283
541,20000000	0,99928315
541,40000000	0,99930070
541,60000000	0,99928941
541,80000000	0,99929088
542,00000000	0,99926924
542,20000000	0,99926389
542,40000000	0,99928214
542,60000000	0,99927339
542,80000000	0,99927163
543,00000000	0,99924581
543,20000000	0,99919674
543,40000000	0,99925180
543,60000000	0,99929731
543,80000000	0,99923922
544,00000000	0,99922124
544,20000000	0,99924952
544,40000000	0,99927382
544,60000000	0,99925588
544,80000000	0,99918966
545,00000000	0,99919907
545,20000000	0,99924808
545,40000000	0,99929345
545,60000000	0,99928518
545,80000000	0,99926387
546,00000000	0,99924030
546,20000000	0,99919997
546,40000000	0,99923539
546,60000000	0,99925940
546,80000000	0,99919915
547,00000000	0,99922136
547,20000000	0,99926284
547,40000000	0,99926034
547,60000000	0,99926233
547,80000000	0,99930447
548,00000000	0,99929575
548,20000000	0,99927011
548,40000000	0,99923574
548,60000000	0,99927708
548,80000000	0,99929148
549,00000000	0,99923349
549,20000000	0,99925962
549,40000000	0,99932183
549,60000000	0,99927544
549,80000000	0,99924634
550,00000000	0,99926952
550,20000000	0,99926176
550,40000000	0,99930925
550,60000000	0,99934201
550,80000000	0,99935717
551,00000000	0,99934363
551,20000000	0,99929588
551,40000000	0,99932456
551,60000000	0,99937364
551,80000000	0,99935410
552,00000000	0,99930631
552,20000000	0,99926094
552,40000000	0,99934668
552,60000000	0,99937260
552,80000000	0,99934560
553,00000000	0,99938170
553,20000000	0,99938931
553,40000000	0,99937764
553,60000000	0,99939914
553,80000000	0,99940854
554,00000000	0,99947635
554,20000000	0,99944638
554,40000000	0,99939860
554,60000000	0,99943253
554,80000000	0,99942001
555,00000000	0,99942055
555,20000000	0,99946801
555,40000000	0,99941987
555,60000000	0,99941870
555,80000000	0,99942105
556,00000000	0,99940245
556,20000000	0,99938885
556,40000000	0,99936158
556,60000000	0,99945509
556,80000000	0,99952997
557,00000000	0,99949293
557,20000000	0,99946916
557,40000000	0,99939631
557,60000000	0,99946824
557,80000000	0,99951234
558,00000000	0,99940789
558,20000000	0,99942086
558,40000000	0,99946185
558,60000000	0,99949524
558,80000000	0,99948747
559,00000000	0,99950807
559,20000000	0,99952257
559,40000000	0,99950030
559,60000000	0,99948964
559,80000000	0,99950047
560,00000000	0,99947473
560,20000000	0,99942333
560,40000000	0,99941481
560,60000000	0,99942420
560,80000000	0,99945366
561,00000000	0,99945126
561,20000000	0,99945597
561,40000000	0,99944505
561,60000000	0,99946269
561,80000000	0,99943377
562,00000000	0,99941396
562,20000000	0,99937519
562,40000000	0,99940107
562,60000000	0,99949328
562,80000000	0,99939210
563,00000000	0,99939583
563,20000000	0,99943831
563,40000000	0,99945505
563,60000000	0,99948130
563,80000000	0,99948358
564,00000000	0,99947436
564,20000000	0,99947981
564,40000000	0,99945246
564,60000000	0,99939266
564,80000000	0,99939342
565,00000000	0,99941126
565,20000000	0,99936927
565,40000000	0,99941681
565,60000000	0,99942402
565,80000000	0,99933949
566,00000000	0,99932904
566,20000000	0,99936290
566,40000000	0,99939628
566,60000000	0,99941458
566,80000000	0,99940072
567,00000000	0,99942560
567,20000000	0,99940168
567,40000000	0,99942433
567,60000000	0,99933013
567,80000000	0,99928300
568,00000000	0,99934232
568,20000000	0,99932448
568,40000000	0,99927376
568,60000000	0,99929410
568,80000000	0,99934613
569,00000000	0,99935223
569,20000000	0,99931788
569,40000000	0,99926138
569,60000000	0,99931674
569,80000000	0,99932593
570,00000000	0,99929394
570,20000000	0,99925182
570,40000000	0,99927425
570,60000000	0,99926609
570,80000000	0,99926013
571,00000000	0,99924960
571,20000000	0,99928341
571,40000000	0,99934724
571,60000000	0,99941207
571,80000000	0,99929160
572,00000000	0,99923728
572,20000000	0,99932922
572,40000000	0,99935332
572,60000000	0,99930443
572,80000000	0,99929213
573,00000000	0,99928052
573,20000000	0,99926623
573,40000000	0,99927764
573,60000000	0,99930194
573,80000000	0,99930506
574,00000000	0,99932265
574,20000000	0,99928678
574,40000000	0,99923675
574,60000000	0,99925893
574,80000000	0,99926095
575,00000000	0,99931347
575,20000000	0,99931051
575,40000000	0,99931365
575,60000000	0,99930981
575,80000000	0,99923521
576,00000000	0,99927303
576,20000000	0,99930794
576,40000000	0,99927688
576,60000000	0,99928629
576,80000000	0,99930756
577,00000000	0,99924760
577,20000000	0,99924696
577,40000000	0,99926149
577,60000000	0,99927236
577,80000000	0,99930895
578,00000000	0,99932984
578,20000000	0,99926734
578,40000000	0,99925686
578,60000000	0,99930799
578,80000000	0,99931198
579,00000000	0,99932776
579,20000000	0,99931918
579,40000000	0,99931286
579,60000000	0,99937762
579,80000000	0,99938974
580,00000000	0,99932018
580,20000000	0,99931743
580,40000000	0,99932946
580,60000000	0,99938904
580,80000000	0,99937373
581,00000000	0,99932927
581,20000000	0,99929457
581,40000000	0,99932097
581,60000000	0,99937029
581,80000000	0,99937138
582,00000000	0,99937724
582,20000000	0,99939369
582,40000000	0,99939971
582,60000000	0,99939151
582,80000000	0,99941085
583,00000000	0,99943723
583,20000000	0,99945059
583,40000000	0,99943869
583,60000000	0,99934624
583,80000000	0,99937872
584,00000000	0,99945794
584,20000000	0,99941034
584,40000000	0,99940033
584,60000000	0,99945129
584,80000000	0,99943682
585,00000000	0,99945905
585,20000000	0,99942551
585,40000000	0,99943095
585,60000000	0,99941209
585,80000000	0,99942770
586,00000000	0,99944180
586,20000000	0,99947270
586,40000000	0,99951478
586,60000000	0,99947374
586,80000000	0,99951603
587,00000000	0,99951879
587,20000000	0,99944834
587,40000000	0,99946666
587,60000000	0,99945694
587,80000000	0,99940950
588,00000000	0,99945044
588,20000000	0,99950729
588,40000000	0,99950062
588,60000000	0,99952929
588,80000000	0,99956861
589,00000000	0,99953806
589,20000000	0,99948894
589,40000000	0,99949418
589,60000000	0,99953954
589,80000000	0,99952532
590,00000000	0,99954281
590,20000000	0,99953563
590,40000000	0,99952200
590,60000000	0,99954039
590,80000000	0,99954247
591,00000000	0,99952211
591,20000000	0,99954681
591,40000000	0,99958454
591,60000000	0,99954343
591,80000000	0,99954224
592,00000000	0,99960735
592,20000000	0,99962294
592,40000000	0,99956887
592,60000000	0,99952013
592,80000000	0,99953337
593,00000000	0,99956535
593,20000000	0,99958273
593,40000000	0,99961508
593,60000000	0,99962257
593,80000000	0,99962390
594,00000000	0,99957116
594,20000000	0,99958004
594,40000000	0,99958928
594,60000000	0,99961716
594,80000000	0,99961535
595,00000000	0,99964758
595,20000000	0,99966402
595,40000000	0,99964553
595,60000000	0,99964854
595,80000000	0,99966262
596,00000000	0,99966664
596,20000000	0,99969998
596,40000000	0,99962921
596,60000000	0,99964992
596,80000000	0,99967990
597,00000000	0,99967916
597,20000000	0,99968440
597,40000000	0,99966583
597,60000000	0,99970822
597,80000000	0,99975948
598,00000000	0,99971345
598,20000000	0,99969615
598,40000000	0,99970490
598,60000000	0,99972627
598,80000000	0,99974613
599,00000000	0,99972816
599,20000000	0,99972092
599,40000000	0,99973019
599,60000000	0,99972594
599,80000000	0,99972196
600,00000000	0,99971115
600,20000000	0,99972621
600,40000000	0,99975632
600,60000000	0,99977536
600,80000000	0,99977491
601,00000000	0,99976192
601,20000000	0,99975512
601,40000000	0,99979258
601,60000000	0,99980373
601,80000000	0,99981289
602,00000000	0,99982016
602,20000000	0,99978731
602,40000000	0,99985265
602,60000000	0,99985537
602,80000000	0,99984073
603,00000000	0,99985248
603,20000000	0,99982222
603,40000000	0,99987358
603,60000000	0,99986408
603,80000000	0,99986285
604,00000000	0,99987536
604,20000000	0,99989284
604,40000000	0,99989789
604,60000000	0,99986048
604,80000000	0,99988449
605,00000000	0,99990496
605,20000000	0,99991969
605,40000000	0,99991598
605,60000000	0,99991203
605,80000000	0,99990504
606,00000000	0,99991854
606,20000000	0,99992429
606,40000000	0,99993894
606,60000000	0,99994073
606,80000000	0,99995910
607,00000000	0,99997299
607,20000000	0,99996363
607,40000000	0,99996360
607,60000000	0,99996390
607,80000000	0,99995950
608,00000000	0,99996429
608,20000000	0,99995860
608,40000000	0,99995368
608,60000000	0,99997254
608,80000000	0,99995805
609,00000000	0,99996541
609,20000000	0,99996500
609,40000000	0,99996827
609,60000000	0,99998070
609,80000000	0,99997836
610,00000000	0,99997367
610,20000000	0,99997034
610,40000000	0,99996901
610,60000000	0,99997579
610,80000000	0,99997667
611,00000000	0,99996430
611,20000000	0,99997417
611,40000000	0,99998000
611,60000000	0,99997499
611,80000000	0,99995298
612,00000000	0,99995164
612,20000000	0,99996092
612,40000000	0,99994854
612,60000000	0,99993510
612,80000000	0,99993040
613,00000000	0,99994722
613,20000000	0,99992266
613,40000000	0,99989365
613,60000000	0,99992266
613,80000000	0,99993466
614,00000000	0,99991574
614,20000000	0,99992236
614,40000000	0,99989103
614,60000000	0,99988168
614,80000000	0,99990282
615,00000000	0,99989187
615,20000000	0,99988711
615,40000000	0,99988254
615,60000000	0,99986832
615,80000000	0,99988077
616,00000000	0,99985931
616,20000000	0,99984934
616,40000000	0,99983450
616,60000000	0,99982756
616,80000000	0,99984534
617,00000000	0,99981191
617,20000000	0,99977495
617,40000000	0,99979679
617,60000000	0,99977782
617,80000000	0,99974636
618,00000000	0,99973767
618,20000000	0,99973624
618,40000000	0,99972754
618,60000000	0,99973442
618,80000000	0,99969156
619,00000000	0,99966699
619,20000000	0,99968147
619,40000000	0,99965138
619,60000000	0,99959679
619,80000000	0,99962922
620,00000000	0,99963582
620,20000000	0,99960048
620,40000000	0,99961188
620,60000000	0,99954696
620,80000000	0,99949921
621,00000000	0,99947833
621,20000000	0,99951259
621,40000000	0,99952564
621,60000000	0,99942974
621,80000000	0,99940655
622,00000000	0,99945030
622,20000000	0,99944227
622,40000000	0,99941928
622,60000000	0,99939023
622,80000000	0,99933113
623,00000000	0,99938691
623,20000000	0,99934295
623,40000000	0,99931886
623,60000000	0,99927303
623,80000000	0,99925608
624,00000000	0,99921371
624,20000000	0,99917821
624,40000000	0,99915819
624,60000000	0,99917938
624,80000000	0,99913610
625,00000000	0,99911660
625,20000000	0,99908656
625,40000000	0,99897197
625,60000000	0,99895880
625,80000000	0,99905604
626,00000000	0,99892185
626,20000000	0,99885913
626,40000000	0,99889612
626,60000000	0,99889335
626,80000000	0,99890342
627,00000000	0,99884958
627,20000000	0,99882346
627,40000000	0,99882963
627,60000000	0,99873759
627,80000000	0,99866374
628,00000000	0,99876073
628,20000000	0,99860373
628,40000000	0,99859685
628,60000000	0,99855934
628,80000000	0,99848763
629,00000000	0,99842800
629,20000000	0,99831628
629,40000000	0,99829713
629,60000000	0,99834319
629,80000000	0,99829264
630,00000000	0,99828798
630,20000000	0,99821232
630,40000000	0,99821265
630,60000000	0,99820083
630,80000000	0,99796945
631,00000000	0,99805250
631,20000000	0,99807573
631,40000000	0,99797920
631,60000000	0,99789710
631,80000000	0,99780091
632,00000000	0,99786682
632,20000000	0,99791955
632,40000000	0,99775249
632,60000000	0,99756956
632,80000000	0,99762799
633,00000000	0,99755705
633,20000000	0,99749868
633,40000000	0,99751139
633,60000000	0,99745735
633,80000000	0,99725410
634,00000000	0,99733616
634,20000000	0,99737033
634,40000000	0,99727460
634,60000000	0,99714752
634,80000000	0,99721355
635,00000000	0,99706393
635,20000000	0,99692361
635,40000000	0,99681361
635,60000000	0,99681083
635,80000000	0,99682205
636,00000000	0,99683246
636,20000000	0,99679532
636,40000000	0,99672592
636,60000000	0,99660959
636,80000000	0,99667987
637,00000000	0,99659856
637,20000000	0,99651228
637,40000000	0,99641048
637,60000000	0,99639439
637,80000000	0,99634208
638,00000000	0,99620246
638,20000000	0,99599147
638,40000000	0,99617610
638,60000000	0,99624818
638,80000000	0,99611365
639,00000000	0,99597770
639,20000000	0,99586236
639,40000000	0,99572533
639,60000000	0,99573040
639,80000000	0,99560654
640,00000000	0,99573888
640,20000000	0,99570103
640,40000000	0,99553846
640,60000000	0,99554246
640,80000000	0,99540640
641,00000000	0,99528404
641,20000000	0,99528553
641,40000000	0,99538463
641,60000000	0,99529209
641,80000000	0,99517788
642,00000000	0,99532867
642,20000000	0,99536919
642,40000000	0,99513706
642,60000000	0,99503121
642,80000000	0,99487394
643,00000000	0,99503289
643,20000000	0,99507484
643,40000000	0,99490901
643,60000000	0,99491197
643,80000000	0,99476235
644,00000000	0,99463060
644,20000000	0,99469084
644,40000000	0,99467747
644,60000000	0,99474916
644,80000000	0,99476900
645,00000000	0,99499576
645,20000000	0,99475913
645,40000000	0,99455160
645,60000000	0,99459623
645,80000000	0,99450335
646,00000000	0,99469001
646,20000000	0,99442117
646,40000000	0,99441080
646,60000000	0,99446603
646,80000000	0,99452993
647,00000000	0,99458768
647,20000000	0,99435638
647,40000000	0,99426917
647,60000000	0,99433763
647,80000000	0,99442795
648,00000000	0,99435960
648,20000000	0,99410830
648,40000000	0,99421276
648,60000000	0,99445183
648,80000000	0,99453359
649,00000000	0,99431277
649,20000000	0,99424207
649,40000000	0,99439770
649,60000000	0,99446481
649,80000000	0,99443397
650,00000000	0,99440379
650,20000000	0,99444237
650,40000000	0,99455259
650,60000000	0,99463382
650,80000000	0,99439644
651,00000000	0,99442785
651,20000000	0,99456848
651,40000000	0,99465819
651,60000000	0,99473126
651,80000000	0,99471794
652,00000000	0,99467829
652,20000000	0,99478738
652,40000000	0,99490279
652,60000000	0,99482557
652,80000000	0,99476241
653,00000000	0,99487431
653,20000000	0,99492612
653,40000000	0,99515014
653,60000000	0,99511166
653,80000000	0,99492526
654,00000000	0,99506982
654,20000000	0,99509624
654,40000000	0,99510893
654,60000000	0,99510959
654,80000000	0,99515163
655,00000000	0,99537377
655,20000000	0,99549429
655,40000000	0,99542756
655,60000000	0,99547903
655,80000000	0,99561003
656,00000000	0,99571529
656,20000000	0,99569285
656,40000000	0,99565673
656,60000000	0,99578457
656,80000000	0,99595568
657,00000000	0,99602573
657,20000000	0,99605841
657,40000000	0,99603910
657,60000000	0,99602765
657,80000000	0,99628633
658,00000000	0,99640693
658,20000000	0,99640384
658,40000000	0,99636997
658,60000000	0,99646740
658,80000000	0,99663182
659,00000000	0,99668471
659,20000000	0,99662996
659,40000000	0,99683412
659,60000000	0,99698776
659,80000000	0,99695391
660,00000000	0,99696372
660,20000000	0,99699086
660,40000000	0,99708934
660,60000000	0,99725435
660,80000000	0,99724492
661,00000000	0,99733370
661,20000000	0,99732384
661,40000000	0,99742542
661,60000000	0,99765500
661,80000000	0,99758633
662,00000000	0,99763531
662,20000000	0,99772780
662,40000000	0,99787558
662,60000000	0,99792156
662,80000000	0,99782370
663,00000000	0,99795970
663,20000000	0,99811232
663,40000000	0,99815715
663,60000000	0,99814416
663,80000000	0,99820848
664,00000000	0,99828851
664,20000000	0,99838940
664,40000000	0,99842494
664,60000000	0,99841911
664,80000000	0,99847550
665,00000000	0,99852726
665,20000000	0,99853538
665,40000000	0,99862126
665,60000000	0,99858530
665,80000000	0,99868198
666,00000000	0,99875688
666,20000000	0,99878991
666,40000000	0,99879507
666,60000000	0,99875624
666,80000000	0,99883041
667,00000000	0,99895461
667,20000000	0,99902594
667,40000000	0,99891972
667,60000000	0,99892586
667,80000000	0,99902445
668,00000000	0,99907580
668,20000000	0,99896059
668,40000000	0,99907055
668,60000000	0,99911163
668,80000000	0,99910697
669,00000000	0,99915335
669,20000000	0,99911599
669,40000000	0,99914894
669,60000000	0,99920711
669,80000000	0,99919037
670,00000000	0,99919659
670,20000000	0,99918192
670,40000000	0,99927155
670,60000000	0,99923100
670,80000000	0,99923165
671,00000000	0,99927860
671,20000000	0,99917728
671,40000000	0,99923279
671,60000000	0,99931348
671,80000000	0,99925697
672,00000000	0,99917984
672,20000000	0,99921200
672,40000000	0,99919486
672,60000000	0,99917960
672,80000000	0,99922078
673,00000000	0,99916423
673,20000000	0,99917228
673,40000000	0,99917144
673,60000000	0,99918692
673,80000000	0,99916105
674,00000000	0,99912763
674,20000000	0,99915445
674,40000000	0,99917356
674,60000000	0,99909118
674,80000000	0,99900580
675,00000000	0,99907617
675,20000000	0,99909687
675,40000000	0,99906145
675,60000000	0,99914595
675,80000000	0,99904584
676,00000000	0,99901224
676,20000000	0,99901496
676,40000000	0,99906348
676,60000000	0,99899473
676,80000000	0,99901654
677,00000000	0,99903478
677,20000000	0,99896902
677,40000000	0,99895536
677,60000000	0,99888914
677,80000000	0,99892483
678,00000000	0,99901227
678,20000000	0,99892128
678,40000000	0,99886858
678,60000000	0,99889311
678,80000000	0,99882243
679,00000000	0,99892126
679,20000000	0,99897593
679,40000000	0,99892179
679,60000000	0,99894599
679,80000000	0,99897406
680,00000000	0,99890131
680,20000000	0,99888029
680,40000000	0,99892885
680,60000000	0,99888925
680,80000000	0,99893348
681,00000000	0,99893189
681,20000000	0,99887718
681,40000000	0,99890863
681,60000000	0,99892983
681,80000000	0,99889526
682,00000000	0,99877727
682,20000000	0,99879475
682,40000000	0,99886211
682,60000000	0,99894522
682,80000000	0,99892162
683,00000000	0,99892747
683,20000000	0,99896423
683,40000000	0,99899333
683,60000000	0,99891415
683,80000000	0,99895327
684,00000000	0,99891945
684,20000000	0,99900341
684,40000000	0,99901073
684,60000000	0,99905997
684,80000000	0,99902788
685,00000000	0,99895882
685,20000000	0,99901601
685,40000000	0,99912871
685,60000000	0,99913536
685,80000000	0,99907101
686,00000000	0,99907049
686,20000000	0,99917689
686,40000000	0,99923464
686,60000000	0,99916983
686,80000000	0,99918323
687,00000000	0,99914356
687,20000000	0,99929352
687,40000000	0,99928039
687,60000000	0,99918720
687,80000000	0,99926409
688,00000000	0,99927612
688,20000000	0,99930935
688,40000000	0,99932997
688,60000000	0,99934118
688,80000000	0,99932810
689,00000000	0,99937233
689,20000000	0,99941113
689,40000000	0,99945907
689,60000000	0,99941993
689,80000000	0,99941785
690,00000000	0,99949366
690,20000000	0,99949229
690,40000000	0,99945728
690,60000000	0,99954848
690,80000000	0,99960892
691,00000000	0,99953878
691,20000000	0,99955370
691,40000000	0,99961155
691,60000000	0,99955810
691,80000000	0,99954314
692,00000000	0,99959822
692,20000000	0,99965140
692,40000000	0,99962583
692,60000000	0,99964130
692,80000000	0,99967566
693,00000000	0,99967076
693,20000000	0,99967715
693,40000000	0,99965470
693,60000000	0,99965986
693,80000000	0,99971053
694,00000000	0,99970994
694,20000000	0,99967475
694,40000000	0,99971739
694,60000000	0,99973316
694,80000000	0,99971481
695,00000000	0,99974003
695,20000000	0,99966127
695,40000000	0,99970172
695,60000000	0,99975051
695,80000000	0,99970133
696,00000000	0,99969474
696,20000000	0,99969444
696,40000000	0,99968792
696,60000000	0,99969171
696,80000000	0,99968020
697,00000000	0,99967686
697,20000000	0,99968140
697,40000000	0,99969236
697,60000000	0,99967312
697,80000000	0,99963929
698,00000000	0,99962862
698,20000000	0,99961032
698,40000000	0,99966453
698,60000000	0,99963698
698,80000000	0,99954286
699,00000000	0,99961139
699,20000000	0,99955493
699,40000000	0,99958412
699,60000000	0,99957302
699,80000000	0,99953554
700,00000000	0,99949565
700,20000000	0,99950608
700,40000000	0,99949273
700,60000000	0,99939679
700,80000000	0,99935773
701,00000000	0,99945217
701,20000000	0,99946121
701,40000000	0,99941272
701,60000000	0,99938892
701,80000000	0,99932885
702,00000000	0,99938883
702,20000000	0,99935163
702,40000000	0,99926342
702,60000000	0,99923389
702,80000000	0,99922633
703,00000000	0,99931323
703,20000000	0,99929059
703,40000000	0,99926222
703,60000000	0,99920314
703,80000000	0,99922821
704,00000000	0,99919538
704,20000000	0,99910512
704,40000000	0,99913261
704,60000000	0,99919307
704,80000000	0,99909801
705,00000000	0,99909489
705,20000000	0,99916521
705,40000000	0,99912188
705,60000000	0,99906359
705,80000000	0,99911716
706,00000000	0,99910546
706,20000000	0,99905583
706,40000000	0,99914782
706,60000000	0,99910444
706,80000000	0,99910298
707,00000000	0,99903403
707,20000000	0,99904953
707,40000000	0,99906289
707,60000000	0,99905204
707,80000000	0,99907956
708,00000000	0,99897195
708,20000000	0,99903718
708,40000000	0,99915279
708,60000000	0,99902160
708,80000000	0,99902098
709,00000000	0,99899948
709,20000000	0,99905273
709,40000000	0,99907827
709,60000000	0,99907306
709,80000000	0,99906404
710,00000000	0,99911092
710,20000000	0,99919615
710,40000000	0,99918299
710,60000000	0,99908761
710,80000000	0,99912096
711,00000000	0,99918838
711,20000000	0,99920520
711,40000000	0,99927844
711,60000000	0,99925140
711,80000000	0,99921170
712,00000000	0,99919279
712,20000000	0,99930121
712,40000000	0,99927669
712,60000000	0,99930886
712,80000000	0,99931175
713,00000000	0,99934824
713,20000000	0,99939626
713,40000000	0,99936788
713,60000000	0,99937791
713,80000000	0,99942872
714,00000000	0,99944729
714,20000000	0,99943756
714,40000000	0,99943956
714,60000000	0,99944275
714,80000000	0,99944256
715,00000000	0,99953211
715,20000000	0,99954565
715,40000000	0,99953513
715,60000000	0,99953419
715,80000000	0,99958724
716,00000000	0,99954544
716,20000000	0,99957007
716,40000000	0,99959952
716,60000000	0,99961113
716,80000000	0,99960198
717,00000000	0,99964319
717,20000000	0,99962741
717,40000000	0,99965898
717,60000000	0,99968842
717,80000000	0,99966839
718,00000000	0,99964494
718,20000000	0,99960286
718,40000000	0,99962826
718,60000000	0,99968257
718,80000000	0,99966434
719,00000000	0,99965810
719,20000000	0,99964769
719,40000000	0,99965903
719,60000000	0,99970536
719,80000000	0,99964948
720,00000000	0,99964547
720,20000000	0,99960568
720,40000000	0,99964374
720,60000000	0,99965539
720,80000000	0,99956050
721,00000000	0,99956274
721,20000000	0,99959018
721,40000000	0,99955724
721,60000000	0,99950915
721,80000000	0,99948164
722,00000000	0,99947937
722,20000000	0,99949077
722,40000000	0,99955246
722,60000000	0,99947597
722,80000000	0,99936643
723,00000000	0,99939493
723,20000000	0,99935894
723,40000000	0,99930582
723,60000000	0,99928968
723,80000000	0,99926336
724,00000000	0,99919860
724,20000000	0,99928095
724,40000000	0,99917302
724,60000000	0,99917190
724,80000000	0,99901939
725,00000000	0,99906096
725,20000000	0,99908143
725,40000000	0,99903835
725,60000000	0,99893714
725,80000000	0,99889932
726,00000000	0,99891010
726,20000000	0,99891764
726,40000000	0,99882459
726,60000000	0,99873712
726,80000000	0,99875142
727,00000000	0,99875667
727,20000000	0,99854225
727,40000000	0,99853016
727,60000000	0,99859094
727,80000000	0,99850844
728,00000000	0,99847775
728,20000000	0,99841163
728,40000000	0,99835466
728,60000000	0,99832312
728,80000000	0,99840037
729,00000000	0,99830237
729,20000000	0,99818139
729,40000000	0,99816280
729,60000000	0,99809255
729,80000000	0,99811079
730,00000000	0,99801013
730,20000000	0,99787726
730,40000000	0,99782781
730,60000000	0,99793054
730,80000000	0,99791181
731,00000000	0,99786002
731,20000000	0,99769055
731,40000000	0,99764054
731,60000000	0,99764001
731,80000000	0,99773051
732,00000000	0,99763927
732,20000000	0,99762198
732,40000000	0,99768487
732,60000000	0,99755024
732,80000000	0,99757176
733,00000000	0,99752094
733,20000000	0,99731470
733,40000000	0,99720382
733,60000000	0,99723257
733,80000000	0,99714297
734,00000000	0,99725236
734,20000000	0,99732147
734,40000000	0,99723238
734,60000000	0,99723199
734,80000000	0,99707948
735,00000000	0,99699658
735,20000000	0,99708058
735,40000000	0,99725697
735,60000000	0,99705919
735,80000000	0,99701547
736,00000000	0,99701023
736,20000000	0,99705180
736,40000000	0,99704989
736,60000000	0,99686837
736,80000000	0,99701293
737,00000000	0,99705138
737,20000000	0,99702087
737,40000000	0,99692345
737,60000000	0,99693258
737,80000000	0,99692913
738,00000000	0,99707178
738,20000000	0,99692312
738,40000000	0,99691429
738,60000000	0,99698223
738,80000000	0,99702851
739,00000000	0,99710101
739,20000000	0,99703488
739,40000000	0,99696540
739,60000000	0,99717702
739,80000000	0,99722115
740,00000000	0,99717436
740,20000000	0,99713430
740,40000000	0,99714437
740,60000000	0,99722776
740,80000000	0,99734384
741,00000000	0,99722528
741,20000000	0,99719838
741,40000000	0,99727099
741,60000000	0,99735210
741,80000000	0,99732942
742,00000000	0,99727603
742,20000000	0,99723536
742,40000000	0,99743475
742,60000000	0,99753421
742,80000000	0,99746199
743,00000000	0,99755608
743,20000000	0,99749069
743,40000000	0,99759130
743,60000000	0,99750423
743,80000000	0,99766899
744,00000000	0,99769684
744,20000000	0,99769353
744,40000000	0,99794836
744,60000000	0,99776188
744,80000000	0,99769391
745,00000000	0,99777201
745,20000000	0,99794283
745,40000000	0,99802034
745,60000000	0,99797241
745,80000000	0,99795747
746,00000000	0,99809987
746,20000000	0,99812310
746,40000000	0,99810013
746,60000000	0,99816986
746,80000000	0,99822138
747,00000000	0,99832428
747,20000000	0,99839906
747,40000000	0,99830498
747,60000000	0,99838908
747,80000000	0,99840336
748,00000000	0,99848421
748,20000000	0,99841864
748,40000000	0,99845733
748,60000000	0,99856977
748,80000000	0,99858864
749,00000000	0,99873147
749,20000000	0,99863715
749,40000000	0,99876026
749,60000000	0,99878957
749,80000000	0,99885149
750,00000000	0,99882313
750,20000000	0,99885217
750,40000000	0,99886508
750,60000000	0,99897543
750,80000000	0,99896624
751,00000000	0,99899544
751,20000000	0,99901980
751,40000000	0,99908072
751,60000000	0,99914417
751,80000000	0,99917417
752,00000000	0,99909342
752,20000000	0,99918372
752,40000000	0,99921206
752,60000000	0,99921833
752,80000000	0,99930122
753,00000000	0,99929369
753,20000000	0,99939082
753,40000000	0,99936100
753,60000000	0,99936764
753,80000000	0,99947124
754,00000000	0,99942293
754,20000000	0,99947443
754,40000000	0,99949212
754,60000000	0,99943419
754,80000000	0,99947121
755,00000000	0,99953981
755,20000000	0,99957461
755,40000000	0,99956583
755,60000000	0,99957712
755,80000000	0,99954168
756,00000000	0,99962884
756,20000000	0,99966114
756,40000000	0,99961558
756,60000000	0,99964504
756,80000000	0,99966125
757,00000000	0,99972484
757,20000000	0,99975409
757,40000000	0,99973562
757,60000000	0,99968757
757,80000000	0,99976878
758,00000000	0,99973561
758,20000000	0,99975204
758,40000000	0,99976843
758,60000000	0,99978388
758,80000000	0,99981026
759,00000000	0,99978742
759,20000000	0,99973996
759,40000000	0,99982922
759,60000000	0,99980473
759,80000000	0,99979274
760,00000000	0,99982065
760,20000000	0,99979363
760,40000000	0,99983855
760,60000000	0,99985289
760,80000000	0,99983180
761,00000000	0,99978294
761,20000000	0,99984657
761,40000000	0,99984948
761,60000000	0,99981967
761,80000000	0,99981107
762,00000000	0,99979623
762,20000000	0,99981678
762,40000000	0,99984315
762,60000000	0,99983254
762,80000000	0,99978645
763,00000000	0,99980648
763,20000000	0,99983758
763,40000000	0,99980346
763,60000000	0,99981701
763,80000000	0,99978147
764,00000000	0,99973650
764,20000000	0,99979563
764,40000000	0,99980774
764,60000000	0,99977315
764,80000000	0,99978655
765,00000000	0,99975841
765,20000000	0,99969723
765,40000000	0,99974486
765,60000000	0,99972927
765,80000000	0,99972376
766,00000000	0,99976210
766,20000000	0,99973502
766,40000000	0,99964136
766,60000000	0,99970102
766,80000000	0,99968700
767,00000000	0,99970146
767,20000000	0,99963456
767,40000000	0,99967511
767,60000000	0,99957960
767,80000000	0,99964117
768,00000000	0,99966375
768,20000000	0,99958890
768,40000000	0,99961441
768,60000000	0,99962571
768,80000000	0,99958832
769,00000000	0,99955923
769,20000000	0,99954236
769,40000000	0,99956640
769,60000000	0,99958161
769,80000000	0,99953864
770,00000000	0,99950724
770,20000000	0,99949455
770,40000000	0,99954469
770,60000000	0,99950421
770,80000000	0,99946113
771,00000000	0,99941311
771,20000000	0,99951553
771,40000000	0,99947534
771,60000000	0,99942082
771,80000000	0,99949829
772,00000000	0,99943109
772,20000000	0,99941577
772,40000000	0,99947639
772,60000000	0,99937408
772,80000000	0,99930180
773,00000000	0,99935381
773,20000000	0,99940016
773,40000000	0,99939238
773,60000000	0,99935897
773,80000000	0,99932695
774,00000000	0,99936822
774,20000000	0,99942123
774,40000000	0,99928631
774,60000000	0,99924347
774,80000000	0,99932769
775,00000000	0,99936748
775,20000000	0,99924870
775,40000000	0,99930175
775,60000000	0,99931363
775,80000000	0,99926613
776,00000000	0,99935742
776,20000000	0,99928966
776,40000000	0,99930483
776,60000000	0,99932686
776,80000000	0,99929606
777,00000000	0,99934675
777,20000000	0,99918938
777,40000000	0,99923777
777,60000000	0,99927486
777,80000000	0,99934133
778,00000000	0,99930379
778,20000000	0,99914568
778,40000000	0,99922600
778,60000000	0,99936661
778,80000000	0,99926304
779,00000000	0,99927090
779,20000000	0,99922848
779,40000000	0,99928224
779,60000000	0,99929913
779,80000000	0,99920509
780,00000000	0,99918258
780,20000000	0,99926637
780,40000000	0,99931140
780,60000000	0,99930248
780,80000000	0,99927727
781,00000000	0,99921905
781,20000000	0,99923783
781,40000000	0,99931208
781,60000000	0,99930100
781,80000000	0,99917858
782,00000000	0,99919179
782,20000000	0,99929990
782,40000000	0,99930118
782,60000000	0,99921324
782,80000000	0,99927332
783,00000000	0,99935670
783,20000000	0,99925457
783,40000000	0,99926790
783,60000000	0,99934169
783,80000000	0,99923508
784,00000000	0,99937624
784,20000000	0,99933691
784,40000000	0,99921611
784,60000000	0,99925183
784,80000000	0,99925484
785,00000000	0,99933078
785,20000000	0,99931064
785,40000000	0,99924131
785,60000000	0,99933230
785,80000000	0,99942046
786,00000000	0,99937067
786,20000000	0,99929887
786,40000000	0,99921834
786,60000000	0,99927789
786,80000000	0,99937560
787,00000000	0,99938511
787,20000000	0,99933917
787,40000000	0,99934453
787,60000000	0,99926308
787,80000000	0,99934491
788,00000000	0,99935981
788,20000000	0,99927739
788,40000000	0,99925809
788,60000000	0,99927425
788,80000000	0,99935487
789,00000000	0,99928920
789,20000000	0,99934355
789,40000000	0,99938048
789,60000000	0,99936006
789,80000000	0,99930194
790,00000000	0,99919355
790,20000000	0,99930319
790,40000000	0,99935083
790,60000000	0,99930937
790,80000000	0,99929274
791,00000000	0,99928532
791,20000000	0,99922187
791,40000000	0,99928169
791,60000000	0,99930645
791,80000000	0,99925417
792,00000000	0,99923720
792,20000000	0,99914570
792,40000000	0,99928070
792,60000000	0,99921246
792,80000000	0,99918364
793,00000000	0,99919805
793,20000000	0,99917184
793,40000000	0,99920606
793,60000000	0,99914335
793,80000000	0,99913680
794,00000000	0,99908143
794,20000000	0,99911844
794,40000000	0,99915574
794,60000000	0,99910152
794,80000000	0,99906784
795,00000000	0,99905211
795,20000000	0,99907640
795,40000000	0,99907171
795,60000000	0,99903892
795,80000000	0,99904305
796,00000000	0,99890715
796,20000000	0,99898907
796,40000000	0,99901549
796,60000000	0,99896798
796,80000000	0,99894055
797,00000000	0,99887088
797,20000000	0,99895990
797,40000000	0,99892573
797,60000000	0,99889438
797,80000000	0,99884838
798,00000000	0,99893965
798,20000000	0,99889361
798,40000000	0,99883648
798,60000000	0,99883956
798,80000000	0,99890769
799,00000000	0,99889086
799,20000000	0,99871761
799,40000000	0,99870489
799,60000000	0,99878418
799,80000000	0,99879987
800,00000000	0,99876448
800,20000000	0,99868951
800,40000000	0,99862954
800,60000000	0,99874399
800,80000000	0,99884294
801,00000000	0,99869052
801,20000000	0,99865690
801,40000000	0,99871884
801,60000000	0,99872319
801,80000000	0,99861006
802,00000000	0,99863822
802,20000000	0,99877033
802,40000000	0,99878647
802,60000000	0,99873848
802,80000000	0,99864135
803,00000000	0,99863263
803,20000000	0,99865213
803,40000000	0,99873081
803,60000000	0,99870028
803,80000000	0,99866604
804,00000000	0,99867984
804,20000000	0,99871878
804,40000000	0,99877172
804,60000000	0,99874363
804,80000000	0,99862018
805,00000000	0,99867820
805,20000000	0,99876212
805,40000000	0,99884185
805,60000000	0,99879219
805,80000000	0,99875750
806,00000000	0,99877134
806,20000000	0,99883681
806,40000000	0,99883907
806,60000000	0,99883622
806,80000000	0,99880803
807,00000000	0,99886031
807,20000000	0,99891459
807,40000000	0,99884819
807,60000000	0,99885176
807,80000000	0,99896320
808,00000000	0,99891275
808,20000000	0,99900227
808,40000000	0,99894928
808,60000000	0,99902971
808,80000000	0,99910852
809,00000000	0,99902867
809,20000000	0,99901813
809,40000000	0,99907480
809,60000000	0,99921117
809,80000000	0,99920881
810,00000000	0,99920395
810,20000000	0,99916666
810,40000000	0,99918008
810,60000000	0,99919928
810,80000000	0,99934992
811,00000000	0,99933807
811,20000000	0,99931993
811,40000000	0,99935080
811,60000000	0,99931308
811,80000000	0,99941851
812,00000000	0,99944102
812,20000000	0,99943735
812,40000000	0,99952678
812,60000000	0,99948905
812,80000000	0,99949537
813,00000000	0,99954600
813,20000000	0,99959528
813,40000000	0,99964334
813,60000000	0,99967962
813,80000000	0,99961801
814,00000000	0,99966662
814,20000000	0,99972859
814,40000000	0,99975234
814,60000000	0,99974242
814,80000000	0,99977000
815,00000000	0,99978671
815,20000000	0,99984263
815,40000000	0,99984544
815,60000000	0,99985223
815,80000000	0,99984884
816,00000000	0,99989747
816,20000000	0,99989989
816,40000000	0,99991926
816,60000000	0,99991708
816,80000000	0,99994264
817,00000000	0,99996853
817,20000000	0,99997130
817,40000000	0,99995068
817,60000000	0,99997676
817,80000000	0,99998318
818,00000000	0,99998462
818,20000000	0,99999776
818,40000000	0,99998876
818,60000000	0,99999648
818,80000000	0,99999786
819,00000000	0,99998881
819,20000000	0,99998842
819,40000000	0,99997720
819,60000000	0,99996868
819,80000000	0,99996661
820,00000000	0,99994901
820,20000000	0,99992565
820,40000000	0,99993397
820,60000000	0,99991563
820,80000000	0,99987233
821,00000000	0,99988202
821,20000000	0,99987194
821,40000000	0,99981528
821,60000000	0,99981984
821,80000000	0,99978586
822,00000000	0,99975471
822,20000000	0,99971634
822,40000000	0,99959039
822,60000000	0,99959559
822,80000000	0,99965105
823,00000000	0,99957666
823,20000000	0,99960495
823,40000000	0,99952559
823,60000000	0,99947475
823,80000000	0,99942833
824,00000000	0,99935813
824,20000000	0,99934786
824,40000000	0,99930684
824,60000000	0,99917719
824,80000000	0,99920505
825,00000000	0,99926088
825,20000000	0,99908489
825,40000000	0,99902359
825,60000000	0,99903879
825,80000000	0,99896831
826,00000000	0,99885988
826,20000000	0,99888329
826,40000000	0,99881975
826,60000000	0,99874908
826,80000000	0,99871523
827,00000000	0,99863222
827,20000000	0,99841298
827,40000000	0,99850224
827,60000000	0,99849576
827,80000000	0,99839726
828,00000000	0,99820331
828,20000000	0,99813914
828,40000000	0,99822199
828,60000000	0,99807965
828,80000000	0,99803398
829,00000000	0,99794383
829,20000000	0,99793036
829,40000000	0,99794859
829,60000000	0,99783427
829,80000000	0,99760539
830,00000000	0,99762445
830,20000000	0,99774830
830,40000000	0,99758745
830,60000000	0,99742830
830,80000000	0,99738789
831,00000000	0,99748638
831,20000000	0,99751273
831,40000000	0,99738689
831,60000000	0,99711924
831,80000000	0,99713159
832,00000000	0,99725557
832,20000000	0,99702684
832,40000000	0,99700431
832,60000000	0,99686112
832,80000000	0,99689763
833,00000000	0,99701769
833,20000000	0,99702519
833,40000000	0,99682552
833,60000000	0,99682740
833,80000000	0,99678333
834,00000000	0,99671631
834,20000000	0,99667850
834,40000000	0,99649887
834,60000000	0,99647370
834,80000000	0,99657385
835,00000000	0,99643795
835,20000000	0,99624732
835,40000000	0,99643743
835,60000000	0,99632973
835,80000000	0,99655797
836,00000000	0,99636256
836,20000000	0,99628361
836,40000000	0,99639117
836,60000000	0,99635279
836,80000000	0,99632950
837,00000000	0,99630763
837,20000000	0,99626019
837,40000000	0,99636095
837,60000000	0,99625342
837,80000000	0,99635209
838,00000000	0,99618882
838,20000000	0,99629142
838,40000000	0,99635870
838,60000000	0,99641032
838,80000000	0,99625853
839,00000000	0,99597451
839,20000000	0,99641455
839,40000000	0,99645990
839,60000000	0,99632760
839,80000000	0,99629315
840,00000000	0,99630548
840,20000000	0,99650315
840,40000000	0,99656149
840,60000000	0,99645500
840,80000000	0,99649567
841,00000000	0,99654418
841,20000000	0,99660671
841,40000000	0,99652161
841,60000000	0,99656828
841,80000000	0,99659066
842,00000000	0,99681595
842,20000000	0,99683541
842,40000000	0,99674252
842,60000000	0,99669472
842,80000000	0,99681461
843,00000000	0,99704693
843,20000000	0,99712309
843,40000000	0,99694497
843,60000000	0,99693676
843,80000000	0,99711834
844,00000000	0,99726683
844,20000000	0,99721626
844,40000000	0,99715919
844,60000000	0,99728995
844,80000000	0,99746114
845,00000000	0,99753004
845,20000000	0,99754370
845,40000000	0,99742647
845,60000000	0,99751428
845,80000000	0,99783111
846,00000000	0,99760390
846,20000000	0,99770373
846,40000000	0,99774540
846,60000000	0,99787220
846,80000000	0,99788381
847,00000000	0,99795896
847,20000000	0,99795836
847,40000000	0,99816286
847,60000000	0,99817319
847,80000000	0,99820383
848,00000000	0,99824773
848,20000000	0,99838171
848,40000000	0,99838767
848,60000000	0,99842637
848,80000000	0,99844379
849,00000000	0,99850024
849,20000000	0,99871389
849,40000000	0,99871354
849,60000000	0,99867173
849,80000000	0,99874009
850,00000000	0,99879226
850,20000000	0,99886546
850,40000000	0,99886548
850,60000000	0,99898211
850,80000000	0,99902551
851,00000000	0,99898644
851,20000000	0,99912119
851,40000000	0,99917311
851,60000000	0,99916841
851,80000000	0,99923529
852,00000000	0,99921264
852,20000000	0,99938222
852,40000000	0,99929969
852,60000000	0,99933778
852,80000000	0,99940406
853,00000000	0,99946133
853,20000000	0,99945068
853,40000000	0,99946841
853,60000000	0,99953120
853,80000000	0,99959437
854,00000000	0,99970421
854,20000000	0,99959758
854,40000000	0,99963986
854,60000000	0,99967084
854,80000000	0,99975360
855,00000000	0,99970288
855,20000000	0,99971213
855,40000000	0,99978665
855,60000000	0,99983212
855,80000000	0,99981207
856,00000000	0,99983746
856,20000000	0,99982550
856,40000000	0,99982928
856,60000000	0,99990892
856,80000000	0,99991324
857,00000000	0,99988178
857,20000000	0,99989675
857,40000000	0,99990363
857,60000000	0,99992613
857,80000000	0,99993399
858,00000000	0,99991459
858,20000000	0,99993658
858,40000000	0,99994385
858,60000000	0,99994339
858,80000000	0,99992443
859,00000000	0,99994855
859,20000000	0,99995488
859,40000000	0,99993991
859,60000000	0,99992219
859,80000000	0,99993482
860,00000000	0,99995058
860,20000000	0,99995036
860,40000000	0,99990632
860,60000000	0,99991139
860,80000000	0,99993472
861,00000000	0,99994648
861,20000000	0,99990824
861,40000000	0,99992116
861,60000000	0,99989800
861,80000000	0,99988668
862,00000000	0,99982907
862,20000000	0,99985519
862,40000000	0,99986297
862,60000000	0,99987091
862,80000000	0,99987070
863,00000000	0,99981353
863,20000000	0,99982275
863,40000000	0,99978111
863,60000000	0,99983295
863,80000000	0,99982486
864,00000000	0,99977418
864,20000000	0,99976115
864,40000000	0,99977754
864,60000000	0,99973994
864,80000000	0,99971233
865,00000000	0,99969954
865,20000000	0,99976172
865,40000000	0,99972295
865,60000000	0,99971991
865,80000000	0,99960043
866,00000000	0,99964137
866,20000000	0,99966264
866,40000000	0,99969830
866,60000000	0,99959470
866,80000000	0,99954676
867,00000000	0,99962765
867,20000000	0,99966155
867,40000000	0,99961501
867,60000000	0,99953879
867,80000000	0,99956622
868,00000000	0,99955008
868,20000000	0,99960176
868,40000000	0,99949788
868,60000000	0,99952977
868,80000000	0,99956352
869,00000000	0,99954096
869,20000000	0,99951233
869,40000000	0,99950806
869,60000000	0,99949063
869,80000000	0,99952341
870,00000000	0,99947140
870,20000000	0,99943606
870,40000000	0,99943302
870,60000000	0,99941035
870,80000000	0,99955152
871,00000000	0,99942674
871,20000000	0,99942902
871,40000000	0,99932684
871,60000000	0,99937272
871,80000000	0,99941329
872,00000000	0,99940481
872,20000000	0,99941556
872,40000000	0,99938704
872,60000000	0,99934511
872,80000000	0,99925355
873,00000000	0,99929563
873,20000000	0,99927499
873,40000000	0,99929566
873,60000000	0,99930714
873,80000000	0,99928200
874,00000000	0,99915697
874,20000000	0,99922110
874,40000000	0,99924556
874,60000000	0,99930301
874,80000000	0,99924607
875,00000000	0,99910419
875,20000000	0,99917994
875,40000000	0,99926305
875,60000000	0,99919073
875,80000000	0,99919074
876,00000000	0,99906506
876,20000000	0,99915362
876,40000000	0,99912200
876,60000000	0,99910764
876,80000000	0,99911582
877,00000000	0,99910914
877,20000000	0,99911908
877,40000000	0,99903929
877,60000000	0,99895226
877,80000000	0,99881448
878,00000000	0,99906328
878,20000000	0,99906811
878,40000000	0,99899321
878,60000000	0,99876804
878,80000000	0,99891267
879,00000000	0,99888069
879,20000000	0,99884482
879,40000000	0,99883076
879,60000000	0,99869163
879,80000000	0,99884949
880,00000000	0,99880674
880,20000000	0,99874722
880,40000000	0,99863122
880,60000000	0,99870417
880,80000000	0,99882928
881,00000000	0,99866705
881,20000000	0,99852546
881,40000000	0,99857105
881,60000000	0,99864594
881,80000000	0,99859610
882,00000000	0,99862013
882,20000000	0,99852504
882,40000000	0,99846244
882,60000000	0,99847837
882,80000000	0,99865676
883,00000000	0,99852293
883,20000000	0,99836742
883,40000000	0,99833705
883,60000000	0,99833084
883,80000000	0,99836293
884,00000000	0,99840121
884,20000000	0,99837874
884,40000000	0,99836175
884,60000000	0,99825539
884,80000000	0,99831599
885,00000000	0,99824072
885,20000000	0,99831217
885,40000000	0,99826293
885,60000000	0,99819759
885,80000000	0,99829783
886,00000000	0,99805304
886,20000000	0,99826605
886,40000000	0,99829423
886,60000000	0,99813250
886,80000000	0,99804646
887,00000000	0,99810916
887,20000000	0,99821071
887,40000000	0,99825925
887,60000000	0,99810195
887,80000000	0,99805661
888,00000000	0,99824721
888,20000000	0,99819195
888,40000000	0,99826001
888,60000000	0,99822784
888,80000000	0,99811104
889,00000000	0,99812482
889,20000000	0,99824366
889,40000000	0,99826419
889,60000000	0,99805474
889,80000000	0,99825790
890,00000000	0,99836610
890,20000000	0,99819569
890,40000000	0,99818685
890,60000000	0,99814655
890,80000000	0,99818880
891,00000000	0,99840791
891,20000000	0,99830102
891,40000000	0,99832803
891,60000000	0,99840449
891,80000000	0,99843900
892,00000000	0,99845160
892,20000000	0,99842148
892,40000000	0,99853279
892,60000000	0,99851024
892,80000000	0,99852076
893,00000000	0,99859539
893,20000000	0,99864808
893,40000000	0,99861091
893,60000000	0,99864454
893,80000000	0,99876459
894,00000000	0,99861171
894,20000000	0,99877471
894,40000000	0,99883290
894,60000000	0,99897700
894,80000000	0,99896844
895,00000000	0,99884826
895,20000000	0,99888177
895,40000000	0,99905728
895,60000000	0,99914438
895,80000000	0,99912584
896,00000000	0,99909551
896,20000000	0,99906763
896,40000000	0,99925456
896,60000000	0,99931632
896,80000000	0,99931112
897,00000000	0,99934064
897,20000000	0,99934531
897,40000000	0,99945591
897,60000000	0,99946089
897,80000000	0,99943144
898,00000000	0,99950770
898,20000000	0,99954300
898,40000000	0,99964285
898,60000000	0,99962061
898,80000000	0,99964134
899,00000000	0,99961709
899,20000000	0,99971819
899,40000000	0,99979042
899,60000000	0,99970219
899,80000000	0,99969873
900,00000000	0,99980720
