200,00000000	0,95255946
200,20000000	0,91422915
200,40000000	0,99882789
200,60000000	0,96451051
200,80000000	0,92330426
201,00000000	0,96857353
201,20000000	0,99242669
201,40000000	0,95138847
201,60000000	0,97339495
201,80000000	0,97459599
202,00000000	0,97760665
202,20000000	0,96833074
202,40000000	0,93204115
202,60000000	0,93465341
202,80000000	0,97530130
203,00000000	0,97972620
203,20000000	0,96111007
203,40000000	0,97059898
203,60000000	0,98093214
203,80000000	0,91003850
204,00000000	0,99140234
204,20000000	0,90272048
204,40000000	0,94934621
204,60000000	0,98251706
204,80000000	0,95676897
205,00000000	0,90922709
205,20000000	0,93094988
205,40000000	0,98360258
205,60000000	0,94028145
205,80000000	0,93800511
206,00000000	0,94715078
206,20000000	0,94812249
206,40000000	0,91477858
206,60000000	0,96604651
206,80000000	0,93207933
207,00000000	0,91798593
207,20000000	0,93396164
207,40000000	0,96229903
207,60000000	0,90640980
207,80000000	0,89501068
208,00000000	0,94453603
208,20000000	0,95555790
208,40000000	0,92764636
208,60000000	0,88809213
208,80000000	0,93492172
209,00000000	0,94812128
209,20000000	0,92883303
209,40000000	0,87032217
209,60000000	0,92003135
209,80000000	0,94529170
210,00000000	0,90935066
210,20000000	0,81287998
210,40000000	0,93281950
210,60000000	0,91972273
210,80000000	0,88893299
211,00000000	0,90462195
211,20000000	0,89729385
211,40000000	0,87142379
211,60000000	0,91981988
211,80000000	0,91379034
212,00000000	0,89354331
212,20000000	0,86443650
212,40000000	0,92917724
212,60000000	0,84912003
212,80000000	0,85538014
213,00000000	0,93017310
213,20000000	0,93367786
213,40000000	0,79625482
213,60000000	0,83665129
213,80000000	0,90479717
214,00000000	0,90602189
214,20000000	0,86848892
214,40000000	0,87965149
214,60000000	0,70777185
214,80000000	0,88940318
215,00000000	0,91050481
215,20000000	0,73760512
215,40000000	0,76745117
215,60000000	0,93019363
215,80000000	0,85344962
216,00000000	0,84746299
216,20000000	0,69425427
216,40000000	0,88295959
216,60000000	0,88848335
216,80000000	0,81892143
217,00000000	0,81792527
217,20000000	0,85931979
217,40000000	0,85603409
217,60000000	0,82695634
217,80000000	0,69156412
218,00000000	0,82872923
218,20000000	0,87948447
218,40000000	0,85212534
218,60000000	0,70944147
218,80000000	0,67472034
219,00000000	0,88952502
219,20000000	0,82323949
219,40000000	0,72701444
219,60000000	0,78887407
219,80000000	0,74239736
220,00000000	0,86417589
220,20000000	0,75747868
220,40000000	0,72068926
220,60000000	0,71628863
220,80000000	0,89180920
221,00000000	0,72425764
221,20000000	0,71773110
221,40000000	0,66499129
221,60000000	0,85981229
221,80000000	0,84137416
222,00000000	0,71630339
222,20000000	0,69088460
222,40000000	0,81126385
222,60000000	0,79094029
222,80000000	0,68791276
223,00000000	0,75691162
223,20000000	0,73840641
223,40000000	0,82503007
223,60000000	0,78202112
223,80000000	0,66159490
224,00000000	0,67034102
224,20000000	0,73217613
224,40000000	0,71762844
224,60000000	0,64517345
224,80000000	0,71206000
225,00000000	0,74724193
225,20000000	0,70250704
225,40000000	0,62291014
225,60000000	0,66590577
225,80000000	0,70874421
226,00000000	0,65046141
226,20000000	0,72938839
226,40000000	0,68131947
226,60000000	0,61783208
226,80000000	0,71714155
227,00000000	0,72529114
227,20000000	0,66521297
227,40000000	0,64611381
227,60000000	0,65273919
227,80000000	0,71803886
228,00000000	0,68364447
228,20000000	0,56223957
228,40000000	0,70754659
228,60000000	0,60440391
228,80000000	0,63483786
229,00000000	0,63721808
229,20000000	0,60861835
229,40000000	0,62832541
229,60000000	0,68493511
229,80000000	0,60275561
230,00000000	0,64165730
230,20000000	0,59549745
230,40000000	0,61449321
230,60000000	0,70097123
230,80000000	0,54822906
231,00000000	0,58109942
231,20000000	0,65029376
231,40000000	0,60859422
231,60000000	0,54565686
231,80000000	0,58160204
232,00000000	0,56381478
232,20000000	0,51879495
232,40000000	0,61490611
232,60000000	0,59321648
232,80000000	0,58863791
233,00000000	0,48274514
233,20000000	0,58877878
233,40000000	0,52475419
233,60000000	0,55810368
233,80000000	0,55014911
234,00000000	0,51460648
234,20000000	0,60475562
234,40000000	0,53688023
234,60000000	0,52547601
234,80000000	0,48916489
235,00000000	0,56370832
235,20000000	0,57786330
235,40000000	0,50862755
235,60000000	0,48547147
235,80000000	0,59083438
236,00000000	0,49348180
236,20000000	0,50810165
236,40000000	0,50646497
236,60000000	0,59349319
236,80000000	0,53567934
237,00000000	0,57279705
237,20000000	0,42678529
237,40000000	0,50239567
237,60000000	0,51675305
237,80000000	0,51692888
238,00000000	0,44428210
238,20000000	0,54858668
238,40000000	0,56115550
238,60000000	0,48123447
238,80000000	0,49840005
239,00000000	0,53376667
239,20000000	0,48388336
239,40000000	0,48071176
239,60000000	0,49084033
239,80000000	0,47543523
240,00000000	0,47686148
240,20000000	0,47383729
240,40000000	0,50655881
240,60000000	0,48250552
240,80000000	0,46574394
241,00000000	0,44344512
241,20000000	0,49199349
241,40000000	0,49267066
241,60000000	0,48655402
241,80000000	0,44509639
242,00000000	0,47151409
242,20000000	0,53959621
242,40000000	0,46276781
242,60000000	0,45033802
242,80000000	0,44898041
243,00000000	0,49565337
243,20000000	0,46813413
243,40000000	0,39929132
243,60000000	0,49418719
243,80000000	0,49048314
244,00000000	0,45132563
244,20000000	0,45211697
244,40000000	0,50569788
244,60000000	0,49699130
244,80000000	0,47917194
245,00000000	0,47460858
245,20000000	0,45675470
245,40000000	0,52644564
245,60000000	0,44648062
245,80000000	0,45177690
246,00000000	0,45538866
246,20000000	0,49040237
246,40000000	0,50517662
246,60000000	0,47440164
246,80000000	0,46043197
247,00000000	0,46182826
247,20000000	0,42870702
247,40000000	0,44225091
247,60000000	0,47522678
247,80000000	0,45998465
248,00000000	0,47967861
248,20000000	0,44705285
248,40000000	0,38562068
248,60000000	0,48722535
248,80000000	0,47794502
249,00000000	0,43890511
249,20000000	0,43192153
249,40000000	0,45542155
249,60000000	0,47684833
249,80000000	0,50266388
250,00000000	0,43346210
250,20000000	0,43328702
250,40000000	0,42218776
250,60000000	0,45279957
250,80000000	0,45989707
251,00000000	0,48111649
251,20000000	0,44958664
251,40000000	0,44502838
251,60000000	0,43972964
251,80000000	0,47171254
252,00000000	0,47198237
252,20000000	0,46866988
252,40000000	0,44914126
252,60000000	0,46984721
252,80000000	0,44479494
253,00000000	0,43970750
253,20000000	0,45660288
253,40000000	0,47858673
253,60000000	0,43764000
253,80000000	0,44295473
254,00000000	0,46397245
254,20000000	0,50031473
254,40000000	0,43849306
254,60000000	0,47130725
254,80000000	0,43256507
255,00000000	0,45530665
255,20000000	0,46703632
255,40000000	0,47231305
255,60000000	0,46937533
255,80000000	0,45331548
256,00000000	0,47218709
256,20000000	0,47927527
256,40000000	0,48540029
256,60000000	0,46057444
256,80000000	0,48379639
257,00000000	0,44761377
257,20000000	0,43584552
257,40000000	0,47815683
257,60000000	0,44220683
257,80000000	0,48030790
258,00000000	0,48829495
258,20000000	0,46688911
258,40000000	0,48564160
258,60000000	0,47701146
258,80000000	0,47292517
259,00000000	0,50977836
259,20000000	0,45488652
259,40000000	0,51997247
259,60000000	0,47814966
259,80000000	0,51972627
260,00000000	0,49166707
260,20000000	0,50163251
260,40000000	0,50130376
260,60000000	0,53858469
260,80000000	0,51389948
261,00000000	0,49863243
261,20000000	0,53997248
261,40000000	0,53606556
261,60000000	0,52726000
261,80000000	0,52667052
262,00000000	0,56434144
262,20000000	0,55200201
262,40000000	0,54925983
262,60000000	0,55131112
262,80000000	0,54462751
263,00000000	0,60528162
263,20000000	0,56159546
263,40000000	0,54834843
263,60000000	0,59927526
263,80000000	0,59488828
264,00000000	0,58981172
264,20000000	0,60708350
264,40000000	0,60293191
264,60000000	0,63525499
264,80000000	0,60412157
265,00000000	0,63995017
265,20000000	0,66179905
265,40000000	0,63830065
265,60000000	0,65738715
265,80000000	0,67606245
266,00000000	0,67112862
266,20000000	0,68792493
266,40000000	0,68817093
266,60000000	0,71333185
266,80000000	0,72203474
267,00000000	0,70505155
267,20000000	0,73216573
267,40000000	0,75854246
267,60000000	0,75093866
267,80000000	0,76093342
268,00000000	0,76779788
268,20000000	0,79285391
268,40000000	0,77169308
268,60000000	0,78873474
268,80000000	0,79506022
269,00000000	0,81301147
269,20000000	0,81663845
269,40000000	0,83094269
269,60000000	0,83089305
269,80000000	0,84126223
270,00000000	0,83671650
270,20000000	0,84143873
270,40000000	0,85262638
270,60000000	0,86176993
270,80000000	0,84411343
271,00000000	0,86729520
271,20000000	0,85749244
271,40000000	0,84431889
271,60000000	0,85990390
271,80000000	0,84757247
272,00000000	0,83832698
272,20000000	0,84625142
272,40000000	0,82820983
272,60000000	0,83920397
272,80000000	0,83391519
273,00000000	0,79390137
273,20000000	0,83248928
273,40000000	0,80345477
273,60000000	0,77612372
273,80000000	0,80515172
274,00000000	0,78044658
274,20000000	0,76310084
274,40000000	0,75347155
274,60000000	0,76370441
274,80000000	0,75120005
275,00000000	0,75841476
275,20000000	0,72136798
275,40000000	0,73393368
275,60000000	0,74625840
275,80000000	0,71483597
276,00000000	0,69750752
276,20000000	0,73485625
276,40000000	0,71348468
276,60000000	0,68797227
276,80000000	0,69960466
277,00000000	0,72470394
277,20000000	0,69340987
277,40000000	0,69727327
277,60000000	0,68591256
277,80000000	0,71818074
278,00000000	0,73673707
278,20000000	0,70283712
278,40000000	0,71666702
278,60000000	0,71821189
278,80000000	0,70911664
279,00000000	0,72665891
279,20000000	0,73591935
279,40000000	0,69892521
279,60000000	0,70843725
279,80000000	0,72307067
280,00000000	0,72502160
280,20000000	0,72009246
280,40000000	0,70652518
280,60000000	0,69364533
280,80000000	0,69540387
281,00000000	0,67543468
281,20000000	0,68406741
281,40000000	0,64871053
281,60000000	0,63013600
281,80000000	0,63927384
282,00000000	0,61490079
282,20000000	0,60433840
282,40000000	0,56810912
282,60000000	0,57058982
282,80000000	0,54764157
283,00000000	0,52228983
283,20000000	0,50999223
283,40000000	0,51935554
283,60000000	0,45431182
283,80000000	0,46672701
284,00000000	0,46622210
284,20000000	0,45626679
284,40000000	0,44164051
284,60000000	0,39992415
284,80000000	0,40937539
285,00000000	0,41252515
285,20000000	0,37390467
285,40000000	0,37590197
285,60000000	0,37487743
285,80000000	0,35721583
286,00000000	0,36201291
286,20000000	0,34472653
286,40000000	0,34640482
286,60000000	0,33995063
286,80000000	0,33393478
287,00000000	0,34629200
287,20000000	0,28423205
287,40000000	0,28086352
287,60000000	0,30399926
287,80000000	0,31119897
288,00000000	0,32561541
288,20000000	0,29508629
288,40000000	0,27387664
288,60000000	0,31038375
288,80000000	0,27329799
289,00000000	0,29553481
289,20000000	0,28555509
289,40000000	0,28396086
289,60000000	0,27103965
289,80000000	0,24872703
290,00000000	0,25254954
290,20000000	0,25690112
290,40000000	0,26780871
290,60000000	0,26231395
290,80000000	0,25057487
291,00000000	0,25838123
291,20000000	0,24246449
291,40000000	0,23281795
291,60000000	0,25308665
291,80000000	0,25205838
292,00000000	0,21541319
292,20000000	0,24011155
292,40000000	0,25128476
292,60000000	0,22476212
292,80000000	0,25029429
293,00000000	0,21030918
293,20000000	0,23344051
293,40000000	0,26256719
293,60000000	0,23754238
293,80000000	0,21708996
294,00000000	0,21939699
294,20000000	0,23438366
294,40000000	0,23360917
294,60000000	0,22741961
294,80000000	0,23465920
295,00000000	0,20819709
295,20000000	0,22217499
295,40000000	0,22641248
295,60000000	0,22584521
295,80000000	0,21118227
296,00000000	0,20696840
296,20000000	0,23188528
296,40000000	0,21340933
296,60000000	0,22320820
296,80000000	0,21293648
297,00000000	0,22108770
297,20000000	0,22777645
297,40000000	0,18586667
297,60000000	0,20761729
297,80000000	0,21378044
298,00000000	0,22138148
298,20000000	0,21894735
298,40000000	0,20398597
298,60000000	0,20571974
298,80000000	0,20907393
299,00000000	0,21040453
299,20000000	0,21415105
299,40000000	0,21205360
299,60000000	0,20808707
299,80000000	0,19714566
300,00000000	0,20149857
300,20000000	0,20313950
300,40000000	0,21456994
300,60000000	0,21033113
300,80000000	0,18480605
301,00000000	0,21848339
301,20000000	0,19947533
301,40000000	0,19254372
301,60000000	0,19237686
301,80000000	0,19442101
302,00000000	0,19538699
302,20000000	0,21262343
302,40000000	0,19485915
302,60000000	0,18955391
302,80000000	0,18577531
303,00000000	0,19790628
303,20000000	0,19432355
303,40000000	0,18716791
303,60000000	0,18861348
303,80000000	0,19048133
304,00000000	0,20501154
304,20000000	0,19438292
304,40000000	0,18294051
304,60000000	0,20025450
304,80000000	0,18521408
305,00000000	0,18110934
305,20000000	0,19252765
305,40000000	0,19740159
305,60000000	0,19218754
305,80000000	0,18895355
306,00000000	0,18491559
306,20000000	0,18262141
306,40000000	0,18945326
306,60000000	0,18648963
306,80000000	0,17779591
307,00000000	0,18756667
307,20000000	0,18268836
307,40000000	0,17584009
307,60000000	0,18718106
307,80000000	0,18431958
308,00000000	0,18199028
308,20000000	0,18900455
308,40000000	0,19135188
308,60000000	0,17495226
308,80000000	0,17970479
309,00000000	0,17650778
309,20000000	0,17764760
309,40000000	0,18329071
309,60000000	0,18152076
309,80000000	0,17702063
310,00000000	0,17739213
310,20000000	0,17871523
310,40000000	0,18073825
310,60000000	0,17883693
310,80000000	0,17594596
311,00000000	0,18236642
311,20000000	0,17322001
311,40000000	0,17639301
311,60000000	0,17601122
311,80000000	0,17462839
312,00000000	0,18251149
312,20000000	0,17958292
312,40000000	0,18353764
312,60000000	0,18683097
312,80000000	0,17965788
313,00000000	0,16884627
313,20000000	0,17366220
313,40000000	0,17903255
313,60000000	0,17531869
313,80000000	0,17672383
314,00000000	0,18343307
314,20000000	0,17958398
314,40000000	0,17419685
314,60000000	0,17647488
314,80000000	0,18298525
315,00000000	0,17866077
315,20000000	0,18038454
315,40000000	0,17653083
315,60000000	0,17910880
315,80000000	0,18043600
316,00000000	0,17536612
316,20000000	0,18224895
316,40000000	0,18181923
316,60000000	0,17598945
316,80000000	0,17364553
317,00000000	0,18129553
317,20000000	0,18286727
317,40000000	0,18233014
317,60000000	0,17664764
317,80000000	0,17427068
318,00000000	0,17990424
318,20000000	0,19116078
318,40000000	0,17780244
318,60000000	0,17976289
318,80000000	0,18297838
319,00000000	0,18355863
319,20000000	0,18560721
319,40000000	0,18509211
319,60000000	0,18675240
319,80000000	0,18632752
320,00000000	0,19082260
320,20000000	0,19199325
320,40000000	0,18768281
320,60000000	0,18723448
320,80000000	0,18924354
321,00000000	0,18742166
321,20000000	0,19700391
321,40000000	0,19502661
321,60000000	0,19223812
321,80000000	0,20100527
322,00000000	0,19594983
322,20000000	0,19804429
322,40000000	0,19850742
322,60000000	0,20136531
322,80000000	0,21127865
323,00000000	0,21206664
323,20000000	0,21124356
323,40000000	0,21432531
323,60000000	0,21080010
323,80000000	0,21299571
324,00000000	0,21991239
324,20000000	0,21782701
324,40000000	0,22047945
324,60000000	0,22101817
324,80000000	0,22145150
325,00000000	0,21996617
325,20000000	0,22289753
325,40000000	0,21980471
325,60000000	0,22264325
325,80000000	0,22149392
326,00000000	0,22327415
326,20000000	0,22291851
326,40000000	0,21568639
326,60000000	0,21844790
326,80000000	0,21470802
327,00000000	0,21248279
327,20000000	0,21307912
327,40000000	0,21182472
327,60000000	0,21491748
327,80000000	0,20912032
328,00000000	0,20608948
328,20000000	0,20253745
328,40000000	0,19981063
328,60000000	0,19966607
328,80000000	0,20135769
329,00000000	0,20031913
329,20000000	0,19991503
329,40000000	0,19357990
329,60000000	0,19125456
329,80000000	0,19093000
330,00000000	0,18693087
330,20000000	0,18911884
330,40000000	0,19003026
330,60000000	0,18887318
330,80000000	0,18717534
331,00000000	0,18481753
331,20000000	0,17771476
331,40000000	0,18346171
331,60000000	0,17971810
331,80000000	0,18009874
332,00000000	0,18297256
332,20000000	0,17802513
332,40000000	0,17996699
332,60000000	0,17918527
332,80000000	0,17144269
333,00000000	0,17617772
333,20000000	0,17450785
333,40000000	0,17433412
333,60000000	0,17539729
333,80000000	0,17336152
334,00000000	0,17182465
334,20000000	0,17137245
334,40000000	0,16940320
334,60000000	0,17099792
334,80000000	0,16933005
335,00000000	0,16829777
335,20000000	0,17150562
335,40000000	0,16905619
335,60000000	0,17085447
335,80000000	0,17003464
336,00000000	0,16471829
336,20000000	0,16515407
336,40000000	0,16586139
336,60000000	0,16519520
336,80000000	0,16996100
337,00000000	0,16465867
337,20000000	0,16346565
337,40000000	0,16604360
337,60000000	0,16378597
337,80000000	0,16458073
338,00000000	0,16540151
338,20000000	0,15949695
338,40000000	0,16326227
338,60000000	0,16709857
338,80000000	0,16094685
339,00000000	0,16314980
339,20000000	0,16340548
339,40000000	0,15750777
339,60000000	0,16151752
339,80000000	0,16285570
340,00000000	0,15853350
340,20000000	0,16157708
340,40000000	0,16127750
340,60000000	0,15821103
340,80000000	0,16186596
341,00000000	0,16120733
341,20000000	0,15642593
341,40000000	0,16019958
341,60000000	0,15982097
341,80000000	0,15851835
342,00000000	0,16059177
342,20000000	0,15848383
342,40000000	0,15584279
342,60000000	0,15858699
342,80000000	0,15865437
343,00000000	0,15645867
343,20000000	0,15915125
343,40000000	0,15774858
343,60000000	0,15761296
343,80000000	0,15839780
344,00000000	0,15686580
344,20000000	0,15645757
344,40000000	0,15690532
344,60000000	0,15586765
344,80000000	0,15678922
345,00000000	0,15753531
345,20000000	0,15544703
345,40000000	0,15597691
345,60000000	0,15649729
345,80000000	0,15575109
346,00000000	0,15545210
346,20000000	0,15616799
346,40000000	0,15517582
346,60000000	0,15472884
346,80000000	0,15517631
347,00000000	0,15548723
347,20000000	0,15454353
347,40000000	0,15490260
347,60000000	0,15502341
347,80000000	0,15386482
348,00000000	0,15416598
348,20000000	0,15478123
348,40000000	0,15389447
348,60000000	0,15356964
348,80000000	0,15478738
349,00000000	0,15384402
349,20000000	0,15360259
349,40000000	0,15413162
349,60000000	0,15334861
349,80000000	0,15275088
350,00000000	0,15364920
350,20000000	0,15356575
350,40000000	0,15271189
350,60000000	0,15365809
350,80000000	0,15360315
351,00000000	0,15214821
351,20000000	0,15212816
351,40000000	0,15338667
351,60000000	0,15238600
351,80000000	0,15180001
352,00000000	0,15307171
352,20000000	0,15225788
352,40000000	0,15116701
352,60000000	0,15213334
352,80000000	0,15313109
353,00000000	0,15138798
353,20000000	0,15175036
353,40000000	0,15242568
353,60000000	0,15133295
353,80000000	0,15061611
354,00000000	0,15188567
354,20000000	0,15215082
354,40000000	0,15081842
354,60000000	0,15112261
354,80000000	0,15141785
355,00000000	0,15124112
355,20000000	0,15057023
355,40000000	0,15173431
355,60000000	0,15075321
355,80000000	0,14970937
356,00000000	0,15007993
356,20000000	0,15127104
356,40000000	0,15138470
356,60000000	0,15060611
356,80000000	0,15056189
357,00000000	0,14962028
357,20000000	0,14948383
357,40000000	0,14953459
357,60000000	0,15122721
357,80000000	0,15124640
358,00000000	0,14975257
358,20000000	0,14922366
358,40000000	0,14912066
358,60000000	0,14980755
358,80000000	0,14905046
359,00000000	0,15044101
359,20000000	0,14944609
359,40000000	0,14842533
359,60000000	0,14833675
359,80000000	0,14954907
360,00000000	0,14996502
360,20000000	0,14808793
360,40000000	0,14908995
360,60000000	0,14790615
360,80000000	0,14789802
361,00000000	0,14784168
361,20000000	0,15008568
361,40000000	0,14832916
361,60000000	0,14672928
361,80000000	0,14771532
362,00000000	0,14856636
362,20000000	0,14807199
362,40000000	0,14687262
362,60000000	0,14921967
362,80000000	0,14721453
363,00000000	0,14649269
363,20000000	0,14670041
363,40000000	0,14864743
363,60000000	0,14751208
363,80000000	0,14619347
364,00000000	0,14798641
364,20000000	0,14678835
364,40000000	0,14580410
364,60000000	0,14538892
364,80000000	0,14787363
365,00000000	0,14743362
365,20000000	0,14614595
365,40000000	0,14634689
365,60000000	0,14605578
365,80000000	0,14585696
366,00000000	0,14389120
366,20000000	0,14732131
366,40000000	0,14710652
366,60000000	0,14625707
366,80000000	0,14443925
367,00000000	0,14462735
367,20000000	0,14739373
367,40000000	0,14454417
367,60000000	0,14621941
367,80000000	0,14588605
368,00000000	0,14482001
368,20000000	0,14159393
368,40000000	0,14269934
368,60000000	0,14725980
368,80000000	0,14661316
369,00000000	0,14583360
369,20000000	0,14383086
369,40000000	0,14319355
369,60000000	0,14189434
369,80000000	0,14208292
370,00000000	0,14824924
370,20000000	0,14601197
370,40000000	0,14488419
370,60000000	0,14157981
370,80000000	0,14276539
371,00000000	0,14407659
371,20000000	0,14270674
371,40000000	0,14418889
371,60000000	0,14316949
371,80000000	0,14548433
372,00000000	0,14025229
372,20000000	0,14256742
372,40000000	0,14709184
372,60000000	0,14414712
372,80000000	0,14383355
373,00000000	0,14017305
373,20000000	0,14395118
373,40000000	0,14253160
373,60000000	0,14214991
373,80000000	0,14412855
374,00000000	0,14484986
374,20000000	0,14532193
374,40000000	0,14029096
374,60000000	0,14288329
374,80000000	0,14264755
375,00000000	0,13885216
375,20000000	0,14163984
375,40000000	0,14298296
375,60000000	0,14657684
375,80000000	0,14349416
376,00000000	0,14112644
376,20000000	0,14008097
376,40000000	0,13831126
376,60000000	0,14260410
376,80000000	0,14291034
377,00000000	0,14568887
377,20000000	0,14445949
377,40000000	0,14008216
377,60000000	0,14058212
377,80000000	0,14033925
378,00000000	0,14367623
378,20000000	0,14343559
378,40000000	0,14387619
378,60000000	0,14344535
378,80000000	0,14137294
379,00000000	0,13938995
379,20000000	0,13967256
379,40000000	0,14461662
379,60000000	0,14534213
379,80000000	0,14118976
380,00000000	0,14158492
380,20000000	0,13856886
380,40000000	0,13970205
380,60000000	0,14144825
380,80000000	0,14561286
381,00000000	0,14582621
381,20000000	0,14090115
381,40000000	0,13920018
381,60000000	0,13579889
381,80000000	0,13945659
382,00000000	0,14258387
382,20000000	0,14297286
382,40000000	0,14359628
382,60000000	0,14121835
382,80000000	0,13927428
383,00000000	0,14034069
383,20000000	0,13994312
383,40000000	0,14245918
383,60000000	0,14202936
383,80000000	0,14209419
384,00000000	0,13999362
384,20000000	0,14059775
384,40000000	0,14202966
384,60000000	0,13792020
384,80000000	0,14077207
385,00000000	0,14114022
385,20000000	0,13825100
385,40000000	0,14001888
385,60000000	0,14234806
385,80000000	0,14188510
386,00000000	0,14196500
386,20000000	0,13879749
386,40000000	0,13859167
386,60000000	0,13605527
386,80000000	0,13994761
387,00000000	0,14395198
387,20000000	0,14034853
387,40000000	0,14196007
387,60000000	0,13963968
387,80000000	0,13692047
388,00000000	0,13788107
388,20000000	0,13812277
388,40000000	0,14015203
388,60000000	0,14137756
388,80000000	0,14020389
389,00000000	0,13947184
389,20000000	0,13825470
389,40000000	0,13926667
389,60000000	0,13891771
389,80000000	0,14541660
390,00000000	0,14196612
390,20000000	0,13856746
390,40000000	0,13870094
390,60000000	0,13659357
390,80000000	0,14016027
391,00000000	0,13835371
391,20000000	0,13875287
391,40000000	0,14080232
391,60000000	0,14169525
391,80000000	0,13800868
392,00000000	0,13761193
392,20000000	0,14231024
392,40000000	0,13931248
392,60000000	0,13725982
392,80000000	0,14130597
393,00000000	0,14298034
393,20000000	0,13915606
393,40000000	0,13744110
393,60000000	0,13993692
393,80000000	0,13851913
394,00000000	0,13810695
394,20000000	0,13965737
394,40000000	0,13935080
394,60000000	0,13784132
394,80000000	0,14123200
395,00000000	0,14238485
395,20000000	0,14118574
395,40000000	0,13804169
395,60000000	0,13667932
395,80000000	0,13495950
396,00000000	0,14156093
396,20000000	0,14122198
396,40000000	0,13928168
396,60000000	0,14048852
396,80000000	0,14286387
397,00000000	0,13960250
397,20000000	0,13969114
397,40000000	0,14276730
397,60000000	0,14316201
397,80000000	0,14214272
398,00000000	0,14391048
398,20000000	0,14335442
398,40000000	0,13976076
398,60000000	0,14220349
398,80000000	0,14580298
399,00000000	0,14192494
399,20000000	0,14309001
399,40000000	0,14253746
399,60000000	0,14165086
399,80000000	0,14109465
400,00000000	0,14442704
400,20000000	0,14487733
400,40000000	0,14224994
400,60000000	0,14401079
400,80000000	0,14163131
401,00000000	0,14168132
401,20000000	0,14463800
401,40000000	0,14642985
401,60000000	0,14345534
401,80000000	0,14466006
402,00000000	0,14764486
402,20000000	0,14183650
402,40000000	0,14125074
402,60000000	0,14261307
402,80000000	0,14421111
403,00000000	0,14219771
403,20000000	0,14548791
403,40000000	0,14550268
403,60000000	0,14079325
403,80000000	0,14220713
404,00000000	0,14410583
404,20000000	0,14427695
404,40000000	0,14367425
404,60000000	0,14443487
404,80000000	0,14463066
405,00000000	0,14586261
405,20000000	0,14627333
405,40000000	0,14163716
405,60000000	0,14113175
405,80000000	0,14732804
406,00000000	0,14030672
406,20000000	0,14432423
406,40000000	0,14688070
406,60000000	0,14070716
406,80000000	0,14326598
407,00000000	0,14165803
407,20000000	0,13856082
407,40000000	0,14377291
407,60000000	0,14337107
407,80000000	0,14460257
408,00000000	0,14424439
408,20000000	0,14859840
408,40000000	0,14690331
408,60000000	0,13962123
408,80000000	0,14767203
409,00000000	0,15115792
409,20000000	0,14400923
409,40000000	0,14400556
409,60000000	0,14437666
409,80000000	0,14307863
410,00000000	0,14329123
410,20000000	0,14369943
410,40000000	0,14759317
410,60000000	0,14800543
410,80000000	0,14443463
411,00000000	0,14471769
411,20000000	0,14264389
411,40000000	0,14252096
411,60000000	0,14601264
411,80000000	0,14414562
412,00000000	0,14787760
412,20000000	0,14409089
412,40000000	0,14731630
412,60000000	0,14927495
412,80000000	0,15155088
413,00000000	0,14921440
413,20000000	0,14443605
413,40000000	0,14754924
413,60000000	0,15008880
413,80000000	0,15233144
414,00000000	0,15047344
414,20000000	0,14887668
414,40000000	0,15777566
414,60000000	0,15077675
414,80000000	0,14972159
415,00000000	0,14940788
415,20000000	0,14278915
415,40000000	0,15391172
415,60000000	0,16015235
415,80000000	0,15343768
416,00000000	0,14899427
416,20000000	0,15167375
416,40000000	0,15286857
416,60000000	0,15117129
416,80000000	0,14985844
417,00000000	0,15204692
417,20000000	0,15473246
417,40000000	0,15240069
417,60000000	0,15434491
417,80000000	0,15538410
418,00000000	0,15178373
418,20000000	0,15912608
418,40000000	0,15697627
418,60000000	0,15563186
418,80000000	0,16124172
419,00000000	0,15670897
419,20000000	0,15671027
419,40000000	0,16128472
419,60000000	0,15932565
419,80000000	0,16049703
420,00000000	0,15523805
420,20000000	0,15773161
420,40000000	0,16269481
420,60000000	0,16069441
420,80000000	0,15751039
421,00000000	0,16508427
421,20000000	0,16255213
421,40000000	0,16160753
421,60000000	0,15846056
421,80000000	0,16206670
422,00000000	0,16189241
422,20000000	0,16397478
422,40000000	0,16150458
422,60000000	0,16515256
422,80000000	0,16677437
423,00000000	0,16739997
423,20000000	0,16986881
423,40000000	0,16878005
423,60000000	0,16823569
423,80000000	0,17310977
424,00000000	0,17404250
424,20000000	0,16737600
424,40000000	0,16404231
424,60000000	0,16517024
424,80000000	0,16936785
425,00000000	0,16546184
425,20000000	0,16291228
425,40000000	0,17196173
425,60000000	0,16697734
425,80000000	0,17089146
426,00000000	0,17039608
426,20000000	0,17207973
426,40000000	0,17804476
426,60000000	0,17270767
426,80000000	0,17379970
427,00000000	0,17294885
427,20000000	0,17393617
427,40000000	0,17503438
427,60000000	0,17311484
427,80000000	0,17828576
428,00000000	0,16905817
428,20000000	0,16511766
428,40000000	0,17128631
428,60000000	0,17355436
428,80000000	0,17066725
429,00000000	0,17553818
429,20000000	0,18397370
429,40000000	0,17918088
429,60000000	0,18392691
429,80000000	0,17926482
430,00000000	0,17785184
430,20000000	0,18261494
430,40000000	0,17624837
430,60000000	0,17908413
430,80000000	0,18462308
431,00000000	0,18215114
431,20000000	0,18420493
431,40000000	0,17885908
431,60000000	0,17844295
431,80000000	0,18861622
432,00000000	0,18804919
432,20000000	0,18829499
432,40000000	0,18480529
432,60000000	0,18020365
432,80000000	0,18523907
433,00000000	0,18864877
433,20000000	0,18395471
433,40000000	0,18511607
433,60000000	0,18913956
433,80000000	0,19059980
434,00000000	0,18997109
434,20000000	0,18699744
434,40000000	0,19390682
434,60000000	0,19655118
434,80000000	0,20243232
435,00000000	0,19251314
435,20000000	0,17944397
435,40000000	0,19014997
435,60000000	0,19338808
435,80000000	0,19019290
436,00000000	0,20368968
436,20000000	0,20222474
436,40000000	0,20060910
436,60000000	0,20102482
436,80000000	0,19974174
437,00000000	0,19411995
437,20000000	0,20290709
437,40000000	0,20610274
437,60000000	0,19066045
437,80000000	0,19310225
438,00000000	0,19808791
438,20000000	0,19851489
438,40000000	0,20498944
438,60000000	0,20782826
438,80000000	0,21094483
439,00000000	0,20408803
439,20000000	0,20222108
439,40000000	0,21141045
439,60000000	0,20850543
439,80000000	0,20729524
440,00000000	0,21555538
440,20000000	0,20696484
440,40000000	0,20696913
440,60000000	0,21064419
440,80000000	0,20591465
441,00000000	0,21077752
441,20000000	0,21340173
441,40000000	0,21847371
441,60000000	0,21890484
441,80000000	0,21218096
442,00000000	0,21065045
442,20000000	0,21144645
442,40000000	0,22178411
442,60000000	0,22656438
442,80000000	0,22509492
443,00000000	0,22178311
443,20000000	0,22547431
443,40000000	0,22111187
443,60000000	0,21945735
443,80000000	0,22022423
444,00000000	0,22160141
444,20000000	0,23001760
444,40000000	0,23291273
444,60000000	0,23580448
444,80000000	0,23072560
445,00000000	0,22326280
445,20000000	0,22832070
445,40000000	0,23640194
445,60000000	0,23513999
445,80000000	0,23165935
446,00000000	0,23728735
446,20000000	0,24973397
446,40000000	0,24394134
446,60000000	0,24616269
446,80000000	0,24816736
447,00000000	0,23871333
447,20000000	0,24433040
447,40000000	0,24722705
447,60000000	0,24455848
447,80000000	0,24418921
448,00000000	0,24491832
448,20000000	0,25097624
448,40000000	0,26373989
448,60000000	0,25882973
448,80000000	0,24934779
449,00000000	0,24901710
449,20000000	0,24723028
449,40000000	0,26039114
449,60000000	0,26774794
449,80000000	0,25910702
450,00000000	0,26177875
450,20000000	0,26843704
450,40000000	0,26236228
450,60000000	0,26553426
450,80000000	0,26873048
451,00000000	0,26471906
451,20000000	0,26248751
451,40000000	0,26872912
451,60000000	0,27622821
451,80000000	0,28521898
452,00000000	0,28206204
452,20000000	0,27232897
452,40000000	0,26839002
452,60000000	0,27511389
452,80000000	0,28910860
453,00000000	0,28592273
453,20000000	0,28441786
453,40000000	0,29095152
453,60000000	0,28508384
453,80000000	0,28318750
454,00000000	0,28109563
454,20000000	0,28638733
454,40000000	0,30020228
454,60000000	0,28816550
454,80000000	0,28523548
455,00000000	0,28698606
455,20000000	0,28637444
455,40000000	0,29207157
455,60000000	0,29152861
455,80000000	0,29965015
456,00000000	0,30120665
456,20000000	0,30090999
456,40000000	0,30633583
456,60000000	0,29996492
456,80000000	0,30182466
457,00000000	0,30503764
457,20000000	0,30533486
457,40000000	0,30316540
457,60000000	0,30687503
457,80000000	0,30208035
458,00000000	0,30480447
458,20000000	0,30961964
458,40000000	0,31161289
458,60000000	0,31484626
458,80000000	0,31653191
459,00000000	0,31566119
459,20000000	0,31846288
459,40000000	0,32158923
459,60000000	0,32303858
459,80000000	0,32455540
460,00000000	0,32418401
460,20000000	0,32522443
460,40000000	0,32266478
460,60000000	0,32341990
460,80000000	0,32545125
461,00000000	0,32928942
461,20000000	0,33104362
461,40000000	0,32760241
461,60000000	0,33087337
461,80000000	0,33203469
462,00000000	0,33732239
462,20000000	0,34127882
462,40000000	0,33703455
462,60000000	0,33816628
462,80000000	0,34626656
463,00000000	0,34964653
463,20000000	0,34804489
463,40000000	0,34883820
463,60000000	0,35043164
463,80000000	0,35098237
464,00000000	0,35602180
464,20000000	0,35049385
464,40000000	0,34730416
464,60000000	0,36505231
464,80000000	0,37444237
465,00000000	0,36711549
465,20000000	0,37035565
465,40000000	0,36613648
465,60000000	0,35825273
465,80000000	0,36717273
466,00000000	0,36258085
466,20000000	0,35668492
466,40000000	0,37340829
466,60000000	0,37296198
466,80000000	0,36882751
467,00000000	0,38095595
467,20000000	0,38725220
467,40000000	0,38086808
467,60000000	0,38769123
467,80000000	0,38505713
468,00000000	0,37893758
468,20000000	0,39665271
468,40000000	0,38955606
468,60000000	0,38855923
468,80000000	0,39202382
469,00000000	0,39088305
469,20000000	0,38790420
469,40000000	0,39674577
469,60000000	0,40528273
469,80000000	0,41582489
470,00000000	0,41588779
470,20000000	0,40958575
470,40000000	0,41940528
470,60000000	0,41858579
470,80000000	0,41445883
471,00000000	0,41876484
471,20000000	0,42322193
471,40000000	0,42235638
471,60000000	0,42944200
471,80000000	0,42677813
472,00000000	0,43024989
472,20000000	0,43650305
472,40000000	0,43336081
472,60000000	0,43574825
472,80000000	0,44685367
473,00000000	0,44076915
473,20000000	0,44083631
473,40000000	0,45457767
473,60000000	0,45538977
473,80000000	0,45051703
474,00000000	0,46077801
474,20000000	0,46623976
474,40000000	0,46507249
474,60000000	0,46986957
474,80000000	0,46545543
475,00000000	0,46407577
475,20000000	0,46994513
475,40000000	0,47302365
475,60000000	0,47386475
475,80000000	0,47538638
476,00000000	0,48355678
476,20000000	0,49526540
476,40000000	0,49489157
476,60000000	0,48942358
476,80000000	0,48524303
477,00000000	0,48751536
477,20000000	0,49710406
477,40000000	0,50178147
477,60000000	0,50622622
477,80000000	0,50901248
478,00000000	0,50238137
478,20000000	0,50859325
478,40000000	0,51409608
478,60000000	0,51803611
478,80000000	0,52333919
479,00000000	0,52335551
479,20000000	0,52325537
479,40000000	0,52314656
479,60000000	0,52784045
479,80000000	0,53617547
480,00000000	0,53998829
480,20000000	0,54017853
480,40000000	0,54133118
480,60000000	0,54809588
480,80000000	0,54687707
481,00000000	0,54278746
481,20000000	0,54738206
481,40000000	0,55352233
481,60000000	0,55458364
481,80000000	0,55332552
482,00000000	0,55970976
482,20000000	0,56489405
482,40000000	0,56524190
482,60000000	0,56084459
482,80000000	0,56375417
483,00000000	0,57264258
483,20000000	0,58376539
483,40000000	0,58634910
483,60000000	0,58356326
483,80000000	0,58474051
484,00000000	0,58396417
484,20000000	0,58468939
484,40000000	0,58528906
484,60000000	0,58605462
484,80000000	0,58781364
485,00000000	0,59250248
485,20000000	0,59476401
485,40000000	0,59505084
485,60000000	0,59680313
485,80000000	0,60205789
486,00000000	0,60690037
486,20000000	0,61113661
486,40000000	0,60833301
486,60000000	0,60732963
486,80000000	0,61694248
487,00000000	0,62028364
487,20000000	0,62056082
487,40000000	0,61582587
487,60000000	0,61347824
487,80000000	0,61944176
488,00000000	0,62012172
488,20000000	0,62693696
488,40000000	0,63019321
488,60000000	0,63205301
488,80000000	0,63402619
489,00000000	0,63347142
489,20000000	0,63489732
489,40000000	0,63817799
489,60000000	0,64047114
489,80000000	0,63637123
490,00000000	0,63969496
490,20000000	0,64304440
490,40000000	0,64680357
490,60000000	0,65544895
490,80000000	0,65659085
491,00000000	0,65317177
491,20000000	0,65185612
491,40000000	0,65500677
491,60000000	0,65860509
491,80000000	0,66340213
492,00000000	0,66186599
492,20000000	0,65944380
492,40000000	0,66296360
492,60000000	0,67043164
492,80000000	0,67312753
493,00000000	0,67293610
493,20000000	0,67208220
493,40000000	0,67271385
493,60000000	0,67745698
493,80000000	0,67991471
494,00000000	0,68256587
494,20000000	0,69078194
494,40000000	0,69367527
494,60000000	0,69021144
494,80000000	0,69254681
495,00000000	0,69669061
495,20000000	0,69401242
495,40000000	0,69661687
495,60000000	0,69743783
495,80000000	0,69514808
496,00000000	0,69840678
496,20000000	0,70006394
496,40000000	0,70429696
496,60000000	0,71132224
496,80000000	0,71130843
497,00000000	0,71126215
497,20000000	0,71387127
497,40000000	0,71210157
497,60000000	0,71593170
497,80000000	0,71955035
498,00000000	0,71972114
498,20000000	0,72256087
498,40000000	0,72764630
498,60000000	0,72884602
498,80000000	0,73005973
499,00000000	0,73400783
499,20000000	0,73345375
499,40000000	0,73212395
499,60000000	0,73705614
499,80000000	0,74128088
500,00000000	0,73944144
500,20000000	0,74114244
500,40000000	0,74572266
500,60000000	0,74641587
500,80000000	0,74714428
501,00000000	0,74851307
501,20000000	0,75217372
501,40000000	0,75419847
501,60000000	0,75299797
501,80000000	0,75739900
502,00000000	0,75906826
502,20000000	0,75660124
502,40000000	0,75950946
502,60000000	0,76421377
502,80000000	0,76513785
503,00000000	0,76592060
503,20000000	0,76719659
503,40000000	0,76780486
503,60000000	0,77105646
503,80000000	0,77315879
504,00000000	0,77479392
504,20000000	0,77720554
504,40000000	0,77927424
504,60000000	0,77876531
504,80000000	0,78235632
505,00000000	0,78357420
505,20000000	0,78325931
505,40000000	0,78617924
505,60000000	0,78726456
505,80000000	0,78813860
506,00000000	0,79036988
506,20000000	0,79457832
506,40000000	0,79663445
506,60000000	0,79716297
506,80000000	0,79821043
507,00000000	0,79923190
507,20000000	0,80207634
507,40000000	0,80123754
507,60000000	0,80288540
507,80000000	0,80445211
508,00000000	0,80434211
508,20000000	0,80450267
508,40000000	0,80488527
508,60000000	0,80715880
508,80000000	0,80870013
509,00000000	0,81101874
509,20000000	0,81420809
509,40000000	0,81393845
509,60000000	0,81743218
509,80000000	0,81819324
510,00000000	0,81789055
510,20000000	0,81910517
510,40000000	0,81987064
510,60000000	0,82215230
510,80000000	0,82501979
511,00000000	0,82758956
511,20000000	0,82840308
511,40000000	0,82853326
511,60000000	0,83008960
511,80000000	0,83143094
512,00000000	0,83035490
512,20000000	0,83334904
512,40000000	0,83584729
512,60000000	0,83690096
512,80000000	0,83999542
513,00000000	0,84026830
513,20000000	0,84054908
513,40000000	0,84053471
513,60000000	0,84087692
513,80000000	0,84422936
514,00000000	0,84634654
514,20000000	0,84690325
514,40000000	0,84800065
514,60000000	0,84988950
514,80000000	0,85123677
515,00000000	0,85323987
515,20000000	0,85387560
515,40000000	0,85260587
515,60000000	0,85385326
515,80000000	0,85624162
516,00000000	0,85767945
516,20000000	0,85977365
516,40000000	0,86238407
516,60000000	0,86522902
516,80000000	0,86671814
517,00000000	0,86690929
517,20000000	0,86779372
517,40000000	0,86866502
517,60000000	0,86945821
517,80000000	0,87241821
518,00000000	0,87402415
518,20000000	0,87420241
518,40000000	0,87430385
518,60000000	0,87591323
518,80000000	0,87925940
519,00000000	0,88081441
519,20000000	0,88071132
519,40000000	0,88282573
519,60000000	0,88547806
519,80000000	0,88771202
520,00000000	0,88870764
520,20000000	0,88927557
520,40000000	0,89084892
520,60000000	0,89343273
520,80000000	0,89481060
521,00000000	0,89484685
521,20000000	0,89587676
521,40000000	0,89858562
521,60000000	0,90043162
521,80000000	0,90136702
522,00000000	0,90238412
522,20000000	0,90421998
522,40000000	0,90627203
522,60000000	0,90700519
522,80000000	0,90747526
523,00000000	0,90820033
523,20000000	0,90872984
523,40000000	0,91091958
523,60000000	0,91438000
523,80000000	0,91624993
524,00000000	0,91728877
524,20000000	0,91773226
524,40000000	0,91831485
524,60000000	0,91985346
524,80000000	0,92215344
525,00000000	0,92394472
525,20000000	0,92463649
525,40000000	0,92557014
525,60000000	0,92761752
525,80000000	0,92905208
526,00000000	0,93011203
526,20000000	0,93164668
526,40000000	0,93319476
526,60000000	0,93462782
526,80000000	0,93649490
527,00000000	0,93819683
527,20000000	0,93863902
527,40000000	0,93938179
527,60000000	0,94041295
527,80000000	0,94121087
528,00000000	0,94251377
528,20000000	0,94439580
528,40000000	0,94626439
528,60000000	0,94742871
528,80000000	0,94773231
529,00000000	0,94809310
529,20000000	0,94949827
529,40000000	0,95168380
529,60000000	0,95262337
529,80000000	0,95303128
530,00000000	0,95373745
530,20000000	0,95478235
530,40000000	0,95619803
530,60000000	0,95722976
530,80000000	0,95798639
531,00000000	0,95891237
531,20000000	0,95982163
531,40000000	0,96051077
531,60000000	0,96123352
531,80000000	0,96227166
532,00000000	0,96357242
532,20000000	0,96435836
532,40000000	0,96462369
532,60000000	0,96541887
532,80000000	0,96682329
533,00000000	0,96754518
533,20000000	0,96794517
533,40000000	0,96832675
533,60000000	0,96895506
533,80000000	0,96993226
534,00000000	0,97022630
534,20000000	0,97081620
534,40000000	0,97181273
534,60000000	0,97223184
534,80000000	0,97239796
535,00000000	0,97260275
535,20000000	0,97321578
535,40000000	0,97345166
535,60000000	0,97419203
535,80000000	0,97502542
536,00000000	0,97521384
536,20000000	0,97553319
536,40000000	0,97566355
536,60000000	0,97594759
536,80000000	0,97629014
537,00000000	0,97670430
537,20000000	0,97745383
537,40000000	0,97778577
537,60000000	0,97826127
537,80000000	0,97858359
538,00000000	0,97844583
538,20000000	0,97876584
538,40000000	0,97913118
538,60000000	0,97926843
538,80000000	0,97988442
539,00000000	0,98022244
539,20000000	0,98011173
539,40000000	0,98027044
539,60000000	0,98053961
539,80000000	0,98096611
540,00000000	0,98106237
540,20000000	0,98114488
540,40000000	0,98125696
540,60000000	0,98136555
540,80000000	0,98148242
541,00000000	0,98171282
541,20000000	0,98185382
541,40000000	0,98186138
541,60000000	0,98211577
541,80000000	0,98210949
542,00000000	0,98208884
542,20000000	0,98246497
542,40000000	0,98259907
542,60000000	0,98236200
542,80000000	0,98251620
543,00000000	0,98290551
543,20000000	0,98312177
543,40000000	0,98326369
543,60000000	0,98337049
543,80000000	0,98321147
544,00000000	0,98288450
544,20000000	0,98283532
544,40000000	0,98311779
544,60000000	0,98311331
544,80000000	0,98318852
545,00000000	0,98398986
545,20000000	0,98442953
545,40000000	0,98399765
545,60000000	0,98381976
545,80000000	0,98412060
546,00000000	0,98445357
546,20000000	0,98456584
546,40000000	0,98473963
546,60000000	0,98494463
546,80000000	0,98484365
547,00000000	0,98490493
547,20000000	0,98521067
547,40000000	0,98506966
547,60000000	0,98500919
547,80000000	0,98536842
548,00000000	0,98575671
548,20000000	0,98601933
548,40000000	0,98633142
548,60000000	0,98647754
548,80000000	0,98649337
549,00000000	0,98656617
549,20000000	0,98653675
549,40000000	0,98680205
549,60000000	0,98703646
549,80000000	0,98708622
550,00000000	0,98734690
550,20000000	0,98751483
550,40000000	0,98786477
550,60000000	0,98835340
550,80000000	0,98829290
551,00000000	0,98797120
551,20000000	0,98814730
551,40000000	0,98861791
551,60000000	0,98882483
551,80000000	0,98907600
552,00000000	0,98954450
552,20000000	0,98977320
552,40000000	0,98977779
552,60000000	0,98987764
552,80000000	0,99000060
553,00000000	0,99000903
553,20000000	0,99051192
553,40000000	0,99115761
553,60000000	0,99106147
553,80000000	0,99107072
554,00000000	0,99162306
554,20000000	0,99186105
554,40000000	0,99174638
554,60000000	0,99183012
554,80000000	0,99226842
555,00000000	0,99266988
555,20000000	0,99277665
555,40000000	0,99306175
555,60000000	0,99342066
555,80000000	0,99349232
556,00000000	0,99368560
556,20000000	0,99402195
556,40000000	0,99415963
556,60000000	0,99431731
556,80000000	0,99457547
557,00000000	0,99484460
557,20000000	0,99499287
557,40000000	0,99511397
557,60000000	0,99532729
557,80000000	0,99552534
558,00000000	0,99576035
558,20000000	0,99599346
558,40000000	0,99623829
558,60000000	0,99647226
558,80000000	0,99664691
559,00000000	0,99691047
559,20000000	0,99721254
559,40000000	0,99741023
559,60000000	0,99752656
559,80000000	0,99768960
560,00000000	0,99785100
560,20000000	0,99792936
560,40000000	0,99801658
560,60000000	0,99812896
560,80000000	0,99830453
561,00000000	0,99849846
561,20000000	0,99862874
561,40000000	0,99874086
561,60000000	0,99889372
561,80000000	0,99899123
562,00000000	0,99905346
562,20000000	0,99918558
562,40000000	0,99931737
562,60000000	0,99935993
562,80000000	0,99939706
563,00000000	0,99950023
563,20000000	0,99960000
563,40000000	0,99967696
563,60000000	0,99974921
563,80000000	0,99982427
564,00000000	0,99983273
564,20000000	0,99983168
564,40000000	0,99988706
564,60000000	0,99992122
564,80000000	0,99994242
565,00000000	0,99996664
565,20000000	0,99997380
565,40000000	0,99997317
565,60000000	0,99997402
565,80000000	0,99997939
566,00000000	0,99997560
566,20000000	0,99995350
566,40000000	0,99993442
566,60000000	0,99990078
566,80000000	0,99983896
567,00000000	0,99980021
567,20000000	0,99975790
567,40000000	0,99971015
567,60000000	0,99968920
567,80000000	0,99962693
568,00000000	0,99954328
568,20000000	0,99955188
568,40000000	0,99958574
568,60000000	0,99954312
568,80000000	0,99943392
569,00000000	0,99932970
569,20000000	0,99925401
569,40000000	0,99911928
569,60000000	0,99893534
569,80000000	0,99887097
570,00000000	0,99885495
570,20000000	0,99877647
570,40000000	0,99873842
570,60000000	0,99871436
570,80000000	0,99859547
571,00000000	0,99845005
571,20000000	0,99835791
571,40000000	0,99829635
571,60000000	0,99828481
571,80000000	0,99820652
572,00000000	0,99808764
572,20000000	0,99795184
572,40000000	0,99789397
572,60000000	0,99799777
572,80000000	0,99794312
573,00000000	0,99785100
573,20000000	0,99786517
573,40000000	0,99778716
573,60000000	0,99764805
573,80000000	0,99756668
574,00000000	0,99756068
574,20000000	0,99752815
574,40000000	0,99757336
574,60000000	0,99769570
574,80000000	0,99761782
575,00000000	0,99745962
575,20000000	0,99752905
575,40000000	0,99759690
575,60000000	0,99747389
575,80000000	0,99740438
576,00000000	0,99736335
576,20000000	0,99726827
576,40000000	0,99738645
576,60000000	0,99748540
576,80000000	0,99736043
577,00000000	0,99736819
577,20000000	0,99756635
577,40000000	0,99765176
577,60000000	0,99761884
577,80000000	0,99761491
578,00000000	0,99766521
578,20000000	0,99773914
578,40000000	0,99771000
578,60000000	0,99766902
578,80000000	0,99772385
579,00000000	0,99778542
579,20000000	0,99784400
579,40000000	0,99789209
579,60000000	0,99799047
579,80000000	0,99812402
580,00000000	0,99814147
580,20000000	0,99810818
580,40000000	0,99818041
580,60000000	0,99833513
580,80000000	0,99839555
581,00000000	0,99836100
581,20000000	0,99841629
581,40000000	0,99854100
581,60000000	0,99866961
581,80000000	0,99872247
582,00000000	0,99874296
582,20000000	0,99887629
582,40000000	0,99897301
582,60000000	0,99901631
582,80000000	0,99907874
583,00000000	0,99912819
583,20000000	0,99913435
583,40000000	0,99913166
583,60000000	0,99924107
583,80000000	0,99933590
584,00000000	0,99935162
584,20000000	0,99941795
584,40000000	0,99946371
584,60000000	0,99948695
584,80000000	0,99952108
585,00000000	0,99954494
585,20000000	0,99957965
585,40000000	0,99959979
585,60000000	0,99963319
585,80000000	0,99967557
586,00000000	0,99965087
586,20000000	0,99961953
586,40000000	0,99965244
586,60000000	0,99967807
586,80000000	0,99969230
587,00000000	0,99969580
587,20000000	0,99964807
587,40000000	0,99958874
587,60000000	0,99952661
587,80000000	0,99945248
588,00000000	0,99937253
588,20000000	0,99928882
588,40000000	0,99925722
588,60000000	0,99921512
588,80000000	0,99917785
589,00000000	0,99912858
589,20000000	0,99896684
589,40000000	0,99883770
589,60000000	0,99876682
589,80000000	0,99866799
590,00000000	0,99854628
590,20000000	0,99839160
590,40000000	0,99825503
590,60000000	0,99816320
590,80000000	0,99807032
591,00000000	0,99797967
591,20000000	0,99785329
591,40000000	0,99766260
591,60000000	0,99748410
591,80000000	0,99739201
592,00000000	0,99732400
592,20000000	0,99717384
592,40000000	0,99691017
592,60000000	0,99668917
592,80000000	0,99659350
593,00000000	0,99643587
593,20000000	0,99625397
593,40000000	0,99606007
593,60000000	0,99584750
593,80000000	0,99575228
594,00000000	0,99566103
594,20000000	0,99556244
594,40000000	0,99548140
594,60000000	0,99537971
594,80000000	0,99513946
595,00000000	0,99487259
595,20000000	0,99473660
595,40000000	0,99437239
595,60000000	0,99406352
595,80000000	0,99397695
596,00000000	0,99379996
596,20000000	0,99370165
596,40000000	0,99358027
596,60000000	0,99330403
596,80000000	0,99317059
597,00000000	0,99330837
597,20000000	0,99333944
597,40000000	0,99317922
597,60000000	0,99303676
597,80000000	0,99297441
598,00000000	0,99295709
598,20000000	0,99279215
598,40000000	0,99246026
598,60000000	0,99226067
598,80000000	0,99225085
599,00000000	0,99229417
599,20000000	0,99221862
599,40000000	0,99198244
599,60000000	0,99195184
599,80000000	0,99206920
600,00000000	0,99202282
600,20000000	0,99203047
600,40000000	0,99212764
600,60000000	0,99216137
600,80000000	0,99217009
601,00000000	0,99220353
601,20000000	0,99212584
601,40000000	0,99187605
601,60000000	0,99186692
601,80000000	0,99207888
602,00000000	0,99215820
602,20000000	0,99216645
602,40000000	0,99218066
602,60000000	0,99219813
602,80000000	0,99220831
603,00000000	0,99230967
603,20000000	0,99236848
603,40000000	0,99214988
603,60000000	0,99213478
603,80000000	0,99250199
604,00000000	0,99275131
604,20000000	0,99283643
604,40000000	0,99292578
604,60000000	0,99289415
604,80000000	0,99294649
605,00000000	0,99312049
605,20000000	0,99309917
605,40000000	0,99311335
605,60000000	0,99322375
605,80000000	0,99332597
606,00000000	0,99353477
606,20000000	0,99371438
606,40000000	0,99385198
606,60000000	0,99394153
606,80000000	0,99401334
607,00000000	0,99429700
607,20000000	0,99445201
607,40000000	0,99436890
607,60000000	0,99448906
607,80000000	0,99464368
608,00000000	0,99462398
608,20000000	0,99468841
608,40000000	0,99495862
608,60000000	0,99516634
608,80000000	0,99517169
609,00000000	0,99518794
609,20000000	0,99527325
609,40000000	0,99539245
609,60000000	0,99538470
609,80000000	0,99528107
610,00000000	0,99533349
610,20000000	0,99539570
610,40000000	0,99545500
610,60000000	0,99559423
610,80000000	0,99562801
611,00000000	0,99549682
611,20000000	0,99555109
611,40000000	0,99580794
611,60000000	0,99571747
611,80000000	0,99541625
612,00000000	0,99536632
612,20000000	0,99538015
612,40000000	0,99530344
612,60000000	0,99528993
612,80000000	0,99528995
613,00000000	0,99526025
613,20000000	0,99525528
613,40000000	0,99516518
613,60000000	0,99500605
613,80000000	0,99481343
614,00000000	0,99460825
614,20000000	0,99446228
614,40000000	0,99427334
614,60000000	0,99411197
614,80000000	0,99392402
615,00000000	0,99364809
615,20000000	0,99354208
615,40000000	0,99351526
615,60000000	0,99332736
615,80000000	0,99314032
616,00000000	0,99307240
616,20000000	0,99292680
616,40000000	0,99264093
616,60000000	0,99239401
616,80000000	0,99221806
617,00000000	0,99204543
617,20000000	0,99194697
617,40000000	0,99164721
617,60000000	0,99121523
617,80000000	0,99104182
618,00000000	0,99088179
618,20000000	0,99058774
618,40000000	0,99023668
618,60000000	0,98992486
618,80000000	0,98966721
619,00000000	0,98931491
619,20000000	0,98907014
619,40000000	0,98892419
619,60000000	0,98865303
619,80000000	0,98833355
620,00000000	0,98811011
620,20000000	0,98793987
620,40000000	0,98768766
620,60000000	0,98741339
620,80000000	0,98714932
621,00000000	0,98694591
621,20000000	0,98684318
621,40000000	0,98670105
621,60000000	0,98648484
621,80000000	0,98628513
622,00000000	0,98608595
622,20000000	0,98591597
622,40000000	0,98582511
622,60000000	0,98548078
622,80000000	0,98486959
623,00000000	0,98483907
623,20000000	0,98520502
623,40000000	0,98493554
623,60000000	0,98431922
623,80000000	0,98412734
624,00000000	0,98421353
624,20000000	0,98425051
624,40000000	0,98428872
624,60000000	0,98424814
624,80000000	0,98395462
625,00000000	0,98374662
625,20000000	0,98370308
625,40000000	0,98361508
625,60000000	0,98358432
625,80000000	0,98371445
626,00000000	0,98387485
626,20000000	0,98386659
626,40000000	0,98380435
626,60000000	0,98380619
626,80000000	0,98394349
627,00000000	0,98415844
627,20000000	0,98410438
627,40000000	0,98403502
627,60000000	0,98410130
627,80000000	0,98422707
628,00000000	0,98446259
628,20000000	0,98441202
628,40000000	0,98420124
628,60000000	0,98428762
628,80000000	0,98443663
629,00000000	0,98457853
629,20000000	0,98490953
629,40000000	0,98518759
629,60000000	0,98533078
629,80000000	0,98537591
630,00000000	0,98548183
630,20000000	0,98580109
630,40000000	0,98614155
630,60000000	0,98635590
630,80000000	0,98656804
631,00000000	0,98691536
631,20000000	0,98713675
631,40000000	0,98709702
631,60000000	0,98721964
631,80000000	0,98757273
632,00000000	0,98778707
632,20000000	0,98790567
632,40000000	0,98825195
632,60000000	0,98860841
632,80000000	0,98881190
633,00000000	0,98899128
633,20000000	0,98926160
633,40000000	0,98960366
633,60000000	0,98988139
633,80000000	0,99011625
634,00000000	0,99035257
634,20000000	0,99055343
634,40000000	0,99071555
634,60000000	0,99081832
634,80000000	0,99082984
635,00000000	0,99089191
635,20000000	0,99115114
635,40000000	0,99136261
635,60000000	0,99149583
635,80000000	0,99182601
636,00000000	0,99206394
636,20000000	0,99209850
636,40000000	0,99218795
636,60000000	0,99235295
636,80000000	0,99238467
637,00000000	0,99242326
637,20000000	0,99262706
637,40000000	0,99279337
637,60000000	0,99290916
637,80000000	0,99293257
638,00000000	0,99295149
638,20000000	0,99301853
638,40000000	0,99296060
638,60000000	0,99292268
638,80000000	0,99284617
639,00000000	0,99278830
639,20000000	0,99287211
639,40000000	0,99284175
639,60000000	0,99270902
639,80000000	0,99273382
640,00000000	0,99267479
640,20000000	0,99250814
640,40000000	0,99262289
640,60000000	0,99259925
640,80000000	0,99233958
641,00000000	0,99215740
641,20000000	0,99193658
641,40000000	0,99173691
641,60000000	0,99160715
641,80000000	0,99161033
642,00000000	0,99146345
642,20000000	0,99109880
642,40000000	0,99075078
642,60000000	0,99053628
642,80000000	0,99049791
643,00000000	0,99030365
643,20000000	0,99003395
643,40000000	0,98973106
643,60000000	0,98943028
643,80000000	0,98934878
644,00000000	0,98916370
644,20000000	0,98882112
644,40000000	0,98847731
644,60000000	0,98838412
644,80000000	0,98815163
645,00000000	0,98751764
645,20000000	0,98715907
645,40000000	0,98700567
645,60000000	0,98673749
645,80000000	0,98646656
646,00000000	0,98607067
646,20000000	0,98580185
646,40000000	0,98563462
646,60000000	0,98519578
646,80000000	0,98478277
647,00000000	0,98450172
647,20000000	0,98430722
647,40000000	0,98421659
647,60000000	0,98402077
647,80000000	0,98353059
648,00000000	0,98301872
648,20000000	0,98277394
648,40000000	0,98276632
648,60000000	0,98252347
648,80000000	0,98236173
649,00000000	0,98230075
649,20000000	0,98199479
649,40000000	0,98175588
649,60000000	0,98150465
649,80000000	0,98115504
650,00000000	0,98080586
650,20000000	0,98067661
650,40000000	0,98049149
650,60000000	0,98037815
650,80000000	0,98045344
651,00000000	0,98024721
651,20000000	0,97997001
651,40000000	0,98002988
651,60000000	0,97982274
651,80000000	0,97942775
652,00000000	0,97939480
652,20000000	0,97936420
652,40000000	0,97905793
652,60000000	0,97908853
652,80000000	0,97931796
653,00000000	0,97927273
653,20000000	0,97921574
653,40000000	0,97944483
653,60000000	0,97968600
653,80000000	0,97917962
654,00000000	0,97861633
654,20000000	0,97882304
654,40000000	0,97914704
654,60000000	0,97928183
654,80000000	0,97951633
655,00000000	0,97979497
655,20000000	0,97986664
655,40000000	0,97976439
655,60000000	0,97966041
655,80000000	0,97982269
656,00000000	0,98004101
656,20000000	0,98013124
656,40000000	0,98014116
656,60000000	0,98031151
656,80000000	0,98071678
657,00000000	0,98094283
657,20000000	0,98088701
657,40000000	0,98097108
657,60000000	0,98127248
657,80000000	0,98160219
658,00000000	0,98158271
658,20000000	0,98165262
658,40000000	0,98183111
658,60000000	0,98208908
658,80000000	0,98250715
659,00000000	0,98258348
659,20000000	0,98268363
659,40000000	0,98305045
659,60000000	0,98314647
659,80000000	0,98314138
660,00000000	0,98342951
660,20000000	0,98391392
660,40000000	0,98424587
660,60000000	0,98445513
660,80000000	0,98455931
661,00000000	0,98474984
661,20000000	0,98494602
661,40000000	0,98519350
661,60000000	0,98556121
661,80000000	0,98575156
662,00000000	0,98582188
662,20000000	0,98603625
662,40000000	0,98631270
662,60000000	0,98643485
662,80000000	0,98668794
663,00000000	0,98694103
663,20000000	0,98703394
663,40000000	0,98711536
663,60000000	0,98740156
663,80000000	0,98772507
664,00000000	0,98783350
664,20000000	0,98788707
664,40000000	0,98777111
664,60000000	0,98790886
664,80000000	0,98829401
665,00000000	0,98859330
665,20000000	0,98875476
665,40000000	0,98863611
665,60000000	0,98860545
665,80000000	0,98880374
666,00000000	0,98896664
666,20000000	0,98917377
666,40000000	0,98931152
666,60000000	0,98930730
666,80000000	0,98926180
667,00000000	0,98927182
667,20000000	0,98934322
667,40000000	0,98937038
667,60000000	0,98950205
667,80000000	0,98960483
668,00000000	0,98947527
668,20000000	0,98939571
668,40000000	0,98943064
668,60000000	0,98926826
668,80000000	0,98915518
669,00000000	0,98916416
669,20000000	0,98905380
669,40000000	0,98887556
669,60000000	0,98903871
669,80000000	0,98916033
670,00000000	0,98909169
670,20000000	0,98904974
670,40000000	0,98912207
670,60000000	0,98913937
670,80000000	0,98872755
671,00000000	0,98848874
671,20000000	0,98865344
671,40000000	0,98886495
671,60000000	0,98882506
671,80000000	0,98865306
672,00000000	0,98856761
672,20000000	0,98853260
672,40000000	0,98836260
672,60000000	0,98815196
672,80000000	0,98808644
673,00000000	0,98815052
673,20000000	0,98832059
673,40000000	0,98818187
673,60000000	0,98809240
673,80000000	0,98794609
674,00000000	0,98776239
674,20000000	0,98784666
674,40000000	0,98770817
674,60000000	0,98754042
674,80000000	0,98738838
675,00000000	0,98728342
675,20000000	0,98741656
675,40000000	0,98738971
675,60000000	0,98715183
675,80000000	0,98712327
676,00000000	0,98712534
676,20000000	0,98717744
676,40000000	0,98722021
676,60000000	0,98706403
676,80000000	0,98703570
677,00000000	0,98717908
677,20000000	0,98720302
677,40000000	0,98718436
677,60000000	0,98728977
677,80000000	0,98739831
678,00000000	0,98736648
678,20000000	0,98743494
678,40000000	0,98750478
678,60000000	0,98749894
678,80000000	0,98751056
679,00000000	0,98742476
679,20000000	0,98750084
679,40000000	0,98766025
679,60000000	0,98771690
679,80000000	0,98783856
680,00000000	0,98774448
680,20000000	0,98785887
680,40000000	0,98809677
680,60000000	0,98818224
680,80000000	0,98833565
681,00000000	0,98834045
681,20000000	0,98839456
681,40000000	0,98868130
681,60000000	0,98878843
681,80000000	0,98880942
682,00000000	0,98911449
682,20000000	0,98940611
682,40000000	0,98923481
682,60000000	0,98911334
682,80000000	0,98946091
683,00000000	0,98972536
683,20000000	0,98976214
683,40000000	0,98995090
683,60000000	0,99014625
683,80000000	0,99037312
684,00000000	0,99050133
684,20000000	0,99064112
684,40000000	0,99090443
684,60000000	0,99099388
684,80000000	0,99105459
685,00000000	0,99124594
685,20000000	0,99149387
685,40000000	0,99152907
685,60000000	0,99149460
685,80000000	0,99173514
686,00000000	0,99200025
686,20000000	0,99208411
686,40000000	0,99232685
686,60000000	0,99257600
686,80000000	0,99265655
687,00000000	0,99279365
687,20000000	0,99300556
687,40000000	0,99329310
687,60000000	0,99342832
687,80000000	0,99331229
688,00000000	0,99327901
688,20000000	0,99351266
688,40000000	0,99366032
688,60000000	0,99371352
688,80000000	0,99389127
689,00000000	0,99408523
689,20000000	0,99425835
689,40000000	0,99427756
689,60000000	0,99423306
689,80000000	0,99422517
690,00000000	0,99435593
690,20000000	0,99445432
690,40000000	0,99455924
690,60000000	0,99459986
690,80000000	0,99466799
691,00000000	0,99468661
691,20000000	0,99477583
691,40000000	0,99485681
691,60000000	0,99485325
691,80000000	0,99479693
692,00000000	0,99473444
692,20000000	0,99490509
692,40000000	0,99487533
692,60000000	0,99474937
692,80000000	0,99483030
693,00000000	0,99488265
693,20000000	0,99483271
693,40000000	0,99478245
693,60000000	0,99479063
693,80000000	0,99474942
694,00000000	0,99465839
694,20000000	0,99456062
694,40000000	0,99447019
694,60000000	0,99448563
694,80000000	0,99443431
695,00000000	0,99433371
695,20000000	0,99435707
695,40000000	0,99446755
695,60000000	0,99432789
695,80000000	0,99413020
696,00000000	0,99403245
696,20000000	0,99392319
696,40000000	0,99377749
696,60000000	0,99375827
696,80000000	0,99375357
697,00000000	0,99372026
697,20000000	0,99372596
697,40000000	0,99360624
697,60000000	0,99342093
697,80000000	0,99318122
698,00000000	0,99317217
698,20000000	0,99314102
698,40000000	0,99300092
698,60000000	0,99294513
698,80000000	0,99289072
699,00000000	0,99277875
699,20000000	0,99270615
699,40000000	0,99266223
699,60000000	0,99244095
699,80000000	0,99234959
700,00000000	0,99246957
700,20000000	0,99244827
700,40000000	0,99229063
700,60000000	0,99204612
700,80000000	0,99208585
701,00000000	0,99215018
701,20000000	0,99207452
701,40000000	0,99203624
701,60000000	0,99193984
701,80000000	0,99196146
702,00000000	0,99194874
702,20000000	0,99176391
702,40000000	0,99165676
702,60000000	0,99161339
702,80000000	0,99156711
703,00000000	0,99169235
703,20000000	0,99170580
703,40000000	0,99164201
703,60000000	0,99153714
703,80000000	0,99150711
704,00000000	0,99149753
704,20000000	0,99154619
704,40000000	0,99168844
704,60000000	0,99169383
704,80000000	0,99147207
705,00000000	0,99140561
705,20000000	0,99151537
705,40000000	0,99151381
705,60000000	0,99150069
705,80000000	0,99175495
706,00000000	0,99180264
706,20000000	0,99164327
706,40000000	0,99160357
706,60000000	0,99174484
706,80000000	0,99182329
707,00000000	0,99193583
707,20000000	0,99208782
707,40000000	0,99202397
707,60000000	0,99199548
707,80000000	0,99219959
708,00000000	0,99227915
708,20000000	0,99232153
708,40000000	0,99248891
708,60000000	0,99261935
708,80000000	0,99256146
709,00000000	0,99268862
709,20000000	0,99293019
709,40000000	0,99290798
709,60000000	0,99299100
709,80000000	0,99318282
710,00000000	0,99320178
710,20000000	0,99319268
710,40000000	0,99337951
710,60000000	0,99340867
710,80000000	0,99331855
711,00000000	0,99346664
711,20000000	0,99361224
711,40000000	0,99372931
711,60000000	0,99394795
711,80000000	0,99395535
712,00000000	0,99393955
712,20000000	0,99410685
712,40000000	0,99435605
712,60000000	0,99433698
712,80000000	0,99439022
713,00000000	0,99458978
713,20000000	0,99454920
713,40000000	0,99447763
713,60000000	0,99462097
713,80000000	0,99474266
714,00000000	0,99476078
714,20000000	0,99492859
714,40000000	0,99512237
714,60000000	0,99517243
714,80000000	0,99519305
715,00000000	0,99525617
715,20000000	0,99531462
715,40000000	0,99525557
715,60000000	0,99550389
715,80000000	0,99563896
716,00000000	0,99562141
716,20000000	0,99568351
716,40000000	0,99583593
716,60000000	0,99580643
716,80000000	0,99586804
717,00000000	0,99605897
717,20000000	0,99613415
717,40000000	0,99612900
717,60000000	0,99620939
717,80000000	0,99618554
718,00000000	0,99623765
718,20000000	0,99639281
718,40000000	0,99643952
718,60000000	0,99638301
718,80000000	0,99645941
719,00000000	0,99654899
719,20000000	0,99650207
719,40000000	0,99655429
719,60000000	0,99657406
719,80000000	0,99653622
720,00000000	0,99669418
720,20000000	0,99679622
720,40000000	0,99680810
720,60000000	0,99680052
720,80000000	0,99676494
721,00000000	0,99674847
721,20000000	0,99689355
721,40000000	0,99699386
721,60000000	0,99702721
721,80000000	0,99700100
722,00000000	0,99691891
722,20000000	0,99690596
722,40000000	0,99697460
722,60000000	0,99711853
722,80000000	0,99729919
723,00000000	0,99730011
723,20000000	0,99721086
723,40000000	0,99717053
723,60000000	0,99717855
723,80000000	0,99724711
724,00000000	0,99730136
724,20000000	0,99743479
724,40000000	0,99742338
724,60000000	0,99730937
724,80000000	0,99735220
725,00000000	0,99739167
725,20000000	0,99742744
725,40000000	0,99756271
725,60000000	0,99757299
725,80000000	0,99749188
726,00000000	0,99754785
726,20000000	0,99765746
726,40000000	0,99761250
726,60000000	0,99758907
726,80000000	0,99773399
727,00000000	0,99771842
727,20000000	0,99779447
727,40000000	0,99778922
727,60000000	0,99771364
727,80000000	0,99779358
728,00000000	0,99776669
728,20000000	0,99775183
728,40000000	0,99785596
728,60000000	0,99793180
728,80000000	0,99789959
729,00000000	0,99796533
729,20000000	0,99798139
729,40000000	0,99794581
729,60000000	0,99805410
729,80000000	0,99806894
730,00000000	0,99809937
730,20000000	0,99809825
730,40000000	0,99814553
730,60000000	0,99824177
730,80000000	0,99820025
731,00000000	0,99820625
731,20000000	0,99820283
731,40000000	0,99821598
731,60000000	0,99832070
731,80000000	0,99829732
732,00000000	0,99827499
732,20000000	0,99828869
732,40000000	0,99829494
732,60000000	0,99835680
732,80000000	0,99838247
733,00000000	0,99840003
733,20000000	0,99839409
733,40000000	0,99836026
733,60000000	0,99837081
733,80000000	0,99839617
734,00000000	0,99839955
734,20000000	0,99838520
734,40000000	0,99845629
734,60000000	0,99844776
734,80000000	0,99847671
735,00000000	0,99849911
735,20000000	0,99841918
735,40000000	0,99834806
735,60000000	0,99833921
735,80000000	0,99831735
736,00000000	0,99832253
736,20000000	0,99829217
736,40000000	0,99825416
736,60000000	0,99816881
736,80000000	0,99813576
737,00000000	0,99822332
737,20000000	0,99823086
737,40000000	0,99815144
737,60000000	0,99809108
737,80000000	0,99810740
738,00000000	0,99803979
738,20000000	0,99800551
738,40000000	0,99801069
738,60000000	0,99794503
738,80000000	0,99788954
739,00000000	0,99791831
739,20000000	0,99792308
739,40000000	0,99790305
739,60000000	0,99781774
739,80000000	0,99772393
740,00000000	0,99765647
740,20000000	0,99772880
740,40000000	0,99773869
740,60000000	0,99759085
740,80000000	0,99752846
741,00000000	0,99757344
741,20000000	0,99755823
741,40000000	0,99753367
741,60000000	0,99751273
741,80000000	0,99744432
742,00000000	0,99737922
742,20000000	0,99732053
742,40000000	0,99724323
742,60000000	0,99722932
742,80000000	0,99724425
743,00000000	0,99727531
743,20000000	0,99716379
743,40000000	0,99711973
743,60000000	0,99718663
743,80000000	0,99707674
744,00000000	0,99698293
744,20000000	0,99704561
744,40000000	0,99705545
744,60000000	0,99706573
744,80000000	0,99707280
745,00000000	0,99699902
745,20000000	0,99698946
745,40000000	0,99707772
745,60000000	0,99704090
745,80000000	0,99701597
746,00000000	0,99694307
746,20000000	0,99692198
746,40000000	0,99690230
746,60000000	0,99694414
746,80000000	0,99700832
747,00000000	0,99704882
747,20000000	0,99706564
747,40000000	0,99702709
747,60000000	0,99709811
747,80000000	0,99715079
748,00000000	0,99708447
748,20000000	0,99711137
748,40000000	0,99723641
748,60000000	0,99734740
748,80000000	0,99736754
749,00000000	0,99743172
749,20000000	0,99736829
749,40000000	0,99744799
749,60000000	0,99748968
749,80000000	0,99759739
750,00000000	0,99761879
750,20000000	0,99754969
750,40000000	0,99764584
750,60000000	0,99771131
750,80000000	0,99774508
751,00000000	0,99778137
751,20000000	0,99783621
751,40000000	0,99793842
751,60000000	0,99807589
751,80000000	0,99801975
752,00000000	0,99810778
752,20000000	0,99818634
752,40000000	0,99814493
752,60000000	0,99828478
752,80000000	0,99834562
753,00000000	0,99838315
753,20000000	0,99845399
753,40000000	0,99845142
753,60000000	0,99853949
753,80000000	0,99856251
754,00000000	0,99863357
754,20000000	0,99864258
754,40000000	0,99875779
754,60000000	0,99888331
754,80000000	0,99887781
755,00000000	0,99894643
755,20000000	0,99899034
755,40000000	0,99897834
755,60000000	0,99902348
755,80000000	0,99912807
756,00000000	0,99916072
756,20000000	0,99917526
756,40000000	0,99923498
756,60000000	0,99925757
756,80000000	0,99931412
757,00000000	0,99935776
757,20000000	0,99934793
757,40000000	0,99937041
757,60000000	0,99943577
757,80000000	0,99939706
758,00000000	0,99937431
758,20000000	0,99943037
758,40000000	0,99943594
758,60000000	0,99948179
758,80000000	0,99950931
759,00000000	0,99950094
759,20000000	0,99950172
759,40000000	0,99951296
759,60000000	0,99948966
759,80000000	0,99950223
760,00000000	0,99944965
760,20000000	0,99944595
760,40000000	0,99944123
760,60000000	0,99943828
760,80000000	0,99942693
761,00000000	0,99941677
761,20000000	0,99943179
761,40000000	0,99939743
761,60000000	0,99930986
761,80000000	0,99930533
762,00000000	0,99928668
762,20000000	0,99920073
762,40000000	0,99923741
762,60000000	0,99923213
762,80000000	0,99919447
763,00000000	0,99911411
763,20000000	0,99905657
763,40000000	0,99900802
763,60000000	0,99904692
763,80000000	0,99904953
764,00000000	0,99901878
764,20000000	0,99899727
764,40000000	0,99893728
764,60000000	0,99889224
764,80000000	0,99894874
765,00000000	0,99886158
765,20000000	0,99874988
765,40000000	0,99873684
765,60000000	0,99874877
765,80000000	0,99871505
766,00000000	0,99878420
766,20000000	0,99868771
766,40000000	0,99862708
766,60000000	0,99864761
766,80000000	0,99865110
767,00000000	0,99862084
767,20000000	0,99863550
767,40000000	0,99861020
767,60000000	0,99854282
767,80000000	0,99851431
768,00000000	0,99848226
768,20000000	0,99856018
768,40000000	0,99857230
768,60000000	0,99852628
768,80000000	0,99859226
769,00000000	0,99868827
769,20000000	0,99866897
769,40000000	0,99864145
769,60000000	0,99868818
769,80000000	0,99871809
770,00000000	0,99871783
770,20000000	0,99873545
770,40000000	0,99872941
770,60000000	0,99881914
770,80000000	0,99884579
771,00000000	0,99882666
771,20000000	0,99885811
771,40000000	0,99889036
771,60000000	0,99890240
771,80000000	0,99897156
772,00000000	0,99908143
772,20000000	0,99911679
772,40000000	0,99916721
772,60000000	0,99917312
772,80000000	0,99920797
773,00000000	0,99924325
773,20000000	0,99931692
773,40000000	0,99933528
773,60000000	0,99937977
773,80000000	0,99947892
774,00000000	0,99951669
774,20000000	0,99950052
774,40000000	0,99956228
774,60000000	0,99959940
774,80000000	0,99965809
775,00000000	0,99970466
775,20000000	0,99973623
775,40000000	0,99980167
775,60000000	0,99981817
775,80000000	0,99984132
776,00000000	0,99989715
776,20000000	0,99992307
776,40000000	0,99992520
776,60000000	0,99995331
776,80000000	0,99996806
777,00000000	0,99998091
777,20000000	0,99998749
777,40000000	0,99999157
777,60000000	0,99999484
777,80000000	0,99999231
778,00000000	0,99998156
778,20000000	0,99996619
778,40000000	0,99994975
778,60000000	0,99994050
778,80000000	0,99991493
779,00000000	0,99987086
779,20000000	0,99982212
779,40000000	0,99978046
779,60000000	0,99974928
779,80000000	0,99967569
780,00000000	0,99963599
780,20000000	0,99954473
780,40000000	0,99950939
780,60000000	0,99940589
780,80000000	0,99932029
781,00000000	0,99923878
781,20000000	0,99910896
781,40000000	0,99905995
781,60000000	0,99899385
781,80000000	0,99887707
782,00000000	0,99879116
782,20000000	0,99858458
782,40000000	0,99848811
782,60000000	0,99839089
782,80000000	0,99825989
783,00000000	0,99806120
783,20000000	0,99792784
783,40000000	0,99789645
783,60000000	0,99766098
783,80000000	0,99751335
784,00000000	0,99754081
784,20000000	0,99736332
784,40000000	0,99697237
784,60000000	0,99685189
784,80000000	0,99672613
785,00000000	0,99650224
785,20000000	0,99642627
785,40000000	0,99616170
785,60000000	0,99596543
785,80000000	0,99600772
786,00000000	0,99574917
786,20000000	0,99552545
786,40000000	0,99546892
786,60000000	0,99521447
786,80000000	0,99506194
787,00000000	0,99478540
787,20000000	0,99450065
787,40000000	0,99438224
787,60000000	0,99436548
787,80000000	0,99428150
788,00000000	0,99391442
788,20000000	0,99372172
788,40000000	0,99362831
788,60000000	0,99356529
788,80000000	0,99327191
789,00000000	0,99310894
789,20000000	0,99300766
789,40000000	0,99291472
789,60000000	0,99285632
789,80000000	0,99261069
790,00000000	0,99255719
790,20000000	0,99231098
790,40000000	0,99226016
790,60000000	0,99232972
790,80000000	0,99218374
791,00000000	0,99232213
791,20000000	0,99212251
791,40000000	0,99170413
791,60000000	0,99162634
791,80000000	0,99172661
792,00000000	0,99175685
792,20000000	0,99172785
792,40000000	0,99142180
792,60000000	0,99126546
792,80000000	0,99156760
793,00000000	0,99140856
793,20000000	0,99144831
793,40000000	0,99145131
793,60000000	0,99136250
793,80000000	0,99130384
794,00000000	0,99149961
794,20000000	0,99154570
794,40000000	0,99141961
794,60000000	0,99141732
794,80000000	0,99164832
795,00000000	0,99158761
795,20000000	0,99144879
795,40000000	0,99160343
795,60000000	0,99177644
795,80000000	0,99178609
796,00000000	0,99181739
796,20000000	0,99182790
796,40000000	0,99183284
796,60000000	0,99197818
796,80000000	0,99205479
797,00000000	0,99207386
797,20000000	0,99202885
797,40000000	0,99221308
797,60000000	0,99234523
797,80000000	0,99252996
798,00000000	0,99275911
798,20000000	0,99264664
798,40000000	0,99280063
798,60000000	0,99292161
798,80000000	0,99299028
799,00000000	0,99309912
799,20000000	0,99319803
799,40000000	0,99324457
799,60000000	0,99359372
799,80000000	0,99345580
800,00000000	0,99323418
800,20000000	0,99345939
800,40000000	0,99355466
800,60000000	0,99366898
800,80000000	0,99384618
801,00000000	0,99389932
801,20000000	0,99407881
801,40000000	0,99401875
801,60000000	0,99389991
801,80000000	0,99403827
802,00000000	0,99407837
802,20000000	0,99401444
802,40000000	0,99409436
802,60000000	0,99400008
802,80000000	0,99402081
803,00000000	0,99417761
803,20000000	0,99388895
803,40000000	0,99380044
803,60000000	0,99405367
803,80000000	0,99397811
804,00000000	0,99392174
804,20000000	0,99393779
804,40000000	0,99396907
804,60000000	0,99393325
804,80000000	0,99383315
805,00000000	0,99363658
805,20000000	0,99365935
805,40000000	0,99354891
805,60000000	0,99333515
805,80000000	0,99318853
806,00000000	0,99310208
806,20000000	0,99302102
806,40000000	0,99271686
806,60000000	0,99263315
806,80000000	0,99248790
807,00000000	0,99229856
807,20000000	0,99209203
807,40000000	0,99188754
807,60000000	0,99167362
807,80000000	0,99137241
808,00000000	0,99118631
808,20000000	0,99107021
808,40000000	0,99080423
808,60000000	0,99051145
808,80000000	0,99038621
809,00000000	0,99023987
809,20000000	0,99014004
809,40000000	0,98978658
809,60000000	0,98942169
809,80000000	0,98937268
810,00000000	0,98894795
810,20000000	0,98871750
810,40000000	0,98835868
810,60000000	0,98805782
810,80000000	0,98778836
811,00000000	0,98733783
811,20000000	0,98706898
811,40000000	0,98717138
811,60000000	0,98682826
811,80000000	0,98666739
812,00000000	0,98634176
812,20000000	0,98601984
812,40000000	0,98541273
812,60000000	0,98541762
812,80000000	0,98525871
813,00000000	0,98455245
813,20000000	0,98466622
813,40000000	0,98429369
813,60000000	0,98403414
813,80000000	0,98372670
814,00000000	0,98360757
814,20000000	0,98343902
814,40000000	0,98293582
814,60000000	0,98273252
814,80000000	0,98261598
815,00000000	0,98220632
815,20000000	0,98220541
815,40000000	0,98203390
815,60000000	0,98160815
815,80000000	0,98148525
816,00000000	0,98105931
816,20000000	0,98086311
816,40000000	0,98105324
816,60000000	0,98079654
816,80000000	0,98048997
817,00000000	0,98062694
817,20000000	0,98049089
817,40000000	0,97981042
817,60000000	0,97949432
817,80000000	0,97989841
818,00000000	0,97938069
818,20000000	0,97939647
818,40000000	0,97940875
818,60000000	0,97937550
818,80000000	0,97924873
819,00000000	0,97893404
819,20000000	0,97907079
819,40000000	0,97883306
819,60000000	0,97882471
819,80000000	0,97870299
820,00000000	0,97838264
820,20000000	0,97814106
820,40000000	0,97802035
820,60000000	0,97817837
820,80000000	0,97828543
821,00000000	0,97787219
821,20000000	0,97819616
821,40000000	0,97812245
821,60000000	0,97780500
821,80000000	0,97756273
822,00000000	0,97753262
822,20000000	0,97715796
822,40000000	0,97734791
822,60000000	0,97737433
822,80000000	0,97729802
823,00000000	0,97732195
823,20000000	0,97666619
823,40000000	0,97674917
823,60000000	0,97695290
823,80000000	0,97677634
824,00000000	0,97666437
824,20000000	0,97650899
824,40000000	0,97629310
824,60000000	0,97578480
824,80000000	0,97592780
825,00000000	0,97587842
825,20000000	0,97566563
825,40000000	0,97545487
825,60000000	0,97544118
825,80000000	0,97506154
826,00000000	0,97488116
826,20000000	0,97491594
826,40000000	0,97432261
826,60000000	0,97370551
826,80000000	0,97395064
827,00000000	0,97372766
827,20000000	0,97370555
827,40000000	0,97372645
827,60000000	0,97317116
827,80000000	0,97281337
828,00000000	0,97223477
828,20000000	0,97199001
828,40000000	0,97191900
828,60000000	0,97173248
828,80000000	0,97120292
829,00000000	0,97111071
829,20000000	0,97057964
829,40000000	0,97032838
829,60000000	0,96989999
829,80000000	0,96911789
830,00000000	0,96850744
830,20000000	0,96874658
830,40000000	0,96788550
830,60000000	0,96780191
830,80000000	0,96739004
831,00000000	0,96680482
831,20000000	0,96606595
831,40000000	0,96561811
831,60000000	0,96573492
831,80000000	0,96529037
832,00000000	0,96497318
832,20000000	0,96428372
832,40000000	0,96411268
832,60000000	0,96329466
832,80000000	0,96257988
833,00000000	0,96184804
833,20000000	0,96178916
833,40000000	0,96127964
833,60000000	0,96069297
833,80000000	0,96041311
834,00000000	0,96035552
834,20000000	0,95964098
834,40000000	0,95919058
834,60000000	0,95906311
834,80000000	0,95843001
835,00000000	0,95811364
835,20000000	0,95775760
835,40000000	0,95707597
835,60000000	0,95695501
835,80000000	0,95606236
836,00000000	0,95591734
836,20000000	0,95574590
836,40000000	0,95520479
836,60000000	0,95456993
836,80000000	0,95412204
837,00000000	0,95434520
837,20000000	0,95416647
837,40000000	0,95336940
837,60000000	0,95348790
837,80000000	0,95342308
838,00000000	0,95325308
838,20000000	0,95303161
838,40000000	0,95281832
838,60000000	0,95252357
838,80000000	0,95233967
839,00000000	0,95233182
839,20000000	0,95226871
839,40000000	0,95221726
839,60000000	0,95199378
839,80000000	0,95228947
840,00000000	0,95296474
840,20000000	0,95195766
840,40000000	0,95237242
840,60000000	0,95271507
840,80000000	0,95240967
841,00000000	0,95257652
841,20000000	0,95256999
841,40000000	0,95234481
841,60000000	0,95268217
841,80000000	0,95333704
842,00000000	0,95353863
842,20000000	0,95322472
842,40000000	0,95353859
842,60000000	0,95430377
842,80000000	0,95481769
843,00000000	0,95463272
843,20000000	0,95509379
843,40000000	0,95622956
843,60000000	0,95600100
843,80000000	0,95617592
844,00000000	0,95767903
844,20000000	0,95800323
844,40000000	0,95800067
844,60000000	0,95855440
844,80000000	0,95897862
845,00000000	0,95947959
845,20000000	0,95972743
845,40000000	0,96076815
845,60000000	0,96151328
845,80000000	0,96198071
846,00000000	0,96275555
846,20000000	0,96328198
846,40000000	0,96363482
846,60000000	0,96440210
846,80000000	0,96548359
847,00000000	0,96637836
847,20000000	0,96640241
847,40000000	0,96684649
847,60000000	0,96807709
847,80000000	0,96888741
848,00000000	0,96912342
848,20000000	0,97037665
848,40000000	0,97121337
848,60000000	0,97166481
848,80000000	0,97221069
849,00000000	0,97315284
849,20000000	0,97435602
849,40000000	0,97460527
849,60000000	0,97519135
849,80000000	0,97633835
850,00000000	0,97654570
850,20000000	0,97725131
850,40000000	0,97812059
850,60000000	0,97892252
850,80000000	0,97968274
851,00000000	0,98024516
851,20000000	0,98067550
851,40000000	0,98161247
851,60000000	0,98234292
851,80000000	0,98282540
852,00000000	0,98358972
852,20000000	0,98439841
852,40000000	0,98475161
852,60000000	0,98507239
852,80000000	0,98577410
853,00000000	0,98680506
853,20000000	0,98682675
853,40000000	0,98682703
853,60000000	0,98805128
853,80000000	0,98852390
854,00000000	0,98839676
854,20000000	0,98905458
854,40000000	0,98952171
854,60000000	0,99004366
854,80000000	0,99005879
855,00000000	0,99055800
855,20000000	0,99094428
855,40000000	0,99076629
855,60000000	0,99133931
855,80000000	0,99170684
856,00000000	0,99159622
856,20000000	0,99190530
856,40000000	0,99231968
856,60000000	0,99235603
856,80000000	0,99237773
857,00000000	0,99251886
857,20000000	0,99255231
857,40000000	0,99246097
857,60000000	0,99253891
857,80000000	0,99277360
858,00000000	0,99239100
858,20000000	0,99216979
858,40000000	0,99250498
858,60000000	0,99242762
858,80000000	0,99228229
859,00000000	0,99227974
859,20000000	0,99183247
859,40000000	0,99192173
859,60000000	0,99193646
859,80000000	0,99158447
860,00000000	0,99152054
860,20000000	0,99129332
860,40000000	0,99087355
860,60000000	0,99077195
860,80000000	0,99046101
861,00000000	0,99051308
861,20000000	0,98995342
861,40000000	0,98954057
861,60000000	0,98953729
861,80000000	0,98925551
862,00000000	0,98880363
862,20000000	0,98854193
862,40000000	0,98850456
862,60000000	0,98783745
862,80000000	0,98728486
863,00000000	0,98750713
863,20000000	0,98715972
863,40000000	0,98650581
863,60000000	0,98601416
863,80000000	0,98643475
864,00000000	0,98586185
864,20000000	0,98522058
864,40000000	0,98519121
864,60000000	0,98451746
864,80000000	0,98437355
865,00000000	0,98386078
865,20000000	0,98405630
865,40000000	0,98388177
865,60000000	0,98281725
865,80000000	0,98252538
866,00000000	0,98253179
866,20000000	0,98222215
866,40000000	0,98211680
866,60000000	0,98177667
866,80000000	0,98125288
867,00000000	0,98106770
867,20000000	0,98113884
867,40000000	0,98077178
867,60000000	0,98008094
867,80000000	0,98058337
868,00000000	0,98002539
868,20000000	0,97970685
868,40000000	0,97960061
868,60000000	0,97945669
868,80000000	0,97873552
869,00000000	0,97910866
869,20000000	0,97890939
869,40000000	0,97826363
869,60000000	0,97868180
869,80000000	0,97823733
870,00000000	0,97763080
870,20000000	0,97840643
870,40000000	0,97799426
870,60000000	0,97797187
870,80000000	0,97744296
871,00000000	0,97781428
871,20000000	0,97698175
871,40000000	0,97684477
871,60000000	0,97763193
871,80000000	0,97702676
872,00000000	0,97649171
872,20000000	0,97705551
872,40000000	0,97654335
872,60000000	0,97615955
872,80000000	0,97685412
873,00000000	0,97675354
873,20000000	0,97624080
873,40000000	0,97633191
873,60000000	0,97625838
873,80000000	0,97613959
874,00000000	0,97611921
874,20000000	0,97588571
874,40000000	0,97512761
874,60000000	0,97532685
874,80000000	0,97568904
875,00000000	0,97488220
875,20000000	0,97494122
875,40000000	0,97584951
875,60000000	0,97462554
875,80000000	0,97457290
876,00000000	0,97538082
876,20000000	0,97379564
876,40000000	0,97348303
876,60000000	0,97468831
876,80000000	0,97429872
877,00000000	0,97338006
877,20000000	0,97328343
877,40000000	0,97346191
877,60000000	0,97297001
877,80000000	0,97338901
878,00000000	0,97295825
878,20000000	0,97234451
878,40000000	0,97199232
878,60000000	0,97212310
878,80000000	0,97110588
879,00000000	0,97184909
879,20000000	0,97088761
879,40000000	0,97003289
879,60000000	0,97083871
879,80000000	0,96988426
880,00000000	0,96937424
880,20000000	0,96922989
880,40000000	0,96859469
880,60000000	0,96832700
880,80000000	0,96819424
881,00000000	0,96762540
881,20000000	0,96740153
881,40000000	0,96747254
881,60000000	0,96651515
881,80000000	0,96573467
882,00000000	0,96547723
882,20000000	0,96599604
882,40000000	0,96455345
882,60000000	0,96436418
882,80000000	0,96429719
883,00000000	0,96343313
883,20000000	0,96347403
883,40000000	0,96205295
883,60000000	0,96226347
883,80000000	0,96181896
884,00000000	0,96158099
884,20000000	0,96102099
884,40000000	0,96146113
884,60000000	0,95942352
884,80000000	0,95933413
885,00000000	0,95969713
885,20000000	0,95859502
885,40000000	0,95851193
885,60000000	0,95766050
885,80000000	0,95786485
886,00000000	0,95700233
886,20000000	0,95748045
886,40000000	0,95611505
886,60000000	0,95607122
886,80000000	0,95587058
887,00000000	0,95564250
887,20000000	0,95454070
887,40000000	0,95476974
887,60000000	0,95438136
887,80000000	0,95385434
888,00000000	0,95439166
888,20000000	0,95303828
888,40000000	0,95390262
888,60000000	0,95320670
888,80000000	0,95220077
889,00000000	0,95263854
889,20000000	0,95271318
889,40000000	0,95298772
889,60000000	0,95191596
889,80000000	0,95204043
890,00000000	0,95190595
890,20000000	0,95140176
890,40000000	0,95168201
890,60000000	0,95163601
890,80000000	0,95098368
891,00000000	0,95158022
891,20000000	0,95217727
891,40000000	0,95152549
891,60000000	0,95124272
891,80000000	0,95124496
892,00000000	0,95158536
892,20000000	0,95075966
892,40000000	0,95175610
892,60000000	0,95182229
892,80000000	0,95066079
893,00000000	0,95148925
893,20000000	0,95233133
893,40000000	0,95182919
893,60000000	0,95260089
893,80000000	0,95210349
894,00000000	0,95277717
894,20000000	0,95267610
894,40000000	0,95289977
894,60000000	0,95362237
894,80000000	0,95337912
895,00000000	0,95321773
895,20000000	0,95376134
895,40000000	0,95441333
895,60000000	0,95413783
895,80000000	0,95468770
896,00000000	0,95502073
896,20000000	0,95564409
896,40000000	0,95559153
896,60000000	0,95622458
896,80000000	0,95588189
897,00000000	0,95626123
897,20000000	0,95680343
897,40000000	0,95695840
897,60000000	0,95727002
897,80000000	0,95792540
898,00000000	0,95797468
898,20000000	0,95845644
898,40000000	0,95884688
898,60000000	0,95910330
898,80000000	0,95964865
899,00000000	0,95941403
899,20000000	0,95969051
899,40000000	0,96054881
899,60000000	0,96021904
899,80000000	0,96076041
900,00000000	0,96101472
