200,00000000	0,90231448
200,20000000	0,95503854
200,40000000	0,92717908
200,60000000	0,91813510
200,80000000	0,95392129
201,00000000	0,88862820
201,20000000	0,92565905
201,40000000	0,93152692
201,60000000	0,90164234
201,80000000	0,89362122
202,00000000	0,92324179
202,20000000	0,90438958
202,40000000	0,90520037
202,60000000	0,91761458
202,80000000	0,88827006
203,00000000	0,89208043
203,20000000	0,91501401
203,40000000	0,87353401
203,60000000	0,86211011
203,80000000	0,90719666
204,00000000	0,85847030
204,20000000	0,86121180
204,40000000	0,88785285
204,60000000	0,85323727
204,80000000	0,86689362
205,00000000	0,86629230
205,20000000	0,82613897
205,40000000	0,82496773
205,60000000	0,88022895
205,80000000	0,82300090
206,00000000	0,80892335
206,20000000	0,85601088
206,40000000	0,80228919
206,60000000	0,83798626
206,80000000	0,85928121
207,00000000	0,80540554
207,20000000	0,78171740
207,40000000	0,84045974
207,60000000	0,79449852
207,80000000	0,77317163
208,00000000	0,81343915
208,20000000	0,76407412
208,40000000	0,79731140
208,60000000	0,80936035
208,80000000	0,78961905
209,00000000	0,73884534
209,20000000	0,78516106
209,40000000	0,78391842
209,60000000	0,76402916
209,80000000	0,73992417
210,00000000	0,77239373
210,20000000	0,76022865
210,40000000	0,70838335
210,60000000	0,74569714
210,80000000	0,75137795
211,00000000	0,76469595
211,20000000	0,74268990
211,40000000	0,74245865
211,60000000	0,72184532
211,80000000	0,74099256
212,00000000	0,70948665
212,20000000	0,70909686
212,40000000	0,72377494
212,60000000	0,69945904
212,80000000	0,69580508
213,00000000	0,71085965
213,20000000	0,68034233
213,40000000	0,68266003
213,60000000	0,70918461
213,80000000	0,69101296
214,00000000	0,67523145
214,20000000	0,65689105
214,40000000	0,70533557
214,60000000	0,63779489
214,80000000	0,65606184
215,00000000	0,66151011
215,20000000	0,64242511
215,40000000	0,64211392
215,60000000	0,65208005
215,80000000	0,64212118
216,00000000	0,62413777
216,20000000	0,66533608
216,40000000	0,62374211
216,60000000	0,61374381
216,80000000	0,62485968
217,00000000	0,65019373
217,20000000	0,62110547
217,40000000	0,61347353
217,60000000	0,61796661
217,80000000	0,61626409
218,00000000	0,57030084
218,20000000	0,64920756
218,40000000	0,62523471
218,60000000	0,57333072
218,80000000	0,62399857
219,00000000	0,60229771
219,20000000	0,61364126
219,40000000	0,61703857
219,60000000	0,62721267
219,80000000	0,60815855
220,00000000	0,62503672
220,20000000	0,61192520
220,40000000	0,60604287
220,60000000	0,55010537
220,80000000	0,61881810
221,00000000	0,56547057
221,20000000	0,59143969
221,40000000	0,60649224
221,60000000	0,61560566
221,80000000	0,59378176
222,00000000	0,59668860
222,20000000	0,64054711
222,40000000	0,57795619
222,60000000	0,57875074
222,80000000	0,61776060
223,00000000	0,62463730
223,20000000	0,54212191
223,40000000	0,59801524
223,60000000	0,62683492
223,80000000	0,60667675
224,00000000	0,58959519
224,20000000	0,63255591
224,40000000	0,54902890
224,60000000	0,59611417
224,80000000	0,62660950
225,00000000	0,63724516
225,20000000	0,58805300
225,40000000	0,60438677
225,60000000	0,60131646
225,80000000	0,61388773
226,00000000	0,61031961
226,20000000	0,64921489
226,40000000	0,55780611
226,60000000	0,56627784
226,80000000	0,63449317
227,00000000	0,62442247
227,20000000	0,59709555
227,40000000	0,58652915
227,60000000	0,62997026
227,80000000	0,56211287
228,00000000	0,62542638
228,20000000	0,64415132
228,40000000	0,60429493
228,60000000	0,57297678
228,80000000	0,68068550
229,00000000	0,61054157
229,20000000	0,64314794
229,40000000	0,61354207
229,60000000	0,65593001
229,80000000	0,61882392
230,00000000	0,67367346
230,20000000	0,64505812
230,40000000	0,64708411
230,60000000	0,63682433
230,80000000	0,68605412
231,00000000	0,63514097
231,20000000	0,67748197
231,40000000	0,67868195
231,60000000	0,63207860
231,80000000	0,62448904
232,00000000	0,69638038
232,20000000	0,68268882
232,40000000	0,65118881
232,60000000	0,70100034
232,80000000	0,65147371
233,00000000	0,68217516
233,20000000	0,68601998
233,40000000	0,69170892
233,60000000	0,65559325
233,80000000	0,71424191
234,00000000	0,69548096
234,20000000	0,68913870
234,40000000	0,70006464
234,60000000	0,72029995
234,80000000	0,69458501
235,00000000	0,70797136
235,20000000	0,70555745
235,40000000	0,74648861
235,60000000	0,72570344
235,80000000	0,73592109
236,00000000	0,73137055
236,20000000	0,74096745
236,40000000	0,73144768
236,60000000	0,74723851
236,80000000	0,73845680
237,00000000	0,75035623
237,20000000	0,75768132
237,40000000	0,75110540
237,60000000	0,76845594
237,80000000	0,76875941
238,00000000	0,75402982
238,20000000	0,77127221
238,40000000	0,75820009
238,60000000	0,77533540
238,80000000	0,77021882
239,00000000	0,78046247
239,20000000	0,76323037
239,40000000	0,79186389
239,60000000	0,79162829
239,80000000	0,79634280
240,00000000	0,80292824
240,20000000	0,80008781
240,40000000	0,79622181
240,60000000	0,78919535
240,80000000	0,79653998
241,00000000	0,80399594
241,20000000	0,81487557
241,40000000	0,79701114
241,60000000	0,79857290
241,80000000	0,83198128
242,00000000	0,80589599
242,20000000	0,82674435
242,40000000	0,80198433
242,60000000	0,79916001
242,80000000	0,79893320
243,00000000	0,80471307
243,20000000	0,78100685
243,40000000	0,78554010
243,60000000	0,80781617
243,80000000	0,80094942
244,00000000	0,79240769
244,20000000	0,79475933
244,40000000	0,78378387
244,60000000	0,77949451
244,80000000	0,78472137
245,00000000	0,76272744
245,20000000	0,75150465
245,40000000	0,77555720
245,60000000	0,75010732
245,80000000	0,72297002
246,00000000	0,75909510
246,20000000	0,73173078
246,40000000	0,72524822
246,60000000	0,72745362
246,80000000	0,72419554
247,00000000	0,70915015
247,20000000	0,71533934
247,40000000	0,70681507
247,60000000	0,68527740
247,80000000	0,69169933
248,00000000	0,68215916
248,20000000	0,64433832
248,40000000	0,65444597
248,60000000	0,64811054
248,80000000	0,63128967
249,00000000	0,63086731
249,20000000	0,64265861
249,40000000	0,60792236
249,60000000	0,63088189
249,80000000	0,63766534
250,00000000	0,60426977
250,20000000	0,56880196
250,40000000	0,59123082
250,60000000	0,57005448
250,80000000	0,55723980
251,00000000	0,55641904
251,20000000	0,54298882
251,40000000	0,55589739
251,60000000	0,54333898
251,80000000	0,54956470
252,00000000	0,54288533
252,20000000	0,53454570
252,40000000	0,53157080
252,60000000	0,52053654
252,80000000	0,51965089
253,00000000	0,50234416
253,20000000	0,51064683
253,40000000	0,50345914
253,60000000	0,49447075
253,80000000	0,49334996
254,00000000	0,46343528
254,20000000	0,49072900
254,40000000	0,46984729
254,60000000	0,47244060
254,80000000	0,46683152
255,00000000	0,46333643
255,20000000	0,49258412
255,40000000	0,47043135
255,60000000	0,46054596
255,80000000	0,46341225
256,00000000	0,46817499
256,20000000	0,46294496
256,40000000	0,45010638
256,60000000	0,46048668
256,80000000	0,45049245
257,00000000	0,44897811
257,20000000	0,44203242
257,40000000	0,46249118
257,60000000	0,46085316
257,80000000	0,45169873
258,00000000	0,47004843
258,20000000	0,45382970
258,40000000	0,47057703
258,60000000	0,45122864
258,80000000	0,47117766
259,00000000	0,46724125
259,20000000	0,46986468
259,40000000	0,45878904
259,60000000	0,46790813
259,80000000	0,47530962
260,00000000	0,47438270
260,20000000	0,47665716
260,40000000	0,48279366
260,60000000	0,49241885
260,80000000	0,49060807
261,00000000	0,49350289
261,20000000	0,49730111
261,40000000	0,49922326
261,60000000	0,50314689
261,80000000	0,51136128
262,00000000	0,51623125
262,20000000	0,53505178
262,40000000	0,55145610
262,60000000	0,54322579
262,80000000	0,54871376
263,00000000	0,56004067
263,20000000	0,56293116
263,40000000	0,56598649
263,60000000	0,58370053
263,80000000	0,58688717
264,00000000	0,59011352
264,20000000	0,59191733
264,40000000	0,60744424
264,60000000	0,62062137
264,80000000	0,61981393
265,00000000	0,62741357
265,20000000	0,64055410
265,40000000	0,64269320
265,60000000	0,64446728
265,80000000	0,64755560
266,00000000	0,64717254
266,20000000	0,65806896
266,40000000	0,66005188
266,60000000	0,66366388
266,80000000	0,66586580
267,00000000	0,65823291
267,20000000	0,66156766
267,40000000	0,66181815
267,60000000	0,64799635
267,80000000	0,64345117
268,00000000	0,64861136
268,20000000	0,64167940
268,40000000	0,63986002
268,60000000	0,63792602
268,80000000	0,63094556
269,00000000	0,62567359
269,20000000	0,61818967
269,40000000	0,61182513
269,60000000	0,61229773
269,80000000	0,60598062
270,00000000	0,60885816
270,20000000	0,60321763
270,40000000	0,60101555
270,60000000	0,59758493
270,80000000	0,59454713
271,00000000	0,59852805
271,20000000	0,59483061
271,40000000	0,60116731
271,60000000	0,59822489
271,80000000	0,60436124
272,00000000	0,60183681
272,20000000	0,60878153
272,40000000	0,61624070
272,60000000	0,62441006
272,80000000	0,63404982
273,00000000	0,64098433
273,20000000	0,65020512
273,40000000	0,66418896
273,60000000	0,67139589
273,80000000	0,68527380
274,00000000	0,69456195
274,20000000	0,70882194
274,40000000	0,71660216
274,60000000	0,72927059
274,80000000	0,74531868
275,00000000	0,76274257
275,20000000	0,76566404
275,40000000	0,77836978
275,60000000	0,79733467
275,80000000	0,80608160
276,00000000	0,81276309
276,20000000	0,81958058
276,40000000	0,83013651
276,60000000	0,83338159
276,80000000	0,83103481
277,00000000	0,83527431
277,20000000	0,84425280
277,40000000	0,84056654
277,60000000	0,83564546
277,80000000	0,83228204
278,00000000	0,82733857
278,20000000	0,82100364
278,40000000	0,80871329
278,60000000	0,80935100
278,80000000	0,79844348
279,00000000	0,79535688
279,20000000	0,78033764
279,40000000	0,76895260
279,60000000	0,75217722
279,80000000	0,74204359
280,00000000	0,72598463
280,20000000	0,71187520
280,40000000	0,70330333
280,60000000	0,69046673
280,80000000	0,67743537
281,00000000	0,65342930
281,20000000	0,64073156
281,40000000	0,61850425
281,60000000	0,60799240
281,80000000	0,59509806
282,00000000	0,59469066
282,20000000	0,58047409
282,40000000	0,56162757
282,60000000	0,55142990
282,80000000	0,52460045
283,00000000	0,51373654
283,20000000	0,50231928
283,40000000	0,48003210
283,60000000	0,46982190
283,80000000	0,45887333
284,00000000	0,45629313
284,20000000	0,44247567
284,40000000	0,42930991
284,60000000	0,41534613
284,80000000	0,40122601
285,00000000	0,38171592
285,20000000	0,38952491
285,40000000	0,39194862
285,60000000	0,38497544
285,80000000	0,36901234
286,00000000	0,35082182
286,20000000	0,34475656
286,40000000	0,34898857
286,60000000	0,33724062
286,80000000	0,32141885
287,00000000	0,33028443
287,20000000	0,33573245
287,40000000	0,32262705
287,60000000	0,30829173
287,80000000	0,31768854
288,00000000	0,32078807
288,20000000	0,31090052
288,40000000	0,29429997
288,60000000	0,28582134
288,80000000	0,28853005
289,00000000	0,29119683
289,20000000	0,27848371
289,40000000	0,27892511
289,60000000	0,28614370
289,80000000	0,27602512
290,00000000	0,26750558
290,20000000	0,26955799
290,40000000	0,26808442
290,60000000	0,27495265
290,80000000	0,26174206
291,00000000	0,24713595
291,20000000	0,24934671
291,40000000	0,25879684
291,60000000	0,25714865
291,80000000	0,24855573
292,00000000	0,23899252
292,20000000	0,23561323
292,40000000	0,24463128
292,60000000	0,23657375
292,80000000	0,23363973
293,00000000	0,23963130
293,20000000	0,24005079
293,40000000	0,24003727
293,60000000	0,23294690
293,80000000	0,23131727
294,00000000	0,23554302
294,20000000	0,23701458
294,40000000	0,23371850
294,60000000	0,22121462
294,80000000	0,22074089
295,00000000	0,21408268
295,20000000	0,22209449
295,40000000	0,22302875
295,60000000	0,21646578
295,80000000	0,22216720
296,00000000	0,21721328
296,20000000	0,21585217
296,40000000	0,20466476
296,60000000	0,21055192
296,80000000	0,21541275
297,00000000	0,21207273
297,20000000	0,21281748
297,40000000	0,21726534
297,60000000	0,21977497
297,80000000	0,21469296
298,00000000	0,20798184
298,20000000	0,19935306
298,40000000	0,20669674
298,60000000	0,20286326
298,80000000	0,20725825
299,00000000	0,20186818
299,20000000	0,21294351
299,40000000	0,21488031
299,60000000	0,20374047
299,80000000	0,19818854
300,00000000	0,19994227
300,20000000	0,21709658
300,40000000	0,20212419
300,60000000	0,20028469
300,80000000	0,20190845
301,00000000	0,19887497
301,20000000	0,20527153
301,40000000	0,20235056
301,60000000	0,20066920
301,80000000	0,19945297
302,00000000	0,19810074
302,20000000	0,20176598
302,40000000	0,19610428
302,60000000	0,18864280
302,80000000	0,19326554
303,00000000	0,18949465
303,20000000	0,19509220
303,40000000	0,19552697
303,60000000	0,19556168
303,80000000	0,20060904
304,00000000	0,19916078
304,20000000	0,19881849
304,40000000	0,18796824
304,60000000	0,18677029
304,80000000	0,18803652
305,00000000	0,18640130
305,20000000	0,18582635
305,40000000	0,18659744
305,60000000	0,19096414
305,80000000	0,19599501
306,00000000	0,19422007
306,20000000	0,19416836
306,40000000	0,19162220
306,60000000	0,19220537
306,80000000	0,18972120
307,00000000	0,18280473
307,20000000	0,18266584
307,40000000	0,18226874
307,60000000	0,18720410
307,80000000	0,18912936
308,00000000	0,19173399
308,20000000	0,19350669
308,40000000	0,19303448
308,60000000	0,19260153
308,80000000	0,18083334
309,00000000	0,17796597
309,20000000	0,18138233
309,40000000	0,18235096
309,60000000	0,17986461
309,80000000	0,18151491
310,00000000	0,18682259
310,20000000	0,19060726
310,40000000	0,19068744
310,60000000	0,19098643
310,80000000	0,19005095
311,00000000	0,18652693
311,20000000	0,17645712
311,40000000	0,17717046
311,60000000	0,17656231
311,80000000	0,17559101
312,00000000	0,18473284
312,20000000	0,18290209
312,40000000	0,18585630
312,60000000	0,18141276
312,80000000	0,17818910
313,00000000	0,18759440
313,20000000	0,18342546
313,40000000	0,17997157
313,60000000	0,17836295
313,80000000	0,17701779
314,00000000	0,17771463
314,20000000	0,17612825
314,40000000	0,17202684
314,60000000	0,17328679
314,80000000	0,18282988
315,00000000	0,18581892
315,20000000	0,17917964
315,40000000	0,17985576
315,60000000	0,18074479
315,80000000	0,18171658
316,00000000	0,17796212
316,20000000	0,17374099
316,40000000	0,17389658
316,60000000	0,17531619
316,80000000	0,17566071
317,00000000	0,17797515
317,20000000	0,17968135
317,40000000	0,17971209
317,60000000	0,17965968
317,80000000	0,18157654
318,00000000	0,18312318
318,20000000	0,18254887
318,40000000	0,17715955
318,60000000	0,17415303
318,80000000	0,17391836
319,00000000	0,17604814
319,20000000	0,17457902
319,40000000	0,17373881
319,60000000	0,17521181
319,80000000	0,17659740
320,00000000	0,17882213
320,20000000	0,17562663
320,40000000	0,17716112
320,60000000	0,17963637
320,80000000	0,17673212
321,00000000	0,17684799
321,20000000	0,17577162
321,40000000	0,17348512
321,60000000	0,17305783
321,80000000	0,17204348
322,00000000	0,17495199
322,20000000	0,17349443
322,40000000	0,17532753
322,60000000	0,17708277
322,80000000	0,17552095
323,00000000	0,17590651
323,20000000	0,17383852
323,40000000	0,17326506
323,60000000	0,17496548
323,80000000	0,17262503
324,00000000	0,17356249
324,20000000	0,17395707
324,40000000	0,17323581
324,60000000	0,17363858
324,80000000	0,17266618
325,00000000	0,17495072
325,20000000	0,17506941
325,40000000	0,17349141
325,60000000	0,17487268
325,80000000	0,17518680
326,00000000	0,17483096
326,20000000	0,17215832
326,40000000	0,17003304
326,60000000	0,17229022
326,80000000	0,17263534
327,00000000	0,17325286
327,20000000	0,17160121
327,40000000	0,17146382
327,60000000	0,17323998
327,80000000	0,17426583
328,00000000	0,17394991
328,20000000	0,17402915
328,40000000	0,17289830
328,60000000	0,17297779
328,80000000	0,17289876
329,00000000	0,17359395
329,20000000	0,17241296
329,40000000	0,17064747
329,60000000	0,17156748
329,80000000	0,17258831
330,00000000	0,17288688
330,20000000	0,17394634
330,40000000	0,17325627
330,60000000	0,17360902
330,80000000	0,17425811
331,00000000	0,17322790
331,20000000	0,17315782
331,40000000	0,17236342
331,60000000	0,17308563
331,80000000	0,17351306
332,00000000	0,17356172
332,20000000	0,17410751
332,40000000	0,17355665
332,60000000	0,17329957
332,80000000	0,17368213
333,00000000	0,17294016
333,20000000	0,17363199
333,40000000	0,17443761
333,60000000	0,17452252
333,80000000	0,17432594
334,00000000	0,17435294
334,20000000	0,17501053
334,40000000	0,17453445
334,60000000	0,17395832
334,80000000	0,17327540
335,00000000	0,17454945
335,20000000	0,17529380
335,40000000	0,17503078
335,60000000	0,17516450
335,80000000	0,17540722
336,00000000	0,17530081
336,20000000	0,17546394
336,40000000	0,17557994
336,60000000	0,17579555
336,80000000	0,17630537
337,00000000	0,17650874
337,20000000	0,17653303
337,40000000	0,17606198
337,60000000	0,17653456
337,80000000	0,17693442
338,00000000	0,17627125
338,20000000	0,17722107
338,40000000	0,17803553
338,60000000	0,17816463
338,80000000	0,17861432
339,00000000	0,17833086
339,20000000	0,17893506
339,40000000	0,17921917
339,60000000	0,17890545
339,80000000	0,17953476
340,00000000	0,17967330
340,20000000	0,17946864
340,40000000	0,18050611
340,60000000	0,18090294
340,80000000	0,18119445
341,00000000	0,18167388
341,20000000	0,18090419
341,40000000	0,18136786
341,60000000	0,18212272
341,80000000	0,18332909
342,00000000	0,18387390
342,20000000	0,18356331
342,40000000	0,18432103
342,60000000	0,18558642
342,80000000	0,18570255
343,00000000	0,18610416
343,20000000	0,18617158
343,40000000	0,18675878
343,60000000	0,18761109
343,80000000	0,18732800
344,00000000	0,18754007
344,20000000	0,18808964
344,40000000	0,18863220
344,60000000	0,18952184
344,80000000	0,19001422
345,00000000	0,18935478
345,20000000	0,18973194
345,40000000	0,19096096
345,60000000	0,19173787
345,80000000	0,19282762
346,00000000	0,19370661
346,20000000	0,19450467
346,40000000	0,19585309
346,60000000	0,19693123
346,80000000	0,19801833
347,00000000	0,19875220
347,20000000	0,19931438
347,40000000	0,20086247
347,60000000	0,20159680
347,80000000	0,20177605
348,00000000	0,20247805
348,20000000	0,20284495
348,40000000	0,20428944
348,60000000	0,20528030
348,80000000	0,20479089
349,00000000	0,20564601
349,20000000	0,20635283
349,40000000	0,20672734
349,60000000	0,20851859
349,80000000	0,20917232
350,00000000	0,21042878
350,20000000	0,21286147
350,40000000	0,21381158
350,60000000	0,21509678
350,80000000	0,21667433
351,00000000	0,21802802
351,20000000	0,22108975
351,40000000	0,22288849
351,60000000	0,22347781
351,80000000	0,22511274
352,00000000	0,22574835
352,20000000	0,22770844
352,40000000	0,23167072
352,60000000	0,23286599
352,80000000	0,23432123
353,00000000	0,23508942
353,20000000	0,23407694
353,40000000	0,23706163
353,60000000	0,24103281
353,80000000	0,24136210
354,00000000	0,24391478
354,20000000	0,24620898
354,40000000	0,24601598
354,60000000	0,24816685
354,80000000	0,25178595
355,00000000	0,25530160
355,20000000	0,25710998
355,40000000	0,26113695
355,60000000	0,26661506
355,80000000	0,26672064
356,00000000	0,26706994
356,20000000	0,27341331
356,40000000	0,27882418
356,60000000	0,28227163
356,80000000	0,28756130
357,00000000	0,28852960
357,20000000	0,28835713
357,40000000	0,29243307
357,60000000	0,29826026
357,80000000	0,30597874
358,00000000	0,30914401
358,20000000	0,30923740
358,40000000	0,31510080
358,60000000	0,32104586
358,80000000	0,32459976
359,00000000	0,33317184
359,20000000	0,33815210
359,40000000	0,34099882
359,60000000	0,34591867
359,80000000	0,35142456
360,00000000	0,35754464
360,20000000	0,36365993
360,40000000	0,37204333
360,60000000	0,38505665
360,80000000	0,39052741
361,00000000	0,39193331
361,20000000	0,40354512
361,40000000	0,41306095
361,60000000	0,41840093
361,80000000	0,43081816
362,00000000	0,44190408
362,20000000	0,44774176
362,40000000	0,45479443
362,60000000	0,46719715
362,80000000	0,48110194
363,00000000	0,48861467
363,20000000	0,49853942
363,40000000	0,51486118
363,60000000	0,52615715
363,80000000	0,53388934
364,00000000	0,54930067
364,20000000	0,56684946
364,40000000	0,57712810
364,60000000	0,58990751
364,80000000	0,60923944
365,00000000	0,62578776
365,20000000	0,63793174
365,40000000	0,65168529
365,60000000	0,66940391
365,80000000	0,68402195
366,00000000	0,69594578
366,20000000	0,71522427
366,40000000	0,73233173
366,60000000	0,74312302
366,80000000	0,75750420
367,00000000	0,77610307
367,20000000	0,79169359
367,40000000	0,80542718
367,60000000	0,81964278
367,80000000	0,83286043
368,00000000	0,84615722
368,20000000	0,85951158
368,40000000	0,87269579
368,60000000	0,88151613
368,80000000	0,88777795
369,00000000	0,89620856
369,20000000	0,90276654
369,40000000	0,90859418
369,60000000	0,91424818
369,80000000	0,91687499
370,00000000	0,91687909
370,20000000	0,91592760
370,40000000	0,91399062
370,60000000	0,91073437
370,80000000	0,90744333
371,00000000	0,90189902
371,20000000	0,89566766
371,40000000	0,88926720
371,60000000	0,87999958
371,80000000	0,86812632
372,00000000	0,85600193
372,20000000	0,84466972
372,40000000	0,83257974
372,60000000	0,81967211
372,80000000	0,80926578
373,00000000	0,79704587
373,20000000	0,78126740
373,40000000	0,76357253
373,60000000	0,74950434
373,80000000	0,73942406
374,00000000	0,72586246
374,20000000	0,71002657
374,40000000	0,69592570
374,60000000	0,68232130
374,80000000	0,66651963
375,00000000	0,65173586
375,20000000	0,63976009
375,40000000	0,62589111
375,60000000	0,60953051
375,80000000	0,59834823
376,00000000	0,58938573
376,20000000	0,57639289
376,40000000	0,56358280
376,60000000	0,55336361
376,80000000	0,54035775
377,00000000	0,52528560
377,20000000	0,51562572
377,40000000	0,50840128
377,60000000	0,49782371
377,80000000	0,48815536
378,00000000	0,48121531
378,20000000	0,47300795
378,40000000	0,46215174
378,60000000	0,45239514
378,80000000	0,44546036
379,00000000	0,43698881
379,20000000	0,42838439
379,40000000	0,42309646
379,60000000	0,41697708
379,80000000	0,40828620
380,00000000	0,40144022
380,20000000	0,39595737
380,40000000	0,38863846
380,60000000	0,38159590
380,80000000	0,37754974
381,00000000	0,37368989
381,20000000	0,36632526
381,40000000	0,35952773
381,60000000	0,35548761
381,80000000	0,35070650
382,00000000	0,34419807
382,20000000	0,33968821
382,40000000	0,33680093
382,60000000	0,33108188
382,80000000	0,32505372
383,00000000	0,32214113
383,20000000	0,31976999
383,40000000	0,31572928
383,60000000	0,31212226
383,80000000	0,30872429
384,00000000	0,30373205
384,20000000	0,29830498
384,40000000	0,29552503
384,60000000	0,29383827
384,80000000	0,29015786
385,00000000	0,28669186
385,20000000	0,28397141
385,40000000	0,28125804
385,60000000	0,27768400
385,80000000	0,27545516
386,00000000	0,27449104
386,20000000	0,27165981
386,40000000	0,26880451
386,60000000	0,26604135
386,80000000	0,26256033
387,00000000	0,25912310
387,20000000	0,25713624
387,40000000	0,25699615
387,60000000	0,25506240
387,80000000	0,25094582
388,00000000	0,24965157
388,20000000	0,24951199
388,40000000	0,24704772
388,60000000	0,24462861
388,80000000	0,24391246
389,00000000	0,24187706
389,20000000	0,23837802
389,40000000	0,23685571
389,60000000	0,23629795
389,80000000	0,23528898
390,00000000	0,23240536
390,20000000	0,23125452
390,40000000	0,22986768
390,60000000	0,22560674
390,80000000	0,22405108
391,00000000	0,22343566
391,20000000	0,22313426
391,40000000	0,22304946
391,60000000	0,22307294
391,80000000	0,22277933
392,00000000	0,21998107
392,20000000	0,21706719
392,40000000	0,21502305
392,60000000	0,21204799
392,80000000	0,20961704
393,00000000	0,21032084
393,20000000	0,21177223
393,40000000	0,21150701
393,60000000	0,21051993
393,80000000	0,20977558
394,00000000	0,20800207
394,20000000	0,20600800
394,40000000	0,20457224
394,60000000	0,20380569
394,80000000	0,20268181
395,00000000	0,20199576
395,20000000	0,20179669
395,40000000	0,20028201
395,60000000	0,19987319
395,80000000	0,19985906
396,00000000	0,19998212
396,20000000	0,19894624
396,40000000	0,19741419
396,60000000	0,19540463
396,80000000	0,19242682
397,00000000	0,19061195
397,20000000	0,19026610
397,40000000	0,19331307
397,60000000	0,19481142
397,80000000	0,19429877
398,00000000	0,19257250
398,20000000	0,18967411
398,40000000	0,18731341
398,60000000	0,18499463
398,80000000	0,18508763
399,00000000	0,18615350
399,20000000	0,18597119
399,40000000	0,18578359
399,60000000	0,18608989
399,80000000	0,18492596
400,00000000	0,18540978
400,20000000	0,18449447
400,40000000	0,18176381
400,60000000	0,18155298
400,80000000	0,18234510
401,00000000	0,18405243
401,20000000	0,18167589
401,40000000	0,17840022
401,60000000	0,17679921
401,80000000	0,17749538
402,00000000	0,18008699
402,20000000	0,18020848
402,40000000	0,18030303
402,60000000	0,17894585
402,80000000	0,17634108
403,00000000	0,17509427
403,20000000	0,17583021
403,40000000	0,17558738
403,60000000	0,17476760
403,80000000	0,17584964
404,00000000	0,17740578
404,20000000	0,17795741
404,40000000	0,17656907
404,60000000	0,17432817
404,80000000	0,17069340
405,00000000	0,17093866
405,20000000	0,17284397
405,40000000	0,17381046
405,60000000	0,17392572
405,80000000	0,17002922
406,00000000	0,17041270
406,20000000	0,17258683
406,40000000	0,17240686
406,60000000	0,17240422
406,80000000	0,17213150
407,00000000	0,17177066
407,20000000	0,17046924
407,40000000	0,16934332
407,60000000	0,16850415
407,80000000	0,16759257
408,00000000	0,16715971
408,20000000	0,16673310
408,40000000	0,16837769
408,60000000	0,17161991
408,80000000	0,17026511
409,00000000	0,16743022
409,20000000	0,16527890
409,40000000	0,16419333
409,60000000	0,16744134
409,80000000	0,16597183
410,00000000	0,16232745
410,20000000	0,16197540
410,40000000	0,16264166
410,60000000	0,16556638
410,80000000	0,16604291
411,00000000	0,16409932
411,20000000	0,16207982
411,40000000	0,16150170
411,60000000	0,16310206
411,80000000	0,16506620
412,00000000	0,16622581
412,20000000	0,16712433
412,40000000	0,16548551
412,60000000	0,16109914
412,80000000	0,16209325
413,00000000	0,16414562
413,20000000	0,16242588
413,40000000	0,16154055
413,60000000	0,15985445
413,80000000	0,15968272
414,00000000	0,16304116
414,20000000	0,16493474
414,40000000	0,16328733
414,60000000	0,15820340
414,80000000	0,15482073
415,00000000	0,15722185
415,20000000	0,15981456
415,40000000	0,16084212
415,60000000	0,16160654
415,80000000	0,15874921
416,00000000	0,15283071
416,20000000	0,15044483
416,40000000	0,15611560
416,60000000	0,16160025
416,80000000	0,16239087
417,00000000	0,16126889
417,20000000	0,15647384
417,40000000	0,15544874
417,60000000	0,15764635
417,80000000	0,15692437
418,00000000	0,15717933
418,20000000	0,15555066
418,40000000	0,15298324
418,60000000	0,15512541
418,80000000	0,15711971
419,00000000	0,15831029
419,20000000	0,16018071
419,40000000	0,15832576
419,60000000	0,15568645
419,80000000	0,15432041
420,00000000	0,15374107
420,20000000	0,15499551
420,40000000	0,15682300
420,60000000	0,15706352
420,80000000	0,15558648
421,00000000	0,15828751
421,20000000	0,15930127
421,40000000	0,15718734
421,60000000	0,16158881
421,80000000	0,16026884
422,00000000	0,15287666
422,20000000	0,15384734
422,40000000	0,15605476
422,60000000	0,15665554
422,80000000	0,15955069
423,00000000	0,15821032
423,20000000	0,15403585
423,40000000	0,15028032
423,60000000	0,15101647
423,80000000	0,15959587
424,00000000	0,16060541
424,20000000	0,15614887
424,40000000	0,15620868
424,60000000	0,15230052
424,80000000	0,15003791
425,00000000	0,15368549
425,20000000	0,15633794
425,40000000	0,15651477
425,60000000	0,15590201
425,80000000	0,15559183
426,00000000	0,15223890
426,20000000	0,14929245
426,40000000	0,14995566
426,60000000	0,14983526
426,80000000	0,15062055
427,00000000	0,15208852
427,20000000	0,14743178
427,40000000	0,14476979
427,60000000	0,14989321
427,80000000	0,15207569
428,00000000	0,15342459
428,20000000	0,15160745
428,40000000	0,14825040
428,60000000	0,15020716
428,80000000	0,15024235
429,00000000	0,15223172
429,20000000	0,15295018
429,40000000	0,14786003
429,60000000	0,15047705
429,80000000	0,15528432
430,00000000	0,15010291
430,20000000	0,14935200
430,40000000	0,15618589
430,60000000	0,15608803
430,80000000	0,15186507
431,00000000	0,15061708
431,20000000	0,15162643
431,40000000	0,14745475
431,60000000	0,14392235
431,80000000	0,15095099
432,00000000	0,15132476
432,20000000	0,14959804
432,40000000	0,15456569
432,60000000	0,15485622
432,80000000	0,15742299
433,00000000	0,15869762
433,20000000	0,15598618
433,40000000	0,15156942
433,60000000	0,14230580
433,80000000	0,14384649
434,00000000	0,15077133
434,20000000	0,15050068
434,40000000	0,15529193
434,60000000	0,16119599
434,80000000	0,15543348
435,00000000	0,14653126
435,20000000	0,14876138
435,40000000	0,15513131
435,60000000	0,15536769
435,80000000	0,15443119
436,00000000	0,15808681
436,20000000	0,15806485
436,40000000	0,15366678
436,60000000	0,15786887
436,80000000	0,15974127
437,00000000	0,15770911
437,20000000	0,16129997
437,40000000	0,15975492
437,60000000	0,15413756
437,80000000	0,14848617
438,00000000	0,14600973
438,20000000	0,14954332
438,40000000	0,14873140
438,60000000	0,14888267
438,80000000	0,15401841
439,00000000	0,15218333
439,20000000	0,14967488
439,40000000	0,15486106
439,60000000	0,15609770
439,80000000	0,15103974
440,00000000	0,14941263
440,20000000	0,15104652
440,40000000	0,14795247
440,60000000	0,14231823
440,80000000	0,14782116
441,00000000	0,15568587
441,20000000	0,15181462
441,40000000	0,15079866
441,60000000	0,15908438
441,80000000	0,15739908
442,00000000	0,14376595
442,20000000	0,14239269
442,40000000	0,15377255
442,60000000	0,15328941
442,80000000	0,14739850
443,00000000	0,15260002
443,20000000	0,14995581
443,40000000	0,13940350
443,60000000	0,15401633
443,80000000	0,16736370
444,00000000	0,15689235
444,20000000	0,15974791
444,40000000	0,16557175
444,60000000	0,15010678
444,80000000	0,14752052
445,00000000	0,16156218
445,20000000	0,15796580
445,40000000	0,15466018
445,60000000	0,16761495
445,80000000	0,16331317
446,00000000	0,14762585
446,20000000	0,15585832
446,40000000	0,15948685
446,60000000	0,14193611
446,80000000	0,15057630
447,00000000	0,16911787
447,20000000	0,15334765
447,40000000	0,14833600
447,60000000	0,16719805
447,80000000	0,15535976
448,00000000	0,14106598
448,20000000	0,16292370
448,40000000	0,17299953
448,60000000	0,15768655
448,80000000	0,15750678
449,00000000	0,16975190
449,20000000	0,16799982
449,40000000	0,16562478
449,60000000	0,16902609
449,80000000	0,16446956
450,00000000	0,16010098
450,20000000	0,16078086
450,40000000	0,15914561
450,60000000	0,16117559
450,80000000	0,16635449
451,00000000	0,16264648
451,20000000	0,16059407
451,40000000	0,17050595
451,60000000	0,17133553
451,80000000	0,16082204
452,00000000	0,16089829
452,20000000	0,16078021
452,40000000	0,16148807
452,60000000	0,17101310
452,80000000	0,17263891
453,00000000	0,17055612
453,20000000	0,16863685
453,40000000	0,16113083
453,60000000	0,15646776
453,80000000	0,16239822
454,00000000	0,17181516
454,20000000	0,17188937
454,40000000	0,17562693
454,60000000	0,18027030
454,80000000	0,16799499
455,00000000	0,15742716
455,20000000	0,16266999
455,40000000	0,16813420
455,60000000	0,16090670
455,80000000	0,16597984
456,00000000	0,18363310
456,20000000	0,17904554
456,40000000	0,17126031
456,60000000	0,17718796
456,80000000	0,17471650
457,00000000	0,17058841
457,20000000	0,17202237
457,40000000	0,17376835
457,60000000	0,17751833
457,80000000	0,17645834
458,00000000	0,16843409
458,20000000	0,16787086
458,40000000	0,17327115
458,60000000	0,17045664
458,80000000	0,16885007
459,00000000	0,16843215
459,20000000	0,16722480
459,40000000	0,17032579
459,60000000	0,17114743
459,80000000	0,17036217
460,00000000	0,17151602
460,20000000	0,17466800
460,40000000	0,17785579
460,60000000	0,17573583
460,80000000	0,17433183
461,00000000	0,17809960
461,20000000	0,18249004
461,40000000	0,18064329
461,60000000	0,17757144
461,80000000	0,17433736
462,00000000	0,17088106
462,20000000	0,17565975
462,40000000	0,18010524
462,60000000	0,17781919
462,80000000	0,17161581
463,00000000	0,16458796
463,20000000	0,16203670
463,40000000	0,16280192
463,60000000	0,16897565
463,80000000	0,18432556
464,00000000	0,18854232
464,20000000	0,17997382
464,40000000	0,17344299
464,60000000	0,16583693
464,80000000	0,16116295
465,00000000	0,16315241
465,20000000	0,17419381
465,40000000	0,18496658
465,60000000	0,18967160
465,80000000	0,19019687
466,00000000	0,17994093
466,20000000	0,17267796
466,40000000	0,17800658
466,60000000	0,18584896
466,80000000	0,18545372
467,00000000	0,18017363
467,20000000	0,18683747
467,40000000	0,19096486
467,60000000	0,18157569
467,80000000	0,17771421
468,00000000	0,18278916
468,20000000	0,18852640
468,40000000	0,19019715
468,60000000	0,18759233
468,80000000	0,18581877
469,00000000	0,18639289
469,20000000	0,18985190
469,40000000	0,19306876
469,60000000	0,18779327
469,80000000	0,18452882
470,00000000	0,18799139
470,20000000	0,18684591
470,40000000	0,18341876
470,60000000	0,18203885
470,80000000	0,17699110
471,00000000	0,17477476
471,20000000	0,18592505
471,40000000	0,19717447
471,60000000	0,19569029
471,80000000	0,18936295
472,00000000	0,18779272
472,20000000	0,19229387
472,40000000	0,19005889
472,60000000	0,18146129
472,80000000	0,17874482
473,00000000	0,17949413
473,20000000	0,18276056
473,40000000	0,18955742
473,60000000	0,18888381
473,80000000	0,18652594
474,00000000	0,19146673
474,20000000	0,19309179
474,40000000	0,19020485
474,60000000	0,18761748
474,80000000	0,18147226
475,00000000	0,18234008
475,20000000	0,19076474
475,40000000	0,19120357
475,60000000	0,19195431
475,80000000	0,19356057
476,00000000	0,19177110
476,20000000	0,19117299
476,40000000	0,19100106
476,60000000	0,18905411
476,80000000	0,18209908
477,00000000	0,17856839
477,20000000	0,17964729
477,40000000	0,18416132
477,60000000	0,18892213
477,80000000	0,18890644
478,00000000	0,18520726
478,20000000	0,18378699
478,40000000	0,19558264
478,60000000	0,20555991
478,80000000	0,20741420
479,00000000	0,20199278
479,20000000	0,18874258
479,40000000	0,18403732
479,60000000	0,19779318
479,80000000	0,20943651
480,00000000	0,20346066
480,20000000	0,18753212
480,40000000	0,18157057
480,60000000	0,18906901
480,80000000	0,19903424
481,00000000	0,20416224
481,20000000	0,20152796
481,40000000	0,19060240
481,60000000	0,17517440
481,80000000	0,17716316
482,00000000	0,19711321
482,20000000	0,20383512
482,40000000	0,19292061
482,60000000	0,18327347
482,80000000	0,18431590
483,00000000	0,20120899
483,20000000	0,21707837
483,40000000	0,20564473
483,60000000	0,17665619
483,80000000	0,16778203
484,00000000	0,18125964
484,20000000	0,19824131
484,40000000	0,20469314
484,60000000	0,20126342
484,80000000	0,18871405
485,00000000	0,18506823
485,20000000	0,20618773
485,40000000	0,21675814
485,60000000	0,20909087
485,80000000	0,20053972
486,00000000	0,18713638
486,20000000	0,18335322
486,40000000	0,20085491
486,60000000	0,21757596
486,80000000	0,21182480
487,00000000	0,19592855
487,20000000	0,19507674
487,40000000	0,20004139
487,60000000	0,20517426
487,80000000	0,20965023
488,00000000	0,20174814
488,20000000	0,19278311
488,40000000	0,18390599
488,60000000	0,17963484
488,80000000	0,19861544
489,00000000	0,21659058
489,20000000	0,21416335
489,40000000	0,20477083
489,60000000	0,20001584
489,80000000	0,20280517
490,00000000	0,20750768
490,20000000	0,22005883
490,40000000	0,22645752
490,60000000	0,22262071
490,80000000	0,22276592
491,00000000	0,21843539
491,20000000	0,20846599
491,40000000	0,20511283
491,60000000	0,20264019
491,80000000	0,20484107
492,00000000	0,21272146
492,20000000	0,21807032
492,40000000	0,22181553
492,60000000	0,22180013
492,80000000	0,22705254
493,00000000	0,22115484
493,20000000	0,20776028
493,40000000	0,20123575
493,60000000	0,19940519
493,80000000	0,19953519
494,00000000	0,20867958
494,20000000	0,21857978
494,40000000	0,21302462
494,60000000	0,20303505
494,80000000	0,21655567
495,00000000	0,24016118
495,20000000	0,24084717
495,40000000	0,22825573
495,60000000	0,21337280
495,80000000	0,20906981
496,00000000	0,22053481
496,20000000	0,23561040
496,40000000	0,23630121
496,60000000	0,21628867
496,80000000	0,20458284
497,00000000	0,20554049
497,20000000	0,22423121
497,40000000	0,24413945
497,60000000	0,24557761
497,80000000	0,23672072
498,00000000	0,23289827
498,20000000	0,23912917
498,40000000	0,24640103
498,60000000	0,24851852
498,80000000	0,24539610
499,00000000	0,23609876
499,20000000	0,22329369
499,40000000	0,22376424
499,60000000	0,23785704
499,80000000	0,24736955
500,00000000	0,24974250
500,20000000	0,23923972
500,40000000	0,22506597
500,60000000	0,23330325
500,80000000	0,24716867
501,00000000	0,25475602
501,20000000	0,24891226
501,40000000	0,23501415
501,60000000	0,22946118
501,80000000	0,23608195
502,00000000	0,24407194
502,20000000	0,24167036
502,40000000	0,22919284
502,60000000	0,22626192
502,80000000	0,24081483
503,00000000	0,24955424
503,20000000	0,24739787
503,40000000	0,24219114
503,60000000	0,23876859
503,80000000	0,25170651
504,00000000	0,25641062
504,20000000	0,25379440
504,40000000	0,25415409
504,60000000	0,24445605
504,80000000	0,24099331
505,00000000	0,25571526
505,20000000	0,26537260
505,40000000	0,25789217
505,60000000	0,24851263
505,80000000	0,24983357
506,00000000	0,25764460
506,20000000	0,26243572
506,40000000	0,26452243
506,60000000	0,26278872
506,80000000	0,25774951
507,00000000	0,25982967
507,20000000	0,27535758
507,40000000	0,28100705
507,60000000	0,27658917
507,80000000	0,27326670
508,00000000	0,26833435
508,20000000	0,26762525
508,40000000	0,26714075
508,60000000	0,26474505
508,80000000	0,26614224
509,00000000	0,27425394
509,20000000	0,28166420
509,40000000	0,28598853
509,60000000	0,28507956
509,80000000	0,27641482
510,00000000	0,26711999
510,20000000	0,26314582
510,40000000	0,26907710
510,60000000	0,27752708
510,80000000	0,27542444
511,00000000	0,27332325
511,20000000	0,27912699
511,40000000	0,28558795
511,60000000	0,28377936
511,80000000	0,28221869
512,00000000	0,28443483
512,20000000	0,27955314
512,40000000	0,27335459
512,60000000	0,27828316
512,80000000	0,28379448
513,00000000	0,28982784
513,20000000	0,29149134
513,40000000	0,29201854
513,60000000	0,29710516
513,80000000	0,29863823
514,00000000	0,30066943
514,20000000	0,30187401
514,40000000	0,30100544
514,60000000	0,30122716
514,80000000	0,30529876
515,00000000	0,30987990
515,20000000	0,31172830
515,40000000	0,31560415
515,60000000	0,31703986
515,80000000	0,31474067
516,00000000	0,31575338
516,20000000	0,31023068
516,40000000	0,31091413
516,60000000	0,32176074
516,80000000	0,32328687
517,00000000	0,32077599
517,20000000	0,31219146
517,40000000	0,31181638
517,60000000	0,32339299
517,80000000	0,32593732
518,00000000	0,32447617
518,20000000	0,32052389
518,40000000	0,32363971
518,60000000	0,33498675
518,80000000	0,34271453
519,00000000	0,34453047
519,20000000	0,34209818
519,40000000	0,33893605
519,60000000	0,34231687
519,80000000	0,34583944
520,00000000	0,34509369
520,20000000	0,34399094
520,40000000	0,34448661
520,60000000	0,34485055
520,80000000	0,34972032
521,00000000	0,35425702
521,20000000	0,34497780
521,40000000	0,34576779
521,60000000	0,35066972
521,80000000	0,35101663
522,00000000	0,35522412
522,20000000	0,35016743
522,40000000	0,35165822
522,60000000	0,36160716
522,80000000	0,36347433
523,00000000	0,36310835
523,20000000	0,36147651
523,40000000	0,36558670
523,60000000	0,36973550
523,80000000	0,37442329
524,00000000	0,37466798
524,20000000	0,37543272
524,40000000	0,38516927
524,60000000	0,38857601
524,80000000	0,38676995
525,00000000	0,38723896
525,20000000	0,38912294
525,40000000	0,38444533
525,60000000	0,38730830
525,80000000	0,39004550
526,00000000	0,39294902
526,20000000	0,39655484
526,40000000	0,39682579
526,60000000	0,39861193
526,80000000	0,40262130
527,00000000	0,40887596
527,20000000	0,40247129
527,40000000	0,39312391
527,60000000	0,39573180
527,80000000	0,39657219
528,00000000	0,39850468
528,20000000	0,40722056
528,40000000	0,41049021
528,60000000	0,40673823
528,80000000	0,41037182
529,00000000	0,41962791
529,20000000	0,42159126
529,40000000	0,42343721
529,60000000	0,42709058
529,80000000	0,42649434
530,00000000	0,42480273
530,20000000	0,42592066
530,40000000	0,43009203
530,60000000	0,43481919
530,80000000	0,43706123
531,00000000	0,43277488
531,20000000	0,43650899
531,40000000	0,44099006
531,60000000	0,43469360
531,80000000	0,43554011
532,00000000	0,44132650
532,20000000	0,44717570
532,40000000	0,44910567
532,60000000	0,44791004
532,80000000	0,45052229
533,00000000	0,44902022
533,20000000	0,45173875
533,40000000	0,45924407
533,60000000	0,45715274
533,80000000	0,46026756
534,00000000	0,46985439
534,20000000	0,47169592
534,40000000	0,47485007
534,60000000	0,47364100
534,80000000	0,46928502
535,00000000	0,47232590
535,20000000	0,47404761
535,40000000	0,47409452
535,60000000	0,47516532
535,80000000	0,48094768
536,00000000	0,48466434
536,20000000	0,48464982
536,40000000	0,48574252
536,60000000	0,49143097
536,80000000	0,49563669
537,00000000	0,48950737
537,20000000	0,48581859
537,40000000	0,49614819
537,60000000	0,49694053
537,80000000	0,50199651
538,00000000	0,51048170
538,20000000	0,51683294
538,40000000	0,52390498
538,60000000	0,52571359
538,80000000	0,52504333
539,00000000	0,52739400
539,20000000	0,53210279
539,40000000	0,53408224
539,60000000	0,53132453
539,80000000	0,53203044
540,00000000	0,54274340
540,20000000	0,54368445
540,40000000	0,53766230
540,60000000	0,54082920
540,80000000	0,54398932
541,00000000	0,54664662
541,20000000	0,54703648
541,40000000	0,54690898
541,60000000	0,55161745
541,80000000	0,55689733
542,00000000	0,56254369
542,20000000	0,57049668
542,40000000	0,57549486
542,60000000	0,57864145
542,80000000	0,58206669
543,00000000	0,58312212
543,20000000	0,58713917
543,40000000	0,59090756
543,60000000	0,58819716
543,80000000	0,58857912
544,00000000	0,59690017
544,20000000	0,60519608
544,40000000	0,60565673
544,60000000	0,60579463
544,80000000	0,60536276
545,00000000	0,60746876
545,20000000	0,60828480
545,40000000	0,61030813
545,60000000	0,61343319
545,80000000	0,61388711
546,00000000	0,61388227
546,20000000	0,61784702
546,40000000	0,62621840
546,60000000	0,63093760
546,80000000	0,63111900
547,00000000	0,63414999
547,20000000	0,63548253
547,40000000	0,63528250
547,60000000	0,64304309
547,80000000	0,65010497
548,00000000	0,65152563
548,20000000	0,65280427
548,40000000	0,65621083
548,60000000	0,66054498
548,80000000	0,66159790
549,00000000	0,66492046
549,20000000	0,66482145
549,40000000	0,66218331
549,60000000	0,66541592
549,80000000	0,66986869
550,00000000	0,66938391
550,20000000	0,67126546
550,40000000	0,67348993
550,60000000	0,67469511
550,80000000	0,68020807
551,00000000	0,68433269
551,20000000	0,68616890
551,40000000	0,69073165
551,60000000	0,69534195
551,80000000	0,69883220
552,00000000	0,70017468
552,20000000	0,69995086
552,40000000	0,70132639
552,60000000	0,70372730
552,80000000	0,70495333
553,00000000	0,70472680
553,20000000	0,70531632
553,40000000	0,70674043
553,60000000	0,71074269
553,80000000	0,71515577
554,00000000	0,71495190
554,20000000	0,71558932
554,40000000	0,71678744
554,60000000	0,71665973
554,80000000	0,71672724
555,00000000	0,71869272
555,20000000	0,72021596
555,40000000	0,72119844
555,60000000	0,72395072
555,80000000	0,72331731
556,00000000	0,72316493
556,20000000	0,72527520
556,40000000	0,72901507
556,60000000	0,72926638
556,80000000	0,72984535
557,00000000	0,73274993
557,20000000	0,73282081
557,40000000	0,73259545
557,60000000	0,73394086
557,80000000	0,73767825
558,00000000	0,73930331
558,20000000	0,74001452
558,40000000	0,74117625
558,60000000	0,73933750
558,80000000	0,73895250
559,00000000	0,74117669
559,20000000	0,74040522
559,40000000	0,73659407
559,60000000	0,73514764
559,80000000	0,73827971
560,00000000	0,74521996
560,20000000	0,74646686
560,40000000	0,74839868
560,60000000	0,75408846
560,80000000	0,75683482
561,00000000	0,75652906
561,20000000	0,75566501
561,40000000	0,75522656
561,60000000	0,75395698
561,80000000	0,75248645
562,00000000	0,75316200
562,20000000	0,75197604
562,40000000	0,75190606
562,60000000	0,75077654
562,80000000	0,75032915
563,00000000	0,75595359
563,20000000	0,76030377
563,40000000	0,76070348
563,60000000	0,76104156
563,80000000	0,76060411
564,00000000	0,75969473
564,20000000	0,75867124
564,40000000	0,75835337
564,60000000	0,76062616
564,80000000	0,76505935
565,00000000	0,77053570
565,20000000	0,77154672
565,40000000	0,77330019
565,60000000	0,77771427
565,80000000	0,77959352
566,00000000	0,77683486
566,20000000	0,77550584
566,40000000	0,77469862
566,60000000	0,77124153
566,80000000	0,76820087
567,00000000	0,76771712
567,20000000	0,76891186
567,40000000	0,77065555
567,60000000	0,77492582
567,80000000	0,78064729
568,00000000	0,78691383
568,20000000	0,78883743
568,40000000	0,79207721
568,60000000	0,79263853
568,80000000	0,78756411
569,00000000	0,78519569
569,20000000	0,78327573
569,40000000	0,77999927
569,60000000	0,77803224
569,80000000	0,78153307
570,00000000	0,78572061
570,20000000	0,78609022
570,40000000	0,79012114
570,60000000	0,79665708
570,80000000	0,79938888
571,00000000	0,80058255
571,20000000	0,80053551
571,40000000	0,79952532
571,60000000	0,79891029
571,80000000	0,79925143
572,00000000	0,79922165
572,20000000	0,80151531
572,40000000	0,80288155
572,60000000	0,80559302
572,80000000	0,80888371
573,00000000	0,80953381
573,20000000	0,80996465
573,40000000	0,80961531
573,60000000	0,80981231
573,80000000	0,80545450
574,00000000	0,80065043
574,20000000	0,80125115
574,40000000	0,80313435
574,60000000	0,80423214
574,80000000	0,80740236
575,00000000	0,81337626
575,20000000	0,81763662
575,40000000	0,82076784
575,60000000	0,82459916
575,80000000	0,82672834
576,00000000	0,82216806
576,20000000	0,81747583
576,40000000	0,81643767
576,60000000	0,81425834
576,80000000	0,81082997
577,00000000	0,81129813
577,20000000	0,81441591
577,40000000	0,81756475
577,60000000	0,81992340
577,80000000	0,82327229
578,00000000	0,82738986
578,20000000	0,82845230
578,40000000	0,82830957
578,60000000	0,82904194
578,80000000	0,82742715
579,00000000	0,82368571
579,20000000	0,82247528
579,40000000	0,82249848
579,60000000	0,82131262
579,80000000	0,82047159
580,00000000	0,82176810
580,20000000	0,82519845
580,40000000	0,82467755
580,60000000	0,82342574
580,80000000	0,82257143
581,00000000	0,82238064
581,20000000	0,82326810
581,40000000	0,82460960
581,60000000	0,82404467
581,80000000	0,82327228
582,00000000	0,82164631
582,20000000	0,82236892
582,40000000	0,82663335
582,60000000	0,82558106
582,80000000	0,82553627
583,00000000	0,82801852
583,20000000	0,82719072
583,40000000	0,82528439
583,60000000	0,82357542
583,80000000	0,82189575
584,00000000	0,81911591
584,20000000	0,81975311
584,40000000	0,82177282
584,60000000	0,82289653
584,80000000	0,82307622
585,00000000	0,82216879
585,20000000	0,82187590
585,40000000	0,82376931
585,60000000	0,82393993
585,80000000	0,82312949
586,00000000	0,82307148
586,20000000	0,82226460
586,40000000	0,82140551
586,60000000	0,82148143
586,80000000	0,82069771
587,00000000	0,82094796
587,20000000	0,82202652
587,40000000	0,82073979
587,60000000	0,81970036
587,80000000	0,82149923
588,00000000	0,82201099
588,20000000	0,82104437
588,40000000	0,82151670
588,60000000	0,82211320
588,80000000	0,82301473
589,00000000	0,82275536
589,20000000	0,82186851
589,40000000	0,82045706
589,60000000	0,81886289
589,80000000	0,81736027
590,00000000	0,81724392
590,20000000	0,81773744
590,40000000	0,82049906
590,60000000	0,81999155
590,80000000	0,81894411
591,00000000	0,81870356
591,20000000	0,82002301
591,40000000	0,82004454
591,60000000	0,81862247
591,80000000	0,82125058
592,00000000	0,82517467
592,20000000	0,82518942
592,40000000	0,82288778
592,60000000	0,82158384
592,80000000	0,82268154
593,00000000	0,82660192
593,20000000	0,82775324
593,40000000	0,82525850
593,60000000	0,82328478
593,80000000	0,82278481
594,00000000	0,82199359
594,20000000	0,82149001
594,40000000	0,81969632
594,60000000	0,81789785
594,80000000	0,81916291
595,00000000	0,82273019
595,20000000	0,82642900
595,40000000	0,82521795
595,60000000	0,82340833
595,80000000	0,82439042
596,00000000	0,82539931
596,20000000	0,82437221
596,40000000	0,82029040
596,60000000	0,81887628
596,80000000	0,82257402
597,00000000	0,82624646
597,20000000	0,82988900
597,40000000	0,83227040
597,60000000	0,83216053
597,80000000	0,83248809
598,00000000	0,83085420
598,20000000	0,82856521
598,40000000	0,82761942
598,60000000	0,82799708
598,80000000	0,82852587
599,00000000	0,83034594
599,20000000	0,83344829
599,40000000	0,83431808
599,60000000	0,83309497
599,80000000	0,83256127
600,00000000	0,83078596
600,20000000	0,82878640
600,40000000	0,82818834
600,60000000	0,82869471
600,80000000	0,83036683
601,00000000	0,83092535
601,20000000	0,83252915
601,40000000	0,83479761
601,60000000	0,83671751
601,80000000	0,83773330
602,00000000	0,83847106
602,20000000	0,83905918
602,40000000	0,84044882
602,60000000	0,84232850
602,80000000	0,84328232
603,00000000	0,84329535
603,20000000	0,84287839
603,40000000	0,84252302
603,60000000	0,84225604
603,80000000	0,84182904
604,00000000	0,84093612
604,20000000	0,84259707
604,40000000	0,84295229
604,60000000	0,84334606
604,80000000	0,84448968
605,00000000	0,84395815
605,20000000	0,84340943
605,40000000	0,84364451
605,60000000	0,84423433
605,80000000	0,84508569
606,00000000	0,84651829
606,20000000	0,84847329
606,40000000	0,85072447
606,60000000	0,85121428
606,80000000	0,85149570
607,00000000	0,85013557
607,20000000	0,84845432
607,40000000	0,84882290
607,60000000	0,84932342
607,80000000	0,84894843
608,00000000	0,84848089
608,20000000	0,84964939
608,40000000	0,85154216
608,60000000	0,85265341
608,80000000	0,85255308
609,00000000	0,85312291
609,20000000	0,85367143
609,40000000	0,85316439
609,60000000	0,85413172
609,80000000	0,85501914
610,00000000	0,85542250
610,20000000	0,85572149
610,40000000	0,85630628
610,60000000	0,85759776
610,80000000	0,85739284
611,00000000	0,85731499
611,20000000	0,85753848
611,40000000	0,85713158
611,60000000	0,85619210
611,80000000	0,85519593
612,00000000	0,85584407
612,20000000	0,85719973
612,40000000	0,85847112
612,60000000	0,85902121
612,80000000	0,85924541
613,00000000	0,85948083
613,20000000	0,85998245
613,40000000	0,86039604
613,60000000	0,86137296
613,80000000	0,86119175
614,00000000	0,86135756
614,20000000	0,86192586
614,40000000	0,86231586
614,60000000	0,86249592
614,80000000	0,86264256
615,00000000	0,86228448
615,20000000	0,86277451
615,40000000	0,86314640
615,60000000	0,86311250
615,80000000	0,86370343
616,00000000	0,86493897
616,20000000	0,86666939
616,40000000	0,86818759
616,60000000	0,86764922
616,80000000	0,86603321
617,00000000	0,86575005
617,20000000	0,86540833
617,40000000	0,86408038
617,60000000	0,86364729
617,80000000	0,86433338
618,00000000	0,86551243
618,20000000	0,86771309
618,40000000	0,86992397
618,60000000	0,87114951
618,80000000	0,87101433
619,00000000	0,87134336
619,20000000	0,87167908
619,40000000	0,87137156
619,60000000	0,87226598
619,80000000	0,87426782
620,00000000	0,87485075
620,20000000	0,87430590
620,40000000	0,87565490
620,60000000	0,87567006
620,80000000	0,87490472
621,00000000	0,87381702
621,20000000	0,87408531
621,40000000	0,87418191
621,60000000	0,87418756
621,80000000	0,87493734
622,00000000	0,87694767
622,20000000	0,87969975
622,40000000	0,88156567
622,60000000	0,88179950
622,80000000	0,88069277
623,00000000	0,88025387
623,20000000	0,88078018
623,40000000	0,88201554
623,60000000	0,88331356
623,80000000	0,88338631
624,00000000	0,88379374
624,20000000	0,88381732
624,40000000	0,88453954
624,60000000	0,88484804
624,80000000	0,88431926
625,00000000	0,88450923
625,20000000	0,88589946
625,40000000	0,88669031
625,60000000	0,88679300
625,80000000	0,88886260
626,00000000	0,89072688
626,20000000	0,89198831
626,40000000	0,89325410
626,60000000	0,89322947
626,80000000	0,89353371
627,00000000	0,89391540
627,20000000	0,89432609
627,40000000	0,89484049
627,60000000	0,89516315
627,80000000	0,89528185
628,00000000	0,89591020
628,20000000	0,89720145
628,40000000	0,89810533
628,60000000	0,89906861
628,80000000	0,90011979
629,00000000	0,90020553
629,20000000	0,90133163
629,40000000	0,90241836
629,60000000	0,90315814
629,80000000	0,90362244
630,00000000	0,90406178
630,20000000	0,90340383
630,40000000	0,90353029
630,60000000	0,90435770
630,80000000	0,90484628
631,00000000	0,90534773
631,20000000	0,90582701
631,40000000	0,90649455
631,60000000	0,90780222
631,80000000	0,90914271
632,00000000	0,91036310
632,20000000	0,91151865
632,40000000	0,91206627
632,60000000	0,91234527
632,80000000	0,91245218
633,00000000	0,91361802
633,20000000	0,91460386
633,40000000	0,91574088
633,60000000	0,91629012
633,80000000	0,91731341
634,00000000	0,91727205
634,20000000	0,91684771
634,40000000	0,91692339
634,60000000	0,91724165
634,80000000	0,91740919
635,00000000	0,91810421
635,20000000	0,91965990
635,40000000	0,92056710
635,60000000	0,92154751
635,80000000	0,92192638
636,00000000	0,92160875
636,20000000	0,92134509
636,40000000	0,92151037
636,60000000	0,92172756
636,80000000	0,92246194
637,00000000	0,92382839
637,20000000	0,92447683
637,40000000	0,92437700
637,60000000	0,92459458
637,80000000	0,92439736
638,00000000	0,92510961
638,20000000	0,92568582
638,40000000	0,92632040
638,60000000	0,92618840
638,80000000	0,92599814
639,00000000	0,92637760
639,20000000	0,92691129
639,40000000	0,92698047
639,60000000	0,92751836
639,80000000	0,92697864
640,00000000	0,92815049
640,20000000	0,92910938
640,40000000	0,92903412
640,60000000	0,92899576
640,80000000	0,93017171
641,00000000	0,93065260
641,20000000	0,93050017
641,40000000	0,93079300
641,60000000	0,93093241
641,80000000	0,93086164
642,00000000	0,93137094
642,20000000	0,93172758
642,40000000	0,93178029
642,60000000	0,93249605
642,80000000	0,93276896
643,00000000	0,93333156
643,20000000	0,93403475
643,40000000	0,93495262
643,60000000	0,93538318
643,80000000	0,93538901
644,00000000	0,93490517
644,20000000	0,93436231
644,40000000	0,93462938
644,60000000	0,93517622
644,80000000	0,93568935
645,00000000	0,93670506
645,20000000	0,93750311
645,40000000	0,93794499
645,60000000	0,93812938
645,80000000	0,93869752
646,00000000	0,93826780
646,20000000	0,93706368
646,40000000	0,93686215
646,60000000	0,93760913
646,80000000	0,93775804
647,00000000	0,93802598
647,20000000	0,93936199
647,40000000	0,93987335
647,60000000	0,93955701
647,80000000	0,93980413
648,00000000	0,94087390
648,20000000	0,94155593
648,40000000	0,94146407
648,60000000	0,94246713
648,80000000	0,94294409
649,00000000	0,94347796
649,20000000	0,94280924
649,40000000	0,94201922
649,60000000	0,94255067
649,80000000	0,94354564
650,00000000	0,94432339
650,20000000	0,94515354
650,40000000	0,94648187
650,60000000	0,94835385
650,80000000	0,94879107
651,00000000	0,94813393
651,20000000	0,94722547
651,40000000	0,94683798
651,60000000	0,94800824
651,80000000	0,94894078
652,00000000	0,94917813
652,20000000	0,95044654
652,40000000	0,95188434
652,60000000	0,95206845
652,80000000	0,95185911
653,00000000	0,95224968
653,20000000	0,95242282
653,40000000	0,95310027
653,60000000	0,95358238
653,80000000	0,95447147
654,00000000	0,95611834
654,20000000	0,95621694
654,40000000	0,95590545
654,60000000	0,95702837
654,80000000	0,95731411
655,00000000	0,95709876
655,20000000	0,95879695
655,40000000	0,95950555
655,60000000	0,95999327
655,80000000	0,96054988
656,00000000	0,96147730
656,20000000	0,96193558
656,40000000	0,96155688
656,60000000	0,96129265
656,80000000	0,96198176
657,00000000	0,96309942
657,20000000	0,96503483
657,40000000	0,96619941
657,60000000	0,96672606
657,80000000	0,96643907
658,00000000	0,96616078
658,20000000	0,96620493
658,40000000	0,96717814
658,60000000	0,96769251
658,80000000	0,96834399
659,00000000	0,96924730
659,20000000	0,97030908
659,40000000	0,97099560
659,60000000	0,97149915
659,80000000	0,97152896
660,00000000	0,97177400
660,20000000	0,97194588
660,40000000	0,97303401
660,60000000	0,97353266
660,80000000	0,97420109
661,00000000	0,97452805
661,20000000	0,97479263
661,40000000	0,97451777
661,60000000	0,97469069
661,80000000	0,97567603
662,00000000	0,97757417
662,20000000	0,97792433
662,40000000	0,97809912
662,60000000	0,97849096
662,80000000	0,97858013
663,00000000	0,97881127
663,20000000	0,97938928
663,40000000	0,97973575
663,60000000	0,98006215
663,80000000	0,98027438
664,00000000	0,98103113
664,20000000	0,98137148
664,40000000	0,98162721
664,60000000	0,98203657
664,80000000	0,98278607
665,00000000	0,98266971
665,20000000	0,98313518
665,40000000	0,98322477
665,60000000	0,98343845
665,80000000	0,98335619
666,00000000	0,98393504
666,20000000	0,98461107
666,40000000	0,98490513
666,60000000	0,98521548
666,80000000	0,98540311
667,00000000	0,98576171
667,20000000	0,98591199
667,40000000	0,98581081
667,60000000	0,98638752
667,80000000	0,98664434
668,00000000	0,98680736
668,20000000	0,98704464
668,40000000	0,98749833
668,60000000	0,98724395
668,80000000	0,98744048
669,00000000	0,98817924
669,20000000	0,98858332
669,40000000	0,98846206
669,60000000	0,98862558
669,80000000	0,98840267
670,00000000	0,98786413
670,20000000	0,98820235
670,40000000	0,98845873
670,60000000	0,98894097
670,80000000	0,98963123
671,00000000	0,98948253
671,20000000	0,99000502
671,40000000	0,98996900
671,60000000	0,98999654
671,80000000	0,99023537
672,00000000	0,99024552
672,20000000	0,99014256
672,40000000	0,99002714
672,60000000	0,98983267
672,80000000	0,99010524
673,00000000	0,99015613
673,20000000	0,99060453
673,40000000	0,99120490
673,60000000	0,99085820
673,80000000	0,99114555
674,00000000	0,99141610
674,20000000	0,99131552
674,40000000	0,99168130
674,60000000	0,99137882
674,80000000	0,99081217
675,00000000	0,99098489
675,20000000	0,99130539
675,40000000	0,99109889
675,60000000	0,99108698
675,80000000	0,99172937
676,00000000	0,99232279
676,20000000	0,99269835
676,40000000	0,99217594
676,60000000	0,99229391
676,80000000	0,99227199
677,00000000	0,99156752
677,20000000	0,99176937
677,40000000	0,99237088
677,60000000	0,99267984
677,80000000	0,99321954
678,00000000	0,99327402
678,20000000	0,99288259
678,40000000	0,99302277
678,60000000	0,99282531
678,80000000	0,99296366
679,00000000	0,99288359
679,20000000	0,99313418
679,40000000	0,99329688
679,60000000	0,99292573
679,80000000	0,99322707
680,00000000	0,99342273
680,20000000	0,99301348
680,40000000	0,99365795
680,60000000	0,99405649
680,80000000	0,99409996
681,00000000	0,99432549
681,20000000	0,99364048
681,40000000	0,99329362
681,60000000	0,99348265
681,80000000	0,99371470
682,00000000	0,99417450
682,20000000	0,99457057
682,40000000	0,99464151
682,60000000	0,99456416
682,80000000	0,99478303
683,00000000	0,99484142
683,20000000	0,99466034
683,40000000	0,99436983
683,60000000	0,99493084
683,80000000	0,99498330
684,00000000	0,99521190
684,20000000	0,99547875
684,40000000	0,99572550
684,60000000	0,99560207
684,80000000	0,99537212
685,00000000	0,99533462
685,20000000	0,99590707
685,40000000	0,99591707
685,60000000	0,99594666
685,80000000	0,99572476
686,00000000	0,99545072
686,20000000	0,99561206
686,40000000	0,99586577
686,60000000	0,99589035
686,80000000	0,99613681
687,00000000	0,99648445
687,20000000	0,99629618
687,40000000	0,99651665
687,60000000	0,99658134
687,80000000	0,99621939
688,00000000	0,99637120
688,20000000	0,99683398
688,40000000	0,99693128
688,60000000	0,99697390
688,80000000	0,99714963
689,00000000	0,99676619
689,20000000	0,99676916
689,40000000	0,99683547
689,60000000	0,99708437
689,80000000	0,99697998
690,00000000	0,99743741
690,20000000	0,99794381
690,40000000	0,99776156
690,60000000	0,99737396
690,80000000	0,99727479
691,00000000	0,99740693
691,20000000	0,99781597
691,40000000	0,99791057
691,60000000	0,99773958
691,80000000	0,99796614
692,00000000	0,99811499
692,20000000	0,99811659
692,40000000	0,99789625
692,60000000	0,99799931
692,80000000	0,99827954
693,00000000	0,99834553
693,20000000	0,99843184
693,40000000	0,99809079
693,60000000	0,99763058
693,80000000	0,99766203
694,00000000	0,99767009
694,20000000	0,99793617
694,40000000	0,99841179
694,60000000	0,99871537
694,80000000	0,99833463
695,00000000	0,99843453
695,20000000	0,99840999
695,40000000	0,99823363
695,60000000	0,99835692
695,80000000	0,99850915
696,00000000	0,99838416
696,20000000	0,99860444
696,40000000	0,99862316
696,60000000	0,99841931
696,80000000	0,99848835
697,00000000	0,99856458
697,20000000	0,99880237
697,40000000	0,99862830
697,60000000	0,99861741
697,80000000	0,99852792
698,00000000	0,99841132
698,20000000	0,99871719
698,40000000	0,99887815
698,60000000	0,99899727
698,80000000	0,99891578
699,00000000	0,99862652
699,20000000	0,99854329
699,40000000	0,99865227
699,60000000	0,99846360
699,80000000	0,99848921
700,00000000	0,99854568
700,20000000	0,99879091
700,40000000	0,99879379
700,60000000	0,99874337
700,80000000	0,99914877
701,00000000	0,99903412
701,20000000	0,99874371
701,40000000	0,99871137
701,60000000	0,99867537
701,80000000	0,99860215
702,00000000	0,99873906
702,20000000	0,99874634
702,40000000	0,99864583
702,60000000	0,99876224
702,80000000	0,99846451
703,00000000	0,99838653
703,20000000	0,99854378
703,40000000	0,99879755
703,60000000	0,99865526
703,80000000	0,99846956
704,00000000	0,99855910
704,20000000	0,99826955
704,40000000	0,99838724
704,60000000	0,99863678
704,80000000	0,99858635
705,00000000	0,99874622
705,20000000	0,99867877
705,40000000	0,99836522
705,60000000	0,99845840
705,80000000	0,99864854
706,00000000	0,99858237
706,20000000	0,99859618
706,40000000	0,99866936
706,60000000	0,99860945
706,80000000	0,99842219
707,00000000	0,99825793
707,20000000	0,99859630
707,40000000	0,99859882
707,60000000	0,99860707
707,80000000	0,99864221
708,00000000	0,99861978
708,20000000	0,99833928
708,40000000	0,99839770
708,60000000	0,99828050
708,80000000	0,99865829
709,00000000	0,99886990
709,20000000	0,99853402
709,40000000	0,99837899
709,60000000	0,99844581
709,80000000	0,99863207
710,00000000	0,99873477
710,20000000	0,99876018
710,40000000	0,99834954
710,60000000	0,99816276
710,80000000	0,99842530
711,00000000	0,99866048
711,20000000	0,99878852
711,40000000	0,99882802
711,60000000	0,99841945
711,80000000	0,99814106
712,00000000	0,99829843
712,20000000	0,99864944
712,40000000	0,99896142
712,60000000	0,99888761
712,80000000	0,99877398
713,00000000	0,99851932
713,20000000	0,99834689
713,40000000	0,99855161
713,60000000	0,99885611
713,80000000	0,99928126
714,00000000	0,99911005
714,20000000	0,99861325
714,40000000	0,99831542
714,60000000	0,99849156
714,80000000	0,99884458
715,00000000	0,99912780
715,20000000	0,99911299
715,40000000	0,99867079
715,60000000	0,99848231
715,80000000	0,99824149
716,00000000	0,99877536
716,20000000	0,99936729
716,40000000	0,99927626
716,60000000	0,99891102
716,80000000	0,99854023
717,00000000	0,99855932
717,20000000	0,99899458
717,40000000	0,99935038
717,60000000	0,99943334
717,80000000	0,99932438
718,00000000	0,99924559
718,20000000	0,99893564
718,40000000	0,99899870
718,60000000	0,99955475
718,80000000	0,99960429
719,00000000	0,99943551
719,20000000	0,99923486
719,40000000	0,99930244
719,60000000	0,99943927
719,80000000	0,99950106
720,00000000	0,99953143
720,20000000	0,99951146
720,40000000	0,99926798
720,60000000	0,99920840
720,80000000	0,99924743
721,00000000	0,99964188
721,20000000	0,99969106
721,40000000	0,99943614
721,60000000	0,99928595
721,80000000	0,99924179
722,00000000	0,99947833
722,20000000	0,99972087
722,40000000	0,99977338
722,60000000	0,99985552
722,80000000	0,99972593
723,00000000	0,99969581
723,20000000	0,99985572
723,40000000	0,99996530
723,60000000	0,99997096
723,80000000	0,99988015
724,00000000	0,99990284
724,20000000	0,99987901
724,40000000	0,99993129
724,60000000	0,99996862
724,80000000	0,99995872
725,00000000	0,99993547
725,20000000	0,99990037
725,40000000	0,99985121
725,60000000	0,99987836
725,80000000	0,99995486
726,00000000	0,99999024
726,20000000	0,99993466
726,40000000	0,99988098
726,60000000	0,99989274
726,80000000	0,99993237
727,00000000	0,99998555
727,20000000	0,99998937
727,40000000	0,99992792
727,60000000	0,99993539
727,80000000	0,99992948
728,00000000	0,99994243
728,20000000	0,99993622
728,40000000	0,99991188
728,60000000	0,99989605
728,80000000	0,99979595
729,00000000	0,99988632
729,20000000	0,99997254
729,40000000	0,99994777
729,60000000	0,99987408
729,80000000	0,99979048
730,00000000	0,99976562
730,20000000	0,99973775
730,40000000	0,99973549
730,60000000	0,99986888
730,80000000	0,99971357
731,00000000	0,99977575
731,20000000	0,99965402
731,40000000	0,99958715
731,60000000	0,99960778
731,80000000	0,99956360
732,00000000	0,99960919
732,20000000	0,99942890
732,40000000	0,99936127
732,60000000	0,99938511
732,80000000	0,99937849
733,00000000	0,99944055
733,20000000	0,99950508
733,40000000	0,99938737
733,60000000	0,99940544
733,80000000	0,99942078
734,00000000	0,99932215
734,20000000	0,99927877
734,40000000	0,99915785
734,60000000	0,99901505
734,80000000	0,99916228
735,00000000	0,99905174
735,20000000	0,99907599
735,40000000	0,99912974
735,60000000	0,99927938
735,80000000	0,99894355
736,00000000	0,99892550
736,20000000	0,99897475
736,40000000	0,99886482
736,60000000	0,99894742
736,80000000	0,99879936
737,00000000	0,99880768
737,20000000	0,99883958
737,40000000	0,99873559
737,60000000	0,99855197
737,80000000	0,99825318
738,00000000	0,99864801
738,20000000	0,99865449
738,40000000	0,99868439
738,60000000	0,99883932
738,80000000	0,99850066
739,00000000	0,99838894
739,20000000	0,99857852
739,40000000	0,99866644
739,60000000	0,99875876
739,80000000	0,99835953
740,00000000	0,99847321
740,20000000	0,99886302
740,40000000	0,99868897
740,60000000	0,99837029
740,80000000	0,99841605
741,00000000	0,99840806
741,20000000	0,99831432
741,40000000	0,99845369
741,60000000	0,99877356
741,80000000	0,99872035
742,00000000	0,99833959
742,20000000	0,99796238
742,40000000	0,99815602
742,60000000	0,99853772
742,80000000	0,99836803
743,00000000	0,99855268
743,20000000	0,99872660
743,40000000	0,99839501
743,60000000	0,99814509
743,80000000	0,99803201
744,00000000	0,99824916
744,20000000	0,99831599
744,40000000	0,99827586
744,60000000	0,99840938
744,80000000	0,99817648
745,00000000	0,99820784
745,20000000	0,99824072
745,40000000	0,99816921
745,60000000	0,99840483
745,80000000	0,99819426
746,00000000	0,99822436
746,20000000	0,99831462
746,40000000	0,99841069
746,60000000	0,99832630
746,80000000	0,99825969
747,00000000	0,99794340
747,20000000	0,99809689
747,40000000	0,99795062
747,60000000	0,99809291
747,80000000	0,99839737
748,00000000	0,99844541
748,20000000	0,99839745
748,40000000	0,99818785
748,60000000	0,99844218
748,80000000	0,99816406
749,00000000	0,99856938
749,20000000	0,99840942
749,40000000	0,99797951
749,60000000	0,99813026
749,80000000	0,99822864
750,00000000	0,99830192
750,20000000	0,99827616
750,40000000	0,99834135
750,60000000	0,99807542
750,80000000	0,99825447
751,00000000	0,99799568
751,20000000	0,99809156
751,40000000	0,99795336
751,60000000	0,99784294
751,80000000	0,99784085
752,00000000	0,99783257
752,20000000	0,99790398
752,40000000	0,99789996
752,60000000	0,99794818
752,80000000	0,99761824
753,00000000	0,99735289
753,20000000	0,99763010
753,40000000	0,99788264
753,60000000	0,99755438
753,80000000	0,99730780
754,00000000	0,99747986
754,20000000	0,99739444
754,40000000	0,99710525
754,60000000	0,99748603
754,80000000	0,99747490
755,00000000	0,99742513
755,20000000	0,99712462
755,40000000	0,99708235
755,60000000	0,99699172
755,80000000	0,99659413
756,00000000	0,99659116
756,20000000	0,99684182
756,40000000	0,99663737
756,60000000	0,99653831
756,80000000	0,99667795
757,00000000	0,99642991
757,20000000	0,99626094
757,40000000	0,99613338
757,60000000	0,99570793
757,80000000	0,99572972
758,00000000	0,99574919
758,20000000	0,99591997
758,40000000	0,99581257
758,60000000	0,99551249
758,80000000	0,99535309
759,00000000	0,99552652
759,20000000	0,99518683
759,40000000	0,99477751
759,60000000	0,99468044
759,80000000	0,99497897
760,00000000	0,99565544
760,20000000	0,99536849
760,40000000	0,99468767
760,60000000	0,99473448
760,80000000	0,99436733
761,00000000	0,99440773
761,20000000	0,99452977
761,40000000	0,99435829
761,60000000	0,99397362
761,80000000	0,99382095
762,00000000	0,99433957
762,20000000	0,99386699
762,40000000	0,99322675
762,60000000	0,99339025
762,80000000	0,99333978
763,00000000	0,99361558
763,20000000	0,99269532
763,40000000	0,99280086
763,60000000	0,99371003
763,80000000	0,99332183
764,00000000	0,99315385
764,20000000	0,99302861
764,40000000	0,99317278
764,60000000	0,99299810
764,80000000	0,99266597
765,00000000	0,99248217
765,20000000	0,99247897
765,40000000	0,99247082
765,60000000	0,99194752
765,80000000	0,99226800
766,00000000	0,99275032
766,20000000	0,99284386
766,40000000	0,99252571
766,60000000	0,99226943
766,80000000	0,99243413
767,00000000	0,99208275
767,20000000	0,99183106
767,40000000	0,99159788
767,60000000	0,99196620
767,80000000	0,99188593
768,00000000	0,99168886
768,20000000	0,99152649
768,40000000	0,99188564
768,60000000	0,99195959
768,80000000	0,99234293
769,00000000	0,99216692
769,20000000	0,99139442
769,40000000	0,99193476
769,60000000	0,99228381
769,80000000	0,99192199
770,00000000	0,99147087
770,20000000	0,99166401
770,40000000	0,99244305
770,60000000	0,99160353
770,80000000	0,99190803
771,00000000	0,99153466
771,20000000	0,99169709
771,40000000	0,99222784
771,60000000	0,99206632
771,80000000	0,99221559
772,00000000	0,99215221
772,20000000	0,99200795
772,40000000	0,99140614
772,60000000	0,99197397
772,80000000	0,99203799
773,00000000	0,99157915
773,20000000	0,99208843
773,40000000	0,99190293
773,60000000	0,99200258
773,80000000	0,99207194
774,00000000	0,99245565
774,20000000	0,99237893
774,40000000	0,99209991
774,60000000	0,99246487
774,80000000	0,99253512
775,00000000	0,99212947
775,20000000	0,99214881
775,40000000	0,99217614
775,60000000	0,99174017
775,80000000	0,99193551
776,00000000	0,99240659
776,20000000	0,99311705
776,40000000	0,99214613
776,60000000	0,99181566
776,80000000	0,99226918
777,00000000	0,99232010
777,20000000	0,99218680
777,40000000	0,99219412
777,60000000	0,99220909
777,80000000	0,99190499
778,00000000	0,99227559
778,20000000	0,99225990
778,40000000	0,99216312
778,60000000	0,99200041
778,80000000	0,99117964
779,00000000	0,99215595
779,20000000	0,99227597
779,40000000	0,99164062
779,60000000	0,99132553
779,80000000	0,99172628
780,00000000	0,99121671
780,20000000	0,99114787
780,40000000	0,99139772
780,60000000	0,99203279
780,80000000	0,99108948
781,00000000	0,99071821
781,20000000	0,99104634
781,40000000	0,99049980
781,60000000	0,99106109
781,80000000	0,99022056
782,00000000	0,99054575
782,20000000	0,98989838
782,40000000	0,99019211
782,60000000	0,99042952
782,80000000	0,98913000
783,00000000	0,98922538
783,20000000	0,98901337
783,40000000	0,99005338
783,60000000	0,98901063
783,80000000	0,98860890
784,00000000	0,98876787
784,20000000	0,98872354
784,40000000	0,98828415
784,60000000	0,98795469
784,80000000	0,98843973
785,00000000	0,98815667
785,20000000	0,98756864
785,40000000	0,98672199
785,60000000	0,98657946
785,80000000	0,98704286
786,00000000	0,98570167
786,20000000	0,98653621
786,40000000	0,98604582
786,60000000	0,98554376
786,80000000	0,98626710
787,00000000	0,98613521
787,20000000	0,98506362
787,40000000	0,98480642
787,60000000	0,98458638
787,80000000	0,98408562
788,00000000	0,98461625
788,20000000	0,98455295
788,40000000	0,98376196
788,60000000	0,98295661
788,80000000	0,98274839
789,00000000	0,98352428
789,20000000	0,98287196
789,40000000	0,98179528
789,60000000	0,98165544
789,80000000	0,98202082
790,00000000	0,98178628
790,20000000	0,98097619
790,40000000	0,98112585
790,60000000	0,98149802
790,80000000	0,98027032
791,00000000	0,97915613
791,20000000	0,97939709
791,40000000	0,98091611
791,60000000	0,97961631
791,80000000	0,97819220
792,00000000	0,97853382
792,20000000	0,97851553
792,40000000	0,97864352
792,60000000	0,97740171
792,80000000	0,97701799
793,00000000	0,97733269
793,20000000	0,97716187
793,40000000	0,97713208
793,60000000	0,97584745
793,80000000	0,97499278
794,00000000	0,97687282
794,20000000	0,97680395
794,40000000	0,97573399
794,60000000	0,97601303
794,80000000	0,97614907
795,00000000	0,97452605
795,20000000	0,97346366
795,40000000	0,97347909
795,60000000	0,97426385
795,80000000	0,97488210
796,00000000	0,97391282
796,20000000	0,97369674
796,40000000	0,97424170
796,60000000	0,97306374
796,80000000	0,97387792
797,00000000	0,97505917
797,20000000	0,97210686
797,40000000	0,97245633
797,60000000	0,97255466
797,80000000	0,97345135
798,00000000	0,97252522
798,20000000	0,97254093
798,40000000	0,97169508
798,60000000	0,97247940
798,80000000	0,97258721
799,00000000	0,97269604
799,20000000	0,97127167
799,40000000	0,97073487
799,60000000	0,97193651
799,80000000	0,97170851
800,00000000	0,97126254
800,20000000	0,97081738
800,40000000	0,97088254
800,60000000	0,97059909
800,80000000	0,96986040
801,00000000	0,97127576
801,20000000	0,97150824
801,40000000	0,97098116
801,60000000	0,97038963
801,80000000	0,97072514
802,00000000	0,97048988
802,20000000	0,97140213
802,40000000	0,97083033
802,60000000	0,97030542
802,80000000	0,96936238
803,00000000	0,96811830
803,20000000	0,96973547
803,40000000	0,96920246
803,60000000	0,96965933
803,80000000	0,97033679
804,00000000	0,97020884
804,20000000	0,96951187
804,40000000	0,97009424
804,60000000	0,97015113
804,80000000	0,96921583
805,00000000	0,96978600
805,20000000	0,97011989
805,40000000	0,97012551
805,60000000	0,96876469
805,80000000	0,96703113
806,00000000	0,96851252
806,20000000	0,96972951
806,40000000	0,97017814
806,60000000	0,97045657
806,80000000	0,96911637
807,00000000	0,96976244
807,20000000	0,96963108
807,40000000	0,96898775
807,60000000	0,96944663
807,80000000	0,96913906
808,00000000	0,96972663
808,20000000	0,96884401
808,40000000	0,96741252
808,60000000	0,96780134
808,80000000	0,96882554
809,00000000	0,96819399
809,20000000	0,96975860
809,40000000	0,96842989
809,60000000	0,96829062
809,80000000	0,96731019
810,00000000	0,96769503
810,20000000	0,96760924
810,40000000	0,96796819
810,60000000	0,96751663
810,80000000	0,96775976
811,00000000	0,96866458
811,20000000	0,96825109
811,40000000	0,96714881
811,60000000	0,96811137
811,80000000	0,96855521
812,00000000	0,96849030
812,20000000	0,96806467
812,40000000	0,96811712
812,60000000	0,96759111
812,80000000	0,96783561
813,00000000	0,96783614
813,20000000	0,96751594
813,40000000	0,96703994
813,60000000	0,96729034
813,80000000	0,96727681
814,00000000	0,96755120
814,20000000	0,96724107
814,40000000	0,96680882
814,60000000	0,96784038
814,80000000	0,96790287
815,00000000	0,96753887
815,20000000	0,96768595
815,40000000	0,96583905
815,60000000	0,96640646
815,80000000	0,96736039
816,00000000	0,96669141
816,20000000	0,96554986
816,40000000	0,96539867
816,60000000	0,96584989
816,80000000	0,96663677
817,00000000	0,96752926
817,20000000	0,96577860
817,40000000	0,96555658
817,60000000	0,96709960
817,80000000	0,96540960
818,00000000	0,96545912
818,20000000	0,96445453
818,40000000	0,96439252
818,60000000	0,96532679
818,80000000	0,96427021
819,00000000	0,96410867
819,20000000	0,96595754
819,40000000	0,96568737
819,60000000	0,96464027
819,80000000	0,96343698
820,00000000	0,96433265
820,20000000	0,96550383
820,40000000	0,96414709
820,60000000	0,96486965
820,80000000	0,96368124
821,00000000	0,96458033
821,20000000	0,96431238
821,40000000	0,96295976
821,60000000	0,96412077
821,80000000	0,96381209
822,00000000	0,96288127
822,20000000	0,96286697
822,40000000	0,96178370
822,60000000	0,96031427
822,80000000	0,96096960
823,00000000	0,96130410
823,20000000	0,96213547
823,40000000	0,96268417
823,60000000	0,95996964
823,80000000	0,96036041
824,00000000	0,96153156
824,20000000	0,96065671
824,40000000	0,96153849
824,60000000	0,95900750
824,80000000	0,95876506
825,00000000	0,95868330
825,20000000	0,95844150
825,40000000	0,95962344
825,60000000	0,95735308
825,80000000	0,95587375
826,00000000	0,95659497
826,20000000	0,95707315
826,40000000	0,95598926
826,60000000	0,95510008
826,80000000	0,95464748
827,00000000	0,95603421
827,20000000	0,95660146
827,40000000	0,95252722
827,60000000	0,95373115
827,80000000	0,95247620
828,00000000	0,95260613
828,20000000	0,95229751
828,40000000	0,95093589
828,60000000	0,95085827
828,80000000	0,94984811
829,00000000	0,94969549
829,20000000	0,95035878
829,40000000	0,95017560
829,60000000	0,94783486
829,80000000	0,94709950
830,00000000	0,94535234
830,20000000	0,94689090
830,40000000	0,94638321
830,60000000	0,94275779
830,80000000	0,94337520
831,00000000	0,94464289
831,20000000	0,94203321
831,40000000	0,94357195
831,60000000	0,94201504
831,80000000	0,94049887
832,00000000	0,93926936
832,20000000	0,94029207
832,40000000	0,94161128
832,60000000	0,93676929
832,80000000	0,93577793
833,00000000	0,93663949
833,20000000	0,93754664
833,40000000	0,93607857
833,60000000	0,93318565
833,80000000	0,93401466
834,00000000	0,93506654
834,20000000	0,93266113
834,40000000	0,93147135
834,60000000	0,93076475
834,80000000	0,93131522
835,00000000	0,93087461
835,20000000	0,92925839
835,40000000	0,92871864
835,60000000	0,92771215
835,80000000	0,92781660
836,00000000	0,92825082
836,20000000	0,92509200
836,40000000	0,92542530
836,60000000	0,92315660
836,80000000	0,91955129
837,00000000	0,92260375
837,20000000	0,92339670
837,40000000	0,91985332
837,60000000	0,92099925
837,80000000	0,92196822
838,00000000	0,91951334
838,20000000	0,91918845
838,40000000	0,91998849
838,60000000	0,91840926
838,80000000	0,91836177
839,00000000	0,91922680
839,20000000	0,91677348
839,40000000	0,91602695
839,60000000	0,91719391
839,80000000	0,91639907
840,00000000	0,91384778
840,20000000	0,91190336
840,40000000	0,91182302
840,60000000	0,91443282
840,80000000	0,91482724
841,00000000	0,91479777
841,20000000	0,91261099
841,40000000	0,91222470
841,60000000	0,91177897
841,80000000	0,91288962
842,00000000	0,91223242
842,20000000	0,91175795
842,40000000	0,91235313
842,60000000	0,91214457
842,80000000	0,91080493
843,00000000	0,91236578
843,20000000	0,91143744
843,40000000	0,91286333
843,60000000	0,91168678
843,80000000	0,91268821
844,00000000	0,91120213
844,20000000	0,91167563
844,40000000	0,91409393
844,60000000	0,91414940
844,80000000	0,91270839
845,00000000	0,90977593
845,20000000	0,91003809
845,40000000	0,91561769
845,60000000	0,91312736
845,80000000	0,91188775
846,00000000	0,91314860
846,20000000	0,91321822
846,40000000	0,91372939
846,60000000	0,91150518
846,80000000	0,91333426
847,00000000	0,91568024
847,20000000	0,91465355
847,40000000	0,91321431
847,60000000	0,91554946
847,80000000	0,91733386
848,00000000	0,91773563
848,20000000	0,91727912
848,40000000	0,91696669
848,60000000	0,91744567
848,80000000	0,91941238
849,00000000	0,91873376
849,20000000	0,91958075
849,40000000	0,91832959
849,60000000	0,92070801
849,80000000	0,92066701
850,00000000	0,92209490
850,20000000	0,92280995
850,40000000	0,92379689
850,60000000	0,92440640
850,80000000	0,92501950
851,00000000	0,92414667
851,20000000	0,92598039
851,40000000	0,92686687
851,60000000	0,92782796
851,80000000	0,92658633
852,00000000	0,92734586
852,20000000	0,93043722
852,40000000	0,93140018
852,60000000	0,93169075
852,80000000	0,93142677
853,00000000	0,93184602
853,20000000	0,93293401
853,40000000	0,93527297
853,60000000	0,93531939
853,80000000	0,93476890
854,00000000	0,93567110
854,20000000	0,93821941
854,40000000	0,93859476
854,60000000	0,93862874
854,80000000	0,94006686
855,00000000	0,94272336
855,20000000	0,94100072
855,40000000	0,94093320
855,60000000	0,94227187
855,80000000	0,94435239
856,00000000	0,94597826
856,20000000	0,94595804
856,40000000	0,94630211
856,60000000	0,94767139
856,80000000	0,94868775
857,00000000	0,94775850
857,20000000	0,94691680
857,40000000	0,94950406
857,60000000	0,95080657
857,80000000	0,95285871
858,00000000	0,95379977
858,20000000	0,95245844
858,40000000	0,95260808
858,60000000	0,95473812
858,80000000	0,95581517
859,00000000	0,95523221
859,20000000	0,95553505
859,40000000	0,95654701
859,60000000	0,95642584
859,80000000	0,95774744
860,00000000	0,95879525
860,20000000	0,95994955
860,40000000	0,96049849
860,60000000	0,96117374
860,80000000	0,96142756
861,00000000	0,96176369
861,20000000	0,96361932
861,40000000	0,96458095
861,60000000	0,96449583
861,80000000	0,96438891
862,00000000	0,96326309
862,20000000	0,96416826
862,40000000	0,96653192
862,60000000	0,96652426
862,80000000	0,96532569
863,00000000	0,96608365
863,20000000	0,96653473
863,40000000	0,96659483
863,60000000	0,96856858
863,80000000	0,97037561
864,00000000	0,96904299
864,20000000	0,96884062
864,40000000	0,96848060
864,60000000	0,96924510
864,80000000	0,97190265
865,00000000	0,97173922
865,20000000	0,97072639
865,40000000	0,97052739
865,60000000	0,97255973
865,80000000	0,97312606
866,00000000	0,97186141
866,20000000	0,97165185
866,40000000	0,97280725
866,60000000	0,97308334
866,80000000	0,97356385
867,00000000	0,97339350
867,20000000	0,97337602
867,40000000	0,97355027
867,60000000	0,97421656
867,80000000	0,97437860
868,00000000	0,97372604
868,20000000	0,97544074
868,40000000	0,97616871
868,60000000	0,97503212
868,80000000	0,97459988
869,00000000	0,97505882
869,20000000	0,97601608
869,40000000	0,97623013
869,60000000	0,97605811
869,80000000	0,97552184
870,00000000	0,97554577
870,20000000	0,97737732
870,40000000	0,97672203
870,60000000	0,97674211
870,80000000	0,97732778
871,00000000	0,97619278
871,20000000	0,97692408
871,40000000	0,97720636
871,60000000	0,97815729
871,80000000	0,97702257
872,00000000	0,97785181
872,20000000	0,97826509
872,40000000	0,97690608
872,60000000	0,97653084
872,80000000	0,97785794
873,00000000	0,97802204
873,20000000	0,97810831
873,40000000	0,97811890
873,60000000	0,97819159
873,80000000	0,97796343
874,00000000	0,97929631
874,20000000	0,97927306
874,40000000	0,97728973
874,60000000	0,97815851
874,80000000	0,97864863
875,00000000	0,97918917
875,20000000	0,97927457
875,40000000	0,97968180
875,60000000	0,97942911
875,80000000	0,97962848
876,00000000	0,97852080
876,20000000	0,97861496
876,40000000	0,97959335
876,60000000	0,98042894
876,80000000	0,97986603
877,00000000	0,97987907
877,20000000	0,97958508
877,40000000	0,97917047
877,60000000	0,97932579
877,80000000	0,97939032
878,00000000	0,97945630
878,20000000	0,97923712
878,40000000	0,97995847
878,60000000	0,98053231
878,80000000	0,97951881
879,00000000	0,97920484
879,20000000	0,97912283
879,40000000	0,97951740
879,60000000	0,97961109
879,80000000	0,98006238
880,00000000	0,97932633
880,20000000	0,97943131
880,40000000	0,97934967
880,60000000	0,97844054
880,80000000	0,97899234
881,00000000	0,97802995
881,20000000	0,97842065
881,40000000	0,97851496
881,60000000	0,97848175
881,80000000	0,97831896
882,00000000	0,97873924
882,20000000	0,97850248
882,40000000	0,97746346
882,60000000	0,97641811
882,80000000	0,97775516
883,00000000	0,97777207
883,20000000	0,97702968
883,40000000	0,97695189
883,60000000	0,97623256
883,80000000	0,97672141
884,00000000	0,97576183
884,20000000	0,97527017
884,40000000	0,97564365
884,60000000	0,97531535
884,80000000	0,97484925
885,00000000	0,97494974
885,20000000	0,97381280
885,40000000	0,97525437
885,60000000	0,97544330
885,80000000	0,97312009
886,00000000	0,97288395
886,20000000	0,97272971
886,40000000	0,97280295
886,60000000	0,97306972
886,80000000	0,97285560
887,00000000	0,97065615
887,20000000	0,97187494
887,40000000	0,97126443
887,60000000	0,97067788
887,80000000	0,97086799
888,00000000	0,97096474
888,20000000	0,97060482
888,40000000	0,96938139
888,60000000	0,97057460
888,80000000	0,97020388
889,00000000	0,96960021
889,20000000	0,96822560
889,40000000	0,96777527
889,60000000	0,96816705
889,80000000	0,96701312
890,00000000	0,96873741
890,20000000	0,96776530
890,40000000	0,96720299
890,60000000	0,96571610
890,80000000	0,96603760
891,00000000	0,96735887
891,20000000	0,96732823
891,40000000	0,96599764
891,60000000	0,96548567
891,80000000	0,96517028
892,00000000	0,96485724
892,20000000	0,96484044
892,40000000	0,96434757
892,60000000	0,96395269
892,80000000	0,96509753
893,00000000	0,96333819
893,20000000	0,96337568
893,40000000	0,96446926
893,60000000	0,96470024
893,80000000	0,96360404
894,00000000	0,96237567
894,20000000	0,96361383
894,40000000	0,96401099
894,60000000	0,96477537
894,80000000	0,96282068
895,00000000	0,96189883
895,20000000	0,96331705
895,40000000	0,96339025
895,60000000	0,96290198
895,80000000	0,96249895
896,00000000	0,96116271
896,20000000	0,96157786
896,40000000	0,96295147
896,60000000	0,96373506
896,80000000	0,96341961
897,00000000	0,96221183
897,20000000	0,96192681
897,40000000	0,96231006
897,60000000	0,96476760
897,80000000	0,96295853
898,00000000	0,96232117
898,20000000	0,96168585
898,40000000	0,96267972
898,60000000	0,96340726
898,80000000	0,96453331
899,00000000	0,96480296
899,20000000	0,96295201
899,40000000	0,96360707
899,60000000	0,96420044
899,80000000	0,96491795
900,00000000	0,96314214
