150,00000000	0,99660937
150,20000000	0,99433185
150,40000000	0,99234928
150,60000000	0,99521623
150,80000000	0,99392544
151,00000000	0,99275161
151,20000000	0,99625674
151,40000000	0,99369652
151,60000000	0,99273851
151,80000000	0,99405555
152,00000000	0,99574893
152,20000000	0,99136293
152,40000000	0,98946867
152,60000000	0,98367567
152,80000000	0,99054450
153,00000000	0,99338175
153,20000000	0,98268215
153,40000000	0,99236473
153,60000000	0,99146012
153,80000000	0,98674050
154,00000000	0,98850334
154,20000000	0,99315256
154,40000000	0,99237995
154,60000000	0,98937963
154,80000000	0,98494339
155,00000000	0,98698219
155,20000000	0,99333207
155,40000000	0,98582234
155,60000000	0,97405644
155,80000000	0,98722290
156,00000000	0,98919802
156,20000000	0,97644383
156,40000000	0,98412827
156,60000000	0,98432043
156,80000000	0,98909654
157,00000000	0,99319302
157,20000000	0,97384565
157,40000000	0,97005903
157,60000000	0,99481729
157,80000000	0,98843737
158,00000000	0,97757008
158,20000000	0,98770865
158,40000000	0,98003370
158,60000000	0,98431640
158,80000000	0,98991685
159,00000000	0,96509567
159,20000000	0,98021420
159,40000000	0,98610371
159,60000000	0,96996235
159,80000000	0,94846089
160,00000000	0,98569652
160,20000000	0,98250435
160,40000000	0,98533101
160,60000000	0,98098202
160,80000000	0,97196752
161,00000000	0,98673531
161,20000000	0,98720928
161,40000000	0,97756226
161,60000000	0,97803078
161,80000000	0,98677782
162,00000000	0,98238971
162,20000000	0,97510611
162,40000000	0,98254027
162,60000000	0,97288636
162,80000000	0,98240245
163,00000000	0,98798688
163,20000000	0,96910090
163,40000000	0,98077333
163,60000000	0,98697236
163,80000000	0,98037365
164,00000000	0,97532532
164,20000000	0,97667237
164,40000000	0,98245889
164,60000000	0,98244636
164,80000000	0,97610491
165,00000000	0,96469213
165,20000000	0,97021796
165,40000000	0,98441321
165,60000000	0,97118393
165,80000000	0,97011927
166,00000000	0,97098830
166,20000000	0,98133265
166,40000000	0,97673153
166,60000000	0,98015499
166,80000000	0,97588767
167,00000000	0,98205451
167,20000000	0,98611075
167,40000000	0,97740667
167,60000000	0,97556267
167,80000000	0,98182981
168,00000000	0,98272437
168,20000000	0,97959287
168,40000000	0,97730186
168,60000000	0,97795717
168,80000000	0,97689306
169,00000000	0,98195197
169,20000000	0,97865738
169,40000000	0,97425995
169,60000000	0,98052332
169,80000000	0,97805208
170,00000000	0,97885618
170,20000000	0,97156537
170,40000000	0,97606323
170,60000000	0,97462039
170,80000000	0,97898061
171,00000000	0,97942942
171,20000000	0,97388562
171,40000000	0,97732970
171,60000000	0,98040123
171,80000000	0,97872400
172,00000000	0,97738140
172,20000000	0,97248086
172,40000000	0,97986197
172,60000000	0,97946263
172,80000000	0,97925778
173,00000000	0,98340331
173,20000000	0,98130427
173,40000000	0,98249780
173,60000000	0,98366962
173,80000000	0,97830811
174,00000000	0,97869223
174,20000000	0,98062355
174,40000000	0,98138129
174,60000000	0,97795929
174,80000000	0,98246060
175,00000000	0,97834504
175,20000000	0,98144690
175,40000000	0,98216026
175,60000000	0,97702145
175,80000000	0,97531290
176,00000000	0,98302979
176,20000000	0,98015274
176,40000000	0,98180995
176,60000000	0,97776114
176,80000000	0,97582110
177,00000000	0,97887373
177,20000000	0,97813657
177,40000000	0,98222846
177,60000000	0,98181690
177,80000000	0,98039044
178,00000000	0,98301423
178,20000000	0,98346525
178,40000000	0,98609581
178,60000000	0,98836471
178,80000000	0,98321583
179,00000000	0,98132752
179,20000000	0,98441847
179,40000000	0,98286541
179,60000000	0,97850893
179,80000000	0,98140721
180,00000000	0,97562821
180,20000000	0,97694873
180,40000000	0,97591047
180,60000000	0,97448918
180,80000000	0,97039654
181,00000000	0,97554871
181,20000000	0,97946313
181,40000000	0,97619658
181,60000000	0,97710406
181,80000000	0,97655426
182,00000000	0,97503945
182,20000000	0,97296965
182,40000000	0,97740431
182,60000000	0,97524382
182,80000000	0,98068972
183,00000000	0,97646302
183,20000000	0,97580394
183,40000000	0,97128946
183,60000000	0,97414374
183,80000000	0,97073391
184,00000000	0,97219042
184,20000000	0,96746822
184,40000000	0,96188484
184,60000000	0,96207389
184,80000000	0,96872754
185,00000000	0,95977478
185,20000000	0,96820766
185,40000000	0,96010120
185,60000000	0,95949024
185,80000000	0,95899387
186,00000000	0,96413795
186,20000000	0,96875997
186,40000000	0,96842833
186,60000000	0,96624018
186,80000000	0,96422363
187,00000000	0,96192218
187,20000000	0,96938862
187,40000000	0,96535013
187,60000000	0,96123139
187,80000000	0,95703174
188,00000000	0,95978278
188,20000000	0,95297768
188,40000000	0,95851223
188,60000000	0,94914032
188,80000000	0,95744317
189,00000000	0,95301923
189,20000000	0,95626727
189,40000000	0,95980753
189,60000000	0,96030499
189,80000000	0,95850757
190,00000000	0,95715244
190,20000000	0,95602013
190,40000000	0,95995059
190,60000000	0,95012595
190,80000000	0,94976902
191,00000000	0,94862301
191,20000000	0,95201189
191,40000000	0,95515314
191,60000000	0,95479692
191,80000000	0,95095227
192,00000000	0,94238940
192,20000000	0,95098172
192,40000000	0,95058379
192,60000000	0,95253994
192,80000000	0,95320147
193,00000000	0,95797204
193,20000000	0,95624743
193,40000000	0,94934997
193,60000000	0,94676592
193,80000000	0,95141589
194,00000000	0,94457160
194,20000000	0,94892072
194,40000000	0,94171210
194,60000000	0,94883022
194,80000000	0,94706729
195,00000000	0,94989849
195,20000000	0,94930704
195,40000000	0,95000218
195,60000000	0,95204879
195,80000000	0,95318583
196,00000000	0,94462237
196,20000000	0,94807480
196,40000000	0,94082110
196,60000000	0,94014223
196,80000000	0,94498385
197,00000000	0,95116487
197,20000000	0,94516793
197,40000000	0,94467922
197,60000000	0,94297128
197,80000000	0,94941353
198,00000000	0,94467113
198,20000000	0,94384797
198,40000000	0,95380417
198,60000000	0,94521149
198,80000000	0,93876220
199,00000000	0,94068630
199,20000000	0,94594975
199,40000000	0,94158228
199,60000000	0,93720765
199,80000000	0,94113068
200,00000000	0,94331229
200,20000000	0,94830670
200,40000000	0,94129778
200,60000000	0,95079883
200,80000000	0,94187703
201,00000000	0,94428045
201,20000000	0,94828412
201,40000000	0,95063845
201,60000000	0,94625872
201,80000000	0,94080441
202,00000000	0,93786322
202,20000000	0,93079049
202,40000000	0,93933151
202,60000000	0,94467469
202,80000000	0,94596468
203,00000000	0,94339114
203,20000000	0,94502203
203,40000000	0,94367583
203,60000000	0,93016305
203,80000000	0,93168504
204,00000000	0,94290403
204,20000000	0,93929843
204,40000000	0,93696957
204,60000000	0,94907252
204,80000000	0,94441131
205,00000000	0,93176162
205,20000000	0,93808238
205,40000000	0,93793244
205,60000000	0,93481569
205,80000000	0,93836818
206,00000000	0,94229279
206,20000000	0,94007739
206,40000000	0,93812882
206,60000000	0,93603474
206,80000000	0,93761131
207,00000000	0,92010095
207,20000000	0,92215294
207,40000000	0,94469265
207,60000000	0,95002778
207,80000000	0,93702325
208,00000000	0,93387824
208,20000000	0,93836280
208,40000000	0,94047858
208,60000000	0,93245937
208,80000000	0,92533993
209,00000000	0,92817718
209,20000000	0,93919328
209,40000000	0,94445683
209,60000000	0,93823709
209,80000000	0,93604680
210,00000000	0,92648394
210,20000000	0,92465226
210,40000000	0,93095211
210,60000000	0,93780501
210,80000000	0,93861450
211,00000000	0,93623000
211,20000000	0,93804297
211,40000000	0,94260462
211,60000000	0,92566917
211,80000000	0,91950318
212,00000000	0,93034810
212,20000000	0,93406988
212,40000000	0,93202897
212,60000000	0,93620152
212,80000000	0,94486354
213,00000000	0,93755202
213,20000000	0,93246974
213,40000000	0,92758792
213,60000000	0,92416624
213,80000000	0,92129567
214,00000000	0,92305366
214,20000000	0,93246561
214,40000000	0,93223058
214,60000000	0,93724377
214,80000000	0,94421940
215,00000000	0,93229492
215,20000000	0,92283290
215,40000000	0,92812173
215,60000000	0,93094434
215,80000000	0,92328926
216,00000000	0,93013144
216,20000000	0,94084090
216,40000000	0,93509220
216,60000000	0,93034780
216,80000000	0,93190858
217,00000000	0,92916604
217,20000000	0,91980365
217,40000000	0,92067646
217,60000000	0,92680136
217,80000000	0,92998276
218,00000000	0,93403197
218,20000000	0,94198699
218,40000000	0,94253462
218,60000000	0,93520273
218,80000000	0,93301170
219,00000000	0,93075614
219,20000000	0,92599826
219,40000000	0,92373727
219,60000000	0,92973049
219,80000000	0,93039905
220,00000000	0,92944867
220,20000000	0,93794832
220,40000000	0,94044012
220,60000000	0,93679603
220,80000000	0,93316128
221,00000000	0,93326907
221,20000000	0,92698122
221,40000000	0,92540330
221,60000000	0,93264826
221,80000000	0,93351587
222,00000000	0,93065846
222,20000000	0,93176247
222,40000000	0,93629626
222,60000000	0,93746355
222,80000000	0,93764353
223,00000000	0,94032162
223,20000000	0,94417252
223,40000000	0,94219780
223,60000000	0,93890168
223,80000000	0,93720876
224,00000000	0,93522221
224,20000000	0,93609153
224,40000000	0,93984663
224,60000000	0,94140776
224,80000000	0,94191322
225,00000000	0,94152394
225,20000000	0,94311533
225,40000000	0,94394402
225,60000000	0,94570516
225,80000000	0,94329780
226,00000000	0,94523102
226,20000000	0,94410345
226,40000000	0,94103680
226,60000000	0,94512473
226,80000000	0,94922952
227,00000000	0,94932169
227,20000000	0,94870892
227,40000000	0,95042742
227,60000000	0,95213918
227,80000000	0,95148228
228,00000000	0,94988747
228,20000000	0,94793886
228,40000000	0,94879428
228,60000000	0,94713699
228,80000000	0,94571532
229,00000000	0,94700382
229,20000000	0,94694456
229,40000000	0,94865194
229,60000000	0,95067449
229,80000000	0,95624577
230,00000000	0,95881180
230,20000000	0,96036305
230,40000000	0,96013014
230,60000000	0,95854141
230,80000000	0,95440187
231,00000000	0,95381157
231,20000000	0,95403608
231,40000000	0,95413878
231,60000000	0,95560760
231,80000000	0,95828991
232,00000000	0,95874490
232,20000000	0,95565731
232,40000000	0,95556673
232,60000000	0,95773246
232,80000000	0,95714528
233,00000000	0,95833304
233,20000000	0,96169753
233,40000000	0,96229872
233,60000000	0,96419848
233,80000000	0,96483817
234,00000000	0,96493718
234,20000000	0,96086789
234,40000000	0,95956011
234,60000000	0,95822414
234,80000000	0,95705052
235,00000000	0,95948320
235,20000000	0,96316463
235,40000000	0,96545250
235,60000000	0,96630781
235,80000000	0,96386978
236,00000000	0,96434170
236,20000000	0,96423794
236,40000000	0,96435713
236,60000000	0,96404134
236,80000000	0,96452379
237,00000000	0,96430453
237,20000000	0,96065237
237,40000000	0,96178365
237,60000000	0,96482624
237,80000000	0,96441871
238,00000000	0,96654845
238,20000000	0,96644419
238,40000000	0,96639448
238,60000000	0,96476868
238,80000000	0,96415382
239,00000000	0,96625879
239,20000000	0,97022687
239,40000000	0,97000771
239,60000000	0,96954593
239,80000000	0,97005939
240,00000000	0,96839462
240,20000000	0,96671996
240,40000000	0,96708225
240,60000000	0,96582899
240,80000000	0,96651862
241,00000000	0,96798246
241,20000000	0,96662446
241,40000000	0,96732127
241,60000000	0,96756334
241,80000000	0,96828834
242,00000000	0,96602010
242,20000000	0,96864625
242,40000000	0,97135256
242,60000000	0,96969963
242,80000000	0,97075559
243,00000000	0,97157669
243,20000000	0,97063402
243,40000000	0,96895143
243,60000000	0,96740351
243,80000000	0,97030931
244,00000000	0,97148264
244,20000000	0,96949533
244,40000000	0,96695807
244,60000000	0,96775736
244,80000000	0,97092634
245,00000000	0,97011994
245,20000000	0,97125096
245,40000000	0,97361277
245,60000000	0,97099510
245,80000000	0,97019754
246,00000000	0,97271616
246,20000000	0,97368972
246,40000000	0,97324546
246,60000000	0,97457698
246,80000000	0,97614925
247,00000000	0,97424968
247,20000000	0,97405514
247,40000000	0,97712433
247,60000000	0,97623926
247,80000000	0,97554863
248,00000000	0,97589608
248,20000000	0,97471666
248,40000000	0,97451979
248,60000000	0,97623280
248,80000000	0,97583700
249,00000000	0,97573077
249,20000000	0,97587398
249,40000000	0,97620329
249,60000000	0,97481894
249,80000000	0,97574562
250,00000000	0,97613944
250,20000000	0,97473994
250,40000000	0,97664595
250,60000000	0,97857333
250,80000000	0,97969847
251,00000000	0,97818631
251,20000000	0,97940244
251,40000000	0,98265409
251,60000000	0,98149833
251,80000000	0,98088404
252,00000000	0,97954599
252,20000000	0,98289413
252,40000000	0,98386297
252,60000000	0,98214447
252,80000000	0,98137261
253,00000000	0,98371743
253,20000000	0,98461073
253,40000000	0,98307089
253,60000000	0,98359136
253,80000000	0,98487858
254,00000000	0,98450902
254,20000000	0,98414560
254,40000000	0,98271068
254,60000000	0,98458736
254,80000000	0,98459374
255,00000000	0,98557879
255,20000000	0,98578115
255,40000000	0,98552084
255,60000000	0,98639556
255,80000000	0,98603169
256,00000000	0,98623346
256,20000000	0,98738399
256,40000000	0,98835147
256,60000000	0,98970042
256,80000000	0,98931817
257,00000000	0,98975177
257,20000000	0,99098952
257,40000000	0,99143074
257,60000000	0,99099765
257,80000000	0,98989591
258,00000000	0,99149770
258,20000000	0,99291658
258,40000000	0,99160023
258,60000000	0,99138727
258,80000000	0,99297386
259,00000000	0,99420231
259,20000000	0,99352254
259,40000000	0,99356791
259,60000000	0,99434163
259,80000000	0,99458655
260,00000000	0,99440548
260,20000000	0,99395045
260,40000000	0,99458005
260,60000000	0,99459786
260,80000000	0,99410619
261,00000000	0,99453395
261,20000000	0,99396220
261,40000000	0,99455148
261,60000000	0,99506054
261,80000000	0,99445716
262,00000000	0,99492633
262,20000000	0,99519684
262,40000000	0,99559480
262,60000000	0,99555758
262,80000000	0,99610082
263,00000000	0,99619627
263,20000000	0,99615390
263,40000000	0,99676406
263,60000000	0,99670030
263,80000000	0,99661304
264,00000000	0,99716045
264,20000000	0,99780882
264,40000000	0,99789851
264,60000000	0,99748809
264,80000000	0,99734771
265,00000000	0,99796732
265,20000000	0,99831490
265,40000000	0,99862656
265,60000000	0,99891098
265,80000000	0,99876355
266,00000000	0,99877940
266,20000000	0,99878742
266,40000000	0,99891916
266,60000000	0,99914529
266,80000000	0,99912574
267,00000000	0,99949495
267,20000000	0,99954500
267,40000000	0,99939644
267,60000000	0,99950334
267,80000000	0,99924927
268,00000000	0,99932439
268,20000000	0,99961698
268,40000000	0,99960507
268,60000000	0,99966546
268,80000000	0,99977081
269,00000000	0,99977391
269,20000000	0,99961557
269,40000000	0,99931027
269,60000000	0,99961446
269,80000000	0,99987757
270,00000000	0,99977772
270,20000000	0,99946734
270,40000000	0,99939073
270,60000000	0,99947316
270,80000000	0,99935445
271,00000000	0,99898303
271,20000000	0,99836862
271,40000000	0,99812429
271,60000000	0,99846499
271,80000000	0,99861973
272,00000000	0,99783567
272,20000000	0,99718935
272,40000000	0,99705132
272,60000000	0,99704202
272,80000000	0,99690323
273,00000000	0,99673589
273,20000000	0,99722709
273,40000000	0,99709772
273,60000000	0,99710259
273,80000000	0,99684894
274,00000000	0,99600538
274,20000000	0,99550065
274,40000000	0,99530385
274,60000000	0,99570514
274,80000000	0,99513069
275,00000000	0,99412010
275,20000000	0,99433496
275,40000000	0,99362097
275,60000000	0,99220669
275,80000000	0,99194353
276,00000000	0,99273275
276,20000000	0,99104381
276,40000000	0,99104327
276,60000000	0,99097967
276,80000000	0,98964232
277,00000000	0,99024374
277,20000000	0,99098323
277,40000000	0,98952685
277,60000000	0,98676105
277,80000000	0,98541012
278,00000000	0,98768498
278,20000000	0,98657448
278,40000000	0,98604029
278,60000000	0,98390269
278,80000000	0,98115631
279,00000000	0,98321965
279,20000000	0,98214986
279,40000000	0,97971197
279,60000000	0,98202582
279,80000000	0,98345350
280,00000000	0,98209449
280,20000000	0,98012799
280,40000000	0,97845848
280,60000000	0,97766552
280,80000000	0,97737137
281,00000000	0,97531858
281,20000000	0,97516625
281,40000000	0,97709665
281,60000000	0,97556811
281,80000000	0,97225475
282,00000000	0,96911384
282,20000000	0,96998433
282,40000000	0,97200511
282,60000000	0,96939850
282,80000000	0,96590041
283,00000000	0,96721722
283,20000000	0,96631619
283,40000000	0,96369864
283,60000000	0,96495684
283,80000000	0,96491134
284,00000000	0,96150152
284,20000000	0,96284884
284,40000000	0,96134726
284,60000000	0,95671357
284,80000000	0,95967325
285,00000000	0,96205681
285,20000000	0,95546340
285,40000000	0,94920934
285,60000000	0,95220424
285,80000000	0,95435829
286,00000000	0,95337147
286,20000000	0,95340693
286,40000000	0,94891137
286,60000000	0,94624915
286,80000000	0,94814395
287,00000000	0,95012801
287,20000000	0,94696710
287,40000000	0,94153124
287,60000000	0,94614120
287,80000000	0,94949021
288,00000000	0,94408980
288,20000000	0,94143204
288,40000000	0,94147143
288,60000000	0,94249654
288,80000000	0,94084493
289,00000000	0,94017166
289,20000000	0,93785906
289,40000000	0,93518446
289,60000000	0,93702215
289,80000000	0,93607130
290,00000000	0,93415407
290,20000000	0,93526957
290,40000000	0,93508260
290,60000000	0,93434169
290,80000000	0,93088499
291,00000000	0,92803292
291,20000000	0,92721463
291,40000000	0,92609513
291,60000000	0,93009022
291,80000000	0,92788746
292,00000000	0,92629010
292,20000000	0,92533767
292,40000000	0,92271790
292,60000000	0,92261461
292,80000000	0,92327493
293,00000000	0,92306395
293,20000000	0,92440044
293,40000000	0,92178324
293,60000000	0,92247027
293,80000000	0,92210665
294,00000000	0,92161276
294,20000000	0,92074789
294,40000000	0,92042811
294,60000000	0,92151922
294,80000000	0,91937450
295,00000000	0,91885773
295,20000000	0,91880890
295,40000000	0,92255581
295,60000000	0,92055762
295,80000000	0,91558801
296,00000000	0,91547415
296,20000000	0,91531021
296,40000000	0,91500625
296,60000000	0,91778129
296,80000000	0,91252288
297,00000000	0,91262348
297,20000000	0,91478154
297,40000000	0,91466692
297,60000000	0,91767016
297,80000000	0,91358872
298,00000000	0,91395410
298,20000000	0,91426999
298,40000000	0,91292011
298,60000000	0,91304416
298,80000000	0,91047241
299,00000000	0,90877523
299,20000000	0,90918848
299,40000000	0,91052550
299,60000000	0,91140745
299,80000000	0,90801286
300,00000000	0,90900818
300,20000000	0,91122321
300,40000000	0,91127552
300,60000000	0,91230291
300,80000000	0,90616564
301,00000000	0,90562979
301,20000000	0,90753830
301,40000000	0,90715652
301,60000000	0,90563419
301,80000000	0,90514975
302,00000000	0,90426477
302,20000000	0,89977108
302,40000000	0,90118327
302,60000000	0,90445234
302,80000000	0,90307399
303,00000000	0,89884946
303,20000000	0,89544494
303,40000000	0,89564544
303,60000000	0,90012695
303,80000000	0,89968212
304,00000000	0,90021774
304,20000000	0,90038688
304,40000000	0,89433421
304,60000000	0,89405690
304,80000000	0,89553173
305,00000000	0,89780510
305,20000000	0,89891804
305,40000000	0,89761172
305,60000000	0,89355529
305,80000000	0,89051975
306,00000000	0,89300537
306,20000000	0,89793714
306,40000000	0,89769370
306,60000000	0,89196730
306,80000000	0,89001846
307,00000000	0,89136392
307,20000000	0,89128605
307,40000000	0,89138794
307,60000000	0,89341737
307,80000000	0,89178024
308,00000000	0,88708809
308,20000000	0,88696993
308,40000000	0,88866323
308,60000000	0,88780240
308,80000000	0,88679073
309,00000000	0,88579536
309,20000000	0,88298852
309,40000000	0,87934859
309,60000000	0,88106387
309,80000000	0,88738371
310,00000000	0,88533759
310,20000000	0,87661909
310,40000000	0,87579990
310,60000000	0,87905348
310,80000000	0,87879724
311,00000000	0,87899816
311,20000000	0,88261013
311,40000000	0,88566941
311,60000000	0,88015327
311,80000000	0,87537955
312,00000000	0,87568100
312,20000000	0,87643582
312,40000000	0,87632987
312,60000000	0,87537827
312,80000000	0,87646803
313,00000000	0,87535714
313,20000000	0,87662857
313,40000000	0,87901389
313,60000000	0,87532001
313,80000000	0,87346613
314,00000000	0,87444757
314,20000000	0,87321399
314,40000000	0,87142308
314,60000000	0,86979929
314,80000000	0,87192862
315,00000000	0,87405497
315,20000000	0,87085602
315,40000000	0,86885043
315,60000000	0,87460255
315,80000000	0,87954868
316,00000000	0,87582109
316,20000000	0,87196137
316,40000000	0,87210766
316,60000000	0,87377510
316,80000000	0,87255706
317,00000000	0,87008082
317,20000000	0,87025087
317,40000000	0,87015251
317,60000000	0,87343611
317,80000000	0,87588848
318,00000000	0,87008197
318,20000000	0,86430891
318,40000000	0,86978088
318,60000000	0,87658393
318,80000000	0,87226858
319,00000000	0,86859997
319,20000000	0,87090389
319,40000000	0,87356928
319,60000000	0,87298979
319,80000000	0,86877414
320,00000000	0,87088847
320,20000000	0,87842225
320,40000000	0,88026997
320,60000000	0,87777110
320,80000000	0,87864383
321,00000000	0,88298760
321,20000000	0,88489587
321,40000000	0,88277440
321,60000000	0,87978149
321,80000000	0,87871964
322,00000000	0,88042874
322,20000000	0,88390042
322,40000000	0,88529347
322,60000000	0,88379642
322,80000000	0,88418338
323,00000000	0,88814511
323,20000000	0,88953075
323,40000000	0,88797860
323,60000000	0,88849718
323,80000000	0,89274317
324,00000000	0,89751746
324,20000000	0,89777583
324,40000000	0,89534815
324,60000000	0,89514518
324,80000000	0,89790371
325,00000000	0,90017423
325,20000000	0,90113179
325,40000000	0,90500023
325,60000000	0,90932723
325,80000000	0,90919982
326,00000000	0,90903954
326,20000000	0,91367183
326,40000000	0,91873465
326,60000000	0,91957122
326,80000000	0,91921669
327,00000000	0,92078087
327,20000000	0,92320181
327,40000000	0,92399902
327,60000000	0,92608403
327,80000000	0,92990276
328,00000000	0,93170334
328,20000000	0,93337903
328,40000000	0,93369794
328,60000000	0,93400840
328,80000000	0,93816410
329,00000000	0,94193071
329,20000000	0,94328362
329,40000000	0,94465437
329,60000000	0,94499070
329,80000000	0,94618712
330,00000000	0,94982655
330,20000000	0,95206346
330,40000000	0,95239993
330,60000000	0,95215572
330,80000000	0,95269744
331,00000000	0,95639569
331,20000000	0,95902565
331,40000000	0,95972303
331,60000000	0,96167052
331,80000000	0,96304014
332,00000000	0,96440591
332,20000000	0,96605863
332,40000000	0,96666489
332,60000000	0,96729428
332,80000000	0,96900355
333,00000000	0,97135163
333,20000000	0,97212435
333,40000000	0,97163123
333,60000000	0,97393585
333,80000000	0,97685516
334,00000000	0,97684065
334,20000000	0,97623490
334,40000000	0,97638268
334,60000000	0,97804089
334,80000000	0,97986002
335,00000000	0,98027824
335,20000000	0,97953955
335,40000000	0,97883645
335,60000000	0,97991679
335,80000000	0,98151753
336,00000000	0,98114303
336,20000000	0,98031068
336,40000000	0,98136520
336,60000000	0,98191501
336,80000000	0,98080711
337,00000000	0,98014549
337,20000000	0,97988741
337,40000000	0,97959273
337,60000000	0,97786780
337,80000000	0,97527291
338,00000000	0,97527182
338,20000000	0,97563894
338,40000000	0,97432164
338,60000000	0,97197744
338,80000000	0,96920400
339,00000000	0,96951204
339,20000000	0,96953165
339,40000000	0,96654703
339,60000000	0,96434390
339,80000000	0,96230915
340,00000000	0,96055376
340,20000000	0,95960884
340,40000000	0,95689140
340,60000000	0,95476426
340,80000000	0,95255255
341,00000000	0,94759023
341,20000000	0,94414412
341,40000000	0,94306775
341,60000000	0,94118682
341,80000000	0,93857595
342,00000000	0,93391709
342,20000000	0,92959100
342,40000000	0,92913924
342,60000000	0,92571708
342,80000000	0,91825637
343,00000000	0,91315867
343,20000000	0,91175939
343,40000000	0,90843645
343,60000000	0,90268520
343,80000000	0,90163605
344,00000000	0,90333551
344,20000000	0,89918923
344,40000000	0,88838488
344,60000000	0,88159272
344,80000000	0,88238866
345,00000000	0,88057681
345,20000000	0,87372648
345,40000000	0,86880859
345,60000000	0,86528516
345,80000000	0,85858771
346,00000000	0,84906944
346,20000000	0,84278135
346,40000000	0,84298110
346,60000000	0,84154533
346,80000000	0,83634431
347,00000000	0,82963697
347,20000000	0,82269887
347,40000000	0,81912430
347,60000000	0,81565524
347,80000000	0,81193486
348,00000000	0,80967342
348,20000000	0,80394806
348,40000000	0,79504812
348,60000000	0,78939204
348,80000000	0,78649371
349,00000000	0,78310614
349,20000000	0,77873763
349,40000000	0,77543747
349,60000000	0,77267816
349,80000000	0,76864336
350,00000000	0,76338011
350,20000000	0,75963774
350,40000000	0,75905486
350,60000000	0,75747058
350,80000000	0,75090264
351,00000000	0,74362372
351,20000000	0,73989307
351,40000000	0,73676273
351,60000000	0,73497185
351,80000000	0,73633429
352,00000000	0,73371447
352,20000000	0,72459064
352,40000000	0,72073782
352,60000000	0,71728767
352,80000000	0,70977334
353,00000000	0,70934138
353,20000000	0,70826247
353,40000000	0,70364297
353,60000000	0,69876461
353,80000000	0,69564689
354,00000000	0,69440637
354,20000000	0,68979779
354,40000000	0,68666797
354,60000000	0,68349565
354,80000000	0,67837623
355,00000000	0,67458923
355,20000000	0,67373448
355,40000000	0,67500245
355,60000000	0,67159725
355,80000000	0,66440515
356,00000000	0,66232037
356,20000000	0,66328812
356,40000000	0,66146332
356,60000000	0,65755496
356,80000000	0,65246552
357,00000000	0,64958891
357,20000000	0,65025668
357,40000000	0,65446617
357,60000000	0,65508491
357,80000000	0,64874380
358,00000000	0,64554191
358,20000000	0,64828739
358,40000000	0,65174699
358,60000000	0,65056187
358,80000000	0,64915652
359,00000000	0,64859437
359,20000000	0,64706779
359,40000000	0,64983832
359,60000000	0,65195329
359,80000000	0,65017923
360,00000000	0,64978862
360,20000000	0,64895558
360,40000000	0,64975436
360,60000000	0,65201501
360,80000000	0,65043126
361,00000000	0,64981343
361,20000000	0,64951868
361,40000000	0,65063470
361,60000000	0,65320077
361,80000000	0,65366776
362,00000000	0,65564799
362,20000000	0,65627097
362,40000000	0,65619559
362,60000000	0,65543982
362,80000000	0,65198663
363,00000000	0,65264051
363,20000000	0,65469299
363,40000000	0,65444679
363,60000000	0,65407583
363,80000000	0,64958370
364,00000000	0,64612336
364,20000000	0,64572593
364,40000000	0,64249082
364,60000000	0,64038580
364,80000000	0,63874187
365,00000000	0,63622675
365,20000000	0,63232553
365,40000000	0,62764272
365,60000000	0,62567222
365,80000000	0,62099245
366,00000000	0,61325069
366,20000000	0,60938126
366,40000000	0,60623635
366,60000000	0,60132461
366,80000000	0,59466477
367,00000000	0,58788861
367,20000000	0,58428616
367,40000000	0,57828295
367,60000000	0,57120310
367,80000000	0,56430900
368,00000000	0,55574503
368,20000000	0,54932999
368,40000000	0,54296703
368,60000000	0,53520842
368,80000000	0,52900433
369,00000000	0,52399753
369,20000000	0,51703907
369,40000000	0,50802693
369,60000000	0,50080666
369,80000000	0,49497281
370,00000000	0,48899749
370,20000000	0,48429470
370,40000000	0,47678492
370,60000000	0,46780769
370,80000000	0,46318481
371,00000000	0,45768882
371,20000000	0,45063620
371,40000000	0,44659335
371,60000000	0,44331398
371,80000000	0,43908347
372,00000000	0,43388697
372,20000000	0,42755820
372,40000000	0,42094226
372,60000000	0,41624771
372,80000000	0,41262423
373,00000000	0,40689193
373,20000000	0,40344215
373,40000000	0,40236694
373,60000000	0,39870030
373,80000000	0,39495809
374,00000000	0,39063194
374,20000000	0,38382847
374,40000000	0,37929728
374,60000000	0,37791337
374,80000000	0,37557104
375,00000000	0,37388826
375,20000000	0,37183040
375,40000000	0,36789156
375,60000000	0,36538239
375,80000000	0,36258208
376,00000000	0,35912830
376,20000000	0,35487262
376,40000000	0,34918789
376,60000000	0,34533954
376,80000000	0,34366953
377,00000000	0,34333037
377,20000000	0,34322815
377,40000000	0,34007410
377,60000000	0,33719499
377,80000000	0,33681152
378,00000000	0,33372014
378,20000000	0,32946697
378,40000000	0,32752260
378,60000000	0,32729850
378,80000000	0,32574271
379,00000000	0,32163098
379,20000000	0,31929785
379,40000000	0,31931162
379,60000000	0,31737238
379,80000000	0,31561511
380,00000000	0,31444998
380,20000000	0,31070203
380,40000000	0,30899487
380,60000000	0,31064929
380,80000000	0,30946167
381,00000000	0,30544275
381,20000000	0,30220853
381,40000000	0,29996788
381,60000000	0,29892181
381,80000000	0,29805383
382,00000000	0,29714114
382,20000000	0,29693133
382,40000000	0,29579814
382,60000000	0,29311694
382,80000000	0,29081100
383,00000000	0,28885021
383,20000000	0,28715405
383,40000000	0,28696214
383,60000000	0,28555977
383,80000000	0,28321128
384,00000000	0,28379762
384,20000000	0,28448175
384,40000000	0,28251230
384,60000000	0,28006573
384,80000000	0,27718163
385,00000000	0,27465510
385,20000000	0,27477030
385,40000000	0,27516457
385,60000000	0,27385521
385,80000000	0,27235762
386,00000000	0,27247708
386,20000000	0,27253072
386,40000000	0,27140617
386,60000000	0,27085304
386,80000000	0,26919882
387,00000000	0,26768506
387,20000000	0,26748952
387,40000000	0,26539809
387,60000000	0,26321796
387,80000000	0,26292127
388,00000000	0,26258572
388,20000000	0,26137308
388,40000000	0,25996189
388,60000000	0,25912875
388,80000000	0,25911785
389,00000000	0,25988796
389,20000000	0,25929259
389,40000000	0,25625892
389,60000000	0,25405634
389,80000000	0,25378016
390,00000000	0,25263021
390,20000000	0,25114963
390,40000000	0,25109238
390,60000000	0,25061244
390,80000000	0,24914810
391,00000000	0,24850202
391,20000000	0,24821299
391,40000000	0,24733715
391,60000000	0,24691535
391,80000000	0,24712171
392,00000000	0,24582548
392,20000000	0,24406583
392,40000000	0,24407038
392,60000000	0,24388486
392,80000000	0,24284512
393,00000000	0,24147150
393,20000000	0,24044781
393,40000000	0,24026727
393,60000000	0,24035481
393,80000000	0,24019671
394,00000000	0,23856666
394,20000000	0,23669804
394,40000000	0,23694916
394,60000000	0,23719231
394,80000000	0,23651072
395,00000000	0,23617389
395,20000000	0,23534338
395,40000000	0,23380707
395,60000000	0,23320138
395,80000000	0,23262323
396,00000000	0,23123873
396,20000000	0,23113997
396,40000000	0,23157214
396,60000000	0,23094667
396,80000000	0,23022828
397,00000000	0,23011231
397,20000000	0,22953650
397,40000000	0,22829441
397,60000000	0,22718256
397,80000000	0,22638201
398,00000000	0,22639939
398,20000000	0,22724001
398,40000000	0,22701755
398,60000000	0,22557193
398,80000000	0,22498732
399,00000000	0,22518067
399,20000000	0,22499426
399,40000000	0,22447074
399,60000000	0,22362978
399,80000000	0,22282356
400,00000000	0,22261314
400,20000000	0,22244672
400,40000000	0,22160917
400,60000000	0,22102180
400,80000000	0,22045431
401,00000000	0,21927429
401,20000000	0,21904525
401,40000000	0,21932437
401,60000000	0,21873276
401,80000000	0,21845822
402,00000000	0,21870948
402,20000000	0,21805323
402,40000000	0,21729333
402,60000000	0,21702225
402,80000000	0,21617709
403,00000000	0,21536980
403,20000000	0,21465550
403,40000000	0,21351303
403,60000000	0,21326652
403,80000000	0,21378691
404,00000000	0,21361537
404,20000000	0,21314948
404,40000000	0,21329045
404,60000000	0,21280089
404,80000000	0,21173362
405,00000000	0,21133284
405,20000000	0,21084417
405,40000000	0,21046678
405,60000000	0,21041064
405,80000000	0,20990461
406,00000000	0,20935135
406,20000000	0,20931621
406,40000000	0,20934492
406,60000000	0,20904866
406,80000000	0,20853103
407,00000000	0,20802633
407,20000000	0,20763325
407,40000000	0,20740733
407,60000000	0,20689587
407,80000000	0,20613984
408,00000000	0,20584002
408,20000000	0,20577576
408,40000000	0,20573737
408,60000000	0,20543513
408,80000000	0,20498472
409,00000000	0,20468853
409,20000000	0,20466389
409,40000000	0,20438242
409,60000000	0,20375125
409,80000000	0,20331297
410,00000000	0,20280127
410,20000000	0,20256759
410,40000000	0,20247280
410,60000000	0,20219189
410,80000000	0,20208733
411,00000000	0,20211900
411,20000000	0,20180830
411,40000000	0,20136395
411,60000000	0,20112264
411,80000000	0,20071661
412,00000000	0,20033815
412,20000000	0,20020792
412,40000000	0,19977931
412,60000000	0,19930569
412,80000000	0,19940753
413,00000000	0,19933694
413,20000000	0,19882063
413,40000000	0,19874175
413,60000000	0,19882657
413,80000000	0,19861421
414,00000000	0,19848668
414,20000000	0,19811239
414,40000000	0,19753467
414,60000000	0,19741733
414,80000000	0,19730251
415,00000000	0,19696137
415,20000000	0,19687597
415,40000000	0,19665620
415,60000000	0,19637967
415,80000000	0,19631306
416,00000000	0,19602072
416,20000000	0,19567592
416,40000000	0,19561732
416,60000000	0,19545827
416,80000000	0,19519992
417,00000000	0,19513095
417,20000000	0,19489659
417,40000000	0,19478902
417,60000000	0,19483745
417,80000000	0,19454603
418,00000000	0,19420712
418,20000000	0,19418663
418,40000000	0,19396817
418,60000000	0,19367042
418,80000000	0,19362565
419,00000000	0,19345583
419,20000000	0,19350039
419,40000000	0,19356189
419,60000000	0,19336535
419,80000000	0,19323284
420,00000000	0,19321072
420,20000000	0,19287661
420,40000000	0,19260842
420,60000000	0,19241627
420,80000000	0,19221398
421,00000000	0,19228852
421,20000000	0,19241551
421,40000000	0,19233350
421,60000000	0,19238420
421,80000000	0,19245240
422,00000000	0,19216797
422,20000000	0,19197060
422,40000000	0,19170319
422,60000000	0,19140360
422,80000000	0,19152283
423,00000000	0,19161195
423,20000000	0,19128815
423,40000000	0,19145514
423,60000000	0,19166914
423,80000000	0,19155940
424,00000000	0,19164815
424,20000000	0,19156626
424,40000000	0,19132947
424,60000000	0,19146545
424,80000000	0,19121659
425,00000000	0,19085397
425,20000000	0,19102941
425,40000000	0,19118682
425,60000000	0,19130034
425,80000000	0,19144794
426,00000000	0,19123561
426,20000000	0,19111273
426,40000000	0,19127842
426,60000000	0,19093483
426,80000000	0,19088567
427,00000000	0,19113905
427,20000000	0,19084344
427,40000000	0,19077177
427,60000000	0,19125567
427,80000000	0,19109706
428,00000000	0,19127496
428,20000000	0,19172194
428,40000000	0,19141399
428,60000000	0,19091869
428,80000000	0,19092847
429,00000000	0,19110033
429,20000000	0,19124077
429,40000000	0,19119755
429,60000000	0,19096067
429,80000000	0,19121709
430,00000000	0,19122352
430,20000000	0,19121597
430,40000000	0,19151678
430,60000000	0,19133094
430,80000000	0,19079808
431,00000000	0,19109849
431,20000000	0,19115871
431,40000000	0,19105007
431,60000000	0,19130525
431,80000000	0,19081270
432,00000000	0,19049693
432,20000000	0,19144530
432,40000000	0,19192979
432,60000000	0,19217923
432,80000000	0,19261860
433,00000000	0,19227420
433,20000000	0,19208334
433,40000000	0,19197544
433,60000000	0,19171976
433,80000000	0,19167115
434,00000000	0,19153945
434,20000000	0,19164476
434,40000000	0,19215716
434,60000000	0,19215620
434,80000000	0,19202809
435,00000000	0,19256884
435,20000000	0,19244796
435,40000000	0,19230823
435,60000000	0,19272600
435,80000000	0,19272423
436,00000000	0,19229496
436,20000000	0,19283922
436,40000000	0,19381613
436,60000000	0,19457239
436,80000000	0,19472667
437,00000000	0,19406189
437,20000000	0,19356646
437,40000000	0,19363947
437,60000000	0,19330145
437,80000000	0,19327436
438,00000000	0,19401540
438,20000000	0,19434909
438,40000000	0,19447614
438,60000000	0,19408588
438,80000000	0,19398865
439,00000000	0,19461825
439,20000000	0,19516317
439,40000000	0,19597319
439,60000000	0,19613006
439,80000000	0,19602158
440,00000000	0,19605833
440,20000000	0,19640875
440,40000000	0,19716920
440,60000000	0,19729093
440,80000000	0,19730760
441,00000000	0,19777293
441,20000000	0,19766704
441,40000000	0,19773885
441,60000000	0,19809066
441,80000000	0,19875358
442,00000000	0,19974325
442,20000000	0,20014259
442,40000000	0,20047060
442,60000000	0,20072383
442,80000000	0,20014824
443,00000000	0,19969269
443,20000000	0,20034148
443,40000000	0,20075541
443,60000000	0,20170422
443,80000000	0,20238648
444,00000000	0,20181842
444,20000000	0,20184434
444,40000000	0,20176773
444,60000000	0,20143901
444,80000000	0,20272986
445,00000000	0,20303982
445,20000000	0,20386584
445,40000000	0,20574832
445,60000000	0,20639470
445,80000000	0,20656354
446,00000000	0,20662757
446,20000000	0,20647479
446,40000000	0,20793586
446,60000000	0,20912520
446,80000000	0,20927361
447,00000000	0,20937985
447,20000000	0,20941069
447,40000000	0,21045402
447,60000000	0,21159740
447,80000000	0,21092915
448,00000000	0,20946044
448,20000000	0,21079810
448,40000000	0,21285961
448,60000000	0,21337506
448,80000000	0,21402819
449,00000000	0,21374696
449,20000000	0,21372581
449,40000000	0,21516824
449,60000000	0,21604650
449,80000000	0,21588561
450,00000000	0,21642807
450,20000000	0,21896308
450,40000000	0,22116523
450,60000000	0,22082397
450,80000000	0,22090849
451,00000000	0,22091950
451,20000000	0,22129014
451,40000000	0,22266372
451,60000000	0,22399681
451,80000000	0,22357910
452,00000000	0,22452250
452,20000000	0,22744678
452,40000000	0,22793040
452,60000000	0,22808186
452,80000000	0,22899627
453,00000000	0,22943800
453,20000000	0,22978058
453,40000000	0,22969668
453,60000000	0,23160883
453,80000000	0,23426076
454,00000000	0,23485526
454,20000000	0,23582726
454,40000000	0,23650978
454,60000000	0,23754207
454,80000000	0,23922524
455,00000000	0,24065233
455,20000000	0,24201475
455,40000000	0,24361979
455,60000000	0,24410634
455,80000000	0,24387861
456,00000000	0,24521405
456,20000000	0,24807432
456,40000000	0,24932065
456,60000000	0,24926055
456,80000000	0,25121086
457,00000000	0,25168088
457,20000000	0,25228117
457,40000000	0,25567100
457,60000000	0,25813568
457,80000000	0,25755023
458,00000000	0,25882185
458,20000000	0,26265483
458,40000000	0,26445781
458,60000000	0,26548155
458,80000000	0,26659504
459,00000000	0,26876599
459,20000000	0,27102196
459,40000000	0,27307902
459,60000000	0,27453419
459,80000000	0,27693125
460,00000000	0,28042476
460,20000000	0,28218143
460,40000000	0,28248937
460,60000000	0,28480294
460,80000000	0,28809675
461,00000000	0,28883206
461,20000000	0,28925640
461,40000000	0,29300387
461,60000000	0,29559018
461,80000000	0,29760376
462,00000000	0,29973254
462,20000000	0,30267630
462,40000000	0,30754786
462,60000000	0,30969822
462,80000000	0,30914889
463,00000000	0,31354658
463,20000000	0,31801841
463,40000000	0,32057280
463,60000000	0,32397743
463,80000000	0,32685231
464,00000000	0,33153186
464,20000000	0,33602690
464,40000000	0,33930890
464,60000000	0,34121289
464,80000000	0,34419302
465,00000000	0,34700879
465,20000000	0,35104433
465,40000000	0,35540419
465,60000000	0,36058316
465,80000000	0,36675324
466,00000000	0,37144130
466,20000000	0,37694764
466,40000000	0,38387775
466,60000000	0,38761217
466,80000000	0,39025677
467,00000000	0,39202955
467,20000000	0,39579862
467,40000000	0,40266571
467,60000000	0,40733762
467,80000000	0,41412906
468,00000000	0,42269170
468,20000000	0,42989561
468,40000000	0,43627346
468,60000000	0,44275352
468,80000000	0,44758040
469,00000000	0,45274591
469,20000000	0,46063145
469,40000000	0,47079560
469,60000000	0,48084578
469,80000000	0,48573389
470,00000000	0,48997854
470,20000000	0,49862827
470,40000000	0,51091058
470,60000000	0,51874259
470,80000000	0,52643696
471,00000000	0,53711799
471,20000000	0,54708230
471,40000000	0,55392359
471,60000000	0,56167377
471,80000000	0,57160389
472,00000000	0,58136185
472,20000000	0,59582094
472,40000000	0,60470671
472,60000000	0,61251775
472,80000000	0,62417516
473,00000000	0,63603872
473,20000000	0,64681534
473,40000000	0,66103470
473,60000000	0,67257908
473,80000000	0,68328915
474,00000000	0,69611667
474,20000000	0,70741705
474,40000000	0,71886952
474,60000000	0,72991203
474,80000000	0,73925518
475,00000000	0,74851649
475,20000000	0,76277439
475,40000000	0,77220960
475,60000000	0,78285053
475,80000000	0,79295220
476,00000000	0,80133553
476,20000000	0,81015464
476,40000000	0,82144396
476,60000000	0,82955588
476,80000000	0,83767407
477,00000000	0,84634357
477,20000000	0,85432882
477,40000000	0,86314395
477,60000000	0,86734141
477,80000000	0,87134708
478,00000000	0,87616511
478,20000000	0,88056822
478,40000000	0,88414512
478,60000000	0,88641847
478,80000000	0,88816638
479,00000000	0,88983208
479,20000000	0,88744713
479,40000000	0,88965171
479,60000000	0,89305642
479,80000000	0,89084889
480,00000000	0,89002502
480,20000000	0,88970089
480,40000000	0,88680969
480,60000000	0,88409220
480,80000000	0,88282776
481,00000000	0,87829655
481,20000000	0,87693954
481,40000000	0,87343718
481,60000000	0,86955157
481,80000000	0,86625476
482,00000000	0,86119955
482,20000000	0,85738769
482,40000000	0,85541303
482,60000000	0,84971061
482,80000000	0,84450620
483,00000000	0,84279417
483,20000000	0,83810316
483,40000000	0,83612674
483,60000000	0,83157984
483,80000000	0,82824733
484,00000000	0,82455542
484,20000000	0,82061354
484,40000000	0,81625300
484,60000000	0,81704553
484,80000000	0,80918742
485,00000000	0,80855356
485,20000000	0,80783219
485,40000000	0,80272620
485,60000000	0,79911642
485,80000000	0,79919513
486,00000000	0,79208838
486,20000000	0,78969375
486,40000000	0,78644623
486,60000000	0,78541408
486,80000000	0,78482604
487,00000000	0,78352126
487,20000000	0,78458926
487,40000000	0,78217787
487,60000000	0,77920399
487,80000000	0,77874384
488,00000000	0,77703947
488,20000000	0,77570365
488,40000000	0,77814995
488,60000000	0,77562597
488,80000000	0,77753844
489,00000000	0,77537506
489,20000000	0,77818874
489,40000000	0,77533565
489,60000000	0,77657512
489,80000000	0,77813445
490,00000000	0,77793015
490,20000000	0,77520575
490,40000000	0,78136254
490,60000000	0,78348685
490,80000000	0,78370557
491,00000000	0,78497378
491,20000000	0,78454830
491,40000000	0,78488150
491,60000000	0,78467255
491,80000000	0,78581383
492,00000000	0,78737316
492,20000000	0,78886583
492,40000000	0,79451039
492,60000000	0,80040337
492,80000000	0,79601758
493,00000000	0,79941224
493,20000000	0,79898756
493,40000000	0,79985747
493,60000000	0,80536793
493,80000000	0,80897354
494,00000000	0,80792854
494,20000000	0,81356428
494,40000000	0,81391399
494,60000000	0,81677377
494,80000000	0,81670755
495,00000000	0,82177950
495,20000000	0,82464696
495,40000000	0,82414865
495,60000000	0,82688199
495,80000000	0,83226443
496,00000000	0,83157670
496,20000000	0,83414919
496,40000000	0,84086220
496,60000000	0,84577179
496,80000000	0,84476737
497,00000000	0,84679135
497,20000000	0,85123859
497,40000000	0,85053574
497,60000000	0,85162350
497,80000000	0,85874770
498,00000000	0,86187739
498,20000000	0,86396868
498,40000000	0,86624035
498,60000000	0,86931427
498,80000000	0,87480486
499,00000000	0,87618948
499,20000000	0,88126114
499,40000000	0,88292044
499,60000000	0,88127450
499,80000000	0,88862041
500,00000000	0,89131856
500,20000000	0,88877918
500,40000000	0,89534453
500,60000000	0,89969048
500,80000000	0,90184881
501,00000000	0,90414746
501,20000000	0,90159318
501,40000000	0,90414829
501,60000000	0,91020425
501,80000000	0,90985687
502,00000000	0,91309194
502,20000000	0,91752385
502,40000000	0,91954279
502,60000000	0,92284321
502,80000000	0,92206032
503,00000000	0,92545778
503,20000000	0,92768430
503,40000000	0,92656559
503,60000000	0,93099735
503,80000000	0,93537752
504,00000000	0,93570017
504,20000000	0,93696253
504,40000000	0,94009404
504,60000000	0,94254919
504,80000000	0,94276167
505,00000000	0,94572052
505,20000000	0,94777619
505,40000000	0,94724921
505,60000000	0,95175433
505,80000000	0,95280314
506,00000000	0,95332409
506,20000000	0,95750105
506,40000000	0,95733234
506,60000000	0,95950158
506,80000000	0,96124040
507,00000000	0,96078951
507,20000000	0,96252543
507,40000000	0,96367070
507,60000000	0,96509779
507,80000000	0,96665330
508,00000000	0,96910361
508,20000000	0,97150884
508,40000000	0,97133496
508,60000000	0,97088548
508,80000000	0,97269436
509,00000000	0,97329442
509,20000000	0,97451558
509,40000000	0,97537886
509,60000000	0,97558017
509,80000000	0,97523195
510,00000000	0,97568219
510,20000000	0,97741741
510,40000000	0,97883537
510,60000000	0,97870900
510,80000000	0,97981710
511,00000000	0,97934703
511,20000000	0,97888062
511,40000000	0,97974253
511,60000000	0,98081336
511,80000000	0,98138171
512,00000000	0,98250520
512,20000000	0,98225765
512,40000000	0,98176333
512,60000000	0,98174549
512,80000000	0,98229802
513,00000000	0,98193082
513,20000000	0,98240714
513,40000000	0,98336016
513,60000000	0,98249822
513,80000000	0,98206086
514,00000000	0,98193478
514,20000000	0,98134187
514,40000000	0,98322152
514,60000000	0,98416391
514,80000000	0,98262642
515,00000000	0,98173384
515,20000000	0,98092685
515,40000000	0,98025300
515,60000000	0,97949573
515,80000000	0,98033829
516,00000000	0,98132860
516,20000000	0,97895161
516,40000000	0,97827545
516,60000000	0,97784704
516,80000000	0,97548970
517,00000000	0,97702956
517,20000000	0,97708476
517,40000000	0,97503707
517,60000000	0,97374477
517,80000000	0,97221801
518,00000000	0,97047255
518,20000000	0,97021923
518,40000000	0,97211688
518,60000000	0,97232813
518,80000000	0,96868583
519,00000000	0,96766699
519,20000000	0,96598061
519,40000000	0,96374808
519,60000000	0,96506966
519,80000000	0,96482224
520,00000000	0,96157779
520,20000000	0,96145427
520,40000000	0,95992994
520,60000000	0,95645904
520,80000000	0,95697326
521,00000000	0,95769393
521,20000000	0,95543763
521,40000000	0,95508622
521,60000000	0,95143612
521,80000000	0,94809399
522,00000000	0,94836536
522,20000000	0,94774303
522,40000000	0,94847863
522,60000000	0,94611532
522,80000000	0,94249427
523,00000000	0,94256470
523,20000000	0,93945163
523,40000000	0,94177479
523,60000000	0,94235301
523,80000000	0,93600425
524,00000000	0,93725681
524,20000000	0,93408531
524,40000000	0,93133394
524,60000000	0,93322487
524,80000000	0,92888110
525,00000000	0,92824340
525,20000000	0,92871024
525,40000000	0,92572458
525,60000000	0,92487931
525,80000000	0,92178278
526,00000000	0,92362697
526,20000000	0,92438220
526,40000000	0,91823209
526,60000000	0,91641362
526,80000000	0,91322668
527,00000000	0,91360559
527,20000000	0,91730358
527,40000000	0,91543431
527,60000000	0,91056542
527,80000000	0,90704714
528,00000000	0,90853546
528,20000000	0,90866587
528,40000000	0,90788880
528,60000000	0,90622165
528,80000000	0,90303995
529,00000000	0,90205706
529,20000000	0,90242314
529,40000000	0,90125427
529,60000000	0,89866683
529,80000000	0,89641521
530,00000000	0,89583736
530,20000000	0,89401402
530,40000000	0,89057735
530,60000000	0,88913253
530,80000000	0,88869925
531,00000000	0,88944872
531,20000000	0,88898593
531,40000000	0,88627075
531,60000000	0,88152990
531,80000000	0,87949820
532,00000000	0,88108951
532,20000000	0,88154161
532,40000000	0,87650356
532,60000000	0,87285212
532,80000000	0,87622511
533,00000000	0,87391027
533,20000000	0,87378812
533,40000000	0,87120073
533,60000000	0,86672578
533,80000000	0,86643166
534,00000000	0,86624971
534,20000000	0,86284433
534,40000000	0,86316366
534,60000000	0,86401011
534,80000000	0,86709862
535,00000000	0,86762768
535,20000000	0,86200084
535,40000000	0,86176689
535,60000000	0,85969765
535,80000000	0,86141168
536,00000000	0,86123227
536,20000000	0,85718490
536,40000000	0,85503727
536,60000000	0,85144158
536,80000000	0,85440446
537,00000000	0,85626588
537,20000000	0,85005533
537,40000000	0,84875456
537,60000000	0,84863759
537,80000000	0,84927015
538,00000000	0,84933423
538,20000000	0,84882174
538,40000000	0,84821640
538,60000000	0,84238472
538,80000000	0,84802332
539,00000000	0,84566734
539,20000000	0,84290735
539,40000000	0,84846888
539,60000000	0,84505508
539,80000000	0,84290544
540,00000000	0,84322950
540,20000000	0,84471467
540,40000000	0,84274699
540,60000000	0,84254267
540,80000000	0,84082004
541,00000000	0,83684803
541,20000000	0,83345819
541,40000000	0,83845829
541,60000000	0,83686538
541,80000000	0,83575670
542,00000000	0,83629744
542,20000000	0,82994405
542,40000000	0,82924109
542,60000000	0,83648364
542,80000000	0,83763625
543,00000000	0,83466238
543,20000000	0,83694787
543,40000000	0,83353043
543,60000000	0,83562331
543,80000000	0,83674589
544,00000000	0,83610361
544,20000000	0,83313140
544,40000000	0,83218191
544,60000000	0,83370860
544,80000000	0,83455079
545,00000000	0,83444963
545,20000000	0,83165771
545,40000000	0,83061536
545,60000000	0,83249939
545,80000000	0,83105825
546,00000000	0,83081988
546,20000000	0,83575830
546,40000000	0,82924542
546,60000000	0,83596159
546,80000000	0,83926924
547,00000000	0,83480327
547,20000000	0,83456690
547,40000000	0,83560318
547,60000000	0,83873053
547,80000000	0,83654702
548,00000000	0,83776543
548,20000000	0,83610371
548,40000000	0,83485693
548,60000000	0,84177654
548,80000000	0,84043611
549,00000000	0,83534843
549,20000000	0,84058882
549,40000000	0,84168280
549,60000000	0,84064483
549,80000000	0,84089623
550,00000000	0,84313025
550,20000000	0,84311089
550,40000000	0,84677015
550,60000000	0,84230989
550,80000000	0,84340794
551,00000000	0,84777932
551,20000000	0,84577502
551,40000000	0,85171320
551,60000000	0,84628717
551,80000000	0,84811027
552,00000000	0,84890583
552,20000000	0,85071336
552,40000000	0,85246944
552,60000000	0,85319515
552,80000000	0,85111010
553,00000000	0,85389510
553,20000000	0,85719759
553,40000000	0,85984609
553,60000000	0,85578025
553,80000000	0,85619344
554,00000000	0,85738925
554,20000000	0,85766357
554,40000000	0,85955697
554,60000000	0,85998089
554,80000000	0,85838392
555,00000000	0,85735614
555,20000000	0,86213471
555,40000000	0,86131843
555,60000000	0,86671128
555,80000000	0,86439959
556,00000000	0,86410110
556,20000000	0,86632122
556,40000000	0,87151558
556,60000000	0,86739462
556,80000000	0,86659972
557,00000000	0,86825184
557,20000000	0,86975216
557,40000000	0,87097603
557,60000000	0,87069134
557,80000000	0,87140309
558,00000000	0,87111274
558,20000000	0,87312983
558,40000000	0,87348962
558,60000000	0,87946994
558,80000000	0,87734453
559,00000000	0,87955490
559,20000000	0,87768115
559,40000000	0,87735651
559,60000000	0,88070712
559,80000000	0,88327695
560,00000000	0,88274941
560,20000000	0,87929197
560,40000000	0,88331385
560,60000000	0,88753612
560,80000000	0,88385135
561,00000000	0,88721964
561,20000000	0,88415105
561,40000000	0,88741981
561,60000000	0,89136477
561,80000000	0,88824449
562,00000000	0,89168735
562,20000000	0,88736163
562,40000000	0,89033087
562,60000000	0,89331696
562,80000000	0,89404679
563,00000000	0,89294419
563,20000000	0,89398920
563,40000000	0,89507775
563,60000000	0,89616655
563,80000000	0,89620631
564,00000000	0,89862516
564,20000000	0,89710934
564,40000000	0,89830964
564,60000000	0,89951596
564,80000000	0,89616582
565,00000000	0,90259716
565,20000000	0,90121770
565,40000000	0,90356330
565,60000000	0,90448643
565,80000000	0,90276015
566,00000000	0,90518255
566,20000000	0,90679103
566,40000000	0,90674932
566,60000000	0,90781525
566,80000000	0,90599129
567,00000000	0,90793263
567,20000000	0,90744218
567,40000000	0,91271740
567,60000000	0,91072858
567,80000000	0,90995798
568,00000000	0,90999430
568,20000000	0,90964631
568,40000000	0,91418397
568,60000000	0,91399788
568,80000000	0,91221620
569,00000000	0,91293108
569,20000000	0,91505599
569,40000000	0,91387803
569,60000000	0,91837440
569,80000000	0,91535575
570,00000000	0,91685660
570,20000000	0,91822617
570,40000000	0,91892458
570,60000000	0,91774193
570,80000000	0,92078436
571,00000000	0,92232736
571,20000000	0,91734588
571,40000000	0,92150030
571,60000000	0,92186923
571,80000000	0,92273868
572,00000000	0,92618735
572,20000000	0,92392211
572,40000000	0,92549280
572,60000000	0,92566936
572,80000000	0,92598773
573,00000000	0,92661922
573,20000000	0,92916730
573,40000000	0,92968818
573,60000000	0,92757944
573,80000000	0,92948742
574,00000000	0,92874426
574,20000000	0,93166010
574,40000000	0,93130543
574,60000000	0,93210004
574,80000000	0,93170218
575,00000000	0,93344095
575,20000000	0,93382715
575,40000000	0,93427271
575,60000000	0,93503601
575,80000000	0,93526333
576,00000000	0,93793995
576,20000000	0,93782983
576,40000000	0,93676123
576,60000000	0,93916704
576,80000000	0,93879538
577,00000000	0,93947585
577,20000000	0,94093658
577,40000000	0,93883279
577,60000000	0,94126062
577,80000000	0,94221472
578,00000000	0,94188425
578,20000000	0,94089180
578,40000000	0,94144967
578,60000000	0,94348183
578,80000000	0,94449978
579,00000000	0,94625957
579,20000000	0,94543267
579,40000000	0,94623464
579,60000000	0,94501946
579,80000000	0,94570903
580,00000000	0,94847167
580,20000000	0,94757294
580,40000000	0,94905660
580,60000000	0,94947090
580,80000000	0,95121862
581,00000000	0,95122795
581,20000000	0,95014408
581,40000000	0,95233528
581,60000000	0,95135801
581,80000000	0,95240702
582,00000000	0,95329022
582,20000000	0,95324417
582,40000000	0,95531517
582,60000000	0,95744316
582,80000000	0,95688918
583,00000000	0,95721997
583,20000000	0,95622026
583,40000000	0,95785469
583,60000000	0,95922997
583,80000000	0,95928330
584,00000000	0,96100049
584,20000000	0,95990051
584,40000000	0,96192150
584,60000000	0,96154841
584,80000000	0,96211225
585,00000000	0,96362642
585,20000000	0,96400070
585,40000000	0,96468525
585,60000000	0,96451395
585,80000000	0,96494312
586,00000000	0,96639281
586,20000000	0,96878019
586,40000000	0,96726582
586,60000000	0,96565390
586,80000000	0,96770253
587,00000000	0,96856686
587,20000000	0,96953144
587,40000000	0,96885574
587,60000000	0,96914225
587,80000000	0,97076927
588,00000000	0,97259289
588,20000000	0,97350704
588,40000000	0,97368675
588,60000000	0,97356212
588,80000000	0,97374981
589,00000000	0,97459547
589,20000000	0,97607048
589,40000000	0,97576167
589,60000000	0,97603004
589,80000000	0,97482710
590,00000000	0,97602913
590,20000000	0,97739982
590,40000000	0,97808021
590,60000000	0,97827272
590,80000000	0,97792622
591,00000000	0,97867373
591,20000000	0,97947177
591,40000000	0,98075815
591,60000000	0,98047954
591,80000000	0,98149605
592,00000000	0,98120792
592,20000000	0,98091497
592,40000000	0,98231316
592,60000000	0,98217287
592,80000000	0,98260452
593,00000000	0,98280439
593,20000000	0,98367310
593,40000000	0,98479013
593,60000000	0,98468005
593,80000000	0,98479271
594,00000000	0,98547923
594,20000000	0,98621889
594,40000000	0,98539931
594,60000000	0,98627333
594,80000000	0,98633045
595,00000000	0,98695054
595,20000000	0,98804757
595,40000000	0,98749028
595,60000000	0,98700757
595,80000000	0,98866148
596,00000000	0,98936703
596,20000000	0,98930656
596,40000000	0,98958748
596,60000000	0,99006728
596,80000000	0,99091742
597,00000000	0,99103801
597,20000000	0,99077633
597,40000000	0,99152652
597,60000000	0,99159273
597,80000000	0,99144522
598,00000000	0,99243060
598,20000000	0,99249836
598,40000000	0,99264375
598,60000000	0,99279833
598,80000000	0,99302500
599,00000000	0,99406426
599,20000000	0,99397172
599,40000000	0,99431630
599,60000000	0,99475054
599,80000000	0,99466053
600,00000000	0,99491010
600,20000000	0,99541865
600,40000000	0,99556683
600,60000000	0,99534947
600,80000000	0,99602757
601,00000000	0,99575158
601,20000000	0,99676149
601,40000000	0,99709193
601,60000000	0,99612856
601,80000000	0,99717146
602,00000000	0,99721957
602,20000000	0,99736756
602,40000000	0,99749434
602,60000000	0,99729938
602,80000000	0,99815871
603,00000000	0,99806022
603,20000000	0,99818630
603,40000000	0,99827929
603,60000000	0,99833702
603,80000000	0,99852223
604,00000000	0,99875729
604,20000000	0,99871512
604,40000000	0,99863675
604,60000000	0,99917799
604,80000000	0,99915997
605,00000000	0,99920846
605,20000000	0,99945989
605,40000000	0,99919759
605,60000000	0,99947031
605,80000000	0,99960715
606,00000000	0,99960265
606,20000000	0,99975461
606,40000000	0,99964705
606,60000000	0,99968529
606,80000000	0,99985561
607,00000000	0,99980375
607,20000000	0,99988530
607,40000000	0,99996676
607,60000000	0,99989526
607,80000000	0,99990364
608,00000000	0,99998817
608,20000000	0,99993774
608,40000000	0,99993059
608,60000000	0,99993426
608,80000000	0,99975117
609,00000000	0,99984820
609,20000000	0,99984174
609,40000000	0,99970873
609,60000000	0,99967495
609,80000000	0,99960628
610,00000000	0,99957664
610,20000000	0,99955828
610,40000000	0,99942576
610,60000000	0,99921724
610,80000000	0,99927064
611,00000000	0,99897474
611,20000000	0,99891195
611,40000000	0,99883588
611,60000000	0,99840017
611,80000000	0,99860915
612,00000000	0,99835651
612,20000000	0,99816018
612,40000000	0,99825880
612,60000000	0,99803076
612,80000000	0,99810533
613,00000000	0,99748074
613,20000000	0,99743171
613,40000000	0,99768460
613,60000000	0,99723495
613,80000000	0,99687444
614,00000000	0,99665523
614,20000000	0,99644053
614,40000000	0,99629566
614,60000000	0,99618810
614,80000000	0,99548249
615,00000000	0,99559537
615,20000000	0,99519081
615,40000000	0,99514992
615,60000000	0,99476552
615,80000000	0,99425032
616,00000000	0,99469095
616,20000000	0,99405629
616,40000000	0,99356571
616,60000000	0,99371170
616,80000000	0,99350738
617,00000000	0,99331576
617,20000000	0,99253110
617,40000000	0,99152481
617,60000000	0,99217506
617,80000000	0,99236743
618,00000000	0,99116823
618,20000000	0,99091202
618,40000000	0,99025505
618,60000000	0,98989290
618,80000000	0,99027376
619,00000000	0,98930137
619,20000000	0,98965089
619,40000000	0,98874741
619,60000000	0,98844163
619,80000000	0,98777314
620,00000000	0,98749076
620,20000000	0,98750419
620,40000000	0,98636745
620,60000000	0,98630246
620,80000000	0,98577749
621,00000000	0,98612237
621,20000000	0,98532085
621,40000000	0,98448565
621,60000000	0,98414746
621,80000000	0,98420695
622,00000000	0,98380052
622,20000000	0,98230949
622,40000000	0,98278185
622,60000000	0,98224512
622,80000000	0,98212176
623,00000000	0,98121292
623,20000000	0,97978525
623,40000000	0,98013868
623,60000000	0,98031075
623,80000000	0,97952153
624,00000000	0,97816240
624,20000000	0,97831281
624,40000000	0,97806808
624,60000000	0,97702418
624,80000000	0,97666236
625,00000000	0,97660646
625,20000000	0,97635952
625,40000000	0,97502784
625,60000000	0,97479779
625,80000000	0,97414868
626,00000000	0,97370681
626,20000000	0,97290916
626,40000000	0,97244866
626,60000000	0,97280238
626,80000000	0,97172625
627,00000000	0,97075045
627,20000000	0,97082345
627,40000000	0,97067191
627,60000000	0,96945955
627,80000000	0,96839423
628,00000000	0,96812616
628,20000000	0,96799993
628,40000000	0,96848190
628,60000000	0,96629086
628,80000000	0,96532440
629,00000000	0,96544187
629,20000000	0,96603134
629,40000000	0,96496720
629,60000000	0,96264269
629,80000000	0,96260676
630,00000000	0,96233209
630,20000000	0,96263705
630,40000000	0,96128501
630,60000000	0,96010139
630,80000000	0,96014498
631,00000000	0,96015148
631,20000000	0,95867625
631,40000000	0,95853551
631,60000000	0,95704749
631,80000000	0,95641389
632,00000000	0,95639297
632,20000000	0,95577542
632,40000000	0,95478304
632,60000000	0,95522676
632,80000000	0,95426628
633,00000000	0,95344006
633,20000000	0,95285127
633,40000000	0,95285841
633,60000000	0,95238382
633,80000000	0,95079016
634,00000000	0,95014662
634,20000000	0,94961977
634,40000000	0,95000107
634,60000000	0,94889648
634,80000000	0,94753008
635,00000000	0,94643908
635,20000000	0,94718865
635,40000000	0,94707114
635,60000000	0,94582908
635,80000000	0,94396463
636,00000000	0,94406599
636,20000000	0,94387814
636,40000000	0,94269771
636,60000000	0,94243089
636,80000000	0,94165335
637,00000000	0,94096949
637,20000000	0,94139158
637,40000000	0,94174607
637,60000000	0,94009198
637,80000000	0,93911508
638,00000000	0,93992973
638,20000000	0,93886720
638,40000000	0,93769180
638,60000000	0,93623769
638,80000000	0,93650591
639,00000000	0,93713524
639,20000000	0,93613864
639,40000000	0,93376176
639,60000000	0,93410783
639,80000000	0,93504625
640,00000000	0,93420336
640,20000000	0,93294750
640,40000000	0,93186225
640,60000000	0,93211502
640,80000000	0,93180442
641,00000000	0,93065781
641,20000000	0,93014770
641,40000000	0,92970819
641,60000000	0,93023710
641,80000000	0,92927457
642,00000000	0,92866084
642,20000000	0,92790015
642,40000000	0,92834761
642,60000000	0,92833857
642,80000000	0,92771795
643,00000000	0,92634073
643,20000000	0,92561318
643,40000000	0,92692025
643,60000000	0,92702799
643,80000000	0,92787769
644,00000000	0,92522494
644,20000000	0,92609328
644,40000000	0,92636695
644,60000000	0,92488078
644,80000000	0,92348574
645,00000000	0,92332038
645,20000000	0,92476793
645,40000000	0,92392335
645,60000000	0,92175359
645,80000000	0,91980599
646,00000000	0,92234032
646,20000000	0,92293975
646,40000000	0,92247187
646,60000000	0,92303821
646,80000000	0,92144824
647,00000000	0,92389917
647,20000000	0,92276988
647,40000000	0,92180278
647,60000000	0,92298826
647,80000000	0,92079758
648,00000000	0,92100612
648,20000000	0,92101449
648,40000000	0,92144675
648,60000000	0,92051501
648,80000000	0,91975315
649,00000000	0,91978316
649,20000000	0,92087065
649,40000000	0,92130020
649,60000000	0,92064071
649,80000000	0,92041563
650,00000000	0,91957412
650,20000000	0,92198007
650,40000000	0,92024837
650,60000000	0,92068192
650,80000000	0,91988434
651,00000000	0,92004919
651,20000000	0,92131119
651,40000000	0,92150867
651,60000000	0,92107130
651,80000000	0,92083730
652,00000000	0,92228071
652,20000000	0,92238202
652,40000000	0,92252457
652,60000000	0,92098191
652,80000000	0,92127932
653,00000000	0,92301125
653,20000000	0,92267055
653,40000000	0,92162574
653,60000000	0,92290424
653,80000000	0,92253947
654,00000000	0,92313630
654,20000000	0,92115747
654,40000000	0,92260098
654,60000000	0,92428738
654,80000000	0,92282371
655,00000000	0,92413399
655,20000000	0,92554776
655,40000000	0,92415476
655,60000000	0,92363837
655,80000000	0,92504855
656,00000000	0,92398378
656,20000000	0,92542607
656,40000000	0,92336994
656,60000000	0,92606664
656,80000000	0,92712417
657,00000000	0,92528619
657,20000000	0,92667626
657,40000000	0,92699737
657,60000000	0,92687702
657,80000000	0,92370913
658,00000000	0,92634615
658,20000000	0,92846858
658,40000000	0,92615410
658,60000000	0,92670685
658,80000000	0,92843305
659,00000000	0,92903975
659,20000000	0,92864905
659,40000000	0,92857439
659,60000000	0,92787992
659,80000000	0,93067908
660,00000000	0,92892410
660,20000000	0,92939470
660,40000000	0,93002205
660,60000000	0,92879640
660,80000000	0,92881446
661,00000000	0,93055281
661,20000000	0,92994201
661,40000000	0,92921045
661,60000000	0,93071240
661,80000000	0,93091140
662,00000000	0,93058715
662,20000000	0,93064252
662,40000000	0,93155034
662,60000000	0,93153202
662,80000000	0,93116814
663,00000000	0,93126358
663,20000000	0,93339623
663,40000000	0,93175943
663,60000000	0,93157592
663,80000000	0,93002189
664,00000000	0,93307218
664,20000000	0,93298450
664,40000000	0,93118422
664,60000000	0,93351562
664,80000000	0,93411600
665,00000000	0,93375099
665,20000000	0,93028926
665,40000000	0,93233635
665,60000000	0,93380169
665,80000000	0,93327470
666,00000000	0,93223474
666,20000000	0,93080616
666,40000000	0,93349381
666,60000000	0,93168659
666,80000000	0,93270334
667,00000000	0,93290891
667,20000000	0,93118163
667,40000000	0,93104065
667,60000000	0,93299147
667,80000000	0,93255791
668,00000000	0,92930702
668,20000000	0,93428095
668,40000000	0,93263958
668,60000000	0,93399767
668,80000000	0,92977619
669,00000000	0,93116754
669,20000000	0,93197993
669,40000000	0,93177716
669,60000000	0,93138867
669,80000000	0,93142118
670,00000000	0,93249515
670,20000000	0,93098912
670,40000000	0,93121423
670,60000000	0,93029129
670,80000000	0,93145901
671,00000000	0,93134449
671,20000000	0,92971621
671,40000000	0,92898487
671,60000000	0,93112968
671,80000000	0,92957982
672,00000000	0,93330514
672,20000000	0,93076966
672,40000000	0,93100585
672,60000000	0,93038438
672,80000000	0,93089352
673,00000000	0,92892176
673,20000000	0,92972251
673,40000000	0,93122431
673,60000000	0,93005113
673,80000000	0,92919631
674,00000000	0,93054141
674,20000000	0,92930028
674,40000000	0,92830080
674,60000000	0,92808175
674,80000000	0,93042786
675,00000000	0,92918223
675,20000000	0,92986074
675,40000000	0,92801253
675,60000000	0,92899150
675,80000000	0,92904408
676,00000000	0,93024403
676,20000000	0,93001577
676,40000000	0,92942996
676,60000000	0,93353160
676,80000000	0,93119063
677,00000000	0,92982155
677,20000000	0,92843831
677,40000000	0,93210169
677,60000000	0,93082690
677,80000000	0,93077363
678,00000000	0,92910648
678,20000000	0,92938298
678,40000000	0,93195768
678,60000000	0,93095129
678,80000000	0,92976383
679,00000000	0,93110988
679,20000000	0,93296512
679,40000000	0,93216702
679,60000000	0,92931919
679,80000000	0,93423016
680,00000000	0,93246867
680,20000000	0,93297712
680,40000000	0,93139099
680,60000000	0,93235277
680,80000000	0,93256957
681,00000000	0,93389197
681,20000000	0,93424829
681,40000000	0,93133111
681,60000000	0,93550172
681,80000000	0,93348004
682,00000000	0,93545967
682,20000000	0,93242453
682,40000000	0,93548915
682,60000000	0,93357925
682,80000000	0,93587830
683,00000000	0,93430609
683,20000000	0,93562771
683,40000000	0,93541758
683,60000000	0,93715087
683,80000000	0,93524296
684,00000000	0,93588937
684,20000000	0,93586740
684,40000000	0,93779489
684,60000000	0,93598139
684,80000000	0,93777432
685,00000000	0,93701791
685,20000000	0,93735485
685,40000000	0,93745921
685,60000000	0,93785663
685,80000000	0,94127200
686,00000000	0,94039164
686,20000000	0,93985990
686,40000000	0,93837126
686,60000000	0,94183967
686,80000000	0,94165049
687,00000000	0,94256213
687,20000000	0,94143795
687,40000000	0,94304447
687,60000000	0,94206416
687,80000000	0,94189900
688,00000000	0,94145744
688,20000000	0,94375471
688,40000000	0,94267971
688,60000000	0,94265929
688,80000000	0,94397680
689,00000000	0,94438070
689,20000000	0,94595032
689,40000000	0,94262233
689,60000000	0,94499363
689,80000000	0,94634991
690,00000000	0,94620296
690,20000000	0,94476086
690,40000000	0,94491305
690,60000000	0,94849674
690,80000000	0,94662210
691,00000000	0,94661173
691,20000000	0,94729587
691,40000000	0,94983615
691,60000000	0,94872645
691,80000000	0,94906980
692,00000000	0,94666584
692,20000000	0,95109545
692,40000000	0,94961264
692,60000000	0,94992654
692,80000000	0,94830438
693,00000000	0,95031909
693,20000000	0,95121975
693,40000000	0,95072092
693,60000000	0,95082098
693,80000000	0,94997063
694,00000000	0,95271928
694,20000000	0,95223848
694,40000000	0,95246676
694,60000000	0,95235652
694,80000000	0,95529032
695,00000000	0,95167949
695,20000000	0,95278348
695,40000000	0,95232262
695,60000000	0,95218430
695,80000000	0,95339524
696,00000000	0,95337443
696,20000000	0,95390907
696,40000000	0,95569264
696,60000000	0,95493258
696,80000000	0,95385454
697,00000000	0,95426578
697,20000000	0,95594182
697,40000000	0,95405980
697,60000000	0,95400983
697,80000000	0,95525080
698,00000000	0,95785879
698,20000000	0,95473385
698,40000000	0,95489093
698,60000000	0,95676190
698,80000000	0,95837078
699,00000000	0,95711848
699,20000000	0,95688775
699,40000000	0,95699434
699,60000000	0,95785948
699,80000000	0,95758591
700,00000000	0,95550924
700,20000000	0,95583253
700,40000000	0,95835756
700,60000000	0,95797295
700,80000000	0,95622076
701,00000000	0,95959343
701,20000000	0,95888574
701,40000000	0,95746128
701,60000000	0,95957674
701,80000000	0,95865834
702,00000000	0,96041365
702,20000000	0,95936188
702,40000000	0,95836059
702,60000000	0,96145613
702,80000000	0,96114084
703,00000000	0,95903553
703,20000000	0,95954371
703,40000000	0,96066420
703,60000000	0,96177981
703,80000000	0,95904733
704,00000000	0,96008854
704,20000000	0,96123250
704,40000000	0,96289896
704,60000000	0,95990742
704,80000000	0,95996785
705,00000000	0,96305594
705,20000000	0,96463176
705,40000000	0,96245488
705,60000000	0,96263160
705,80000000	0,96463880
706,00000000	0,96413037
706,20000000	0,96236827
706,40000000	0,96354176
706,60000000	0,96550923
706,80000000	0,96620591
707,00000000	0,96632189
707,20000000	0,96431134
707,40000000	0,96609097
707,60000000	0,96564781
707,80000000	0,96639443
708,00000000	0,96468618
708,20000000	0,96678613
708,40000000	0,96892686
708,60000000	0,96700417
708,80000000	0,96848817
709,00000000	0,96951389
709,20000000	0,96756942
709,40000000	0,96842162
709,60000000	0,96963695
709,80000000	0,97169273
710,00000000	0,97035391
710,20000000	0,97134906
710,40000000	0,97013027
710,60000000	0,97255283
710,80000000	0,97118928
711,00000000	0,97191649
711,20000000	0,97286515
711,40000000	0,97285166
711,60000000	0,97395925
711,80000000	0,97317302
712,00000000	0,97320142
712,20000000	0,97468759
712,40000000	0,97594894
712,60000000	0,97482501
712,80000000	0,97617394
713,00000000	0,97568506
713,20000000	0,97771270
713,40000000	0,97637820
713,60000000	0,97888754
713,80000000	0,97720691
714,00000000	0,97673714
714,20000000	0,97910313
714,40000000	0,97857606
714,60000000	0,97938521
714,80000000	0,97911655
715,00000000	0,98006232
715,20000000	0,98008180
715,40000000	0,98084241
715,60000000	0,98065632
715,80000000	0,98143565
716,00000000	0,98278020
716,20000000	0,98263119
716,40000000	0,98245565
716,60000000	0,98267432
716,80000000	0,98351312
717,00000000	0,98232083
717,20000000	0,98397953
717,40000000	0,98239974
717,60000000	0,98375180
717,80000000	0,98382110
718,00000000	0,98520962
718,20000000	0,98416562
718,40000000	0,98580963
718,60000000	0,98490641
718,80000000	0,98628900
719,00000000	0,98720096
719,20000000	0,98698600
719,40000000	0,98842086
719,60000000	0,98650565
719,80000000	0,98768364
720,00000000	0,98779507
720,20000000	0,98778759
720,40000000	0,98738161
720,60000000	0,98804932
720,80000000	0,98809287
721,00000000	0,98922141
721,20000000	0,98864590
721,40000000	0,99028746
721,60000000	0,98891080
721,80000000	0,98986899
722,00000000	0,99028096
722,20000000	0,98951007
722,40000000	0,98942623
722,60000000	0,99072794
722,80000000	0,99085279
723,00000000	0,99057610
723,20000000	0,99127211
723,40000000	0,99042081
723,60000000	0,99163528
723,80000000	0,99063112
724,00000000	0,99221648
724,20000000	0,99083291
724,40000000	0,99176958
724,60000000	0,99205239
724,80000000	0,99222884
725,00000000	0,99158514
725,20000000	0,99273182
725,40000000	0,99156760
725,60000000	0,99337903
725,80000000	0,99148455
726,00000000	0,99332355
726,20000000	0,99270651
726,40000000	0,99270813
726,60000000	0,99374797
726,80000000	0,99209587
727,00000000	0,99355265
727,20000000	0,99320022
727,40000000	0,99323575
727,60000000	0,99365721
727,80000000	0,99366184
728,00000000	0,99366383
728,20000000	0,99379926
728,40000000	0,99396175
728,60000000	0,99425361
728,80000000	0,99375781
729,00000000	0,99461542
729,20000000	0,99413840
729,40000000	0,99446167
729,60000000	0,99351167
729,80000000	0,99463867
730,00000000	0,99379863
730,20000000	0,99509032
730,40000000	0,99509122
730,60000000	0,99507014
730,80000000	0,99520353
731,00000000	0,99506447
731,20000000	0,99522733
731,40000000	0,99523445
731,60000000	0,99544710
731,80000000	0,99561961
732,00000000	0,99569479
732,20000000	0,99643081
732,40000000	0,99527926
732,60000000	0,99584774
732,80000000	0,99606774
733,00000000	0,99602089
733,20000000	0,99636129
733,40000000	0,99546064
733,60000000	0,99690389
733,80000000	0,99635441
734,00000000	0,99653988
734,20000000	0,99684838
734,40000000	0,99647495
734,60000000	0,99687499
734,80000000	0,99707061
735,00000000	0,99688608
735,20000000	0,99735905
735,40000000	0,99728310
735,60000000	0,99789984
735,80000000	0,99733548
736,00000000	0,99762540
736,20000000	0,99717054
736,40000000	0,99823835
736,60000000	0,99783579
736,80000000	0,99803396
737,00000000	0,99805729
737,20000000	0,99814132
737,40000000	0,99861784
737,60000000	0,99799761
737,80000000	0,99868784
738,00000000	0,99836437
738,20000000	0,99891924
738,40000000	0,99870785
738,60000000	0,99902567
738,80000000	0,99904508
739,00000000	0,99932886
739,20000000	0,99929995
739,40000000	0,99940196
739,60000000	0,99927597
739,80000000	0,99948156
740,00000000	0,99918872
740,20000000	0,99987714
740,40000000	0,99918644
740,60000000	0,99987791
740,80000000	0,99949643
741,00000000	0,99983452
741,20000000	0,99972769
741,40000000	0,99984438
741,60000000	0,99975373
741,80000000	0,99987705
742,00000000	0,99975287
742,20000000	0,99990383
742,40000000	0,99978702
742,60000000	0,99983547
742,80000000	0,99981805
743,00000000	0,99978851
743,20000000	0,99973856
743,40000000	0,99982927
743,60000000	0,99950212
743,80000000	0,99969025
744,00000000	0,99915189
744,20000000	0,99975748
744,40000000	0,99882913
744,60000000	0,99961468
744,80000000	0,99882050
745,00000000	0,99936708
745,20000000	0,99885706
745,40000000	0,99894548
745,60000000	0,99874513
745,80000000	0,99874338
746,00000000	0,99846090
746,20000000	0,99832769
746,40000000	0,99789765
746,60000000	0,99804855
746,80000000	0,99689994
747,00000000	0,99836995
747,20000000	0,99693305
747,40000000	0,99812242
747,60000000	0,99605515
747,80000000	0,99730042
748,00000000	0,99607236
748,20000000	0,99638533
748,40000000	0,99570725
748,60000000	0,99598733
748,80000000	0,99560362
749,00000000	0,99492323
749,20000000	0,99456373
749,40000000	0,99427423
749,60000000	0,99441153
749,80000000	0,99438208
750,00000000	0,99266012
750,20000000	0,99475376
750,40000000	0,99166825
750,60000000	0,99408278
750,80000000	0,99125792
751,00000000	0,99227355
751,20000000	0,99096808
751,40000000	0,99131167
751,60000000	0,99059275
751,80000000	0,98989615
752,00000000	0,99084358
752,20000000	0,98853556
752,40000000	0,99023555
752,60000000	0,98864871
752,80000000	0,98868943
753,00000000	0,98807913
753,20000000	0,98740967
753,40000000	0,98835543
753,60000000	0,98488168
753,80000000	0,98644540
754,00000000	0,98416374
754,20000000	0,98552348
754,40000000	0,98525079
754,60000000	0,98398621
754,80000000	0,98331981
755,00000000	0,98231556
755,20000000	0,98266107
755,40000000	0,98076100
755,60000000	0,98175076
755,80000000	0,98022503
756,00000000	0,98023583
756,20000000	0,97920363
756,40000000	0,97829066
756,60000000	0,98042052
756,80000000	0,97629891
757,00000000	0,97942131
757,20000000	0,97563192
757,40000000	0,97749284
757,60000000	0,97419354
757,80000000	0,97494756
758,00000000	0,97450756
758,20000000	0,97571233
758,40000000	0,97242123
758,60000000	0,97216817
758,80000000	0,97383077
759,00000000	0,97043546
759,20000000	0,97126910
759,40000000	0,97085930
759,60000000	0,96817740
759,80000000	0,96897055
760,00000000	0,96693203
760,20000000	0,96904103
760,40000000	0,96622147
760,60000000	0,96770723
760,80000000	0,96493281
761,00000000	0,96438625
761,20000000	0,96481235
761,40000000	0,96277524
761,60000000	0,96437083
761,80000000	0,96147435
762,00000000	0,96283510
762,20000000	0,95907335
762,40000000	0,96420680
762,60000000	0,95962490
762,80000000	0,96150824
763,00000000	0,95924184
763,20000000	0,95729404
763,40000000	0,95837861
763,60000000	0,95546522
763,80000000	0,95822845
764,00000000	0,95565488
764,20000000	0,95646286
764,40000000	0,95637337
764,60000000	0,95574884
764,80000000	0,95218385
765,00000000	0,95208659
765,20000000	0,95252524
765,40000000	0,95047249
765,60000000	0,95164468
765,80000000	0,94628910
766,00000000	0,95138687
766,20000000	0,94811222
766,40000000	0,94809103
766,60000000	0,94858489
766,80000000	0,94645214
767,00000000	0,94597361
767,20000000	0,94304872
767,40000000	0,94493992
767,60000000	0,94312523
767,80000000	0,94389190
768,00000000	0,94263407
768,20000000	0,94428703
768,40000000	0,94305741
768,60000000	0,93916570
768,80000000	0,94305162
769,00000000	0,93811647
769,20000000	0,94066892
769,40000000	0,93509663
769,60000000	0,94166988
769,80000000	0,93625314
770,00000000	0,93839102
770,20000000	0,93598156
770,40000000	0,93436757
770,60000000	0,93415791
770,80000000	0,93366309
771,00000000	0,93378580
771,20000000	0,93318215
771,40000000	0,93383242
771,60000000	0,93023087
771,80000000	0,93246727
772,00000000	0,93100613
772,20000000	0,92817564
772,40000000	0,92979569
772,60000000	0,92601993
772,80000000	0,93002174
773,00000000	0,92244847
773,20000000	0,92656727
773,40000000	0,92637567
773,60000000	0,92482026
773,80000000	0,92435327
774,00000000	0,92260469
774,20000000	0,91962857
774,40000000	0,92300966
774,60000000	0,92257224
774,80000000	0,91795055
775,00000000	0,92186528
775,20000000	0,91831754
775,40000000	0,92105605
775,60000000	0,91810761
775,80000000	0,91698046
776,00000000	0,91912706
776,20000000	0,91392179
776,40000000	0,91778661
776,60000000	0,91416226
776,80000000	0,91572253
777,00000000	0,91312911
777,20000000	0,91400198
777,40000000	0,91123478
777,60000000	0,91447120
777,80000000	0,91051849
778,00000000	0,91294785
778,20000000	0,90995123
778,40000000	0,90977453
778,60000000	0,90757734
778,80000000	0,90687796
779,00000000	0,91051722
779,20000000	0,90528599
779,40000000	0,90572977
779,60000000	0,90645945
779,80000000	0,90310124
780,00000000	0,90312172
780,20000000	0,90316869
780,40000000	0,90581321
780,60000000	0,90297812
780,80000000	0,90371052
781,00000000	0,89809939
781,20000000	0,90316100
781,40000000	0,89587517
781,60000000	0,90180295
781,80000000	0,89726450
782,00000000	0,89626340
782,20000000	0,89704043
782,40000000	0,89494494
782,60000000	0,89837148
782,80000000	0,89651863
783,00000000	0,89386769
783,20000000	0,89132964
783,40000000	0,89263703
783,60000000	0,88919124
783,80000000	0,89269627
784,00000000	0,88900383
784,20000000	0,89204676
784,40000000	0,88959076
784,60000000	0,88762125
784,80000000	0,88778561
785,00000000	0,88739408
785,20000000	0,89021081
785,40000000	0,88341579
785,60000000	0,88334241
785,80000000	0,88684288
786,00000000	0,88011765
786,20000000	0,88415686
786,40000000	0,88413363
786,60000000	0,87995025
786,80000000	0,87711142
787,00000000	0,88050187
787,20000000	0,87848277
787,40000000	0,87840018
787,60000000	0,87428771
787,80000000	0,87765988
788,00000000	0,87131635
788,20000000	0,87620308
788,40000000	0,87175006
788,60000000	0,87330499
788,80000000	0,87308500
789,00000000	0,87140454
789,20000000	0,86672608
789,40000000	0,87239179
789,60000000	0,86505494
789,80000000	0,86521202
790,00000000	0,86798308
790,20000000	0,86466151
790,40000000	0,86465116
790,60000000	0,86441341
790,80000000	0,86341160
791,00000000	0,86181411
791,20000000	0,86143536
791,40000000	0,85981411
791,60000000	0,85881806
791,80000000	0,85931187
792,00000000	0,85826883
792,20000000	0,85632403
792,40000000	0,85599190
792,60000000	0,85576994
792,80000000	0,85254604
793,00000000	0,85571893
793,20000000	0,85251921
793,40000000	0,85381906
793,60000000	0,84832656
793,80000000	0,84904437
794,00000000	0,84773486
794,20000000	0,84709599
794,40000000	0,84943830
794,60000000	0,84394160
794,80000000	0,84496417
795,00000000	0,84601834
795,20000000	0,84536763
795,40000000	0,84454259
795,60000000	0,84604760
795,80000000	0,83746878
796,00000000	0,83898875
796,20000000	0,83926900
796,40000000	0,83763770
796,60000000	0,84042960
796,80000000	0,83831550
797,00000000	0,83746923
797,20000000	0,83527493
797,40000000	0,83605457
797,60000000	0,83341610
797,80000000	0,83457352
798,00000000	0,83083520
798,20000000	0,83115443
798,40000000	0,83016201
798,60000000	0,83669935
798,80000000	0,82640238
799,00000000	0,83217370
799,20000000	0,82864567
799,40000000	0,82699733
799,60000000	0,82678123
799,80000000	0,82521958
800,00000000	0,82491288
800,20000000	0,82308604
800,40000000	0,82049122
800,60000000	0,82526136
800,80000000	0,82045402
801,00000000	0,82536252
801,20000000	0,82036293
801,40000000	0,82160984
801,60000000	0,82082994
801,80000000	0,81906643
802,00000000	0,81975994
802,20000000	0,82058137
802,40000000	0,81954361
802,60000000	0,81978196
802,80000000	0,81629326
803,00000000	0,82047943
803,20000000	0,81431606
803,40000000	0,81808937
803,60000000	0,81738788
803,80000000	0,81312120
804,00000000	0,81093458
804,20000000	0,81247658
804,40000000	0,81384566
804,60000000	0,81598146
804,80000000	0,81364981
805,00000000	0,81050083
805,20000000	0,81183021
805,40000000	0,81016210
805,60000000	0,81400920
805,80000000	0,80735605
806,00000000	0,80800872
806,20000000	0,80868692
806,40000000	0,80580040
806,60000000	0,80964081
806,80000000	0,80819416
807,00000000	0,80373062
807,20000000	0,80482754
807,40000000	0,80406659
807,60000000	0,81019106
807,80000000	0,80103191
808,00000000	0,80602612
808,20000000	0,80280806
808,40000000	0,80269864
808,60000000	0,79988404
808,80000000	0,80411701
809,00000000	0,79996197
809,20000000	0,80599627
809,40000000	0,80162666
809,60000000	0,80067726
809,80000000	0,80132353
810,00000000	0,79967695
810,20000000	0,79845487
810,40000000	0,79688457
810,60000000	0,80019954
810,80000000	0,79547048
811,00000000	0,80234020
811,20000000	0,79614917
811,40000000	0,80094763
811,60000000	0,79365113
811,80000000	0,80010694
812,00000000	0,79187082
812,20000000	0,79800661
812,40000000	0,79289923
812,60000000	0,79769345
812,80000000	0,79220825
813,00000000	0,79263077
813,20000000	0,79569054
813,40000000	0,78990584
813,60000000	0,79065626
813,80000000	0,79042944
814,00000000	0,79101887
814,20000000	0,79152483
814,40000000	0,78829801
814,60000000	0,78892553
814,80000000	0,78968577
815,00000000	0,78758338
815,20000000	0,78528651
815,40000000	0,78594432
815,60000000	0,78605168
815,80000000	0,78647331
816,00000000	0,78218233
816,20000000	0,78535681
816,40000000	0,78000837
816,60000000	0,78849018
816,80000000	0,77592375
817,00000000	0,78232730
817,20000000	0,77814125
817,40000000	0,78251585
817,60000000	0,77185231
817,80000000	0,77498233
818,00000000	0,77285875
818,20000000	0,77505842
818,40000000	0,77460660
818,60000000	0,77644183
818,80000000	0,77392932
819,00000000	0,77179313
819,20000000	0,77236601
819,40000000	0,76503088
819,60000000	0,77083376
819,80000000	0,76297057
820,00000000	0,76840872
820,20000000	0,76484382
820,40000000	0,76376427
820,60000000	0,76680081
820,80000000	0,76015423
821,00000000	0,76089822
821,20000000	0,75845499
821,40000000	0,75572534
821,60000000	0,75599551
821,80000000	0,75973628
822,00000000	0,75536361
822,20000000	0,75040129
822,40000000	0,74659327
822,60000000	0,75336010
822,80000000	0,74978725
823,00000000	0,74880318
823,20000000	0,74431539
823,40000000	0,74772688
823,60000000	0,74162671
823,80000000	0,74454806
824,00000000	0,73827698
824,20000000	0,74222119
824,40000000	0,73698410
824,60000000	0,73919978
824,80000000	0,73902734
825,00000000	0,73111960
825,20000000	0,73480363
825,40000000	0,72781392
825,60000000	0,73053897
825,80000000	0,72953630
826,00000000	0,73592401
826,20000000	0,72331888
826,40000000	0,73134903
826,60000000	0,72141881
826,80000000	0,72695224
827,00000000	0,72010792
827,20000000	0,72344370
827,40000000	0,72008652
827,60000000	0,72451938
827,80000000	0,71431908
828,00000000	0,71554532
828,20000000	0,71721997
828,40000000	0,71250828
828,60000000	0,71615079
828,80000000	0,70839518
829,00000000	0,70927585
829,20000000	0,71151934
829,40000000	0,71412970
829,60000000	0,70696354
829,80000000	0,70785725
830,00000000	0,70070314
830,20000000	0,71100254
830,40000000	0,70636352
830,60000000	0,70071236
830,80000000	0,69678217
831,00000000	0,69901462
831,20000000	0,70178729
831,40000000	0,69956965
831,60000000	0,69277453
831,80000000	0,69266635
832,00000000	0,70118248
832,20000000	0,69481933
832,40000000	0,69214987
832,60000000	0,69042176
832,80000000	0,68858881
833,00000000	0,69266545
833,20000000	0,69087746
833,40000000	0,68489976
833,60000000	0,68964454
833,80000000	0,69018377
834,00000000	0,69149916
834,20000000	0,68374352
834,40000000	0,67938223
834,60000000	0,68221541
834,80000000	0,68918112
835,00000000	0,68710834
835,20000000	0,68117860
835,40000000	0,68016876
835,60000000	0,68347203
835,80000000	0,68958574
836,00000000	0,68022606
836,20000000	0,67636026
836,40000000	0,67053338
836,60000000	0,68869650
836,80000000	0,68180805
837,00000000	0,67838067
837,20000000	0,67477811
837,40000000	0,67889419
837,60000000	0,67843514
837,80000000	0,68428081
838,00000000	0,67113947
838,20000000	0,67149827
838,40000000	0,67565663
838,60000000	0,68314594
838,80000000	0,68186041
839,00000000	0,67191066
839,20000000	0,67252940
839,40000000	0,68089987
839,60000000	0,68142522
839,80000000	0,67425272
840,00000000	0,66888190
840,20000000	0,66898948
840,40000000	0,68420343
840,60000000	0,67464023
840,80000000	0,67297011
841,00000000	0,66697336
841,20000000	0,67400732
841,40000000	0,67902385
841,60000000	0,68009467
841,80000000	0,66966698
842,00000000	0,67320025
842,20000000	0,67240956
842,40000000	0,68172824
842,60000000	0,67773210
842,80000000	0,67494784
843,00000000	0,67437740
843,20000000	0,67936558
843,40000000	0,68068325
843,60000000	0,67489254
843,80000000	0,67041775
844,00000000	0,67775013
844,20000000	0,68736606
844,40000000	0,68062524
844,60000000	0,67666810
844,80000000	0,67521788
845,00000000	0,68352706
845,20000000	0,68531713
845,40000000	0,68127094
845,60000000	0,67752923
845,80000000	0,67420167
846,00000000	0,68118059
846,20000000	0,69126846
846,40000000	0,67883650
846,60000000	0,67186495
846,80000000	0,68261851
847,00000000	0,67973243
847,20000000	0,68648294
847,40000000	0,68053605
847,60000000	0,67763276
847,80000000	0,67989468
848,00000000	0,68969398
848,20000000	0,68413130
848,40000000	0,67645601
848,60000000	0,67833570
848,80000000	0,69015431
849,00000000	0,68586605
849,20000000	0,68638929
849,40000000	0,68344105
849,60000000	0,68929577
849,80000000	0,68559462
850,00000000	0,68841601
850,20000000	0,68051189
850,40000000	0,68642836
850,60000000	0,68785989
850,80000000	0,69107330
851,00000000	0,68831800
851,20000000	0,68118398
851,40000000	0,69073024
851,60000000	0,68605403
851,80000000	0,68717925
852,00000000	0,68272999
852,20000000	0,68311474
852,40000000	0,68518611
852,60000000	0,69526431
852,80000000	0,68617113
853,00000000	0,68833466
853,20000000	0,68422686
853,40000000	0,69158430
853,60000000	0,68971001
853,80000000	0,68398455
854,00000000	0,68788732
854,20000000	0,68768329
854,40000000	0,69349651
854,60000000	0,69331926
854,80000000	0,68373037
855,00000000	0,68489668
855,20000000	0,69037094
855,40000000	0,68716244
855,60000000	0,68653722
855,80000000	0,68704796
856,00000000	0,69248826
856,20000000	0,68962307
856,40000000	0,69363592
856,60000000	0,68443241
856,80000000	0,68553268
857,00000000	0,68416169
857,20000000	0,68783467
857,40000000	0,68710174
857,60000000	0,67837082
857,80000000	0,68899387
858,00000000	0,68111245
858,20000000	0,68954582
858,40000000	0,68558656
858,60000000	0,68012175
858,80000000	0,68757432
859,00000000	0,68765986
859,20000000	0,69030545
859,40000000	0,68329141
859,60000000	0,68506861
859,80000000	0,68362345
860,00000000	0,68403205
860,20000000	0,68552593
860,40000000	0,68158719
860,60000000	0,68097073
860,80000000	0,68112394
861,00000000	0,68130861
861,20000000	0,68087741
861,40000000	0,67695077
861,60000000	0,68423033
861,80000000	0,67494031
862,00000000	0,68019194
862,20000000	0,67327114
862,40000000	0,67916336
862,60000000	0,68224226
862,80000000	0,67934048
863,00000000	0,67826495
863,20000000	0,67500502
863,40000000	0,68269565
863,60000000	0,67684041
863,80000000	0,67940634
864,00000000	0,67265011
864,20000000	0,67630924
864,40000000	0,67338975
864,60000000	0,67203758
864,80000000	0,67087474
865,00000000	0,67428158
865,20000000	0,66989624
865,40000000	0,67167035
865,60000000	0,67392968
865,80000000	0,66799408
866,00000000	0,67701861
866,20000000	0,66931851
866,40000000	0,67107489
866,60000000	0,66999021
866,80000000	0,66886810
867,00000000	0,66861284
867,20000000	0,67117947
867,40000000	0,66967470
867,60000000	0,66523728
867,80000000	0,67193051
868,00000000	0,66588601
868,20000000	0,67130113
868,40000000	0,66701170
868,60000000	0,66695180
868,80000000	0,66101978
869,00000000	0,66845268
869,20000000	0,66359657
869,40000000	0,66611759
869,60000000	0,65812565
869,80000000	0,66545255
870,00000000	0,66259154
870,20000000	0,66719757
870,40000000	0,65796426
870,60000000	0,66285886
870,80000000	0,66655131
871,00000000	0,66802946
871,20000000	0,66010822
871,40000000	0,65809190
871,60000000	0,66536618
871,80000000	0,66605591
872,00000000	0,66783018
872,20000000	0,65499015
872,40000000	0,66331764
872,60000000	0,66182891
872,80000000	0,66151888
873,00000000	0,66100682
873,20000000	0,66021231
873,40000000	0,65552294
873,60000000	0,66263985
873,80000000	0,65648574
874,00000000	0,66094340
874,20000000	0,66216537
874,40000000	0,65781312
874,60000000	0,65994040
874,80000000	0,65898317
875,00000000	0,66204331
875,20000000	0,66020502
875,40000000	0,66020515
875,60000000	0,66217617
875,80000000	0,66022494
876,00000000	0,65988792
876,20000000	0,65564775
876,40000000	0,66192885
876,60000000	0,65461763
876,80000000	0,65793521
877,00000000	0,65441308
877,20000000	0,66017635
877,40000000	0,65783267
877,60000000	0,65645571
877,80000000	0,65336297
878,00000000	0,65568686
878,20000000	0,65934356
878,40000000	0,65759971
878,60000000	0,65762037
878,80000000	0,65500570
879,00000000	0,65491224
879,20000000	0,65964033
879,40000000	0,65952756
879,60000000	0,65425712
879,80000000	0,65689108
880,00000000	0,65689396
880,20000000	0,65865774
880,40000000	0,65476826
880,60000000	0,65515234
880,80000000	0,65040268
881,00000000	0,66021088
881,20000000	0,65092867
881,40000000	0,65328123
881,60000000	0,65027861
881,80000000	0,65299390
882,00000000	0,65383578
882,20000000	0,65399816
882,40000000	0,65105194
882,60000000	0,65126517
882,80000000	0,65245929
883,00000000	0,65329949
883,20000000	0,65437301
883,40000000	0,65121100
883,60000000	0,64901432
883,80000000	0,65762294
884,00000000	0,65259514
884,20000000	0,65246088
884,40000000	0,64525274
884,60000000	0,64870037
884,80000000	0,64931234
885,00000000	0,64664754
885,20000000	0,65102184
885,40000000	0,64965434
885,60000000	0,64750879
885,80000000	0,64490749
886,00000000	0,64945606
886,20000000	0,64534238
886,40000000	0,64779968
886,60000000	0,65103430
886,80000000	0,64856932
887,00000000	0,64996874
887,20000000	0,64656675
887,40000000	0,65023669
887,60000000	0,64856406
887,80000000	0,64819327
888,00000000	0,64454053
888,20000000	0,64456155
888,40000000	0,64720404
888,60000000	0,64345480
888,80000000	0,64505104
889,00000000	0,63890452
889,20000000	0,64612271
889,40000000	0,64428813
889,60000000	0,64576548
889,80000000	0,64196108
890,00000000	0,64250616
890,20000000	0,64314829
890,40000000	0,64646142
890,60000000	0,64438741
890,80000000	0,64092194
891,00000000	0,64688131
891,20000000	0,64643720
891,40000000	0,64089816
891,60000000	0,64582919
891,80000000	0,63593341
892,00000000	0,64497111
892,20000000	0,64369081
892,40000000	0,64130044
892,60000000	0,63845624
892,80000000	0,64391446
893,00000000	0,63891149
893,20000000	0,64039934
893,40000000	0,64111053
893,60000000	0,63819902
893,80000000	0,64363406
894,00000000	0,64214830
894,20000000	0,64116807
894,40000000	0,64213222
894,60000000	0,64371533
894,80000000	0,64431071
895,00000000	0,64506785
895,20000000	0,64517936
895,40000000	0,64417125
895,60000000	0,63934941
895,80000000	0,64608385
896,00000000	0,64353878
896,20000000	0,64558723
896,40000000	0,64240020
896,60000000	0,64746055
896,80000000	0,64214994
897,00000000	0,64843305
897,20000000	0,64307925
897,40000000	0,64900415
897,60000000	0,64674063
897,80000000	0,65261064
898,00000000	0,64694160
898,20000000	0,64774274
898,40000000	0,65045468
898,60000000	0,65093065
898,80000000	0,65472721
899,00000000	0,64941674
899,20000000	0,64819939
899,40000000	0,65304097
899,60000000	0,65105656
899,80000000	0,65542207
900,00000000	0,65140597
