150,00000000	0,98371739
150,20000000	0,99450903
150,40000000	0,99104409
150,60000000	0,98874148
150,80000000	0,99404406
151,00000000	0,98943163
151,20000000	0,99216111
151,40000000	0,98901865
151,60000000	0,99186768
151,80000000	0,98870690
152,00000000	0,99050896
152,20000000	0,98693350
152,40000000	0,99378196
152,60000000	0,98515232
152,80000000	0,98842704
153,00000000	0,98160786
153,20000000	0,98797146
153,40000000	0,98452257
153,60000000	0,98860534
153,80000000	0,98913637
154,00000000	0,98205973
154,20000000	0,98531753
154,40000000	0,98998114
154,60000000	0,97907380
154,80000000	0,98072301
155,00000000	0,98691951
155,20000000	0,98565354
155,40000000	0,98062280
155,60000000	0,98048978
155,80000000	0,98122513
156,00000000	0,98514399
156,20000000	0,97370094
156,40000000	0,98880693
156,60000000	0,97509581
156,80000000	0,98997355
157,00000000	0,97378366
157,20000000	0,97882854
157,40000000	0,97915127
157,60000000	0,98625959
157,80000000	0,97178842
158,00000000	0,98552007
158,20000000	0,98129606
158,40000000	0,98035891
158,60000000	0,97093859
158,80000000	0,98270090
159,00000000	0,96631142
159,20000000	0,98112300
159,40000000	0,97576198
159,60000000	0,97727210
159,80000000	0,96886146
160,00000000	0,98110151
160,20000000	0,97858331
160,40000000	0,97824269
160,60000000	0,96786587
160,80000000	0,97596374
161,00000000	0,97097926
161,20000000	0,98136648
161,40000000	0,97244198
161,60000000	0,97568282
161,80000000	0,97413657
162,00000000	0,97394016
162,20000000	0,97319780
162,40000000	0,97194253
162,60000000	0,97538808
162,80000000	0,97414429
163,00000000	0,97370436
163,20000000	0,97634684
163,40000000	0,96994525
163,60000000	0,97223034
163,80000000	0,97645233
164,00000000	0,97200002
164,20000000	0,97720234
164,40000000	0,96943656
164,60000000	0,97548978
164,80000000	0,97387553
165,00000000	0,97782724
165,20000000	0,97288367
165,40000000	0,97315677
165,60000000	0,96972569
165,80000000	0,97042069
166,00000000	0,97587282
166,20000000	0,97035739
166,40000000	0,97971585
166,60000000	0,97258748
166,80000000	0,97829936
167,00000000	0,97098258
167,20000000	0,97860753
167,40000000	0,96852359
167,60000000	0,97670595
167,80000000	0,97193008
168,00000000	0,97425593
168,20000000	0,97589817
168,40000000	0,97660810
168,60000000	0,97425888
168,80000000	0,97493679
169,00000000	0,97665459
169,20000000	0,97413477
169,40000000	0,97753641
169,60000000	0,97420643
169,80000000	0,97691775
170,00000000	0,97475249
170,20000000	0,97640728
170,40000000	0,97295670
170,60000000	0,97569316
170,80000000	0,97417362
171,00000000	0,97763486
171,20000000	0,97801377
171,40000000	0,97486647
171,60000000	0,97795083
171,80000000	0,97152562
172,00000000	0,97342226
172,20000000	0,98008081
172,40000000	0,97548293
172,60000000	0,97586509
172,80000000	0,97418263
173,00000000	0,97802252
173,20000000	0,97383722
173,40000000	0,97885633
173,60000000	0,97055175
173,80000000	0,97738943
174,00000000	0,97668134
174,20000000	0,97627757
174,40000000	0,97496329
174,60000000	0,97545114
174,80000000	0,97618683
175,00000000	0,97640687
175,20000000	0,97555061
175,40000000	0,97389920
175,60000000	0,97111080
175,80000000	0,97986071
176,00000000	0,97635372
176,20000000	0,97455816
176,40000000	0,97979897
176,60000000	0,97138798
176,80000000	0,97562860
177,00000000	0,97411302
177,20000000	0,97167867
177,40000000	0,97423343
177,60000000	0,97540267
177,80000000	0,97071872
178,00000000	0,97485132
178,20000000	0,97134205
178,40000000	0,97311944
178,60000000	0,96997318
178,80000000	0,97384346
179,00000000	0,97030035
179,20000000	0,97127746
179,40000000	0,97360846
179,60000000	0,96955245
179,80000000	0,96689364
180,00000000	0,97212933
180,20000000	0,97050502
180,40000000	0,96712059
180,60000000	0,97380603
180,80000000	0,97157724
181,00000000	0,96341363
181,20000000	0,97057656
181,40000000	0,97358516
181,60000000	0,97018931
181,80000000	0,96729691
182,00000000	0,97052586
182,20000000	0,96495035
182,40000000	0,96574544
182,60000000	0,96656703
182,80000000	0,96326753
183,00000000	0,96732547
183,20000000	0,96363620
183,40000000	0,96270204
183,60000000	0,96540481
183,80000000	0,96359106
184,00000000	0,96114597
184,20000000	0,96270599
184,40000000	0,96496797
184,60000000	0,96084711
184,80000000	0,96176224
185,00000000	0,96381879
185,20000000	0,95561369
185,40000000	0,95556273
185,60000000	0,95576846
185,80000000	0,95850582
186,00000000	0,95658000
186,20000000	0,95971249
186,40000000	0,94621102
186,60000000	0,95367421
186,80000000	0,95305093
187,00000000	0,95624229
187,20000000	0,94750430
187,40000000	0,95640547
187,60000000	0,94928691
187,80000000	0,94739904
188,00000000	0,94968593
188,20000000	0,95541856
188,40000000	0,95178268
188,60000000	0,95034330
188,80000000	0,94217631
189,00000000	0,94636087
189,20000000	0,94811884
189,40000000	0,94759040
189,60000000	0,94789193
189,80000000	0,94516809
190,00000000	0,94233677
190,20000000	0,94620280
190,40000000	0,94234495
190,60000000	0,94529231
190,80000000	0,94332533
191,00000000	0,94162466
191,20000000	0,95090347
191,40000000	0,93949349
191,60000000	0,94157232
191,80000000	0,94779576
192,00000000	0,94669732
192,20000000	0,94323033
192,40000000	0,94751520
192,60000000	0,94292786
192,80000000	0,92861461
193,00000000	0,94121387
193,20000000	0,94545885
193,40000000	0,93663124
193,60000000	0,93781303
193,80000000	0,93892179
194,00000000	0,93961823
194,20000000	0,93770079
194,40000000	0,94217376
194,60000000	0,94078504
194,80000000	0,93554351
195,00000000	0,93737869
195,20000000	0,93522933
195,40000000	0,94231365
195,60000000	0,93310738
195,80000000	0,93288945
196,00000000	0,93605634
196,20000000	0,93813999
196,40000000	0,92819886
196,60000000	0,93360253
196,80000000	0,93595488
197,00000000	0,93249015
197,20000000	0,93205833
197,40000000	0,93440282
197,60000000	0,94019416
197,80000000	0,93371036
198,00000000	0,92691179
198,20000000	0,93174304
198,40000000	0,93403219
198,60000000	0,92631119
198,80000000	0,92526396
199,00000000	0,93483588
199,20000000	0,92783883
199,40000000	0,93432007
199,60000000	0,93364793
199,80000000	0,93322101
200,00000000	0,93422290
200,20000000	0,93368451
200,40000000	0,92332450
200,60000000	0,93493630
200,80000000	0,93299850
201,00000000	0,92646594
201,20000000	0,93391613
201,40000000	0,93103808
201,60000000	0,92973748
201,80000000	0,93235580
202,00000000	0,92802746
202,20000000	0,93104903
202,40000000	0,92666863
202,60000000	0,93156246
202,80000000	0,92725830
203,00000000	0,93191576
203,20000000	0,93218108
203,40000000	0,92718393
203,60000000	0,92671549
203,80000000	0,92134547
204,00000000	0,92979121
204,20000000	0,93015108
204,40000000	0,92801895
204,60000000	0,92911164
204,80000000	0,92604570
205,00000000	0,92662603
205,20000000	0,92902487
205,40000000	0,92762279
205,60000000	0,92803310
205,80000000	0,92178137
206,00000000	0,92150790
206,20000000	0,92524844
206,40000000	0,92661382
206,60000000	0,92513316
206,80000000	0,92106261
207,00000000	0,92662334
207,20000000	0,92948429
207,40000000	0,92170791
207,60000000	0,92063848
207,80000000	0,92233143
208,00000000	0,92478600
208,20000000	0,92286042
208,40000000	0,91763579
208,60000000	0,91396982
208,80000000	0,91913100
209,00000000	0,92077467
209,20000000	0,92025979
209,40000000	0,92056658
209,60000000	0,91954134
209,80000000	0,91622370
210,00000000	0,91259229
210,20000000	0,91739882
210,40000000	0,91569172
210,60000000	0,91819720
210,80000000	0,92061966
211,00000000	0,90952777
211,20000000	0,91696612
211,40000000	0,91577404
211,60000000	0,91672579
211,80000000	0,91961803
212,00000000	0,91612086
212,20000000	0,91784968
212,40000000	0,91477213
212,60000000	0,91134499
212,80000000	0,91242833
213,00000000	0,91614697
213,20000000	0,91739248
213,40000000	0,91645087
213,60000000	0,91567005
213,80000000	0,91589188
214,00000000	0,91207043
214,20000000	0,91157779
214,40000000	0,91083407
214,60000000	0,91004449
214,80000000	0,91117854
215,00000000	0,91116261
215,20000000	0,90803138
215,40000000	0,90928832
215,60000000	0,90568159
215,80000000	0,90854593
216,00000000	0,91817849
216,20000000	0,91953688
216,40000000	0,91467656
216,60000000	0,91525086
216,80000000	0,90784894
217,00000000	0,90851921
217,20000000	0,90820088
217,40000000	0,90904413
217,60000000	0,91175781
217,80000000	0,91054878
218,00000000	0,90895363
218,20000000	0,90932487
218,40000000	0,91092181
218,60000000	0,91269706
218,80000000	0,91620500
219,00000000	0,91144346
219,20000000	0,90893113
219,40000000	0,91322826
219,60000000	0,91632330
219,80000000	0,91094088
220,00000000	0,91078552
220,20000000	0,91400052
220,40000000	0,90797678
220,60000000	0,90929466
220,80000000	0,91342708
221,00000000	0,91309352
221,20000000	0,91455492
221,40000000	0,91397125
221,60000000	0,91956676
221,80000000	0,91959776
222,00000000	0,91323321
222,20000000	0,91512454
222,40000000	0,91404061
222,60000000	0,91463216
222,80000000	0,91793223
223,00000000	0,91926217
223,20000000	0,91510888
223,40000000	0,91332182
223,60000000	0,91324890
223,80000000	0,91578702
224,00000000	0,91809761
224,20000000	0,92008284
224,40000000	0,91938424
224,60000000	0,92539203
224,80000000	0,92282641
225,00000000	0,91949897
225,20000000	0,92578848
225,40000000	0,92275188
225,60000000	0,92362859
225,80000000	0,91993280
226,00000000	0,91830877
226,20000000	0,92284872
226,40000000	0,92296657
226,60000000	0,92377377
226,80000000	0,92384548
227,00000000	0,92658954
227,20000000	0,92620141
227,40000000	0,92812057
227,60000000	0,92611733
227,80000000	0,92552826
228,00000000	0,92774350
228,20000000	0,92729881
228,40000000	0,92957908
228,60000000	0,92971328
228,80000000	0,92833417
229,00000000	0,92689155
229,20000000	0,93010791
229,40000000	0,93222351
229,60000000	0,92770618
229,80000000	0,92919392
230,00000000	0,93437476
230,20000000	0,93450651
230,40000000	0,93425309
230,60000000	0,93718252
230,80000000	0,93101848
231,00000000	0,93380617
231,20000000	0,93647760
231,40000000	0,93438094
231,60000000	0,93620832
231,80000000	0,93447196
232,00000000	0,93383143
232,20000000	0,93691256
232,40000000	0,93755589
232,60000000	0,93744530
232,80000000	0,93816396
233,00000000	0,93857648
233,20000000	0,93736964
233,40000000	0,93544028
233,60000000	0,93992254
233,80000000	0,93945941
234,00000000	0,93843160
234,20000000	0,94235943
234,40000000	0,93647400
234,60000000	0,94243331
234,80000000	0,94663544
235,00000000	0,93945813
235,20000000	0,94441322
235,40000000	0,94358955
235,60000000	0,93960470
235,80000000	0,94167543
236,00000000	0,94156782
236,20000000	0,93936321
236,40000000	0,94133903
236,60000000	0,94601864
236,80000000	0,94557802
237,00000000	0,94235499
237,20000000	0,94836313
237,40000000	0,94467642
237,60000000	0,94157067
237,80000000	0,94276706
238,00000000	0,93827630
238,20000000	0,94238108
238,40000000	0,94441726
238,60000000	0,94149094
238,80000000	0,94422871
239,00000000	0,94710058
239,20000000	0,94405072
239,40000000	0,94356559
239,60000000	0,94269431
239,80000000	0,94491203
240,00000000	0,94551432
240,20000000	0,94362634
240,40000000	0,94403508
240,60000000	0,94412012
240,80000000	0,94474132
241,00000000	0,94269774
241,20000000	0,94469330
241,40000000	0,94692972
241,60000000	0,94331320
241,80000000	0,94408354
242,00000000	0,94885837
242,20000000	0,95111725
242,40000000	0,94836358
242,60000000	0,94738281
242,80000000	0,94765151
243,00000000	0,94708905
243,20000000	0,94410614
243,40000000	0,94149636
243,60000000	0,94466892
243,80000000	0,94574375
244,00000000	0,94517843
244,20000000	0,95057643
244,40000000	0,95101256
244,60000000	0,95000032
244,80000000	0,94582069
245,00000000	0,94909236
245,20000000	0,94986639
245,40000000	0,94623006
245,60000000	0,95031130
245,80000000	0,94831528
246,00000000	0,94547810
246,20000000	0,94936728
246,40000000	0,94962137
246,60000000	0,94831856
246,80000000	0,94761424
247,00000000	0,95124553
247,20000000	0,95153743
247,40000000	0,94914530
247,60000000	0,95356172
247,80000000	0,95316544
248,00000000	0,95099734
248,20000000	0,95338206
248,40000000	0,95387839
248,60000000	0,95537988
248,80000000	0,95133720
249,00000000	0,94762602
249,20000000	0,95127253
249,40000000	0,95234973
249,60000000	0,95002050
249,80000000	0,95035724
250,00000000	0,95550217
250,20000000	0,95673765
250,40000000	0,95456960
250,60000000	0,95748429
250,80000000	0,95913211
251,00000000	0,95724110
251,20000000	0,95559906
251,40000000	0,95606132
251,60000000	0,95940334
251,80000000	0,95724040
252,00000000	0,95598826
252,20000000	0,95622729
252,40000000	0,95584360
252,60000000	0,95796957
252,80000000	0,96029768
253,00000000	0,96145023
253,20000000	0,96146163
253,40000000	0,96216259
253,60000000	0,96468331
253,80000000	0,96464274
254,00000000	0,96276272
254,20000000	0,96321860
254,40000000	0,96421580
254,60000000	0,96446478
254,80000000	0,96290328
255,00000000	0,96357613
255,20000000	0,96612305
255,40000000	0,96453625
255,60000000	0,96307838
255,80000000	0,96521473
256,00000000	0,96872370
256,20000000	0,96855673
256,40000000	0,96602519
256,60000000	0,96628665
256,80000000	0,96888756
257,00000000	0,96979705
257,20000000	0,96987293
257,40000000	0,97160655
257,60000000	0,97166857
257,80000000	0,97042873
258,00000000	0,97036540
258,20000000	0,97201549
258,40000000	0,97100917
258,60000000	0,96992978
258,80000000	0,96935909
259,00000000	0,97079670
259,20000000	0,97234756
259,40000000	0,97349125
259,60000000	0,97695715
259,80000000	0,97728534
260,00000000	0,97611283
260,20000000	0,97718215
260,40000000	0,97831495
260,60000000	0,97837440
260,80000000	0,97685249
261,00000000	0,97599940
261,20000000	0,97665820
261,40000000	0,97794075
261,60000000	0,97735801
261,80000000	0,97698080
262,00000000	0,97949479
262,20000000	0,98060154
262,40000000	0,97899080
262,60000000	0,97933569
262,80000000	0,98230113
263,00000000	0,98419204
263,20000000	0,98394505
263,40000000	0,98243475
263,60000000	0,98241222
263,80000000	0,98367968
264,00000000	0,98473992
264,20000000	0,98468883
264,40000000	0,98463896
264,60000000	0,98489403
264,80000000	0,98449618
265,00000000	0,98388413
265,20000000	0,98548135
265,40000000	0,98603074
265,60000000	0,98555310
265,80000000	0,98683672
266,00000000	0,98747287
266,20000000	0,98779301
266,40000000	0,98873211
266,60000000	0,99015675
266,80000000	0,99002908
267,00000000	0,98805763
267,20000000	0,98890815
267,40000000	0,99064645
267,60000000	0,99157962
267,80000000	0,99197730
268,00000000	0,99087701
268,20000000	0,99046811
268,40000000	0,99146490
268,60000000	0,99182026
268,80000000	0,99127978
269,00000000	0,99030984
269,20000000	0,99060756
269,40000000	0,99109488
269,60000000	0,99151717
269,80000000	0,99251653
270,00000000	0,99371612
270,20000000	0,99453595
270,40000000	0,99391388
270,60000000	0,99401274
270,80000000	0,99577893
271,00000000	0,99596290
271,20000000	0,99628034
271,40000000	0,99692294
271,60000000	0,99642773
271,80000000	0,99637848
272,00000000	0,99636246
272,20000000	0,99651351
272,40000000	0,99639567
272,60000000	0,99631417
272,80000000	0,99601051
273,00000000	0,99533992
273,20000000	0,99635275
273,40000000	0,99736988
273,60000000	0,99711838
273,80000000	0,99752067
274,00000000	0,99829667
274,20000000	0,99854135
274,40000000	0,99886865
274,60000000	0,99914550
274,80000000	0,99919704
275,00000000	0,99940080
275,20000000	0,99971027
275,40000000	0,99963073
275,60000000	0,99953923
275,80000000	0,99981694
276,00000000	0,99965525
276,20000000	0,99956031
276,40000000	0,99967192
276,60000000	0,99950746
276,80000000	0,99956805
277,00000000	0,99983238
277,20000000	0,99956378
277,40000000	0,99945098
277,60000000	0,99985417
277,80000000	0,99964440
278,00000000	0,99918409
278,20000000	0,99911615
278,40000000	0,99910541
278,60000000	0,99916177
278,80000000	0,99909565
279,00000000	0,99916859
279,20000000	0,99922754
279,40000000	0,99875859
279,60000000	0,99850727
279,80000000	0,99861135
280,00000000	0,99853182
280,20000000	0,99843030
280,40000000	0,99872502
280,60000000	0,99883328
280,80000000	0,99764305
281,00000000	0,99703376
281,20000000	0,99746319
281,40000000	0,99689424
281,60000000	0,99667420
281,80000000	0,99663632
282,00000000	0,99535604
282,20000000	0,99421332
282,40000000	0,99398945
282,60000000	0,99415182
282,80000000	0,99357337
283,00000000	0,99347761
283,20000000	0,99388447
283,40000000	0,99252763
283,60000000	0,99154932
283,80000000	0,99201813
284,00000000	0,99249840
284,20000000	0,99263845
284,40000000	0,99189974
284,60000000	0,99105616
284,80000000	0,99068112
285,00000000	0,98935187
285,20000000	0,98976613
285,40000000	0,99024389
285,60000000	0,98924770
285,80000000	0,98834572
286,00000000	0,98585787
286,20000000	0,98569690
286,40000000	0,98702267
286,60000000	0,98660166
286,80000000	0,98717379
287,00000000	0,98564750
287,20000000	0,98307377
287,40000000	0,98252923
287,60000000	0,98273361
287,80000000	0,98323810
288,00000000	0,98256160
288,20000000	0,98140676
288,40000000	0,98086707
288,60000000	0,98036409
288,80000000	0,97963192
289,00000000	0,97984586
289,20000000	0,97919387
289,40000000	0,97852155
289,60000000	0,97758257
289,80000000	0,97624010
290,00000000	0,97749353
290,20000000	0,97745628
290,40000000	0,97663976
290,60000000	0,97744894
290,80000000	0,97567251
291,00000000	0,97284993
291,20000000	0,97282086
291,40000000	0,97495862
291,60000000	0,97604252
291,80000000	0,97541632
292,00000000	0,97448099
292,20000000	0,97245413
292,40000000	0,97105104
292,60000000	0,97142263
292,80000000	0,97123164
293,00000000	0,97144119
293,20000000	0,97037943
293,40000000	0,96839074
293,60000000	0,96877784
293,80000000	0,96940636
294,00000000	0,96641915
294,20000000	0,96553651
294,40000000	0,96710314
294,60000000	0,96575052
294,80000000	0,96408652
295,00000000	0,96577183
295,20000000	0,96820983
295,40000000	0,96875262
295,60000000	0,96622046
295,80000000	0,96454576
296,00000000	0,96390191
296,20000000	0,96384301
296,40000000	0,96435342
296,60000000	0,96361228
296,80000000	0,96381980
297,00000000	0,96443565
297,20000000	0,96364909
297,40000000	0,96210005
297,60000000	0,96135980
297,80000000	0,96326301
298,00000000	0,96346833
298,20000000	0,96182713
298,40000000	0,96024082
298,60000000	0,96066974
298,80000000	0,96255398
299,00000000	0,96323081
299,20000000	0,96285533
299,40000000	0,96148972
299,60000000	0,96096242
299,80000000	0,96091297
300,00000000	0,95998494
300,20000000	0,96073228
300,40000000	0,96087066
300,60000000	0,96012823
300,80000000	0,95987641
301,00000000	0,95923668
301,20000000	0,95828349
301,40000000	0,95783590
301,60000000	0,95844225
301,80000000	0,95841020
302,00000000	0,95876386
302,20000000	0,95946849
302,40000000	0,95875098
302,60000000	0,95877584
302,80000000	0,95781239
303,00000000	0,95639256
303,20000000	0,95625881
303,40000000	0,95674018
303,60000000	0,95789890
303,80000000	0,95647426
304,00000000	0,95454048
304,20000000	0,95570573
304,40000000	0,95574821
304,60000000	0,95395439
304,80000000	0,95289071
305,00000000	0,95287399
305,20000000	0,95333033
305,40000000	0,95283095
305,60000000	0,95223381
305,80000000	0,95165775
306,00000000	0,95077378
306,20000000	0,95170111
306,40000000	0,95209219
306,60000000	0,95148165
306,80000000	0,95078488
307,00000000	0,95110884
307,20000000	0,95149936
307,40000000	0,95019086
307,60000000	0,94881186
307,80000000	0,94843903
308,00000000	0,94802159
308,20000000	0,94768073
308,40000000	0,94797276
308,60000000	0,94805396
308,80000000	0,94578982
309,00000000	0,94446884
309,20000000	0,94529948
309,40000000	0,94261333
309,60000000	0,94082376
309,80000000	0,94267433
310,00000000	0,94229269
310,20000000	0,94104638
310,40000000	0,94187424
310,60000000	0,94228094
310,80000000	0,94123001
311,00000000	0,94040387
311,20000000	0,94054506
311,40000000	0,93920322
311,60000000	0,93773019
311,80000000	0,93920591
312,00000000	0,94023152
312,20000000	0,93827667
312,40000000	0,93746117
312,60000000	0,93881256
312,80000000	0,93854150
313,00000000	0,93635945
313,20000000	0,93451467
313,40000000	0,93550880
313,60000000	0,93731049
313,80000000	0,93730541
314,00000000	0,93561383
314,20000000	0,93399720
314,40000000	0,93475836
314,60000000	0,93396162
314,80000000	0,93059917
315,00000000	0,92957113
315,20000000	0,93113288
315,40000000	0,93127347
315,60000000	0,93028043
315,80000000	0,92940028
316,00000000	0,93015316
316,20000000	0,93200139
316,40000000	0,93107502
316,60000000	0,92911268
316,80000000	0,92935370
317,00000000	0,92983948
317,20000000	0,92957717
317,40000000	0,93034022
317,60000000	0,93135173
317,80000000	0,93084739
318,00000000	0,93009460
318,20000000	0,93021465
318,40000000	0,92901782
318,60000000	0,92847527
318,80000000	0,93054804
319,00000000	0,93179062
319,20000000	0,93211838
319,40000000	0,93316026
319,60000000	0,93473912
319,80000000	0,93494364
320,00000000	0,93443046
320,20000000	0,93518797
320,40000000	0,93611504
320,60000000	0,93635786
320,80000000	0,93622497
321,00000000	0,93582440
321,20000000	0,93603336
321,40000000	0,93585299
321,60000000	0,93475872
321,80000000	0,93483984
322,00000000	0,93598852
322,20000000	0,93620939
322,40000000	0,93576722
322,60000000	0,93662532
322,80000000	0,93875746
323,00000000	0,94116019
323,20000000	0,94244634
323,40000000	0,94261688
323,60000000	0,94322527
323,80000000	0,94451723
324,00000000	0,94442663
324,20000000	0,94410173
324,40000000	0,94531462
324,60000000	0,94648847
324,80000000	0,94771972
325,00000000	0,94995204
325,20000000	0,95157183
325,40000000	0,95190582
325,60000000	0,95278949
325,80000000	0,95506716
326,00000000	0,95645802
326,20000000	0,95582223
326,40000000	0,95662019
326,60000000	0,95890720
326,80000000	0,96001154
327,00000000	0,96048688
327,20000000	0,96203676
327,40000000	0,96405903
327,60000000	0,96493877
327,80000000	0,96546586
328,00000000	0,96611348
328,20000000	0,96721261
328,40000000	0,96861438
328,60000000	0,96996095
328,80000000	0,97080778
329,00000000	0,97197501
329,20000000	0,97388561
329,40000000	0,97443774
329,60000000	0,97483145
329,80000000	0,97613062
330,00000000	0,97694734
330,20000000	0,97771399
330,40000000	0,97872345
330,60000000	0,97951857
330,80000000	0,98052625
331,00000000	0,98142739
331,20000000	0,98197032
331,40000000	0,98259932
331,60000000	0,98236514
331,80000000	0,98240521
332,00000000	0,98323076
332,20000000	0,98380779
332,40000000	0,98428003
332,60000000	0,98465895
332,80000000	0,98529237
333,00000000	0,98551556
333,20000000	0,98502647
333,40000000	0,98457768
333,60000000	0,98477815
333,80000000	0,98536266
334,00000000	0,98507922
334,20000000	0,98396514
334,40000000	0,98357591
334,60000000	0,98394202
334,80000000	0,98364307
335,00000000	0,98251648
335,20000000	0,98167408
335,40000000	0,98135180
335,60000000	0,98091356
335,80000000	0,97997514
336,00000000	0,97828841
336,20000000	0,97673858
336,40000000	0,97622388
336,60000000	0,97461394
336,80000000	0,97185650
337,00000000	0,97038643
337,20000000	0,96903787
337,40000000	0,96741655
337,60000000	0,96578762
337,80000000	0,96322097
338,00000000	0,96033134
338,20000000	0,95852421
338,40000000	0,95713520
338,60000000	0,95389444
338,80000000	0,94980644
339,00000000	0,94730733
339,20000000	0,94520677
339,40000000	0,94201447
339,60000000	0,93852307
339,80000000	0,93632836
340,00000000	0,93454902
340,20000000	0,93136553
340,40000000	0,92684051
340,60000000	0,92209127
340,80000000	0,91821077
341,00000000	0,91472267
341,20000000	0,91113030
341,40000000	0,90707813
341,60000000	0,90185044
341,80000000	0,89722453
342,00000000	0,89476536
342,20000000	0,89216924
342,40000000	0,88656888
342,60000000	0,87947063
342,80000000	0,87414127
343,00000000	0,86964308
343,20000000	0,86449825
343,40000000	0,85925876
343,60000000	0,85588113
343,80000000	0,85255218
344,00000000	0,84804666
344,20000000	0,84152294
344,40000000	0,83281977
344,60000000	0,82857218
344,80000000	0,82687219
345,00000000	0,82127851
345,20000000	0,81412502
345,40000000	0,80811560
345,60000000	0,80171346
345,80000000	0,79650880
346,00000000	0,79245139
346,20000000	0,78732788
346,40000000	0,78320766
346,60000000	0,77759569
346,80000000	0,77031211
347,00000000	0,76699256
347,20000000	0,76338713
347,40000000	0,75483003
347,60000000	0,74618583
347,80000000	0,74067108
348,00000000	0,73695072
348,20000000	0,73051347
348,40000000	0,72214153
348,60000000	0,71908089
348,80000000	0,71830531
349,00000000	0,71270356
349,20000000	0,70335069
349,40000000	0,69612745
349,60000000	0,69203789
349,80000000	0,68733472
350,00000000	0,68283361
350,20000000	0,67872413
350,40000000	0,67268016
350,60000000	0,66732030
350,80000000	0,66315915
351,00000000	0,66141104
351,20000000	0,65616973
351,40000000	0,64425847
351,60000000	0,63979178
351,80000000	0,64107097
352,00000000	0,63545810
352,20000000	0,62617287
352,40000000	0,61951334
352,60000000	0,61416657
352,80000000	0,61093727
353,00000000	0,60669301
353,20000000	0,60086961
353,40000000	0,59666076
353,60000000	0,59192956
353,80000000	0,58886613
354,00000000	0,58703184
354,20000000	0,58180603
354,40000000	0,57415458
354,60000000	0,56895874
354,80000000	0,56728301
355,00000000	0,56485223
355,20000000	0,56207712
355,40000000	0,55945071
355,60000000	0,55250956
355,80000000	0,54452733
356,00000000	0,54066120
356,20000000	0,53814288
356,40000000	0,53489195
356,60000000	0,52921725
356,80000000	0,52349345
357,00000000	0,52202950
357,20000000	0,51765340
357,40000000	0,51065220
357,60000000	0,50923914
357,80000000	0,51020805
358,00000000	0,50802233
358,20000000	0,50434552
358,40000000	0,50066214
358,60000000	0,49617843
358,80000000	0,49292928
359,00000000	0,48969875
359,20000000	0,48467119
359,40000000	0,48023306
359,60000000	0,47719183
359,80000000	0,47408895
360,00000000	0,47006671
360,20000000	0,46591145
360,40000000	0,46115369
360,60000000	0,45919322
360,80000000	0,46085860
361,00000000	0,45845229
361,20000000	0,45609843
361,40000000	0,45782963
361,60000000	0,45524962
361,80000000	0,44899727
362,00000000	0,44652717
362,20000000	0,44579936
362,40000000	0,44278247
362,60000000	0,43907069
362,80000000	0,43541170
363,00000000	0,43221560
363,20000000	0,43151742
363,40000000	0,43125471
363,60000000	0,42830890
363,80000000	0,42521751
364,00000000	0,42355922
364,20000000	0,42141009
364,40000000	0,41994837
364,60000000	0,41932111
364,80000000	0,41783619
365,00000000	0,41646920
365,20000000	0,41310019
365,40000000	0,40845885
365,60000000	0,40726204
365,80000000	0,40749180
366,00000000	0,40600686
366,20000000	0,40461251
366,40000000	0,40461879
366,60000000	0,40157939
366,80000000	0,39749517
367,00000000	0,39885044
367,20000000	0,40037307
367,40000000	0,39753495
367,60000000	0,39272504
367,80000000	0,38669439
368,00000000	0,38534612
368,20000000	0,38910920
368,40000000	0,39025960
368,60000000	0,38968622
368,80000000	0,38818510
369,00000000	0,38645165
369,20000000	0,38512364
369,40000000	0,38261418
369,60000000	0,38176337
369,80000000	0,38216327
370,00000000	0,38166547
370,20000000	0,38105744
370,40000000	0,38060499
370,60000000	0,38142555
370,80000000	0,38181551
371,00000000	0,37961756
371,20000000	0,37839848
371,40000000	0,37982084
371,60000000	0,38125629
371,80000000	0,38060795
372,00000000	0,38002061
372,20000000	0,38186320
372,40000000	0,38183024
372,60000000	0,37968706
372,80000000	0,37979662
373,00000000	0,38023321
373,20000000	0,38041719
373,40000000	0,38148793
373,60000000	0,38106597
373,80000000	0,38007826
374,00000000	0,38216435
374,20000000	0,38310588
374,40000000	0,38267471
374,60000000	0,38407811
374,80000000	0,38351675
375,00000000	0,38468877
375,20000000	0,38869169
375,40000000	0,39127121
375,60000000	0,39256641
375,80000000	0,39242430
376,00000000	0,39225444
376,20000000	0,39216763
376,40000000	0,39169760
376,60000000	0,39224889
376,80000000	0,39295918
377,00000000	0,39326859
377,20000000	0,39282179
377,40000000	0,39129470
377,60000000	0,38947390
377,80000000	0,38845379
378,00000000	0,38859456
378,20000000	0,38829596
378,40000000	0,38716234
378,60000000	0,38484169
378,80000000	0,38274804
379,00000000	0,38080350
379,20000000	0,37782424
379,40000000	0,37434258
379,60000000	0,37097447
379,80000000	0,36891437
380,00000000	0,36567074
380,20000000	0,36226073
380,40000000	0,36056310
380,60000000	0,35880110
380,80000000	0,35624538
381,00000000	0,35230683
381,20000000	0,34780522
381,40000000	0,34407798
381,60000000	0,34219483
381,80000000	0,34005196
382,00000000	0,33593485
382,20000000	0,33239316
382,40000000	0,33021939
382,60000000	0,32897014
382,80000000	0,32687966
383,00000000	0,32281968
383,20000000	0,31823397
383,40000000	0,31539640
383,60000000	0,31419776
383,80000000	0,31182020
384,00000000	0,30813485
384,20000000	0,30499546
384,40000000	0,30283745
384,60000000	0,29971111
384,80000000	0,29732544
385,00000000	0,29726413
385,20000000	0,29639459
385,40000000	0,29459731
385,60000000	0,29348224
385,80000000	0,29127819
386,00000000	0,28742907
386,20000000	0,28436971
386,40000000	0,28257801
386,60000000	0,28029377
386,80000000	0,27775437
387,00000000	0,27664305
387,20000000	0,27654197
387,40000000	0,27528218
387,60000000	0,27266052
387,80000000	0,27120704
388,00000000	0,27056323
388,20000000	0,26922002
388,40000000	0,26735886
388,60000000	0,26588569
388,80000000	0,26593599
389,00000000	0,26569719
389,20000000	0,26417396
389,40000000	0,26224843
389,60000000	0,26086054
389,80000000	0,26040243
390,00000000	0,25855281
390,20000000	0,25575693
390,40000000	0,25486358
390,60000000	0,25547163
390,80000000	0,25507485
391,00000000	0,25357249
391,20000000	0,25192331
391,40000000	0,25102442
391,60000000	0,25062048
391,80000000	0,24953357
392,00000000	0,24843009
392,20000000	0,24711748
392,40000000	0,24637027
392,60000000	0,24644214
392,80000000	0,24553748
393,00000000	0,24409713
393,20000000	0,24296049
393,40000000	0,24248477
393,60000000	0,24219616
393,80000000	0,24139887
394,00000000	0,24060074
394,20000000	0,23984772
394,40000000	0,23910352
394,60000000	0,23826053
394,80000000	0,23740872
395,00000000	0,23665030
395,20000000	0,23626080
395,40000000	0,23616119
395,60000000	0,23626101
395,80000000	0,23482918
396,00000000	0,23284656
396,20000000	0,23258766
396,40000000	0,23298384
396,60000000	0,23259035
396,80000000	0,23076472
397,00000000	0,22961192
397,20000000	0,22951237
397,40000000	0,22929053
397,60000000	0,22870246
397,80000000	0,22769343
398,00000000	0,22712504
398,20000000	0,22692941
398,40000000	0,22649091
398,60000000	0,22553427
398,80000000	0,22457199
399,00000000	0,22433996
399,20000000	0,22427111
399,40000000	0,22406387
399,60000000	0,22307770
399,80000000	0,22185203
400,00000000	0,22170862
400,20000000	0,22174024
400,40000000	0,22075680
400,60000000	0,21983654
400,80000000	0,21960046
401,00000000	0,21920460
401,20000000	0,21868097
401,40000000	0,21829802
401,60000000	0,21774685
401,80000000	0,21716769
402,00000000	0,21672134
402,20000000	0,21645089
402,40000000	0,21596177
402,60000000	0,21545768
402,80000000	0,21526333
403,00000000	0,21476017
403,20000000	0,21443363
403,40000000	0,21425771
403,60000000	0,21408450
403,80000000	0,21370395
404,00000000	0,21274642
404,20000000	0,21220548
404,40000000	0,21210770
404,60000000	0,21174369
404,80000000	0,21136500
405,00000000	0,21097879
405,20000000	0,21045927
405,40000000	0,21024705
405,60000000	0,21006428
405,80000000	0,20960695
406,00000000	0,20904871
406,20000000	0,20873624
406,40000000	0,20880062
406,60000000	0,20873667
406,80000000	0,20787714
407,00000000	0,20681930
407,20000000	0,20648938
407,40000000	0,20647795
407,60000000	0,20604917
407,80000000	0,20551434
408,00000000	0,20539482
408,20000000	0,20550209
408,40000000	0,20525274
408,60000000	0,20453831
408,80000000	0,20418066
409,00000000	0,20433398
409,20000000	0,20410469
409,40000000	0,20350009
409,60000000	0,20302911
409,80000000	0,20274777
410,00000000	0,20264111
410,20000000	0,20259417
410,40000000	0,20229866
410,60000000	0,20184666
410,80000000	0,20161732
411,00000000	0,20171598
411,20000000	0,20169131
411,40000000	0,20119096
411,60000000	0,20059768
411,80000000	0,20039704
412,00000000	0,20017054
412,20000000	0,19978528
412,40000000	0,19949125
412,60000000	0,19916022
412,80000000	0,19891341
413,00000000	0,19868781
413,20000000	0,19839501
413,40000000	0,19819801
413,60000000	0,19800305
413,80000000	0,19775144
414,00000000	0,19761304
414,20000000	0,19735608
414,40000000	0,19707594
414,60000000	0,19699141
414,80000000	0,19681106
415,00000000	0,19645445
415,20000000	0,19621721
415,40000000	0,19610676
415,60000000	0,19600914
415,80000000	0,19582576
416,00000000	0,19553840
416,20000000	0,19536517
416,40000000	0,19527712
416,60000000	0,19509233
416,80000000	0,19483940
417,00000000	0,19463527
417,20000000	0,19449097
417,40000000	0,19435706
417,60000000	0,19418146
417,80000000	0,19392073
418,00000000	0,19371430
418,20000000	0,19366780
418,40000000	0,19360208
418,60000000	0,19343850
418,80000000	0,19311977
419,00000000	0,19289036
419,20000000	0,19288396
419,40000000	0,19281334
419,60000000	0,19263095
419,80000000	0,19246866
420,00000000	0,19237253
420,20000000	0,19227595
420,40000000	0,19212599
420,60000000	0,19192561
420,80000000	0,19179983
421,00000000	0,19174622
421,20000000	0,19161873
421,40000000	0,19139875
421,60000000	0,19126807
421,80000000	0,19134363
422,00000000	0,19136347
422,20000000	0,19107762
422,40000000	0,19076919
422,60000000	0,19074804
422,80000000	0,19086658
423,00000000	0,19089278
423,20000000	0,19068780
423,40000000	0,19048557
423,60000000	0,19050332
423,80000000	0,19052847
424,00000000	0,19044734
424,20000000	0,19020528
424,40000000	0,18995714
424,60000000	0,19009207
424,80000000	0,19041143
425,00000000	0,19051419
425,20000000	0,19033113
425,40000000	0,18989162
425,60000000	0,18954016
425,80000000	0,18952579
426,00000000	0,18978236
426,20000000	0,18999659
426,40000000	0,18977253
426,60000000	0,18953617
426,80000000	0,18973015
427,00000000	0,18992450
427,20000000	0,18981550
427,40000000	0,18954051
427,60000000	0,18962668
427,80000000	0,18992949
428,00000000	0,19012941
428,20000000	0,18995690
428,40000000	0,18976435
428,60000000	0,18969759
428,80000000	0,18973966
429,00000000	0,18996075
429,20000000	0,19027016
429,40000000	0,19025300
429,60000000	0,18984999
429,80000000	0,18940591
430,00000000	0,18924476
430,20000000	0,18995215
430,40000000	0,19061142
430,60000000	0,19040302
430,80000000	0,19012670
431,00000000	0,19029373
431,20000000	0,19055285
431,40000000	0,19058220
431,60000000	0,19042784
431,80000000	0,19024393
432,00000000	0,19011884
432,20000000	0,18976195
432,40000000	0,18975111
432,60000000	0,19051357
432,80000000	0,19149520
433,00000000	0,19189013
433,20000000	0,19144524
433,40000000	0,19092284
433,60000000	0,19128657
433,80000000	0,19199768
434,00000000	0,19194092
434,20000000	0,19156063
434,40000000	0,19123016
434,60000000	0,19136447
434,80000000	0,19191742
435,00000000	0,19223711
435,20000000	0,19205044
435,40000000	0,19170681
435,60000000	0,19176697
435,80000000	0,19231030
436,00000000	0,19201400
436,20000000	0,19106141
436,40000000	0,19094257
436,60000000	0,19198812
436,80000000	0,19333011
437,00000000	0,19352907
437,20000000	0,19269661
437,40000000	0,19227772
437,60000000	0,19241185
437,80000000	0,19321430
438,00000000	0,19420555
438,20000000	0,19382154
438,40000000	0,19250366
438,60000000	0,19178676
438,80000000	0,19271301
439,00000000	0,19451509
439,20000000	0,19501505
439,40000000	0,19372110
439,60000000	0,19277385
439,80000000	0,19316084
440,00000000	0,19451730
440,20000000	0,19524480
440,40000000	0,19524332
440,60000000	0,19480069
440,80000000	0,19383909
441,00000000	0,19377381
441,20000000	0,19543588
441,40000000	0,19666773
441,60000000	0,19660283
441,80000000	0,19593760
442,00000000	0,19598971
442,20000000	0,19675676
442,40000000	0,19674527
442,60000000	0,19674539
442,80000000	0,19746640
443,00000000	0,19767120
443,20000000	0,19697940
443,40000000	0,19655356
443,60000000	0,19674615
443,80000000	0,19764502
444,00000000	0,19837340
444,20000000	0,19825199
444,40000000	0,19792082
444,60000000	0,19822373
444,80000000	0,19860753
445,00000000	0,19877619
445,20000000	0,19932730
445,40000000	0,19973730
445,60000000	0,20028913
445,80000000	0,20072555
446,00000000	0,20086827
446,20000000	0,20108559
446,40000000	0,20120067
446,60000000	0,20144559
446,80000000	0,20229547
447,00000000	0,20193264
447,20000000	0,20173069
447,40000000	0,20293633
447,60000000	0,20397729
447,80000000	0,20381504
448,00000000	0,20259344
448,20000000	0,20297018
448,40000000	0,20444277
448,60000000	0,20535617
448,80000000	0,20525723
449,00000000	0,20469048
449,20000000	0,20579899
449,40000000	0,20700082
449,60000000	0,20699197
449,80000000	0,20728147
450,00000000	0,20704525
450,20000000	0,20781986
450,40000000	0,20924211
450,60000000	0,20991785
450,80000000	0,20991352
451,00000000	0,20995630
451,20000000	0,20999521
451,40000000	0,21034155
451,60000000	0,21040602
451,80000000	0,21075694
452,00000000	0,21246412
452,20000000	0,21341487
452,40000000	0,21279166
452,60000000	0,21325618
452,80000000	0,21442051
453,00000000	0,21494182
453,20000000	0,21586744
453,40000000	0,21678738
453,60000000	0,21720451
453,80000000	0,21611993
454,00000000	0,21600710
454,20000000	0,21779219
454,40000000	0,21869537
454,60000000	0,22017488
454,80000000	0,22231004
455,00000000	0,22175990
455,20000000	0,22100852
455,40000000	0,22089232
455,60000000	0,22086575
455,80000000	0,22233800
456,00000000	0,22428310
456,20000000	0,22536597
456,40000000	0,22467413
456,60000000	0,22422066
456,80000000	0,22735916
457,00000000	0,23086294
457,20000000	0,22963065
457,40000000	0,22818789
457,60000000	0,23011508
457,80000000	0,23082249
458,00000000	0,22949730
458,20000000	0,22961373
458,40000000	0,23142256
458,60000000	0,23419191
458,80000000	0,23666447
459,00000000	0,23671193
459,20000000	0,23728405
459,40000000	0,23807963
459,60000000	0,23829287
459,80000000	0,23723698
460,00000000	0,23661083
460,20000000	0,23873858
460,40000000	0,24255947
460,60000000	0,24454859
460,80000000	0,24429777
461,00000000	0,24480328
461,20000000	0,24668215
461,40000000	0,24633535
461,60000000	0,24627143
461,80000000	0,24791760
462,00000000	0,24908361
462,20000000	0,24899906
462,40000000	0,24927949
462,60000000	0,25230142
462,80000000	0,25340216
463,00000000	0,25419627
463,20000000	0,25726207
463,40000000	0,25744138
463,60000000	0,25805299
463,80000000	0,25950275
464,00000000	0,26044986
464,20000000	0,25974441
464,40000000	0,26093773
464,60000000	0,26306460
464,80000000	0,26190182
465,00000000	0,26274814
465,20000000	0,26605921
465,40000000	0,26770724
465,60000000	0,27037397
465,80000000	0,27134749
466,00000000	0,27246190
466,20000000	0,27347227
466,40000000	0,27506014
466,60000000	0,27958641
466,80000000	0,28308224
467,00000000	0,28514381
467,20000000	0,28736614
467,40000000	0,28401113
467,60000000	0,28132905
467,80000000	0,28384820
468,00000000	0,28523553
468,20000000	0,28821101
468,40000000	0,29084528
468,60000000	0,28959666
468,80000000	0,28891048
469,00000000	0,29082446
469,20000000	0,29496861
469,40000000	0,29886452
469,60000000	0,30079754
469,80000000	0,30242236
470,00000000	0,30522533
470,20000000	0,30644771
470,40000000	0,30579112
470,60000000	0,30675245
470,80000000	0,31106689
471,00000000	0,31505004
471,20000000	0,31654934
471,40000000	0,31577822
471,60000000	0,31894267
471,80000000	0,32638370
472,00000000	0,32936469
472,20000000	0,32810352
472,40000000	0,32738271
472,60000000	0,32951965
472,80000000	0,33357786
473,00000000	0,33707889
473,20000000	0,33780532
473,40000000	0,33826113
473,60000000	0,34134276
473,80000000	0,34483479
474,00000000	0,35001338
474,20000000	0,35276143
474,40000000	0,35058335
474,60000000	0,35075081
474,80000000	0,35486680
475,00000000	0,35984223
475,20000000	0,35865434
475,40000000	0,35920301
475,60000000	0,36742859
475,80000000	0,37520130
476,00000000	0,37673950
476,20000000	0,37524969
476,40000000	0,37672734
476,60000000	0,38163769
476,80000000	0,38766615
477,00000000	0,39050216
477,20000000	0,39151682
477,40000000	0,39634460
477,60000000	0,39773918
477,80000000	0,40020452
478,00000000	0,40561446
478,20000000	0,40992189
478,40000000	0,41156301
478,60000000	0,41358301
478,80000000	0,41293887
479,00000000	0,41453140
479,20000000	0,42231733
479,40000000	0,42740091
479,60000000	0,43157529
479,80000000	0,43576900
480,00000000	0,44040960
480,20000000	0,44412203
480,40000000	0,44646075
480,60000000	0,44803818
480,80000000	0,44681011
481,00000000	0,45171315
481,20000000	0,46140910
481,40000000	0,46960797
481,60000000	0,47355908
481,80000000	0,47302063
482,00000000	0,47733693
482,20000000	0,48519575
482,40000000	0,49037209
482,60000000	0,49650992
482,80000000	0,50212741
483,00000000	0,50746251
483,20000000	0,51240786
483,40000000	0,51684087
483,60000000	0,51668106
483,80000000	0,51648265
484,00000000	0,52776168
484,20000000	0,53687449
484,40000000	0,53889394
484,60000000	0,54436497
484,80000000	0,55250176
485,00000000	0,55771462
485,20000000	0,56251975
485,40000000	0,56729533
485,60000000	0,57559696
485,80000000	0,58563244
486,00000000	0,58986512
486,20000000	0,59346065
486,40000000	0,60027478
486,60000000	0,60531364
486,80000000	0,61064532
487,00000000	0,61722774
487,20000000	0,62145254
487,40000000	0,62839724
487,60000000	0,63704432
487,80000000	0,64286006
488,00000000	0,64659224
488,20000000	0,65402404
488,40000000	0,66437214
488,60000000	0,67049326
488,80000000	0,67537376
489,00000000	0,68145471
489,20000000	0,68817858
489,40000000	0,69845611
489,60000000	0,70595196
489,80000000	0,71213539
490,00000000	0,71963004
490,20000000	0,72604313
490,40000000	0,73309081
490,60000000	0,73828927
490,80000000	0,74367252
491,00000000	0,75010237
491,20000000	0,75723021
491,40000000	0,76626160
491,60000000	0,77397790
491,80000000	0,77799294
492,00000000	0,78159576
492,20000000	0,78866480
492,40000000	0,79610261
492,60000000	0,80331177
492,80000000	0,80851829
493,00000000	0,81586142
493,20000000	0,82303611
493,40000000	0,82770736
493,60000000	0,83444714
493,80000000	0,84196421
494,00000000	0,84638371
494,20000000	0,85138080
494,40000000	0,85683090
494,60000000	0,86129230
494,80000000	0,86685700
495,00000000	0,87199121
495,20000000	0,87663563
495,40000000	0,88051746
495,60000000	0,88552271
495,80000000	0,89144510
496,00000000	0,89530542
496,20000000	0,89817991
496,40000000	0,90191413
496,60000000	0,90485300
496,80000000	0,90933642
497,00000000	0,91304022
497,20000000	0,91611277
497,40000000	0,91871117
497,60000000	0,92193503
497,80000000	0,92571658
498,00000000	0,92789474
498,20000000	0,93016541
498,40000000	0,93256838
498,60000000	0,93547993
498,80000000	0,93779165
499,00000000	0,93937553
499,20000000	0,93996353
499,40000000	0,94095137
499,60000000	0,94334907
499,80000000	0,94611504
500,00000000	0,94779358
500,20000000	0,94809388
500,40000000	0,94826366
500,60000000	0,94870173
500,80000000	0,94990615
501,00000000	0,95113757
501,20000000	0,95179479
501,40000000	0,95195069
501,60000000	0,95256724
501,80000000	0,95263074
502,00000000	0,95230726
502,20000000	0,95211658
502,40000000	0,95268052
502,60000000	0,95295148
502,80000000	0,95283418
503,00000000	0,95249966
503,20000000	0,95239405
503,40000000	0,95197822
503,60000000	0,95187898
503,80000000	0,95187139
504,00000000	0,95177170
504,20000000	0,95132959
504,40000000	0,95036598
504,60000000	0,94983012
504,80000000	0,94922938
505,00000000	0,94822973
505,20000000	0,94764410
505,40000000	0,94710024
505,60000000	0,94588357
505,80000000	0,94477892
506,00000000	0,94350464
506,20000000	0,94218970
506,40000000	0,94112040
506,60000000	0,93997996
506,80000000	0,93855973
507,00000000	0,93732956
507,20000000	0,93600364
507,40000000	0,93535398
507,60000000	0,93465567
507,80000000	0,93353805
508,00000000	0,93215770
508,20000000	0,93017474
508,40000000	0,92809488
508,60000000	0,92686882
508,80000000	0,92568382
509,00000000	0,92472977
509,20000000	0,92384516
509,40000000	0,92204280
509,60000000	0,92032824
509,80000000	0,91859675
510,00000000	0,91736047
510,20000000	0,91599261
510,40000000	0,91440906
510,60000000	0,91307167
510,80000000	0,91116702
511,00000000	0,90916449
511,20000000	0,90740141
511,40000000	0,90590670
511,60000000	0,90433835
511,80000000	0,90300521
512,00000000	0,90129214
512,20000000	0,89984818
512,40000000	0,89852903
512,60000000	0,89607281
512,80000000	0,89457784
513,00000000	0,89352634
513,20000000	0,89211771
513,40000000	0,89077481
513,60000000	0,88865977
513,80000000	0,88650308
514,00000000	0,88484291
514,20000000	0,88323281
514,40000000	0,88131186
514,60000000	0,87965716
514,80000000	0,87784793
515,00000000	0,87526206
515,20000000	0,87306431
515,40000000	0,87136074
515,60000000	0,87014677
515,80000000	0,86887687
516,00000000	0,86733356
516,20000000	0,86532361
516,40000000	0,86283910
516,60000000	0,86101540
516,80000000	0,85922896
517,00000000	0,85747235
517,20000000	0,85601096
517,40000000	0,85419707
517,60000000	0,85237480
517,80000000	0,85027020
518,00000000	0,84799544
518,20000000	0,84568986
518,40000000	0,84417428
518,60000000	0,84300631
518,80000000	0,84168598
519,00000000	0,83912734
519,20000000	0,83679489
519,40000000	0,83490428
519,60000000	0,83341359
519,80000000	0,83205962
520,00000000	0,82941327
520,20000000	0,82718996
520,40000000	0,82562565
520,60000000	0,82423301
520,80000000	0,82287975
521,00000000	0,82041833
521,20000000	0,81789614
521,40000000	0,81562837
521,60000000	0,81297593
521,80000000	0,81144365
522,00000000	0,81123672
522,20000000	0,81095773
522,40000000	0,80864341
522,60000000	0,80588161
522,80000000	0,80289107
523,00000000	0,79925169
523,20000000	0,79753784
523,40000000	0,79597167
523,60000000	0,79522439
523,80000000	0,79462211
524,00000000	0,79303193
524,20000000	0,79007296
524,40000000	0,78703416
524,60000000	0,78494234
524,80000000	0,78383234
525,00000000	0,78240849
525,20000000	0,78063470
525,40000000	0,77936553
525,60000000	0,77867029
525,80000000	0,77706442
526,00000000	0,77478430
526,20000000	0,77284089
526,40000000	0,77026754
526,60000000	0,76761145
526,80000000	0,76678868
527,00000000	0,76669572
527,20000000	0,76594328
527,40000000	0,76408111
527,60000000	0,76153018
527,80000000	0,75913078
528,00000000	0,75629053
528,20000000	0,75455613
528,40000000	0,75405174
528,60000000	0,75321632
528,80000000	0,75207673
529,00000000	0,75018518
529,20000000	0,74823838
529,40000000	0,74599293
529,60000000	0,74452660
529,80000000	0,74287822
530,00000000	0,74205914
530,20000000	0,74086284
530,40000000	0,73811245
530,60000000	0,73557630
530,80000000	0,73503704
531,00000000	0,73532423
531,20000000	0,73349698
531,40000000	0,73031566
531,60000000	0,72831072
531,80000000	0,72871732
532,00000000	0,72862549
532,20000000	0,72809948
532,40000000	0,72548050
532,60000000	0,72181106
532,80000000	0,71979853
533,00000000	0,71879597
533,20000000	0,71844638
533,40000000	0,71772278
533,60000000	0,71626114
533,80000000	0,71482921
534,00000000	0,71341777
534,20000000	0,71272381
534,40000000	0,71089835
534,60000000	0,71053466
534,80000000	0,70969161
535,00000000	0,70784236
535,20000000	0,70559789
535,40000000	0,70419395
535,60000000	0,70549275
535,80000000	0,70712373
536,00000000	0,70600397
536,20000000	0,70350395
536,40000000	0,70044078
536,60000000	0,69732541
536,80000000	0,69775092
537,00000000	0,69950664
537,20000000	0,69838471
537,40000000	0,69343752
537,60000000	0,69076336
537,80000000	0,69091720
538,00000000	0,69236125
538,20000000	0,69291141
538,40000000	0,69191759
538,60000000	0,69000646
538,80000000	0,68971664
539,00000000	0,68944364
539,20000000	0,68935195
539,40000000	0,68968972
539,60000000	0,68836037
539,80000000	0,68688819
540,00000000	0,68616809
540,20000000	0,68606339
540,40000000	0,68732473
540,60000000	0,68647427
540,80000000	0,68589747
541,00000000	0,68405405
541,20000000	0,68378672
541,40000000	0,68370715
541,60000000	0,68412086
541,80000000	0,68560467
542,00000000	0,68649428
542,20000000	0,68517182
542,40000000	0,68308172
542,60000000	0,68269878
542,80000000	0,68411192
543,00000000	0,68348830
543,20000000	0,68370747
543,40000000	0,68314176
543,60000000	0,68120429
543,80000000	0,68180955
544,00000000	0,68365813
544,20000000	0,68355363
544,40000000	0,68400584
544,60000000	0,68414351
544,80000000	0,68076655
545,00000000	0,67918706
545,20000000	0,67829456
545,40000000	0,68054607
545,60000000	0,68281267
545,80000000	0,68132703
546,00000000	0,68090457
546,20000000	0,68070099
546,40000000	0,68220387
546,60000000	0,68468847
546,80000000	0,68475217
547,00000000	0,68403495
547,20000000	0,68015586
547,40000000	0,68075127
547,60000000	0,68288808
547,80000000	0,68541914
548,00000000	0,68380397
548,20000000	0,68266266
548,40000000	0,68280040
548,60000000	0,68387687
548,80000000	0,68716651
549,00000000	0,68901847
549,20000000	0,68699818
549,40000000	0,68777769
549,60000000	0,68907239
549,80000000	0,68711177
550,00000000	0,68840548
550,20000000	0,69251344
550,40000000	0,69487203
550,60000000	0,69334041
550,80000000	0,69280243
551,00000000	0,69222951
551,20000000	0,69459897
551,40000000	0,69867288
551,60000000	0,70010621
551,80000000	0,69838295
552,00000000	0,69816976
552,20000000	0,69938364
552,40000000	0,70188148
552,60000000	0,70431410
552,80000000	0,70459765
553,00000000	0,70524906
553,20000000	0,70490495
553,40000000	0,70446952
553,60000000	0,70567219
553,80000000	0,70642142
554,00000000	0,71041644
554,20000000	0,71186932
554,40000000	0,70889005
554,60000000	0,70902161
554,80000000	0,71130574
555,00000000	0,71415453
555,20000000	0,71632617
555,40000000	0,71638327
555,60000000	0,71561590
555,80000000	0,71673019
556,00000000	0,71893401
556,20000000	0,72341540
556,40000000	0,72571677
556,60000000	0,72578137
556,80000000	0,72509462
557,00000000	0,72548391
557,20000000	0,72880536
557,40000000	0,72933582
557,60000000	0,73010594
557,80000000	0,73127601
558,00000000	0,73114307
558,20000000	0,73107026
558,40000000	0,73272203
558,60000000	0,73752984
558,80000000	0,73894087
559,00000000	0,73934462
559,20000000	0,73965332
559,40000000	0,74074291
559,60000000	0,74279612
559,80000000	0,74273703
560,00000000	0,74513480
560,20000000	0,74755215
560,40000000	0,74772070
560,60000000	0,74906490
560,80000000	0,75097470
561,00000000	0,75300434
561,20000000	0,75359963
561,40000000	0,75306718
561,60000000	0,75364721
561,80000000	0,75385858
562,00000000	0,75524827
562,20000000	0,75780381
562,40000000	0,76140892
562,60000000	0,76106799
562,80000000	0,75944187
563,00000000	0,76220149
563,20000000	0,76534689
563,40000000	0,76911192
563,60000000	0,76939705
563,80000000	0,76842390
564,00000000	0,76877190
564,20000000	0,76856239
564,40000000	0,77039866
564,60000000	0,77158257
564,80000000	0,77437164
565,00000000	0,77670767
565,20000000	0,77687807
565,40000000	0,77739532
565,60000000	0,77877435
565,80000000	0,78051992
566,00000000	0,78393922
566,20000000	0,78263374
566,40000000	0,77993227
566,60000000	0,78314772
566,80000000	0,78652525
567,00000000	0,78872957
567,20000000	0,78777934
567,40000000	0,78802812
567,60000000	0,78901292
567,80000000	0,78865596
568,00000000	0,79165505
568,20000000	0,79412578
568,40000000	0,79434802
568,60000000	0,79675089
568,80000000	0,79919946
569,00000000	0,79935686
569,20000000	0,79929160
569,40000000	0,79941155
569,60000000	0,80043154
569,80000000	0,79962320
570,00000000	0,79989139
570,20000000	0,80132480
570,40000000	0,80308597
570,60000000	0,80515376
570,80000000	0,80531136
571,00000000	0,80528961
571,20000000	0,80667525
571,40000000	0,80891563
571,60000000	0,81192649
571,80000000	0,81281955
572,00000000	0,81444322
572,20000000	0,81365377
572,40000000	0,81514200
572,60000000	0,81627281
572,80000000	0,81764233
573,00000000	0,81871090
573,20000000	0,81773676
573,40000000	0,81932604
573,60000000	0,82108731
573,80000000	0,82223061
574,00000000	0,82282635
574,20000000	0,82457091
574,40000000	0,82548172
574,60000000	0,82561711
574,80000000	0,82544527
575,00000000	0,82719174
575,20000000	0,82979270
575,40000000	0,82923808
575,60000000	0,82928811
575,80000000	0,83204922
576,00000000	0,83202737
576,20000000	0,83359278
576,40000000	0,83423065
576,60000000	0,83224803
576,80000000	0,83627875
577,00000000	0,83987617
577,20000000	0,84108033
577,40000000	0,84105173
577,60000000	0,83942329
577,80000000	0,84055331
578,00000000	0,84228724
578,20000000	0,84490854
578,40000000	0,84410696
578,60000000	0,84417682
578,80000000	0,84696620
579,00000000	0,84860967
579,20000000	0,84922383
579,40000000	0,84970773
579,60000000	0,85017346
579,80000000	0,85113425
580,00000000	0,85232446
580,20000000	0,85266754
580,40000000	0,85319136
580,60000000	0,85596853
580,80000000	0,85755512
581,00000000	0,85746210
581,20000000	0,85857446
581,40000000	0,86040802
581,60000000	0,86070428
581,80000000	0,86350360
582,00000000	0,86468135
582,20000000	0,86380535
582,40000000	0,86635149
582,60000000	0,86751738
582,80000000	0,86747302
583,00000000	0,86762689
583,20000000	0,86926639
583,40000000	0,87062291
583,60000000	0,87345196
583,80000000	0,87475318
584,00000000	0,87499942
584,20000000	0,87573935
584,40000000	0,87634819
584,60000000	0,87740033
584,80000000	0,87921578
585,00000000	0,87893642
585,20000000	0,88006610
585,40000000	0,88142299
585,60000000	0,88109356
585,80000000	0,88232402
586,00000000	0,88417551
586,20000000	0,88682958
586,40000000	0,88750613
586,60000000	0,88850143
586,80000000	0,88966967
587,00000000	0,89114416
587,20000000	0,89182833
587,40000000	0,89364766
587,60000000	0,89310484
587,80000000	0,89361625
588,00000000	0,89477773
588,20000000	0,89704348
588,40000000	0,89638116
588,60000000	0,89691129
588,80000000	0,89993408
589,00000000	0,90157943
589,20000000	0,90138781
589,40000000	0,90175794
589,60000000	0,90325290
589,80000000	0,90562409
590,00000000	0,90729743
590,20000000	0,90724584
590,40000000	0,90729470
590,60000000	0,90840798
590,80000000	0,91086386
591,00000000	0,91138841
591,20000000	0,91255855
591,40000000	0,91301975
591,60000000	0,91413686
591,80000000	0,91478349
592,00000000	0,91646129
592,20000000	0,91764945
592,40000000	0,91823471
592,60000000	0,91994522
592,80000000	0,92220203
593,00000000	0,92179182
593,20000000	0,92183887
593,40000000	0,92289553
593,60000000	0,92368503
593,80000000	0,92454929
594,00000000	0,92565554
594,20000000	0,92646254
594,40000000	0,92664202
594,60000000	0,92908782
594,80000000	0,92949380
595,00000000	0,92904086
595,20000000	0,93084974
595,40000000	0,93153714
595,60000000	0,93322108
595,80000000	0,93454775
596,00000000	0,93469388
596,20000000	0,93547355
596,40000000	0,93731927
596,60000000	0,93913441
596,80000000	0,93942875
597,00000000	0,93917479
597,20000000	0,94046414
597,40000000	0,94179992
597,60000000	0,94187539
597,80000000	0,94279380
598,00000000	0,94356375
598,20000000	0,94531095
598,40000000	0,94638000
598,60000000	0,94632886
598,80000000	0,94669090
599,00000000	0,94698592
599,20000000	0,94938694
599,40000000	0,95074305
599,60000000	0,95053321
599,80000000	0,95156586
600,00000000	0,95242824
600,20000000	0,95318668
600,40000000	0,95405902
600,60000000	0,95499494
600,80000000	0,95528844
601,00000000	0,95628935
601,20000000	0,95708814
601,40000000	0,95818932
601,60000000	0,95878016
601,80000000	0,95963707
602,00000000	0,96038077
602,20000000	0,96158727
602,40000000	0,96189979
602,60000000	0,96238154
602,80000000	0,96316598
603,00000000	0,96404245
603,20000000	0,96454176
603,40000000	0,96598947
603,60000000	0,96767009
603,80000000	0,96756829
604,00000000	0,96780804
604,20000000	0,96890697
604,40000000	0,96962019
604,60000000	0,96975736
604,80000000	0,97068057
605,00000000	0,97172885
605,20000000	0,97203887
605,40000000	0,97244663
605,60000000	0,97362220
605,80000000	0,97439439
606,00000000	0,97470334
606,20000000	0,97503819
606,40000000	0,97571933
606,60000000	0,97674010
606,80000000	0,97708614
607,00000000	0,97800418
607,20000000	0,97852246
607,40000000	0,97924851
607,60000000	0,97968141
607,80000000	0,98011637
608,00000000	0,98061487
608,20000000	0,98173532
608,40000000	0,98222127
608,60000000	0,98273199
608,80000000	0,98304919
609,00000000	0,98371981
609,20000000	0,98444587
609,40000000	0,98503554
609,60000000	0,98541631
609,80000000	0,98576567
610,00000000	0,98617739
610,20000000	0,98672906
610,40000000	0,98735590
610,60000000	0,98816639
610,80000000	0,98851317
611,00000000	0,98861106
611,20000000	0,98899778
611,40000000	0,98967251
611,60000000	0,99007572
611,80000000	0,99052744
612,00000000	0,99086501
612,20000000	0,99124351
612,40000000	0,99148058
612,60000000	0,99194218
612,80000000	0,99233276
613,00000000	0,99301598
613,20000000	0,99340120
613,40000000	0,99341597
613,60000000	0,99382585
613,80000000	0,99427569
614,00000000	0,99468245
614,20000000	0,99495439
614,40000000	0,99518360
614,60000000	0,99544250
614,80000000	0,99577294
615,00000000	0,99611515
615,20000000	0,99631298
615,40000000	0,99652508
615,60000000	0,99675232
615,80000000	0,99692330
616,00000000	0,99710758
616,20000000	0,99733461
616,40000000	0,99753814
616,60000000	0,99788318
616,80000000	0,99814064
617,00000000	0,99825659
617,20000000	0,99845889
617,40000000	0,99868748
617,60000000	0,99882807
617,80000000	0,99891063
618,00000000	0,99897176
618,20000000	0,99914761
618,40000000	0,99928049
618,60000000	0,99944526
618,80000000	0,99957401
619,00000000	0,99961364
619,20000000	0,99966193
619,40000000	0,99971438
619,60000000	0,99976727
619,80000000	0,99978041
620,00000000	0,99983210
620,20000000	0,99989062
620,40000000	0,99990873
620,60000000	0,99993291
620,80000000	0,99994055
621,00000000	0,99992322
621,20000000	0,99990198
621,40000000	0,99988923
621,60000000	0,99984141
621,80000000	0,99982126
622,00000000	0,99976578
622,20000000	0,99967798
622,40000000	0,99958344
622,60000000	0,99950651
622,80000000	0,99943637
623,00000000	0,99933102
623,20000000	0,99924999
623,40000000	0,99918981
623,60000000	0,99901447
623,80000000	0,99890960
624,00000000	0,99873321
624,20000000	0,99862241
624,40000000	0,99845103
624,60000000	0,99824347
624,80000000	0,99823194
625,00000000	0,99809096
625,20000000	0,99785481
625,40000000	0,99765469
625,60000000	0,99749061
625,80000000	0,99730185
626,00000000	0,99709946
626,20000000	0,99686872
626,40000000	0,99668762
626,60000000	0,99640718
626,80000000	0,99612785
627,00000000	0,99584730
627,20000000	0,99554528
627,40000000	0,99530417
627,60000000	0,99504910
627,80000000	0,99461408
628,00000000	0,99441090
628,20000000	0,99430210
628,40000000	0,99407377
628,60000000	0,99365305
628,80000000	0,99335048
629,00000000	0,99287947
629,20000000	0,99240606
629,40000000	0,99200830
629,60000000	0,99176623
629,80000000	0,99160826
630,00000000	0,99114347
630,20000000	0,99094140
630,40000000	0,99057897
630,60000000	0,99008584
630,80000000	0,98986280
631,00000000	0,98937162
631,20000000	0,98883162
631,40000000	0,98844996
631,60000000	0,98797635
631,80000000	0,98750483
632,00000000	0,98714761
632,20000000	0,98646101
632,40000000	0,98605273
632,60000000	0,98595941
632,80000000	0,98594661
633,00000000	0,98520705
633,20000000	0,98430925
633,40000000	0,98415571
633,60000000	0,98389842
633,80000000	0,98334691
634,00000000	0,98263570
634,20000000	0,98206292
634,40000000	0,98184625
634,60000000	0,98145557
634,80000000	0,98087830
635,00000000	0,98066764
635,20000000	0,98010486
635,40000000	0,97901802
635,60000000	0,97871610
635,80000000	0,97864809
636,00000000	0,97806678
636,20000000	0,97742027
636,40000000	0,97760239
636,60000000	0,97670618
636,80000000	0,97597153
637,00000000	0,97587431
637,20000000	0,97557212
637,40000000	0,97513370
637,60000000	0,97456659
637,80000000	0,97380597
638,00000000	0,97369325
638,20000000	0,97330345
638,40000000	0,97260668
638,60000000	0,97236132
638,80000000	0,97165043
639,00000000	0,97134109
639,20000000	0,97069843
639,40000000	0,97024544
639,60000000	0,96962451
639,80000000	0,96916327
640,00000000	0,96850764
640,20000000	0,96789681
640,40000000	0,96797902
640,60000000	0,96682856
640,80000000	0,96676788
641,00000000	0,96712094
641,20000000	0,96627724
641,40000000	0,96509270
641,60000000	0,96515579
641,80000000	0,96532399
642,00000000	0,96544517
642,20000000	0,96420462
642,40000000	0,96344695
642,60000000	0,96315091
642,80000000	0,96298318
643,00000000	0,96289919
643,20000000	0,96183022
643,40000000	0,96097853
643,60000000	0,96097425
643,80000000	0,96079070
644,00000000	0,96082244
644,20000000	0,96101040
644,40000000	0,96051103
644,60000000	0,95962760
644,80000000	0,95862800
645,00000000	0,95835179
645,20000000	0,95854561
645,40000000	0,95885864
645,60000000	0,95853949
645,80000000	0,95793909
646,00000000	0,95723251
646,20000000	0,95680044
646,40000000	0,95668048
646,60000000	0,95708158
646,80000000	0,95629201
647,00000000	0,95606089
647,20000000	0,95567032
647,40000000	0,95578143
647,60000000	0,95520045
647,80000000	0,95518082
648,00000000	0,95493222
648,20000000	0,95558644
648,40000000	0,95568309
648,60000000	0,95461197
648,80000000	0,95400709
649,00000000	0,95501869
649,20000000	0,95538433
649,40000000	0,95463057
649,60000000	0,95462345
649,80000000	0,95442930
650,00000000	0,95400486
650,20000000	0,95325204
650,40000000	0,95360910
650,60000000	0,95412940
650,80000000	0,95369151
651,00000000	0,95416743
651,20000000	0,95339326
651,40000000	0,95290223
651,60000000	0,95255236
651,80000000	0,95359982
652,00000000	0,95395285
652,20000000	0,95335890
652,40000000	0,95318505
652,60000000	0,95363520
652,80000000	0,95350213
653,00000000	0,95291756
653,20000000	0,95259681
653,40000000	0,95374781
653,60000000	0,95403865
653,80000000	0,95348022
654,00000000	0,95290477
654,20000000	0,95421048
654,40000000	0,95481236
654,60000000	0,95441422
654,80000000	0,95425955
655,00000000	0,95471450
655,20000000	0,95481420
655,40000000	0,95509091
655,60000000	0,95425370
655,80000000	0,95393049
656,00000000	0,95440382
656,20000000	0,95479722
656,40000000	0,95510425
656,60000000	0,95491107
656,80000000	0,95447414
657,00000000	0,95559589
657,20000000	0,95571855
657,40000000	0,95521167
657,60000000	0,95521046
657,80000000	0,95524175
658,00000000	0,95577986
658,20000000	0,95585457
658,40000000	0,95589840
658,60000000	0,95621613
658,80000000	0,95600091
659,00000000	0,95625603
659,20000000	0,95601148
659,40000000	0,95587197
659,60000000	0,95712671
659,80000000	0,95692637
660,00000000	0,95609456
660,20000000	0,95706003
660,40000000	0,95759073
660,60000000	0,95734232
660,80000000	0,95687393
661,00000000	0,95681367
661,20000000	0,95755580
661,40000000	0,95795331
661,60000000	0,95788207
661,80000000	0,95777094
662,00000000	0,95814805
662,20000000	0,95878346
662,40000000	0,95821177
662,60000000	0,95768343
662,80000000	0,95716073
663,00000000	0,95731856
663,20000000	0,95846804
663,40000000	0,95781644
663,60000000	0,95728795
663,80000000	0,95833709
664,00000000	0,95936223
664,20000000	0,95796567
664,40000000	0,95833694
664,60000000	0,95805119
664,80000000	0,95856170
665,00000000	0,95904174
665,20000000	0,95841844
665,40000000	0,95828088
665,60000000	0,95796865
665,80000000	0,95809727
666,00000000	0,95739196
666,20000000	0,95722542
666,40000000	0,95854617
666,60000000	0,95888592
666,80000000	0,95823158
667,00000000	0,95696696
667,20000000	0,95807320
667,40000000	0,95847104
667,60000000	0,95805632
667,80000000	0,95733323
668,00000000	0,95706627
668,20000000	0,95696217
668,40000000	0,95753053
668,60000000	0,95672058
668,80000000	0,95521248
669,00000000	0,95531747
669,20000000	0,95639319
669,40000000	0,95727049
669,60000000	0,95622685
669,80000000	0,95576568
670,00000000	0,95597569
670,20000000	0,95683295
670,40000000	0,95613452
670,60000000	0,95546254
670,80000000	0,95475442
671,00000000	0,95480021
671,20000000	0,95507469
671,40000000	0,95468576
671,60000000	0,95410613
671,80000000	0,95507198
672,00000000	0,95527977
672,20000000	0,95432044
672,40000000	0,95418664
672,60000000	0,95477042
672,80000000	0,95380032
673,00000000	0,95309117
673,20000000	0,95309468
673,40000000	0,95227146
673,60000000	0,95319858
673,80000000	0,95246304
674,00000000	0,95231894
674,20000000	0,95339092
674,40000000	0,95319428
674,60000000	0,95243248
674,80000000	0,95221264
675,00000000	0,95180922
675,20000000	0,95257638
675,40000000	0,95208022
675,60000000	0,95223009
675,80000000	0,95230052
676,00000000	0,95187347
676,20000000	0,95184546
676,40000000	0,95147591
676,60000000	0,95231957
676,80000000	0,95173205
677,00000000	0,95237654
677,20000000	0,95318363
677,40000000	0,95233172
677,60000000	0,95262580
677,80000000	0,95208389
678,00000000	0,95240871
678,20000000	0,95216772
678,40000000	0,95200528
678,60000000	0,95254824
678,80000000	0,95245414
679,00000000	0,95196602
679,20000000	0,95212680
679,40000000	0,95262848
679,60000000	0,95183021
679,80000000	0,95141643
680,00000000	0,95126007
680,20000000	0,95203425
680,40000000	0,95283851
680,60000000	0,95125390
680,80000000	0,95226012
681,00000000	0,95261573
681,20000000	0,95367627
681,40000000	0,95329047
681,60000000	0,95211579
681,80000000	0,95212773
682,00000000	0,95260590
682,20000000	0,95288135
682,40000000	0,95405314
682,60000000	0,95371334
682,80000000	0,95323708
683,00000000	0,95396610
683,20000000	0,95444108
683,40000000	0,95370702
683,60000000	0,95439871
683,80000000	0,95442560
684,00000000	0,95400219
684,20000000	0,95414057
684,40000000	0,95455543
684,60000000	0,95493119
684,80000000	0,95399162
685,00000000	0,95505675
685,20000000	0,95569851
685,40000000	0,95546931
685,60000000	0,95658095
685,80000000	0,95622382
686,00000000	0,95588155
686,20000000	0,95660198
686,40000000	0,95736480
686,60000000	0,95720830
686,80000000	0,95790876
687,00000000	0,95743431
687,20000000	0,95745374
687,40000000	0,95779460
687,60000000	0,95838726
687,80000000	0,95906992
688,00000000	0,95878413
688,20000000	0,95861791
688,40000000	0,95859689
688,60000000	0,95966664
688,80000000	0,95967306
689,00000000	0,95974836
689,20000000	0,95945118
689,40000000	0,95927027
689,60000000	0,96032436
689,80000000	0,96044075
690,00000000	0,95941167
690,20000000	0,95965714
690,40000000	0,96062932
690,60000000	0,96179127
690,80000000	0,96078757
691,00000000	0,96009667
691,20000000	0,96128405
691,40000000	0,96306274
691,60000000	0,96202229
691,80000000	0,96087836
692,00000000	0,96142634
692,20000000	0,96327446
692,40000000	0,96350963
692,60000000	0,96144229
692,80000000	0,96276461
693,00000000	0,96477000
693,20000000	0,96481776
693,40000000	0,96381025
693,60000000	0,96391503
693,80000000	0,96519505
694,00000000	0,96514520
694,20000000	0,96523404
694,40000000	0,96442835
694,60000000	0,96553522
694,80000000	0,96640439
695,00000000	0,96550167
695,20000000	0,96518232
695,40000000	0,96575590
695,60000000	0,96611860
695,80000000	0,96529607
696,00000000	0,96579523
696,20000000	0,96605116
696,40000000	0,96638151
696,60000000	0,96612149
696,80000000	0,96584514
697,00000000	0,96587381
697,20000000	0,96648680
697,40000000	0,96714897
697,60000000	0,96670825
697,80000000	0,96747126
698,00000000	0,96746588
698,20000000	0,96790355
698,40000000	0,96760445
698,60000000	0,96836934
698,80000000	0,96887105
699,00000000	0,96855542
699,20000000	0,96856737
699,40000000	0,96828896
699,60000000	0,96851784
699,80000000	0,96886539
700,00000000	0,96831737
700,20000000	0,96776094
700,40000000	0,96890128
700,60000000	0,96956468
700,80000000	0,96988371
701,00000000	0,96898699
701,20000000	0,96957583
701,40000000	0,97025443
701,60000000	0,97075131
701,80000000	0,96955275
702,00000000	0,97014122
702,20000000	0,97051838
702,40000000	0,97168114
702,60000000	0,97086103
702,80000000	0,97024820
703,00000000	0,97173024
703,20000000	0,97178476
703,40000000	0,97120261
703,60000000	0,97108749
703,80000000	0,97106293
704,00000000	0,97215421
704,20000000	0,97201112
704,40000000	0,97198489
704,60000000	0,97208221
704,80000000	0,97225200
705,00000000	0,97305865
705,20000000	0,97309400
705,40000000	0,97231210
705,60000000	0,97306331
705,80000000	0,97359400
706,00000000	0,97386742
706,20000000	0,97393870
706,40000000	0,97416634
706,60000000	0,97417101
706,80000000	0,97475178
707,00000000	0,97540035
707,20000000	0,97556394
707,40000000	0,97529081
707,60000000	0,97600024
707,80000000	0,97614985
708,00000000	0,97612523
708,20000000	0,97584355
708,40000000	0,97632652
708,60000000	0,97721087
708,80000000	0,97720077
709,00000000	0,97759689
709,20000000	0,97818482
709,40000000	0,97769358
709,60000000	0,97847219
709,80000000	0,97862488
710,00000000	0,97857171
710,20000000	0,97887038
710,40000000	0,97992815
710,60000000	0,98024026
710,80000000	0,98037089
711,00000000	0,98030457
711,20000000	0,98124686
711,40000000	0,98132141
711,60000000	0,98194611
711,80000000	0,98219181
712,00000000	0,98216673
712,20000000	0,98262361
712,40000000	0,98289707
712,60000000	0,98280059
712,80000000	0,98333817
713,00000000	0,98356745
713,20000000	0,98379272
713,40000000	0,98437746
713,60000000	0,98446880
713,80000000	0,98431337
714,00000000	0,98475337
714,20000000	0,98516637
714,40000000	0,98553840
714,60000000	0,98551836
714,80000000	0,98563550
715,00000000	0,98633435
715,20000000	0,98721045
715,40000000	0,98743519
715,60000000	0,98759888
715,80000000	0,98792962
716,00000000	0,98829563
716,20000000	0,98870612
716,40000000	0,98912597
716,60000000	0,98934244
716,80000000	0,98979336
717,00000000	0,98998882
717,20000000	0,99003387
717,40000000	0,99003384
717,60000000	0,99034863
717,80000000	0,99034145
718,00000000	0,99073609
718,20000000	0,99140546
718,40000000	0,99113486
718,60000000	0,99144213
718,80000000	0,99167558
719,00000000	0,99218131
719,20000000	0,99232132
719,40000000	0,99239264
719,60000000	0,99252373
719,80000000	0,99277764
720,00000000	0,99314184
720,20000000	0,99325444
720,40000000	0,99328353
720,60000000	0,99316561
720,80000000	0,99381448
721,00000000	0,99407159
721,20000000	0,99381578
721,40000000	0,99410452
721,60000000	0,99432327
721,80000000	0,99463855
722,00000000	0,99467190
722,20000000	0,99466535
722,40000000	0,99486019
722,60000000	0,99500509
722,80000000	0,99527204
723,00000000	0,99545962
723,20000000	0,99545595
723,40000000	0,99537221
723,60000000	0,99556246
723,80000000	0,99564184
724,00000000	0,99563211
724,20000000	0,99593977
724,40000000	0,99616742
724,60000000	0,99613886
724,80000000	0,99598163
725,00000000	0,99612802
725,20000000	0,99639680
725,40000000	0,99633763
725,60000000	0,99638879
725,80000000	0,99642731
726,00000000	0,99649378
726,20000000	0,99666916
726,40000000	0,99689051
726,60000000	0,99691519
726,80000000	0,99683813
727,00000000	0,99703792
727,20000000	0,99708341
727,40000000	0,99720369
727,60000000	0,99705670
727,80000000	0,99704077
728,00000000	0,99716611
728,20000000	0,99740982
728,40000000	0,99724428
728,60000000	0,99710396
728,80000000	0,99730372
729,00000000	0,99733476
729,20000000	0,99724322
729,40000000	0,99734832
729,60000000	0,99726101
729,80000000	0,99737551
730,00000000	0,99739194
730,20000000	0,99776393
730,40000000	0,99768240
730,60000000	0,99762070
730,80000000	0,99799035
731,00000000	0,99793922
731,20000000	0,99783222
731,40000000	0,99801926
731,60000000	0,99799826
731,80000000	0,99812501
732,00000000	0,99814731
732,20000000	0,99810640
732,40000000	0,99806837
732,60000000	0,99831618
732,80000000	0,99824552
733,00000000	0,99814252
733,20000000	0,99819679
733,40000000	0,99837946
733,60000000	0,99853631
733,80000000	0,99844008
734,00000000	0,99862955
734,20000000	0,99879663
734,40000000	0,99870731
734,60000000	0,99887850
734,80000000	0,99901984
735,00000000	0,99902227
735,20000000	0,99907634
735,40000000	0,99919369
735,60000000	0,99926058
735,80000000	0,99927536
736,00000000	0,99922583
736,20000000	0,99916198
736,40000000	0,99922267
736,60000000	0,99936396
736,80000000	0,99932292
737,00000000	0,99938217
737,20000000	0,99953833
737,40000000	0,99967786
737,60000000	0,99960740
737,80000000	0,99964529
738,00000000	0,99979228
738,20000000	0,99982658
738,40000000	0,99984959
738,60000000	0,99993770
738,80000000	0,99993335
739,00000000	0,99995832
739,20000000	0,99997564
739,40000000	0,99998876
739,60000000	0,99997452
739,80000000	0,99999361
740,00000000	0,99999763
740,20000000	0,99999440
740,40000000	0,99999816
740,60000000	0,99998056
740,80000000	0,99996345
741,00000000	0,99995030
741,20000000	0,99988313
741,40000000	0,99986543
741,60000000	0,99984150
741,80000000	0,99970735
742,00000000	0,99955033
742,20000000	0,99958321
742,40000000	0,99951592
742,60000000	0,99932809
742,80000000	0,99922373
743,00000000	0,99918878
743,20000000	0,99910163
743,40000000	0,99914351
743,60000000	0,99909830
743,80000000	0,99894070
744,00000000	0,99874990
744,20000000	0,99883954
744,40000000	0,99857282
744,60000000	0,99815603
744,80000000	0,99820503
745,00000000	0,99816123
745,20000000	0,99781993
745,40000000	0,99740322
745,60000000	0,99709551
745,80000000	0,99693084
746,00000000	0,99686517
746,20000000	0,99662931
746,40000000	0,99635736
746,60000000	0,99646172
746,80000000	0,99646832
747,00000000	0,99617576
747,20000000	0,99599350
747,40000000	0,99593594
747,60000000	0,99536336
747,80000000	0,99489328
748,00000000	0,99468016
748,20000000	0,99413607
748,40000000	0,99375611
748,60000000	0,99357909
748,80000000	0,99346808
749,00000000	0,99299688
749,20000000	0,99261818
749,40000000	0,99245686
749,60000000	0,99160442
749,80000000	0,99134718
750,00000000	0,99151246
750,20000000	0,99102766
750,40000000	0,99015648
750,60000000	0,99009392
750,80000000	0,98994264
751,00000000	0,98900948
751,20000000	0,98860879
751,40000000	0,98819407
751,60000000	0,98783690
751,80000000	0,98747997
752,00000000	0,98640551
752,20000000	0,98575853
752,40000000	0,98575623
752,60000000	0,98576390
752,80000000	0,98442496
753,00000000	0,98390326
753,20000000	0,98412101
753,40000000	0,98316009
753,60000000	0,98269080
753,80000000	0,98217470
754,00000000	0,98171183
754,20000000	0,98108126
754,40000000	0,98088176
754,60000000	0,98062491
754,80000000	0,97976922
755,00000000	0,97989208
755,20000000	0,97957993
755,40000000	0,97847498
755,60000000	0,97721851
755,80000000	0,97662473
756,00000000	0,97621091
756,20000000	0,97559164
756,40000000	0,97531025
756,60000000	0,97519115
756,80000000	0,97508665
757,00000000	0,97438544
757,20000000	0,97306922
757,40000000	0,97241365
757,60000000	0,97233283
757,80000000	0,97141526
758,00000000	0,97042579
758,20000000	0,97031657
758,40000000	0,96990106
758,60000000	0,96842084
758,80000000	0,96760408
759,00000000	0,96760651
759,20000000	0,96685908
759,40000000	0,96579194
759,60000000	0,96553901
759,80000000	0,96479782
760,00000000	0,96424943
760,20000000	0,96317307
760,40000000	0,96328192
760,60000000	0,96306521
760,80000000	0,96164673
761,00000000	0,96034860
761,20000000	0,95959276
761,40000000	0,95926504
761,60000000	0,95871973
761,80000000	0,95834097
762,00000000	0,95731848
762,20000000	0,95531061
762,40000000	0,95606127
762,60000000	0,95662095
762,80000000	0,95486373
763,00000000	0,95509817
763,20000000	0,95450690
763,40000000	0,95352975
763,60000000	0,95238571
763,80000000	0,95076560
764,00000000	0,95088048
764,20000000	0,95064824
764,40000000	0,94961720
764,60000000	0,94903518
764,80000000	0,94877811
765,00000000	0,94785736
765,20000000	0,94575406
765,40000000	0,94664565
765,60000000	0,94652927
765,80000000	0,94393574
766,00000000	0,94303828
766,20000000	0,94404378
766,40000000	0,94348870
766,60000000	0,94176295
766,80000000	0,94165662
767,00000000	0,94093339
767,20000000	0,94059544
767,40000000	0,93899625
767,60000000	0,93857510
767,80000000	0,93844580
768,00000000	0,93713509
768,20000000	0,93797534
768,40000000	0,93647492
768,60000000	0,93551573
768,80000000	0,93591209
769,00000000	0,93445324
769,20000000	0,93277849
769,40000000	0,93166303
769,60000000	0,93241869
769,80000000	0,93170144
770,00000000	0,92962820
770,20000000	0,92998357
770,40000000	0,92971490
770,60000000	0,92844392
770,80000000	0,92742145
771,00000000	0,92735011
771,20000000	0,92676020
771,40000000	0,92451047
771,60000000	0,92394158
771,80000000	0,92555855
772,00000000	0,92433661
772,20000000	0,92219164
772,40000000	0,92332851
772,60000000	0,92376173
772,80000000	0,92133846
773,00000000	0,91904876
773,20000000	0,91933799
773,40000000	0,91949252
773,60000000	0,91811818
773,80000000	0,91752493
774,00000000	0,91722366
774,20000000	0,91659202
774,40000000	0,91472172
774,60000000	0,91416657
774,80000000	0,91304737
775,00000000	0,91355603
775,20000000	0,91276356
775,40000000	0,91332220
775,60000000	0,91210127
775,80000000	0,91041763
776,00000000	0,91109777
776,20000000	0,91033595
776,40000000	0,90804758
776,60000000	0,90685043
776,80000000	0,90634135
777,00000000	0,90636214
777,20000000	0,90639531
777,40000000	0,90795293
777,60000000	0,90481284
777,80000000	0,90253167
778,00000000	0,90187487
778,20000000	0,90279901
778,40000000	0,90232284
778,60000000	0,90119824
778,80000000	0,90026496
779,00000000	0,90023436
779,20000000	0,89941193
779,40000000	0,89692345
779,60000000	0,89717016
779,80000000	0,89824358
780,00000000	0,89494560
780,20000000	0,89522580
780,40000000	0,89585887
780,60000000	0,89413652
780,80000000	0,89313318
781,00000000	0,89465699
781,20000000	0,89062865
781,40000000	0,88974874
781,60000000	0,89076443
781,80000000	0,89252309
782,00000000	0,88876523
782,20000000	0,88712889
782,40000000	0,88713422
782,60000000	0,88646241
782,80000000	0,88585347
783,00000000	0,88396986
783,20000000	0,88562129
783,40000000	0,88377915
783,60000000	0,88072418
783,80000000	0,88181403
784,00000000	0,88179586
784,20000000	0,87808712
784,40000000	0,87820787
784,60000000	0,87837534
784,80000000	0,87585349
785,00000000	0,87537503
785,20000000	0,87716534
785,40000000	0,87721391
785,60000000	0,87514092
785,80000000	0,87223892
786,00000000	0,87249926
786,20000000	0,87139600
786,40000000	0,87082923
786,60000000	0,86937975
786,80000000	0,87032380
787,00000000	0,86753710
787,20000000	0,86880530
787,40000000	0,86797133
787,60000000	0,86700458
787,80000000	0,86628365
788,00000000	0,86638570
788,20000000	0,86333656
788,40000000	0,86157096
788,60000000	0,85993666
788,80000000	0,86050439
789,00000000	0,85920700
789,20000000	0,85788508
789,40000000	0,85807157
789,60000000	0,85763012
789,80000000	0,85589020
790,00000000	0,85708937
790,20000000	0,85571625
790,40000000	0,85582278
790,60000000	0,85247981
790,80000000	0,85281227
791,00000000	0,85262818
791,20000000	0,84874997
791,40000000	0,84754346
791,60000000	0,84889886
791,80000000	0,84768320
792,00000000	0,84540035
792,20000000	0,84500658
792,40000000	0,84612585
792,60000000	0,84270623
792,80000000	0,84197525
793,00000000	0,83903378
793,20000000	0,83932256
793,40000000	0,83736249
793,60000000	0,84104617
793,80000000	0,84101284
794,00000000	0,83911125
794,20000000	0,83489330
794,40000000	0,83399756
794,60000000	0,83694300
794,80000000	0,83619677
795,00000000	0,83273717
795,20000000	0,83019393
795,40000000	0,83090997
795,60000000	0,83042246
795,80000000	0,83002862
796,00000000	0,82972538
796,20000000	0,82818096
796,40000000	0,82768686
796,60000000	0,82609219
796,80000000	0,82381765
797,00000000	0,82245687
797,20000000	0,82565358
797,40000000	0,82270521
797,60000000	0,81907734
797,80000000	0,82245494
798,00000000	0,81962674
798,20000000	0,81935851
798,40000000	0,81771978
798,60000000	0,81657071
798,80000000	0,81907746
799,00000000	0,81668855
799,20000000	0,81686581
799,40000000	0,81672467
799,60000000	0,81350761
799,80000000	0,81361759
800,00000000	0,81386922
800,20000000	0,81485292
800,40000000	0,81202169
800,60000000	0,80950971
800,80000000	0,81376917
801,00000000	0,80976876
801,20000000	0,81094870
801,40000000	0,80930596
801,60000000	0,80736730
801,80000000	0,80595315
802,00000000	0,80822912
802,20000000	0,80680539
802,40000000	0,80462881
802,60000000	0,80773436
802,80000000	0,80334187
803,00000000	0,80286324
803,20000000	0,80290395
803,40000000	0,80205123
803,60000000	0,80225461
803,80000000	0,80249378
804,00000000	0,80070870
804,20000000	0,80196427
804,40000000	0,79972848
804,60000000	0,80025278
804,80000000	0,80138917
805,00000000	0,79923647
805,20000000	0,79733497
805,40000000	0,79892332
805,60000000	0,80052694
805,80000000	0,79583449
806,00000000	0,79444404
806,20000000	0,79709547
806,40000000	0,79635958
806,60000000	0,79362309
806,80000000	0,79449709
807,00000000	0,79380050
807,20000000	0,79333489
807,40000000	0,79523491
807,60000000	0,79723884
807,80000000	0,79330257
808,00000000	0,79272494
808,20000000	0,79422500
808,40000000	0,79098500
808,60000000	0,79228847
808,80000000	0,79002091
809,00000000	0,79065267
809,20000000	0,79162770
809,40000000	0,79147846
809,60000000	0,78999608
809,80000000	0,78847773
810,00000000	0,79030674
810,20000000	0,78885133
810,40000000	0,78973146
810,60000000	0,78817223
810,80000000	0,78652645
811,00000000	0,78996131
811,20000000	0,78819146
811,40000000	0,78675392
811,60000000	0,78746889
811,80000000	0,78678066
812,00000000	0,78646289
812,20000000	0,78697407
812,40000000	0,78445973
812,60000000	0,78368955
812,80000000	0,78371274
813,00000000	0,78437076
813,20000000	0,78353605
813,40000000	0,78238302
813,60000000	0,78366606
813,80000000	0,78146073
814,00000000	0,77910018
814,20000000	0,78148897
814,40000000	0,77868014
814,60000000	0,77689427
814,80000000	0,77816216
815,00000000	0,77430064
815,20000000	0,77613885
815,40000000	0,77605982
815,60000000	0,77846764
815,80000000	0,77771662
816,00000000	0,77434333
816,20000000	0,77288970
816,40000000	0,77360619
816,60000000	0,77120258
816,80000000	0,77266262
817,00000000	0,77106168
817,20000000	0,77051583
817,40000000	0,77450380
817,60000000	0,76962138
817,80000000	0,76675915
818,00000000	0,76968631
818,20000000	0,76714105
818,40000000	0,76487614
818,60000000	0,76561869
818,80000000	0,76311276
819,00000000	0,76211918
819,20000000	0,76118195
819,40000000	0,76277079
819,60000000	0,75879511
819,80000000	0,75767176
820,00000000	0,75654065
820,20000000	0,75571069
820,40000000	0,75236710
820,60000000	0,75428353
820,80000000	0,75285245
821,00000000	0,75251494
821,20000000	0,75342637
821,40000000	0,75060862
821,60000000	0,74648194
821,80000000	0,74923245
822,00000000	0,74747305
822,20000000	0,74657675
822,40000000	0,74337130
822,60000000	0,74388670
822,80000000	0,74256169
823,00000000	0,74279668
823,20000000	0,73673692
823,40000000	0,73880196
823,60000000	0,73779707
823,80000000	0,73475053
824,00000000	0,73202944
824,20000000	0,73456944
824,40000000	0,72836427
824,60000000	0,72703522
824,80000000	0,73046726
825,00000000	0,72835998
825,20000000	0,72627561
825,40000000	0,72467483
825,60000000	0,72749484
825,80000000	0,72568991
826,00000000	0,72553329
826,20000000	0,72052401
826,40000000	0,71801694
826,60000000	0,72165510
826,80000000	0,71974846
827,00000000	0,71525311
827,20000000	0,71376419
827,40000000	0,71196059
827,60000000	0,71106194
827,80000000	0,70673384
828,00000000	0,70824859
828,20000000	0,71001890
828,40000000	0,70836347
828,60000000	0,70766585
828,80000000	0,70355658
829,00000000	0,70274398
829,20000000	0,70134397
829,40000000	0,70477891
829,60000000	0,70026417
829,80000000	0,69713210
830,00000000	0,69850002
830,20000000	0,69959700
830,40000000	0,69762772
830,60000000	0,69047692
830,80000000	0,69351843
831,00000000	0,69173203
831,20000000	0,69154231
831,40000000	0,69420556
831,60000000	0,68686436
831,80000000	0,68964564
832,00000000	0,69061805
832,20000000	0,68981923
832,40000000	0,68584422
832,60000000	0,67801045
832,80000000	0,68193409
833,00000000	0,68807209
833,20000000	0,68558984
833,40000000	0,67717329
833,60000000	0,67543223
833,80000000	0,68232686
834,00000000	0,68388488
834,20000000	0,68186488
834,40000000	0,67713648
834,60000000	0,67435027
834,80000000	0,67624805
835,00000000	0,68120468
835,20000000	0,67399036
835,40000000	0,66819465
835,60000000	0,67533326
835,80000000	0,67912394
836,00000000	0,67797649
836,20000000	0,67285398
836,40000000	0,66954963
836,60000000	0,67084025
836,80000000	0,67728511
837,00000000	0,67533463
837,20000000	0,66562367
837,40000000	0,66685329
837,60000000	0,66785857
837,80000000	0,67500626
838,00000000	0,66695527
838,20000000	0,66194966
838,40000000	0,67065117
838,60000000	0,67077430
838,80000000	0,67552082
839,00000000	0,66383629
839,20000000	0,66453288
839,40000000	0,66596837
839,60000000	0,67142919
839,80000000	0,67056174
840,00000000	0,66427521
840,20000000	0,66246817
840,40000000	0,67057101
840,60000000	0,66867016
840,80000000	0,66479053
841,00000000	0,66265586
841,20000000	0,66599449
841,40000000	0,67050691
841,60000000	0,66915841
841,80000000	0,66210585
842,00000000	0,66206785
842,20000000	0,66668530
842,40000000	0,67045372
842,60000000	0,66463445
842,80000000	0,66223120
843,00000000	0,66213875
843,20000000	0,67023177
843,40000000	0,67230656
843,60000000	0,66361374
843,80000000	0,66213494
844,00000000	0,66443139
844,20000000	0,67265302
844,40000000	0,67335906
844,60000000	0,66138785
844,80000000	0,66631393
845,00000000	0,67047895
845,20000000	0,67535552
845,40000000	0,66918609
845,60000000	0,66394463
845,80000000	0,66906595
846,00000000	0,67214271
846,20000000	0,67219043
846,40000000	0,67059677
846,60000000	0,66715018
846,80000000	0,66585020
847,00000000	0,67383346
847,20000000	0,67472533
847,40000000	0,66755623
847,60000000	0,66142886
847,80000000	0,67455249
848,00000000	0,67694740
848,20000000	0,67278907
848,40000000	0,66488999
848,60000000	0,66927339
848,80000000	0,67614726
849,00000000	0,67488299
849,20000000	0,66873710
849,40000000	0,66953706
849,60000000	0,67191660
849,80000000	0,67716416
850,00000000	0,67633326
850,20000000	0,67216141
850,40000000	0,67166927
850,60000000	0,67665096
850,80000000	0,67779606
851,00000000	0,67317026
851,20000000	0,66938932
851,40000000	0,67026434
851,60000000	0,67732617
851,80000000	0,67533706
852,00000000	0,67025283
852,20000000	0,67150562
852,40000000	0,67230694
852,60000000	0,67719365
852,80000000	0,68013847
853,00000000	0,66916536
853,20000000	0,67246005
853,40000000	0,67719127
853,60000000	0,67878426
853,80000000	0,67171682
854,00000000	0,67528314
854,20000000	0,67607912
854,40000000	0,67874120
854,60000000	0,67754254
854,80000000	0,67047203
855,00000000	0,67253600
855,20000000	0,67725513
855,40000000	0,67662762
855,60000000	0,67301314
855,80000000	0,67450511
856,00000000	0,67392846
856,20000000	0,67351944
856,40000000	0,67611206
856,60000000	0,66864284
856,80000000	0,67161496
857,00000000	0,67242480
857,20000000	0,67454290
857,40000000	0,67405196
857,60000000	0,67013427
857,80000000	0,67278688
858,00000000	0,67437672
858,20000000	0,67140904
858,40000000	0,66729958
858,60000000	0,66995849
858,80000000	0,67276769
859,00000000	0,66814651
859,20000000	0,66956981
859,40000000	0,66491374
859,60000000	0,67085048
859,80000000	0,66865573
860,00000000	0,66628997
860,20000000	0,67079075
860,40000000	0,66493146
860,60000000	0,66638402
860,80000000	0,67056461
861,00000000	0,66364215
861,20000000	0,66700537
861,40000000	0,66713321
861,60000000	0,66356511
861,80000000	0,66573509
862,00000000	0,66249255
862,20000000	0,66673397
862,40000000	0,66563442
862,60000000	0,66085639
862,80000000	0,66154735
863,00000000	0,66396072
863,20000000	0,65828648
863,40000000	0,66377495
863,60000000	0,66324734
863,80000000	0,65913585
864,00000000	0,65901207
864,20000000	0,66051422
864,40000000	0,66093344
864,60000000	0,65864765
864,80000000	0,65669863
865,00000000	0,65799658
865,20000000	0,65720038
865,40000000	0,65905951
865,60000000	0,65634271
865,80000000	0,65502889
866,00000000	0,65370953
866,20000000	0,65573460
866,40000000	0,65669778
866,60000000	0,65207343
866,80000000	0,65234352
867,00000000	0,65838100
867,20000000	0,65447810
867,40000000	0,65284514
867,60000000	0,65259654
867,80000000	0,65181561
868,00000000	0,65108027
868,20000000	0,65544967
868,40000000	0,65300811
868,60000000	0,64796985
868,80000000	0,65129191
869,00000000	0,65564680
869,20000000	0,65380547
869,40000000	0,64684112
869,60000000	0,64626512
869,80000000	0,65362596
870,00000000	0,65267882
870,20000000	0,64742090
870,40000000	0,64877842
870,60000000	0,64607957
870,80000000	0,64882754
871,00000000	0,64836549
871,20000000	0,64638448
871,40000000	0,64806058
871,60000000	0,64575579
871,80000000	0,64770590
872,00000000	0,65181831
872,20000000	0,64742926
872,40000000	0,64574950
872,60000000	0,64920522
872,80000000	0,64689445
873,00000000	0,64599105
873,20000000	0,64343082
873,40000000	0,64889354
873,60000000	0,64899557
873,80000000	0,64189889
874,00000000	0,65017861
874,20000000	0,64436396
874,40000000	0,63939004
874,60000000	0,65076763
874,80000000	0,65040756
875,00000000	0,64481612
875,20000000	0,64431227
875,40000000	0,64800756
875,60000000	0,64891959
875,80000000	0,64713219
876,00000000	0,64072655
876,20000000	0,64473302
876,40000000	0,64263323
876,60000000	0,64772713
876,80000000	0,64567298
877,00000000	0,64076283
877,20000000	0,64083736
877,40000000	0,64662120
877,60000000	0,64462260
877,80000000	0,64057406
878,00000000	0,64264462
878,20000000	0,64602890
878,40000000	0,64596693
878,60000000	0,64235979
878,80000000	0,64111612
879,00000000	0,64605491
879,20000000	0,64428673
879,40000000	0,64622565
879,60000000	0,64462751
879,80000000	0,64112646
880,00000000	0,64459747
880,20000000	0,64618928
880,40000000	0,63892384
880,60000000	0,63457485
880,80000000	0,63950885
881,00000000	0,64199591
881,20000000	0,64228301
881,40000000	0,64198597
881,60000000	0,64661855
881,80000000	0,64516455
882,00000000	0,64119679
882,20000000	0,64578271
882,40000000	0,63816585
882,60000000	0,63764223
882,80000000	0,64475044
883,00000000	0,64015364
883,20000000	0,63638307
883,40000000	0,63847064
883,60000000	0,64174422
883,80000000	0,64617599
884,00000000	0,63696826
884,20000000	0,63549252
884,40000000	0,63958049
884,60000000	0,63746515
884,80000000	0,64136164
885,00000000	0,63864401
885,20000000	0,63777661
885,40000000	0,63289415
885,60000000	0,64195439
885,80000000	0,64028202
886,00000000	0,63208974
886,20000000	0,63731652
886,40000000	0,63991395
886,60000000	0,63790144
886,80000000	0,63519084
887,00000000	0,63690124
887,20000000	0,63472267
887,40000000	0,63030340
887,60000000	0,63484718
887,80000000	0,63774510
888,00000000	0,63286963
888,20000000	0,63658651
888,40000000	0,63831857
888,60000000	0,63399997
888,80000000	0,63176125
889,00000000	0,63094069
889,20000000	0,63716976
889,40000000	0,63321342
889,60000000	0,62909194
889,80000000	0,63049286
890,00000000	0,63121655
890,20000000	0,63397156
890,40000000	0,63585995
890,60000000	0,63450900
890,80000000	0,62715947
891,00000000	0,63309650
891,20000000	0,63818258
891,40000000	0,63006896
891,60000000	0,62844650
891,80000000	0,63177189
892,00000000	0,63429588
892,20000000	0,63079251
892,40000000	0,62892522
892,60000000	0,63044287
892,80000000	0,63043265
893,00000000	0,63438178
893,20000000	0,63632969
893,40000000	0,63068866
893,60000000	0,62685567
893,80000000	0,63211843
894,00000000	0,63521134
894,20000000	0,62958594
894,40000000	0,62964448
894,60000000	0,63222934
894,80000000	0,63376162
895,00000000	0,63314498
895,20000000	0,63067999
895,40000000	0,63097645
895,60000000	0,63564101
895,80000000	0,63445819
896,00000000	0,63372976
896,20000000	0,62997748
896,40000000	0,63035998
896,60000000	0,63735797
896,80000000	0,63395764
897,00000000	0,63350285
897,20000000	0,63180702
897,40000000	0,63746063
897,60000000	0,63597127
897,80000000	0,63445911
898,00000000	0,63950225
898,20000000	0,63380200
898,40000000	0,63545838
898,60000000	0,64133376
898,80000000	0,63784281
899,00000000	0,63357819
899,20000000	0,64262904
899,40000000	0,64452406
899,60000000	0,64091796
899,80000000	0,63969468
900,00000000	0,64107127
