150,00000000	0,96491359
150,20000000	0,96352362
150,40000000	0,97110579
150,60000000	0,95972378
150,80000000	0,96494662
151,00000000	0,96902343
151,20000000	0,95434944
151,40000000	0,95588904
151,60000000	0,96513077
151,80000000	0,96794713
152,00000000	0,96627930
152,20000000	0,96374055
152,40000000	0,96533035
152,60000000	0,96727088
152,80000000	0,96622013
153,00000000	0,96875897
153,20000000	0,96385548
153,40000000	0,96666876
153,60000000	0,96313799
153,80000000	0,96733741
154,00000000	0,97367268
154,20000000	0,97022335
154,40000000	0,97213302
154,60000000	0,97643067
154,80000000	0,96995741
155,00000000	0,96576902
155,20000000	0,97558246
155,40000000	0,96694482
155,60000000	0,97834935
155,80000000	0,97930090
156,00000000	0,97088294
156,20000000	0,97448270
156,40000000	0,97666655
156,60000000	0,97083971
156,80000000	0,97333137
157,00000000	0,97501627
157,20000000	0,97773573
157,40000000	0,98293056
157,60000000	0,98231535
157,80000000	0,98135506
158,00000000	0,97398411
158,20000000	0,98383560
158,40000000	0,98301473
158,60000000	0,97624926
158,80000000	0,97339413
159,00000000	0,97498958
159,20000000	0,97540341
159,40000000	0,96953570
159,60000000	0,97528536
159,80000000	0,97257877
160,00000000	0,97361880
160,20000000	0,96931021
160,40000000	0,96079980
160,60000000	0,96115517
160,80000000	0,96646050
161,00000000	0,96505262
161,20000000	0,95445821
161,40000000	0,96499582
161,60000000	0,95779453
161,80000000	0,95870533
162,00000000	0,96520934
162,20000000	0,95286171
162,40000000	0,95550753
162,60000000	0,95494854
162,80000000	0,95454217
163,00000000	0,95156320
163,20000000	0,95128757
163,40000000	0,95942984
163,60000000	0,95272722
163,80000000	0,94324318
164,00000000	0,95048920
164,20000000	0,94939545
164,40000000	0,96120499
164,60000000	0,95495400
164,80000000	0,95664765
165,00000000	0,95981970
165,20000000	0,95450525
165,40000000	0,96356996
165,60000000	0,95754884
165,80000000	0,96103043
166,00000000	0,96404247
166,20000000	0,96300020
166,40000000	0,95961146
166,60000000	0,95145654
166,80000000	0,95701134
167,00000000	0,95559561
167,20000000	0,94893086
167,40000000	0,95289112
167,60000000	0,95506698
167,80000000	0,94300508
168,00000000	0,94643752
168,20000000	0,94638733
168,40000000	0,94788932
168,60000000	0,94656961
168,80000000	0,94442295
169,00000000	0,94798487
169,20000000	0,95094050
169,40000000	0,94675693
169,60000000	0,94250692
169,80000000	0,94496931
170,00000000	0,94707709
170,20000000	0,95136648
170,40000000	0,94700840
170,60000000	0,95479024
170,80000000	0,95866001
171,00000000	0,95758883
171,20000000	0,95310473
171,40000000	0,95751598
171,60000000	0,95271174
171,80000000	0,95837495
172,00000000	0,95398681
172,20000000	0,94836512
172,40000000	0,94490910
172,60000000	0,95157802
172,80000000	0,94584807
173,00000000	0,94165524
173,20000000	0,95162320
173,40000000	0,95581011
173,60000000	0,95055433
173,80000000	0,95436611
174,00000000	0,95753102
174,20000000	0,95587750
174,40000000	0,95692939
174,60000000	0,95978780
174,80000000	0,96417985
175,00000000	0,96522263
175,20000000	0,96210147
175,40000000	0,96141404
175,60000000	0,96401557
175,80000000	0,95952601
176,00000000	0,95504092
176,20000000	0,96026741
176,40000000	0,95968504
176,60000000	0,96038605
176,80000000	0,95385669
177,00000000	0,95446086
177,20000000	0,96295579
177,40000000	0,96340533
177,60000000	0,96666791
177,80000000	0,96545279
178,00000000	0,96990309
178,20000000	0,96611902
178,40000000	0,96403255
178,60000000	0,96305339
178,80000000	0,96818588
179,00000000	0,96384618
179,20000000	0,96334395
179,40000000	0,96540716
179,60000000	0,96580778
179,80000000	0,96229631
180,00000000	0,96416330
180,20000000	0,96940271
180,40000000	0,96548799
180,60000000	0,96464922
180,80000000	0,97084892
181,00000000	0,97001907
181,20000000	0,96850165
181,40000000	0,97029859
181,60000000	0,96992437
181,80000000	0,97302255
182,00000000	0,96865909
182,20000000	0,96933184
182,40000000	0,97259193
182,60000000	0,97149840
182,80000000	0,96856193
183,00000000	0,97010013
183,20000000	0,97402582
183,40000000	0,97207530
183,60000000	0,97422126
183,80000000	0,97652705
184,00000000	0,97363222
184,20000000	0,97603568
184,40000000	0,97516270
184,60000000	0,97554174
184,80000000	0,97547539
185,00000000	0,97156530
185,20000000	0,97464497
185,40000000	0,97623959
185,60000000	0,97240123
185,80000000	0,97541448
186,00000000	0,97804490
186,20000000	0,97609454
186,40000000	0,97777526
186,60000000	0,98087580
186,80000000	0,97898708
187,00000000	0,97725226
187,20000000	0,97405997
187,40000000	0,97419542
187,60000000	0,97284257
187,80000000	0,97479286
188,00000000	0,97581452
188,20000000	0,97528600
188,40000000	0,97503656
188,60000000	0,97699183
188,80000000	0,97797672
189,00000000	0,98052647
189,20000000	0,97790053
189,40000000	0,97807849
189,60000000	0,97903177
189,80000000	0,97843419
190,00000000	0,97677003
190,20000000	0,97631857
190,40000000	0,97577826
190,60000000	0,97811465
190,80000000	0,97646556
191,00000000	0,97688548
191,20000000	0,97488790
191,40000000	0,97598057
191,60000000	0,97855058
191,80000000	0,97866311
192,00000000	0,98015084
192,20000000	0,97951428
192,40000000	0,98028931
192,60000000	0,97690678
192,80000000	0,97494220
193,00000000	0,97763829
193,20000000	0,97711059
193,40000000	0,97856106
193,60000000	0,97674456
193,80000000	0,97806173
194,00000000	0,97983086
194,20000000	0,98009144
194,40000000	0,97965027
194,60000000	0,97818557
194,80000000	0,97837001
195,00000000	0,97779068
195,20000000	0,97604138
195,40000000	0,97638738
195,60000000	0,97613665
195,80000000	0,97610066
196,00000000	0,97677284
196,20000000	0,97992961
196,40000000	0,97947730
196,60000000	0,97825427
196,80000000	0,97861723
197,00000000	0,97849886
197,20000000	0,97774052
197,40000000	0,97691597
197,60000000	0,97491342
197,80000000	0,97729645
198,00000000	0,98033601
198,20000000	0,97695745
198,40000000	0,97987080
198,60000000	0,98061956
198,80000000	0,97977903
199,00000000	0,98006270
199,20000000	0,98023096
199,40000000	0,97767331
199,60000000	0,97872039
199,80000000	0,97781172
200,00000000	0,97794142
200,20000000	0,97937642
200,40000000	0,97811356
200,60000000	0,97936096
200,80000000	0,98253769
201,00000000	0,97943935
201,20000000	0,98179886
201,40000000	0,98093948
201,60000000	0,98023531
201,80000000	0,98118466
202,00000000	0,98075238
202,20000000	0,98060521
202,40000000	0,98235201
202,60000000	0,98100479
202,80000000	0,98105599
203,00000000	0,97984953
203,20000000	0,98083270
203,40000000	0,98283624
203,60000000	0,97968161
203,80000000	0,97763859
204,00000000	0,98063110
204,20000000	0,97874231
204,40000000	0,98147123
204,60000000	0,98266927
204,80000000	0,98119320
205,00000000	0,98327219
205,20000000	0,98443472
205,40000000	0,98219381
205,60000000	0,98373028
205,80000000	0,98121425
206,00000000	0,98087174
206,20000000	0,98054041
206,40000000	0,98118659
206,60000000	0,98270778
206,80000000	0,98217981
207,00000000	0,98227727
207,20000000	0,98529843
207,40000000	0,98446119
207,60000000	0,98272929
207,80000000	0,98297097
208,00000000	0,98409253
208,20000000	0,98348190
208,40000000	0,98261498
208,60000000	0,98424973
208,80000000	0,98729533
209,00000000	0,98590767
209,20000000	0,98442615
209,40000000	0,98258446
209,60000000	0,98272162
209,80000000	0,98225474
210,00000000	0,98258104
210,20000000	0,98352335
210,40000000	0,98436746
210,60000000	0,98509609
210,80000000	0,98572675
211,00000000	0,98327884
211,20000000	0,98277944
211,40000000	0,98358425
211,60000000	0,98266256
211,80000000	0,98388546
212,00000000	0,98465126
212,20000000	0,98426422
212,40000000	0,98458972
212,60000000	0,98475835
212,80000000	0,98403585
213,00000000	0,98382050
213,20000000	0,98383985
213,40000000	0,98493543
213,60000000	0,98412334
213,80000000	0,98328186
214,00000000	0,98431362
214,20000000	0,98490587
214,40000000	0,98546274
214,60000000	0,98458043
214,80000000	0,98383430
215,00000000	0,98364041
215,20000000	0,98346830
215,40000000	0,98273179
215,60000000	0,98307457
215,80000000	0,98349196
216,00000000	0,98441982
216,20000000	0,98507392
216,40000000	0,98414041
216,60000000	0,98320094
216,80000000	0,98286491
217,00000000	0,98202640
217,20000000	0,98371729
217,40000000	0,98429810
217,60000000	0,98369780
217,80000000	0,98395576
218,00000000	0,98345660
218,20000000	0,98364675
218,40000000	0,98311698
218,60000000	0,98145391
218,80000000	0,98231131
219,00000000	0,98312086
219,20000000	0,98372692
219,40000000	0,98369366
219,60000000	0,98174347
219,80000000	0,98167198
220,00000000	0,98314514
220,20000000	0,98305355
220,40000000	0,98294735
220,60000000	0,98299617
220,80000000	0,98346694
221,00000000	0,98372124
221,20000000	0,98289158
221,40000000	0,98299500
221,60000000	0,98317269
221,80000000	0,98261591
222,00000000	0,98284647
222,20000000	0,98307319
222,40000000	0,98307799
222,60000000	0,98327661
222,80000000	0,98328706
223,00000000	0,98241439
223,20000000	0,98234656
223,40000000	0,98293353
223,60000000	0,98319034
223,80000000	0,98381767
224,00000000	0,98254472
224,20000000	0,98216866
224,40000000	0,98329021
224,60000000	0,98375892
224,80000000	0,98429526
225,00000000	0,98435736
225,20000000	0,98453556
225,40000000	0,98545018
225,60000000	0,98583224
225,80000000	0,98461269
226,00000000	0,98443095
226,20000000	0,98529076
226,40000000	0,98540767
226,60000000	0,98539428
226,80000000	0,98595595
227,00000000	0,98679114
227,20000000	0,98697268
227,40000000	0,98632419
227,60000000	0,98556454
227,80000000	0,98662988
228,00000000	0,98732198
228,20000000	0,98725330
228,40000000	0,98666117
228,60000000	0,98662920
228,80000000	0,98669503
229,00000000	0,98771334
229,20000000	0,98875154
229,40000000	0,98897363
229,60000000	0,98872665
229,80000000	0,98902999
230,00000000	0,98861629
230,20000000	0,98927026
230,40000000	0,98967364
230,60000000	0,99002398
230,80000000	0,98993779
231,00000000	0,99004058
231,20000000	0,99036994
231,40000000	0,99092614
231,60000000	0,99089321
231,80000000	0,99145291
232,00000000	0,99200533
232,20000000	0,99147048
232,40000000	0,99190207
232,60000000	0,99253783
232,80000000	0,99218528
233,00000000	0,99191607
233,20000000	0,99289528
233,40000000	0,99370768
233,60000000	0,99398560
233,80000000	0,99365078
234,00000000	0,99363388
234,20000000	0,99363427
234,40000000	0,99329265
234,60000000	0,99403848
234,80000000	0,99468341
235,00000000	0,99464103
235,20000000	0,99510008
235,40000000	0,99519514
235,60000000	0,99526062
235,80000000	0,99495261
236,00000000	0,99483221
236,20000000	0,99526379
236,40000000	0,99614519
236,60000000	0,99621263
236,80000000	0,99601204
237,00000000	0,99655352
237,20000000	0,99699382
237,40000000	0,99696007
237,60000000	0,99687374
237,80000000	0,99705486
238,00000000	0,99720475
238,20000000	0,99741989
238,40000000	0,99719102
238,60000000	0,99734179
238,80000000	0,99765534
239,00000000	0,99772362
239,20000000	0,99787034
239,40000000	0,99762764
239,60000000	0,99749359
239,80000000	0,99791197
240,00000000	0,99831507
240,20000000	0,99828100
240,40000000	0,99820375
240,60000000	0,99834049
240,80000000	0,99850040
241,00000000	0,99875066
241,20000000	0,99898258
241,40000000	0,99898939
241,60000000	0,99904069
241,80000000	0,99901204
242,00000000	0,99914977
242,20000000	0,99905968
242,40000000	0,99879766
242,60000000	0,99900364
242,80000000	0,99906184
243,00000000	0,99914026
243,20000000	0,99935413
243,40000000	0,99927728
243,60000000	0,99917001
243,80000000	0,99937007
244,00000000	0,99940732
244,20000000	0,99941004
244,40000000	0,99945995
244,60000000	0,99930248
244,80000000	0,99914996
245,00000000	0,99926243
245,20000000	0,99950604
245,40000000	0,99936850
245,60000000	0,99919491
245,80000000	0,99941309
246,00000000	0,99965919
246,20000000	0,99944198
246,40000000	0,99940161
246,60000000	0,99960144
246,80000000	0,99962841
247,00000000	0,99956459
247,20000000	0,99944772
247,40000000	0,99948489
247,60000000	0,99945188
247,80000000	0,99935395
248,00000000	0,99928897
248,20000000	0,99940013
248,40000000	0,99943779
248,60000000	0,99947717
248,80000000	0,99941532
249,00000000	0,99946999
249,20000000	0,99934282
249,40000000	0,99915418
249,60000000	0,99923120
249,80000000	0,99929444
250,00000000	0,99924821
250,20000000	0,99908945
250,40000000	0,99928704
250,60000000	0,99924550
250,80000000	0,99897450
251,00000000	0,99898512
251,20000000	0,99912317
251,40000000	0,99923977
251,60000000	0,99927946
251,80000000	0,99912718
252,00000000	0,99916758
252,20000000	0,99918127
252,40000000	0,99898722
252,60000000	0,99926004
252,80000000	0,99945134
253,00000000	0,99922729
253,20000000	0,99890482
253,40000000	0,99894785
253,60000000	0,99912750
253,80000000	0,99920411
254,00000000	0,99908549
254,20000000	0,99899942
254,40000000	0,99883171
254,60000000	0,99883923
254,80000000	0,99884733
255,00000000	0,99873290
255,20000000	0,99875396
255,40000000	0,99887953
255,60000000	0,99875617
255,80000000	0,99850844
256,00000000	0,99855758
256,20000000	0,99869525
256,40000000	0,99871151
256,60000000	0,99869433
256,80000000	0,99879803
257,00000000	0,99868284
257,20000000	0,99841467
257,40000000	0,99814670
257,60000000	0,99813761
257,80000000	0,99837861
258,00000000	0,99852413
258,20000000	0,99870454
258,40000000	0,99872774
258,60000000	0,99837317
258,80000000	0,99806976
259,00000000	0,99835182
259,20000000	0,99850672
259,40000000	0,99800173
259,60000000	0,99808981
259,80000000	0,99827580
260,00000000	0,99828336
260,20000000	0,99813223
260,40000000	0,99777839
260,60000000	0,99761771
260,80000000	0,99794978
261,00000000	0,99818285
261,20000000	0,99783772
261,40000000	0,99721435
261,60000000	0,99695643
261,80000000	0,99712757
262,00000000	0,99765511
262,20000000	0,99777445
262,40000000	0,99727632
262,60000000	0,99658681
262,80000000	0,99652665
263,00000000	0,99718821
263,20000000	0,99719102
263,40000000	0,99638231
263,60000000	0,99619484
263,80000000	0,99671956
264,00000000	0,99676160
264,20000000	0,99637344
264,40000000	0,99648387
264,60000000	0,99654038
264,80000000	0,99616771
265,00000000	0,99589730
265,20000000	0,99613638
265,40000000	0,99608126
265,60000000	0,99578895
265,80000000	0,99569395
266,00000000	0,99572859
266,20000000	0,99535425
266,40000000	0,99551625
266,60000000	0,99573725
266,80000000	0,99562905
267,00000000	0,99555043
267,20000000	0,99485367
267,40000000	0,99510882
267,60000000	0,99564629
267,80000000	0,99491449
268,00000000	0,99385065
268,20000000	0,99404544
268,40000000	0,99465979
268,60000000	0,99493049
268,80000000	0,99438052
269,00000000	0,99390250
269,20000000	0,99402700
269,40000000	0,99439952
269,60000000	0,99467003
269,80000000	0,99458663
270,00000000	0,99426647
270,20000000	0,99413275
270,40000000	0,99386533
270,60000000	0,99395941
270,80000000	0,99422204
271,00000000	0,99412368
271,20000000	0,99361434
271,40000000	0,99335920
271,60000000	0,99305593
271,80000000	0,99293548
272,00000000	0,99341941
272,20000000	0,99319523
272,40000000	0,99309673
272,60000000	0,99327782
272,80000000	0,99327465
273,00000000	0,99294141
273,20000000	0,99237690
273,40000000	0,99231718
273,60000000	0,99305559
273,80000000	0,99334576
274,00000000	0,99261718
274,20000000	0,99204270
274,40000000	0,99149414
274,60000000	0,99209228
274,80000000	0,99278490
275,00000000	0,99271462
275,20000000	0,99160617
275,40000000	0,99036339
275,60000000	0,99046334
275,80000000	0,99203045
276,00000000	0,99283662
276,20000000	0,99147861
276,40000000	0,99012017
276,60000000	0,99000403
276,80000000	0,99089143
277,00000000	0,99131092
277,20000000	0,99119250
277,40000000	0,99033496
277,60000000	0,98964985
277,80000000	0,99049748
278,00000000	0,99092989
278,20000000	0,98961030
278,40000000	0,98873755
278,60000000	0,98933722
278,80000000	0,99011648
279,00000000	0,99038470
279,20000000	0,98990142
279,40000000	0,98842717
279,60000000	0,98779752
279,80000000	0,98864461
280,00000000	0,98913805
280,20000000	0,98793683
280,40000000	0,98645104
280,60000000	0,98660630
280,80000000	0,98784492
281,00000000	0,98825273
281,20000000	0,98622806
281,40000000	0,98484065
281,60000000	0,98547371
281,80000000	0,98649535
282,00000000	0,98586319
282,20000000	0,98364769
282,40000000	0,98323253
282,60000000	0,98340935
282,80000000	0,98342014
283,00000000	0,98360398
283,20000000	0,98190136
283,40000000	0,97972205
283,60000000	0,98040642
283,80000000	0,98234043
284,00000000	0,98199554
284,20000000	0,97951293
284,40000000	0,97691263
284,60000000	0,97773591
284,80000000	0,97989552
285,00000000	0,97929326
285,20000000	0,97574738
285,40000000	0,97335664
285,60000000	0,97466122
285,80000000	0,97700846
286,00000000	0,97624216
286,20000000	0,97304727
286,40000000	0,97147604
286,60000000	0,97333856
286,80000000	0,97532634
287,00000000	0,97289525
287,20000000	0,96820864
287,40000000	0,96760212
287,60000000	0,97012241
287,80000000	0,97045915
288,00000000	0,96773772
288,20000000	0,96404531
288,40000000	0,96482741
288,60000000	0,96712134
288,80000000	0,96549563
289,00000000	0,96224301
289,20000000	0,96143135
289,40000000	0,96356578
289,60000000	0,96460940
289,80000000	0,96241909
290,00000000	0,95896528
290,20000000	0,95811678
290,40000000	0,95965573
290,60000000	0,95972220
290,80000000	0,95714345
291,00000000	0,95371150
291,20000000	0,95243939
291,40000000	0,95429243
291,60000000	0,95547849
291,80000000	0,95331583
292,00000000	0,94998587
292,20000000	0,94985277
292,40000000	0,95176720
292,60000000	0,95056063
292,80000000	0,94528341
293,00000000	0,94263576
293,20000000	0,94476466
293,40000000	0,94686861
293,60000000	0,94443519
293,80000000	0,94056006
294,00000000	0,94165499
294,20000000	0,94427016
294,40000000	0,94329932
294,60000000	0,93997847
294,80000000	0,93671207
295,00000000	0,93901198
295,20000000	0,94323269
295,40000000	0,94026858
295,60000000	0,93404720
295,80000000	0,93423847
296,00000000	0,93770431
296,20000000	0,93688276
296,40000000	0,93304343
296,60000000	0,93061123
296,80000000	0,93175890
297,00000000	0,93282518
297,20000000	0,93189131
297,40000000	0,92908675
297,60000000	0,92664765
297,80000000	0,92770986
298,00000000	0,92847568
298,20000000	0,92701286
298,40000000	0,92401816
298,60000000	0,92467532
298,80000000	0,92809224
299,00000000	0,92747425
299,20000000	0,92304859
299,40000000	0,92063028
299,60000000	0,92244808
299,80000000	0,92373476
300,00000000	0,92066805
300,20000000	0,91720932
300,40000000	0,91839564
300,60000000	0,92126016
300,80000000	0,92080565
301,00000000	0,91683924
301,20000000	0,91549239
301,40000000	0,91853360
301,60000000	0,91951907
301,80000000	0,91685175
302,00000000	0,91439879
302,20000000	0,91525097
302,40000000	0,91872022
302,60000000	0,91866980
302,80000000	0,91492687
303,00000000	0,91318232
303,20000000	0,91477906
303,40000000	0,91621786
303,60000000	0,91476680
303,80000000	0,91226563
304,00000000	0,91211308
304,20000000	0,91478728
304,40000000	0,91501432
304,60000000	0,91131241
304,80000000	0,91063180
305,00000000	0,91300777
305,20000000	0,91282897
305,40000000	0,90946990
305,60000000	0,90762265
305,80000000	0,91043705
306,00000000	0,91342495
306,20000000	0,91129775
306,40000000	0,90814923
306,60000000	0,91061875
306,80000000	0,91392133
307,00000000	0,91231744
307,20000000	0,90838622
307,40000000	0,90775569
307,60000000	0,91167242
307,80000000	0,91316464
308,00000000	0,91098997
308,20000000	0,90760469
308,40000000	0,90736369
308,60000000	0,91097053
308,80000000	0,91162160
309,00000000	0,90856148
309,20000000	0,90784410
309,40000000	0,91020877
309,60000000	0,91027225
309,80000000	0,90757922
310,00000000	0,90648620
310,20000000	0,90790910
310,40000000	0,90967253
310,60000000	0,90889208
310,80000000	0,90680079
311,00000000	0,90878023
311,20000000	0,91054884
311,40000000	0,90725740
311,60000000	0,90394062
311,80000000	0,90689032
312,00000000	0,91013144
312,20000000	0,90662668
312,40000000	0,90113977
312,60000000	0,90258936
312,80000000	0,90772388
313,00000000	0,90849030
313,20000000	0,90545685
313,40000000	0,90550587
313,60000000	0,90715693
313,80000000	0,90392099
314,00000000	0,90011845
314,20000000	0,90139320
314,40000000	0,90459532
314,60000000	0,90530086
314,80000000	0,90322449
315,00000000	0,90221605
315,20000000	0,90388550
315,40000000	0,90304821
315,60000000	0,89880292
315,80000000	0,89715515
316,00000000	0,90063087
316,20000000	0,90277468
316,40000000	0,89909576
316,60000000	0,89545819
316,80000000	0,89676243
317,00000000	0,89934457
317,20000000	0,89890648
317,40000000	0,89535611
317,60000000	0,89388318
317,80000000	0,89599271
318,00000000	0,89471603
318,20000000	0,89109014
318,40000000	0,89164403
318,60000000	0,89516631
318,80000000	0,89409631
319,00000000	0,88915379
319,20000000	0,88874977
319,40000000	0,89145951
319,60000000	0,89138203
319,80000000	0,88770502
320,00000000	0,88581113
320,20000000	0,88827371
320,40000000	0,88871906
320,60000000	0,88611892
320,80000000	0,88600035
321,00000000	0,88831789
321,20000000	0,88737875
321,40000000	0,88143262
321,60000000	0,87818699
321,80000000	0,88168402
322,00000000	0,88259456
322,20000000	0,87822794
322,40000000	0,87568827
322,60000000	0,87796015
322,80000000	0,87914957
323,00000000	0,87544083
323,20000000	0,87225450
323,40000000	0,87431810
323,60000000	0,87744293
323,80000000	0,87525770
324,00000000	0,87040077
324,20000000	0,86950531
324,40000000	0,87131510
324,60000000	0,86968862
324,80000000	0,86618143
325,00000000	0,86606176
325,20000000	0,86621459
325,40000000	0,86358983
325,60000000	0,86129200
325,80000000	0,86180039
326,00000000	0,86231642
326,20000000	0,85993044
326,40000000	0,85894366
326,60000000	0,86055824
326,80000000	0,86064625
327,00000000	0,85785016
327,20000000	0,85514777
327,40000000	0,85466119
327,60000000	0,85468774
327,80000000	0,85285863
328,00000000	0,84937393
328,20000000	0,84823407
328,40000000	0,85095932
328,60000000	0,85130818
328,80000000	0,84784431
329,00000000	0,84757837
329,20000000	0,85106675
329,40000000	0,84889802
329,60000000	0,84193570
329,80000000	0,84025621
330,00000000	0,84323345
330,20000000	0,84446953
330,40000000	0,84146540
330,60000000	0,83998134
330,80000000	0,84317510
331,00000000	0,84245478
331,20000000	0,83683123
331,40000000	0,83783680
331,60000000	0,84259948
331,80000000	0,83836304
332,00000000	0,83122113
332,20000000	0,83260853
332,40000000	0,83641022
332,60000000	0,83349317
332,80000000	0,83028083
333,00000000	0,83291554
333,20000000	0,83469859
333,40000000	0,83066550
333,60000000	0,82499377
333,80000000	0,82563398
334,00000000	0,83062317
334,20000000	0,82933437
334,40000000	0,82423794
334,60000000	0,82253979
334,80000000	0,82380715
335,00000000	0,82348784
335,20000000	0,82100520
335,40000000	0,82129424
335,60000000	0,82336330
335,80000000	0,82056820
336,00000000	0,81694654
336,20000000	0,82082828
336,40000000	0,82419700
336,60000000	0,81854853
336,80000000	0,81494842
337,00000000	0,81989852
337,20000000	0,82131700
337,40000000	0,81509704
337,60000000	0,81395708
337,80000000	0,81973039
338,00000000	0,81836069
338,20000000	0,81050473
338,40000000	0,81044104
338,60000000	0,81661173
338,80000000	0,81348623
339,00000000	0,80662162
339,20000000	0,81073157
339,40000000	0,81640836
339,60000000	0,81046116
339,80000000	0,80269115
340,00000000	0,80621561
340,20000000	0,81041295
340,40000000	0,80622885
340,60000000	0,80444987
340,80000000	0,80847312
341,00000000	0,80804753
341,20000000	0,80310822
341,40000000	0,80381088
341,60000000	0,80780695
341,80000000	0,80676973
342,00000000	0,80355198
342,20000000	0,80334573
342,40000000	0,80438454
342,60000000	0,80335778
342,80000000	0,80173936
343,00000000	0,80238364
343,20000000	0,80258875
343,40000000	0,79884474
343,60000000	0,79703293
343,80000000	0,79974215
344,00000000	0,80013331
344,20000000	0,79689127
344,40000000	0,79404711
344,60000000	0,79555118
344,80000000	0,79849846
345,00000000	0,79638520
345,20000000	0,79344869
345,40000000	0,79553559
345,60000000	0,79608057
345,80000000	0,79146811
346,00000000	0,79075126
346,20000000	0,79572275
346,40000000	0,79606797
346,60000000	0,79256505
346,80000000	0,79318014
347,00000000	0,79519886
347,20000000	0,79136695
347,40000000	0,78723220
347,60000000	0,79121700
347,80000000	0,79389726
348,00000000	0,78917782
348,20000000	0,78810636
348,40000000	0,79245406
348,60000000	0,79061412
348,80000000	0,78421350
349,00000000	0,78548725
349,20000000	0,78958497
349,40000000	0,78618193
349,60000000	0,78257015
349,80000000	0,78628149
350,00000000	0,78971778
350,20000000	0,78686479
350,40000000	0,78350812
350,60000000	0,78477750
350,80000000	0,78656956
351,00000000	0,78467788
351,20000000	0,78385743
351,40000000	0,78638745
351,60000000	0,78502526
351,80000000	0,78084176
352,00000000	0,78193412
352,20000000	0,78480532
352,40000000	0,78250147
352,60000000	0,78034127
352,80000000	0,78337404
353,00000000	0,78385396
353,20000000	0,77927375
353,40000000	0,77907634
353,60000000	0,78276525
353,80000000	0,78017994
354,00000000	0,77516064
354,20000000	0,77865041
354,40000000	0,78441784
354,60000000	0,78100134
354,80000000	0,77856725
355,00000000	0,78388144
355,20000000	0,78277032
355,40000000	0,77587311
355,60000000	0,77776914
355,80000000	0,78333362
356,00000000	0,77907816
356,20000000	0,77517936
356,40000000	0,77946401
356,60000000	0,77868266
356,80000000	0,77400639
357,00000000	0,77526116
357,20000000	0,77758466
357,40000000	0,77467449
357,60000000	0,77270474
357,80000000	0,77595174
358,00000000	0,77699358
358,20000000	0,77424651
358,40000000	0,77396616
358,60000000	0,77619844
358,80000000	0,77524832
359,00000000	0,77213794
359,20000000	0,77369625
359,40000000	0,77644598
359,60000000	0,77503889
359,80000000	0,77419682
360,00000000	0,77583047
360,20000000	0,77571475
360,40000000	0,77306139
360,60000000	0,77305599
360,80000000	0,77493590
361,00000000	0,77272439
361,20000000	0,77074352
361,40000000	0,77278662
361,60000000	0,77240584
361,80000000	0,76978229
362,00000000	0,77059936
362,20000000	0,77240421
362,40000000	0,77119565
362,60000000	0,76849115
362,80000000	0,76806648
363,00000000	0,76847390
363,20000000	0,76701626
363,40000000	0,76714855
363,60000000	0,76929921
363,80000000	0,76857928
364,00000000	0,76638585
364,20000000	0,76691772
364,40000000	0,76775392
364,60000000	0,76655993
364,80000000	0,76549136
365,00000000	0,76544766
365,20000000	0,76491190
365,40000000	0,76343058
365,60000000	0,76278337
365,80000000	0,76306704
366,00000000	0,76278201
366,20000000	0,76205424
366,40000000	0,76128529
366,60000000	0,76113962
366,80000000	0,76097155
367,00000000	0,75989438
367,20000000	0,75872138
367,40000000	0,75766748
367,60000000	0,75730673
367,80000000	0,75830610
368,00000000	0,75887847
368,20000000	0,75762518
368,40000000	0,75695388
368,60000000	0,75705705
368,80000000	0,75531866
369,00000000	0,75358339
369,20000000	0,75335145
369,40000000	0,75339366
369,60000000	0,75232845
369,80000000	0,75125075
370,00000000	0,75206414
370,20000000	0,75117945
370,40000000	0,74941959
370,60000000	0,75121383
370,80000000	0,75158719
371,00000000	0,74794723
371,20000000	0,74798185
371,40000000	0,75039061
371,60000000	0,74777794
371,80000000	0,74512437
372,00000000	0,74748017
372,20000000	0,74849376
372,40000000	0,74584419
372,60000000	0,74583358
372,80000000	0,74607734
373,00000000	0,74278786
373,20000000	0,74258388
373,40000000	0,74514564
373,60000000	0,74427679
373,80000000	0,74331628
374,00000000	0,74512369
374,20000000	0,74442588
374,40000000	0,74183786
374,60000000	0,74231527
374,80000000	0,74334775
375,00000000	0,74184057
375,20000000	0,74137785
375,40000000	0,74303577
375,60000000	0,74227655
375,80000000	0,74004941
376,00000000	0,74162689
376,20000000	0,74334938
376,40000000	0,74075260
376,60000000	0,74044485
376,80000000	0,74331489
377,00000000	0,74221006
377,20000000	0,74001682
377,40000000	0,74211907
377,60000000	0,74325604
377,80000000	0,74158746
378,00000000	0,74301039
378,20000000	0,74463486
378,40000000	0,74237325
378,60000000	0,74261683
378,80000000	0,74540449
379,00000000	0,74427861
379,20000000	0,74309095
379,40000000	0,74502875
379,60000000	0,74569707
379,80000000	0,74524342
380,00000000	0,74613660
380,20000000	0,74712630
380,40000000	0,74726329
380,60000000	0,74750046
380,80000000	0,74865328
381,00000000	0,74902194
381,20000000	0,74877786
381,40000000	0,75045167
381,60000000	0,75210612
381,80000000	0,75197142
382,00000000	0,75286200
382,20000000	0,75460223
382,40000000	0,75472619
382,60000000	0,75494212
382,80000000	0,75627253
383,00000000	0,75697314
383,20000000	0,75753669
383,40000000	0,75962287
383,60000000	0,76090037
383,80000000	0,76059024
384,00000000	0,76221777
384,20000000	0,76451085
384,40000000	0,76537016
384,60000000	0,76680114
384,80000000	0,76769128
385,00000000	0,76734341
385,20000000	0,76845116
385,40000000	0,77047660
385,60000000	0,77165541
385,80000000	0,77279814
386,00000000	0,77463224
386,20000000	0,77628742
386,40000000	0,77728688
386,60000000	0,77857300
386,80000000	0,77983472
387,00000000	0,78104951
387,20000000	0,78279095
387,40000000	0,78391249
387,60000000	0,78498758
387,80000000	0,78696975
388,00000000	0,78836662
388,20000000	0,78961855
388,40000000	0,79133954
388,60000000	0,79227925
388,80000000	0,79352854
389,00000000	0,79526474
389,20000000	0,79634559
389,40000000	0,79763917
389,60000000	0,79929226
389,80000000	0,80055924
390,00000000	0,80232528
390,20000000	0,80392088
390,40000000	0,80466701
390,60000000	0,80588836
390,80000000	0,80782609
391,00000000	0,80912047
391,20000000	0,80992759
391,40000000	0,81149679
391,60000000	0,81288214
391,80000000	0,81396382
392,00000000	0,81563609
392,20000000	0,81715518
392,40000000	0,81820666
392,60000000	0,81939852
392,80000000	0,82088136
393,00000000	0,82189452
393,20000000	0,82287636
393,40000000	0,82474132
393,60000000	0,82568490
393,80000000	0,82568976
394,00000000	0,82720633
394,20000000	0,82896299
394,40000000	0,82994628
394,60000000	0,83173512
394,80000000	0,83244969
395,00000000	0,83226043
395,20000000	0,83399369
395,40000000	0,83570236
395,60000000	0,83632016
395,80000000	0,83784661
396,00000000	0,83949186
396,20000000	0,84014891
396,40000000	0,84083526
396,60000000	0,84164702
396,80000000	0,84235689
397,00000000	0,84342292
397,20000000	0,84477473
397,40000000	0,84534756
397,60000000	0,84545616
397,80000000	0,84660286
398,00000000	0,84806560
398,20000000	0,84850832
398,40000000	0,84936342
398,60000000	0,85116252
398,80000000	0,85194138
399,00000000	0,85239275
399,20000000	0,85352541
399,40000000	0,85358443
399,60000000	0,85407211
399,80000000	0,85610891
400,00000000	0,85674592
400,20000000	0,85706900
400,40000000	0,85872356
400,60000000	0,85942766
400,80000000	0,85989286
401,00000000	0,86112755
401,20000000	0,86135236
401,40000000	0,86181161
401,60000000	0,86373334
401,80000000	0,86501226
402,00000000	0,86508048
402,20000000	0,86590758
402,40000000	0,86697142
402,60000000	0,86770917
402,80000000	0,86907615
403,00000000	0,87055581
403,20000000	0,87137093
403,40000000	0,87203767
403,60000000	0,87292061
403,80000000	0,87410005
404,00000000	0,87539460
404,20000000	0,87664982
404,40000000	0,87806075
404,60000000	0,87965072
404,80000000	0,88076730
405,00000000	0,88179165
405,20000000	0,88351485
405,40000000	0,88501406
405,60000000	0,88612306
405,80000000	0,88709294
406,00000000	0,88778199
406,20000000	0,88906578
406,40000000	0,89073798
406,60000000	0,89224235
406,80000000	0,89377413
407,00000000	0,89507209
407,20000000	0,89633319
407,40000000	0,89803321
407,60000000	0,89997118
407,80000000	0,90150025
408,00000000	0,90305599
408,20000000	0,90473713
408,40000000	0,90614499
408,60000000	0,90801774
408,80000000	0,90982927
409,00000000	0,91141177
409,20000000	0,91310347
409,40000000	0,91475582
409,60000000	0,91632679
409,80000000	0,91842864
410,00000000	0,92033331
410,20000000	0,92167953
410,40000000	0,92301119
410,60000000	0,92512478
410,80000000	0,92779147
411,00000000	0,92994247
411,20000000	0,93184515
411,40000000	0,93376077
411,60000000	0,93537770
411,80000000	0,93669210
412,00000000	0,93850425
412,20000000	0,94031848
412,40000000	0,94215068
412,60000000	0,94452894
412,80000000	0,94642227
413,00000000	0,94768726
413,20000000	0,94949872
413,40000000	0,95141475
413,60000000	0,95306411
413,80000000	0,95484340
414,00000000	0,95614551
414,20000000	0,95793304
414,40000000	0,96017820
414,60000000	0,96132460
414,80000000	0,96246176
415,00000000	0,96443968
415,20000000	0,96597021
415,40000000	0,96719989
415,60000000	0,96879737
415,80000000	0,97007099
416,00000000	0,97093158
416,20000000	0,97216171
416,40000000	0,97344978
416,60000000	0,97445428
416,80000000	0,97555382
417,00000000	0,97638991
417,20000000	0,97741444
417,40000000	0,97843494
417,60000000	0,97902542
417,80000000	0,97973153
418,00000000	0,98038220
418,20000000	0,98074006
418,40000000	0,98133210
418,60000000	0,98212749
418,80000000	0,98243081
419,00000000	0,98263132
419,20000000	0,98322225
419,40000000	0,98337106
419,60000000	0,98316119
419,80000000	0,98340150
420,00000000	0,98354803
420,20000000	0,98347855
420,40000000	0,98345880
420,60000000	0,98309100
420,80000000	0,98270156
421,00000000	0,98242436
421,20000000	0,98210566
421,40000000	0,98169653
421,60000000	0,98119753
421,80000000	0,98056490
422,00000000	0,97966381
422,20000000	0,97874790
422,40000000	0,97802238
422,60000000	0,97712756
422,80000000	0,97663650
423,00000000	0,97590573
423,20000000	0,97423830
423,40000000	0,97324047
423,60000000	0,97249394
423,80000000	0,97107789
424,00000000	0,97005665
424,20000000	0,96936786
424,40000000	0,96773925
424,60000000	0,96629147
424,80000000	0,96517321
425,00000000	0,96331036
425,20000000	0,96186426
425,40000000	0,96049007
425,60000000	0,95890349
425,80000000	0,95795458
426,00000000	0,95675343
426,20000000	0,95504240
426,40000000	0,95397187
426,60000000	0,95256480
426,80000000	0,95023301
427,00000000	0,94909907
427,20000000	0,94778126
427,40000000	0,94603762
427,60000000	0,94504629
427,80000000	0,94354801
428,00000000	0,94205508
428,20000000	0,94091668
428,40000000	0,93928626
428,60000000	0,93822047
428,80000000	0,93713037
429,00000000	0,93510019
429,20000000	0,93337577
429,40000000	0,93233254
429,60000000	0,93131873
429,80000000	0,93000099
430,00000000	0,92900589
430,20000000	0,92825437
430,40000000	0,92704432
430,60000000	0,92590416
430,80000000	0,92450599
431,00000000	0,92323563
431,20000000	0,92299335
431,40000000	0,92228722
431,60000000	0,92115083
431,80000000	0,92071512
432,00000000	0,92014005
432,20000000	0,91944953
432,40000000	0,91913819
432,60000000	0,91825808
432,80000000	0,91710337
433,00000000	0,91728264
433,20000000	0,91723083
433,40000000	0,91656198
433,60000000	0,91658977
433,80000000	0,91638334
434,00000000	0,91678163
434,20000000	0,91700464
434,40000000	0,91644102
434,60000000	0,91678477
434,80000000	0,91725459
435,00000000	0,91730687
435,20000000	0,91781239
435,40000000	0,91830554
435,60000000	0,91878867
435,80000000	0,91979189
436,00000000	0,92014601
436,20000000	0,91975121
436,40000000	0,92043823
436,60000000	0,92105494
436,80000000	0,92181533
437,00000000	0,92360183
437,20000000	0,92430183
437,40000000	0,92419824
437,60000000	0,92437171
437,80000000	0,92504321
438,00000000	0,92581371
438,20000000	0,92671996
438,40000000	0,92784319
438,60000000	0,92861715
438,80000000	0,92946642
439,00000000	0,92965682
439,20000000	0,92995340
439,40000000	0,93070406
439,60000000	0,93060133
439,80000000	0,93074420
440,00000000	0,93056108
440,20000000	0,92998249
440,40000000	0,93030502
440,60000000	0,93010512
440,80000000	0,92906302
441,00000000	0,92837951
441,20000000	0,92746273
441,40000000	0,92615797
441,60000000	0,92479672
441,80000000	0,92291743
442,00000000	0,92104747
442,20000000	0,91921787
442,40000000	0,91637163
442,60000000	0,91320171
442,80000000	0,91032664
443,00000000	0,90705529
443,20000000	0,90381574
443,40000000	0,89970353
443,60000000	0,89476501
443,80000000	0,88988476
444,00000000	0,88462951
444,20000000	0,87921210
444,40000000	0,87411214
444,60000000	0,86869032
444,80000000	0,86281389
445,00000000	0,85682190
445,20000000	0,85015289
445,40000000	0,84271279
445,60000000	0,83561318
445,80000000	0,82923709
446,00000000	0,82293132
446,20000000	0,81542681
446,40000000	0,80632921
446,60000000	0,79807878
446,80000000	0,79133260
447,00000000	0,78384879
447,20000000	0,77503737
447,40000000	0,76649616
447,60000000	0,75814013
447,80000000	0,74998661
448,00000000	0,74262877
448,20000000	0,73318896
448,40000000	0,72386986
448,60000000	0,71659115
448,80000000	0,70818979
449,00000000	0,70090662
449,20000000	0,69339721
449,40000000	0,68331507
449,60000000	0,67605010
449,80000000	0,66923101
450,00000000	0,66029542
450,20000000	0,65245242
450,40000000	0,64438816
450,60000000	0,63660539
450,80000000	0,62969096
451,00000000	0,62156787
451,20000000	0,61436714
451,40000000	0,60721026
451,60000000	0,59948094
451,80000000	0,59227172
452,00000000	0,58499015
452,20000000	0,57838737
452,40000000	0,57192970
452,60000000	0,56641682
452,80000000	0,56051767
453,00000000	0,55430088
453,20000000	0,54698133
453,40000000	0,54080030
453,60000000	0,53615776
453,80000000	0,52938314
454,00000000	0,52278315
454,20000000	0,51775467
454,40000000	0,51177959
454,60000000	0,50609166
454,80000000	0,50086595
455,00000000	0,49576033
455,20000000	0,49132143
455,40000000	0,48672318
455,60000000	0,48117565
455,80000000	0,47654293
456,00000000	0,47157960
456,20000000	0,46641346
456,40000000	0,46226292
456,60000000	0,45717114
456,80000000	0,45321537
457,00000000	0,44960419
457,20000000	0,44426330
457,40000000	0,44038307
457,60000000	0,43648009
457,80000000	0,43205630
458,00000000	0,42884012
458,20000000	0,42455397
458,40000000	0,42013055
458,60000000	0,41688871
458,80000000	0,41282679
459,00000000	0,40947856
459,20000000	0,40680328
459,40000000	0,40274497
459,60000000	0,39919547
459,80000000	0,39565499
460,00000000	0,39218341
460,20000000	0,38952681
460,40000000	0,38619912
460,60000000	0,38303074
460,80000000	0,38067780
461,00000000	0,37766394
461,20000000	0,37416184
461,40000000	0,37143406
461,60000000	0,36871190
461,80000000	0,36606797
462,00000000	0,36334380
462,20000000	0,36001059
462,40000000	0,35775110
462,60000000	0,35534296
462,80000000	0,35239615
463,00000000	0,35017162
463,20000000	0,34693439
463,40000000	0,34429620
463,60000000	0,34262181
463,80000000	0,34018792
464,00000000	0,33810283
464,20000000	0,33589588
464,40000000	0,33313947
464,60000000	0,33126961
464,80000000	0,32890480
465,00000000	0,32641268
465,20000000	0,32486519
465,40000000	0,32283155
465,60000000	0,32059270
465,80000000	0,31854961
466,00000000	0,31624691
466,20000000	0,31438415
466,40000000	0,31268166
466,60000000	0,31059207
466,80000000	0,30871924
467,00000000	0,30672356
467,20000000	0,30489434
467,40000000	0,30330974
467,60000000	0,30129569
467,80000000	0,29954191
468,00000000	0,29795274
468,20000000	0,29637957
468,40000000	0,29464030
468,60000000	0,29273219
468,80000000	0,29107359
469,00000000	0,28972563
469,20000000	0,28809813
469,40000000	0,28642082
469,60000000	0,28485435
469,80000000	0,28324480
470,00000000	0,28191721
470,20000000	0,28030802
470,40000000	0,27866422
470,60000000	0,27733305
470,80000000	0,27584670
471,00000000	0,27450188
471,20000000	0,27307724
471,40000000	0,27149929
471,60000000	0,27028247
471,80000000	0,26899075
472,00000000	0,26757091
472,20000000	0,26633135
472,40000000	0,26490748
472,60000000	0,26373964
472,80000000	0,26257982
473,00000000	0,26113444
473,20000000	0,25983661
473,40000000	0,25862001
473,60000000	0,25744435
473,80000000	0,25624400
474,00000000	0,25497928
474,20000000	0,25386647
474,40000000	0,25275177
474,60000000	0,25159140
474,80000000	0,25048381
475,00000000	0,24921728
475,20000000	0,24816441
475,40000000	0,24717330
475,60000000	0,24604196
475,80000000	0,24490050
476,00000000	0,24377347
476,20000000	0,24280907
476,40000000	0,24187682
476,60000000	0,24064315
476,80000000	0,23958140
477,00000000	0,23872735
477,20000000	0,23772361
477,40000000	0,23678106
477,60000000	0,23571716
477,80000000	0,23471024
478,00000000	0,23393579
478,20000000	0,23289473
478,40000000	0,23191508
478,60000000	0,23102759
478,80000000	0,23013905
479,00000000	0,22945610
479,20000000	0,22848082
479,40000000	0,22734741
479,60000000	0,22645680
479,80000000	0,22575366
480,00000000	0,22510912
480,20000000	0,22415876
480,40000000	0,22298796
480,60000000	0,22234754
480,80000000	0,22167719
481,00000000	0,22089539
481,20000000	0,21993450
481,40000000	0,21893275
481,60000000	0,21831645
481,80000000	0,21753888
482,00000000	0,21689959
482,20000000	0,21616279
482,40000000	0,21512613
482,60000000	0,21477297
482,80000000	0,21401215
483,00000000	0,21274894
483,20000000	0,21229366
483,40000000	0,21180533
483,60000000	0,21112728
483,80000000	0,21035478
484,00000000	0,20921682
484,20000000	0,20875095
484,40000000	0,20857668
484,60000000	0,20771778
484,80000000	0,20717812
485,00000000	0,20635559
485,20000000	0,20546700
485,40000000	0,20522082
485,60000000	0,20424267
485,80000000	0,20355146
486,00000000	0,20294645
486,20000000	0,20210779
486,40000000	0,20206104
486,60000000	0,20147603
486,80000000	0,20092406
487,00000000	0,20030571
487,20000000	0,19932415
487,40000000	0,19910610
487,60000000	0,19840223
487,80000000	0,19749042
488,00000000	0,19720260
488,20000000	0,19660718
488,40000000	0,19622578
488,60000000	0,19579804
488,80000000	0,19474474
489,00000000	0,19440219
489,20000000	0,19402876
489,40000000	0,19327284
489,60000000	0,19259017
489,80000000	0,19195451
490,00000000	0,19199197
490,20000000	0,19100550
490,40000000	0,19021699
490,60000000	0,19030897
490,80000000	0,18964509
491,00000000	0,18951728
491,20000000	0,18853404
491,40000000	0,18752846
491,60000000	0,18756075
491,80000000	0,18752494
492,00000000	0,18708127
492,20000000	0,18656387
492,40000000	0,18585647
492,60000000	0,18524985
492,80000000	0,18475450
493,00000000	0,18451650
493,20000000	0,18422340
493,40000000	0,18346611
493,60000000	0,18317464
493,80000000	0,18323263
494,00000000	0,18255962
494,20000000	0,18226652
494,40000000	0,18195427
494,60000000	0,18164980
494,80000000	0,18148328
495,00000000	0,18035133
495,20000000	0,17945526
495,40000000	0,17914368
495,60000000	0,17910500
495,80000000	0,17902359
496,00000000	0,17800122
496,20000000	0,17817074
496,40000000	0,17867834
496,60000000	0,17813240
496,80000000	0,17685105
497,00000000	0,17640845
497,20000000	0,17621192
497,40000000	0,17599248
497,60000000	0,17527648
497,80000000	0,17482431
498,00000000	0,17415782
498,20000000	0,17428994
498,40000000	0,17471249
498,60000000	0,17294282
498,80000000	0,17253080
499,00000000	0,17325396
499,20000000	0,17295452
499,40000000	0,17268961
499,60000000	0,17100658
499,80000000	0,17031468
500,00000000	0,17117299
500,20000000	0,17123471
500,40000000	0,17107783
500,60000000	0,17073048
500,80000000	0,16968725
501,00000000	0,16979088
501,20000000	0,16927263
501,40000000	0,16838076
501,60000000	0,16832829
501,80000000	0,16872755
502,00000000	0,16932283
502,20000000	0,16882795
502,40000000	0,16832542
502,60000000	0,16790765
502,80000000	0,16756893
503,00000000	0,16809144
503,20000000	0,16660505
503,40000000	0,16651733
503,60000000	0,16663215
503,80000000	0,16603326
504,00000000	0,16597688
504,20000000	0,16547958
504,40000000	0,16543133
504,60000000	0,16498197
504,80000000	0,16447939
505,00000000	0,16448444
505,20000000	0,16353837
505,40000000	0,16297121
505,60000000	0,16440019
505,80000000	0,16361984
506,00000000	0,16354327
506,20000000	0,16312505
506,40000000	0,16189821
506,60000000	0,16234640
506,80000000	0,16215812
507,00000000	0,16213925
507,20000000	0,16220768
507,40000000	0,16160988
507,60000000	0,16173491
507,80000000	0,16119196
508,00000000	0,16126505
508,20000000	0,16143619
508,40000000	0,16005063
508,60000000	0,16105895
508,80000000	0,15995247
509,00000000	0,15995395
509,20000000	0,16134197
509,40000000	0,16060999
509,60000000	0,15970963
509,80000000	0,15826775
510,00000000	0,15911881
510,20000000	0,16066502
510,40000000	0,15957336
510,60000000	0,15853791
510,80000000	0,15778426
511,00000000	0,15856140
511,20000000	0,15955790
511,40000000	0,15802862
511,60000000	0,15743852
511,80000000	0,15713551
512,00000000	0,15865147
512,20000000	0,15966631
512,40000000	0,15751083
512,60000000	0,15647957
512,80000000	0,15827530
513,00000000	0,15924680
513,20000000	0,15963244
513,40000000	0,15829891
513,60000000	0,15666008
513,80000000	0,15655825
514,00000000	0,15791690
514,20000000	0,15682455
514,40000000	0,15623119
514,60000000	0,15575554
514,80000000	0,15665982
515,00000000	0,15727080
515,20000000	0,15615746
515,40000000	0,15497410
515,60000000	0,15534595
515,80000000	0,15472744
516,00000000	0,15396169
516,20000000	0,15537773
516,40000000	0,15493462
516,60000000	0,15529477
516,80000000	0,15524201
517,00000000	0,15643534
517,20000000	0,15606469
517,40000000	0,15483667
517,60000000	0,15665465
517,80000000	0,15681502
518,00000000	0,15380958
518,20000000	0,15502223
518,40000000	0,15601754
518,60000000	0,15660738
518,80000000	0,15562557
519,00000000	0,15531758
519,20000000	0,15671223
519,40000000	0,15422812
519,60000000	0,15439679
519,80000000	0,15365140
520,00000000	0,15211508
520,20000000	0,15547486
520,40000000	0,15385903
520,60000000	0,15158679
520,80000000	0,15281680
521,00000000	0,15606340
521,20000000	0,15701701
521,40000000	0,15512616
521,60000000	0,15350412
521,80000000	0,15193767
522,00000000	0,15138835
522,20000000	0,15239242
522,40000000	0,15502067
522,60000000	0,15400196
522,80000000	0,15095090
523,00000000	0,15216989
523,20000000	0,15371767
523,40000000	0,15272724
523,60000000	0,15317350
523,80000000	0,15449151
524,00000000	0,15515657
524,20000000	0,15461575
524,40000000	0,15415691
524,60000000	0,15501282
524,80000000	0,15410984
525,00000000	0,15429580
525,20000000	0,15168278
525,40000000	0,15065960
525,60000000	0,15372781
525,80000000	0,15526705
526,00000000	0,15572352
526,20000000	0,15563898
526,40000000	0,15380843
526,60000000	0,15133364
526,80000000	0,15378095
527,00000000	0,15586986
527,20000000	0,15457625
527,40000000	0,15406416
527,60000000	0,15443102
527,80000000	0,15479155
528,00000000	0,15497738
528,20000000	0,15351625
528,40000000	0,15329402
528,60000000	0,15510332
528,80000000	0,15307555
529,00000000	0,15344618
529,20000000	0,15479347
529,40000000	0,15414511
529,60000000	0,15253150
529,80000000	0,15509319
530,00000000	0,15559151
530,20000000	0,15554431
530,40000000	0,15675897
530,60000000	0,15675924
530,80000000	0,15559664
531,00000000	0,15499775
531,20000000	0,15479506
531,40000000	0,15612467
531,60000000	0,15751358
531,80000000	0,15898104
532,00000000	0,15677944
532,20000000	0,15499763
532,40000000	0,15448762
532,60000000	0,15482536
532,80000000	0,15301003
533,00000000	0,15295198
533,20000000	0,15411014
533,40000000	0,15279212
533,60000000	0,15419294
533,80000000	0,15517468
534,00000000	0,15282549
534,20000000	0,15312811
534,40000000	0,15597332
534,60000000	0,15361051
534,80000000	0,15572484
535,00000000	0,15497725
535,20000000	0,15845837
535,40000000	0,16130801
535,60000000	0,15780205
535,80000000	0,15649035
536,00000000	0,15641132
536,20000000	0,15375774
536,40000000	0,15534429
536,60000000	0,16059007
536,80000000	0,15993049
537,00000000	0,15317070
537,20000000	0,15276201
537,40000000	0,15870745
537,60000000	0,15754417
537,80000000	0,16054646
538,00000000	0,15792869
538,20000000	0,15490762
538,40000000	0,15714391
538,60000000	0,15674227
538,80000000	0,15729030
539,00000000	0,15879233
539,20000000	0,15917916
539,40000000	0,15819977
539,60000000	0,15904350
539,80000000	0,15947498
540,00000000	0,15865663
540,20000000	0,16043599
540,40000000	0,15921808
540,60000000	0,16217136
540,80000000	0,15930228
541,00000000	0,15757130
541,20000000	0,15892452
541,40000000	0,15947182
541,60000000	0,15713413
541,80000000	0,15832175
542,00000000	0,15912947
542,20000000	0,16182962
542,40000000	0,15645573
542,60000000	0,15863248
542,80000000	0,15916971
543,00000000	0,15765199
543,20000000	0,16311401
543,40000000	0,15712772
543,60000000	0,15711208
543,80000000	0,15896846
544,00000000	0,16200132
544,20000000	0,16046378
544,40000000	0,16179518
544,60000000	0,16165936
544,80000000	0,15985200
545,00000000	0,16031549
545,20000000	0,15811454
545,40000000	0,16294680
545,60000000	0,16563822
545,80000000	0,16313855
546,00000000	0,16407964
546,20000000	0,16318464
546,40000000	0,16639802
546,60000000	0,16278628
546,80000000	0,16061444
547,00000000	0,16278236
547,20000000	0,16525492
547,40000000	0,16399995
547,60000000	0,16322762
547,80000000	0,16434130
548,00000000	0,16579149
548,20000000	0,16555138
548,40000000	0,16684474
548,60000000	0,16799506
548,80000000	0,16576228
549,00000000	0,16523863
549,20000000	0,16421168
549,40000000	0,17203414
549,60000000	0,16356371
549,80000000	0,16436621
550,00000000	0,16580443
550,20000000	0,16377654
550,40000000	0,16564781
550,60000000	0,16244018
550,80000000	0,15923293
551,00000000	0,15926149
551,20000000	0,16465735
551,40000000	0,16330440
551,60000000	0,16207617
551,80000000	0,16420279
552,00000000	0,16294647
552,20000000	0,16273971
552,40000000	0,16678805
552,60000000	0,16685922
552,80000000	0,16746994
553,00000000	0,16550655
553,20000000	0,16638935
553,40000000	0,16824216
553,60000000	0,16135174
553,80000000	0,16530713
554,00000000	0,16834450
554,20000000	0,16949398
554,40000000	0,16794668
554,60000000	0,16769360
554,80000000	0,16376159
555,00000000	0,15901576
555,20000000	0,16000398
555,40000000	0,16543050
555,60000000	0,16767424
555,80000000	0,16568549
556,00000000	0,16520888
556,20000000	0,16557332
556,40000000	0,16899667
556,60000000	0,16972532
556,80000000	0,16546116
557,00000000	0,16331600
557,20000000	0,16333112
557,40000000	0,16218759
557,60000000	0,16591917
557,80000000	0,17004189
558,00000000	0,16965115
558,20000000	0,16718434
558,40000000	0,16379610
558,60000000	0,16362250
558,80000000	0,16972678
559,00000000	0,17156036
559,20000000	0,16750590
559,40000000	0,17616955
559,60000000	0,17175208
559,80000000	0,17243500
560,00000000	0,17021920
560,20000000	0,16573040
560,40000000	0,17230106
560,60000000	0,17407782
560,80000000	0,17092851
561,00000000	0,16763170
561,20000000	0,16890558
561,40000000	0,17339301
561,60000000	0,17356485
561,80000000	0,16722875
562,00000000	0,16278051
562,20000000	0,16810413
562,40000000	0,16610176
562,60000000	0,16908764
562,80000000	0,17158192
563,00000000	0,16724921
563,20000000	0,16934189
563,40000000	0,17362179
563,60000000	0,17121981
563,80000000	0,16644170
564,00000000	0,16816455
564,20000000	0,17337286
564,40000000	0,17430605
564,60000000	0,17400740
564,80000000	0,17072661
565,00000000	0,17661423
565,20000000	0,17612467
565,40000000	0,17482976
565,60000000	0,17390775
565,80000000	0,17115566
566,00000000	0,17162364
566,20000000	0,17109266
566,40000000	0,17245644
566,60000000	0,17274222
566,80000000	0,17517557
567,00000000	0,17207198
567,20000000	0,17449605
567,40000000	0,17276582
567,60000000	0,16962526
567,80000000	0,17492623
568,00000000	0,17671735
568,20000000	0,18113880
568,40000000	0,17886622
568,60000000	0,17257189
568,80000000	0,17292781
569,00000000	0,17399293
569,20000000	0,17489489
569,40000000	0,17210300
569,60000000	0,17671786
569,80000000	0,17866153
570,00000000	0,17477370
570,20000000	0,17985678
570,40000000	0,17676448
570,60000000	0,17703200
570,80000000	0,17807133
571,00000000	0,18048936
571,20000000	0,18002202
571,40000000	0,18039890
571,60000000	0,17650953
571,80000000	0,17769486
572,00000000	0,18208131
572,20000000	0,17719167
572,40000000	0,17929068
572,60000000	0,17805993
572,80000000	0,17828503
573,00000000	0,17284644
573,20000000	0,17342125
573,40000000	0,18221065
573,60000000	0,18058379
573,80000000	0,17487655
574,00000000	0,17565987
574,20000000	0,18112030
574,40000000	0,18540422
574,60000000	0,18551566
574,80000000	0,18232214
575,00000000	0,17923132
575,20000000	0,18062937
575,40000000	0,18112037
575,60000000	0,18063446
575,80000000	0,18420577
576,00000000	0,18412989
576,20000000	0,18530642
576,40000000	0,18552691
576,60000000	0,18455007
576,80000000	0,18433925
577,00000000	0,18668179
577,20000000	0,18489185
577,40000000	0,18066438
577,60000000	0,17858195
577,80000000	0,18423969
578,00000000	0,18983274
578,20000000	0,18716804
578,40000000	0,18599150
578,60000000	0,19136560
578,80000000	0,19214765
579,00000000	0,18224704
579,20000000	0,17863823
579,40000000	0,18316157
579,60000000	0,18159350
579,80000000	0,18902316
580,00000000	0,18840896
580,20000000	0,18724353
580,40000000	0,19043298
580,60000000	0,19017548
580,80000000	0,19241344
581,00000000	0,19582542
581,20000000	0,19224285
581,40000000	0,18957675
581,60000000	0,18905916
581,80000000	0,18237436
582,00000000	0,18912302
582,20000000	0,18914251
582,40000000	0,18951219
582,60000000	0,19661268
582,80000000	0,19228916
583,00000000	0,18749715
583,20000000	0,18452206
583,40000000	0,19395903
583,60000000	0,19591583
583,80000000	0,19638350
584,00000000	0,19162723
584,20000000	0,19540090
584,40000000	0,20062231
584,60000000	0,19187056
584,80000000	0,18917494
585,00000000	0,19609137
585,20000000	0,19881145
585,40000000	0,19807175
585,60000000	0,20198450
585,80000000	0,20023066
586,00000000	0,19741291
586,20000000	0,19954083
586,40000000	0,19564664
586,60000000	0,19855303
586,80000000	0,20107618
587,00000000	0,19611803
587,20000000	0,19728662
587,40000000	0,19699404
587,60000000	0,20388071
587,80000000	0,19870447
588,00000000	0,20911330
588,20000000	0,20221110
588,40000000	0,19750562
588,60000000	0,19843435
588,80000000	0,20465271
589,00000000	0,20371781
589,20000000	0,20518275
589,40000000	0,20533199
589,60000000	0,20783764
589,80000000	0,20446556
590,00000000	0,19302599
590,20000000	0,19676956
590,40000000	0,20899615
590,60000000	0,21354743
590,80000000	0,20654065
591,00000000	0,20284569
591,20000000	0,20093513
591,40000000	0,20503155
591,60000000	0,20627331
591,80000000	0,20463666
592,00000000	0,21061641
592,20000000	0,20772722
592,40000000	0,20743810
592,60000000	0,21274431
592,80000000	0,21521256
593,00000000	0,21102863
593,20000000	0,21177469
593,40000000	0,21325319
593,60000000	0,21081381
593,80000000	0,20488122
594,00000000	0,20890542
594,20000000	0,20972911
594,40000000	0,20851041
594,60000000	0,21519880
594,80000000	0,21839658
595,00000000	0,21943080
595,20000000	0,21275951
595,40000000	0,21341069
595,60000000	0,21834136
595,80000000	0,21261889
596,00000000	0,21444322
596,20000000	0,22565698
596,40000000	0,22040988
596,60000000	0,21690010
596,80000000	0,22139413
597,00000000	0,21953223
597,20000000	0,22321928
597,40000000	0,22718604
597,60000000	0,22185660
597,80000000	0,21885156
598,00000000	0,22283483
598,20000000	0,21779750
598,40000000	0,21700037
598,60000000	0,21892339
598,80000000	0,21547097
599,00000000	0,22408262
599,20000000	0,23291589
599,40000000	0,23062068
599,60000000	0,22587912
599,80000000	0,22365484
600,00000000	0,23171860
600,20000000	0,22759032
600,40000000	0,22730909
600,60000000	0,22395562
600,80000000	0,23150837
601,00000000	0,23408861
601,20000000	0,23190547
601,40000000	0,23071737
601,60000000	0,23266690
601,80000000	0,23493453
602,00000000	0,23108790
602,20000000	0,23378487
602,40000000	0,23064655
602,60000000	0,23420319
602,80000000	0,22910647
603,00000000	0,23229118
603,20000000	0,23628024
603,40000000	0,23651635
603,60000000	0,23309128
603,80000000	0,24222385
604,00000000	0,23976916
604,20000000	0,23831742
604,40000000	0,24233540
604,60000000	0,23898855
604,80000000	0,24026948
605,00000000	0,23873705
605,20000000	0,23903850
605,40000000	0,24036716
605,60000000	0,24512735
605,80000000	0,24085811
606,00000000	0,23526141
606,20000000	0,23533347
606,40000000	0,24145519
606,60000000	0,24257378
606,80000000	0,24714449
607,00000000	0,25151947
607,20000000	0,25262469
607,40000000	0,25290919
607,60000000	0,25176835
607,80000000	0,24472003
608,00000000	0,24245891
608,20000000	0,24672899
608,40000000	0,25076572
608,60000000	0,25590344
608,80000000	0,25870350
609,00000000	0,25797257
609,20000000	0,25813781
609,40000000	0,26243949
609,60000000	0,25590886
609,80000000	0,25118532
610,00000000	0,25797816
610,20000000	0,27000991
610,40000000	0,25990955
610,60000000	0,25277686
610,80000000	0,25726836
611,00000000	0,26168886
611,20000000	0,25740928
611,40000000	0,26017410
611,60000000	0,26811368
611,80000000	0,26957639
612,00000000	0,26643567
612,20000000	0,26684213
612,40000000	0,26557084
612,60000000	0,27450171
612,80000000	0,27417219
613,00000000	0,27125407
613,20000000	0,27432294
613,40000000	0,26915245
613,60000000	0,27415076
613,80000000	0,27892508
614,00000000	0,27592738
614,20000000	0,26827800
614,40000000	0,27883035
614,60000000	0,27934734
614,80000000	0,28037746
615,00000000	0,27685331
615,20000000	0,27871273
615,40000000	0,27778717
615,60000000	0,27706366
615,80000000	0,27526765
616,00000000	0,27044391
616,20000000	0,27415457
616,40000000	0,27555543
616,60000000	0,28204886
616,80000000	0,28497643
617,00000000	0,28704227
617,20000000	0,28391454
617,40000000	0,29453363
617,60000000	0,29184642
617,80000000	0,28783053
618,00000000	0,28556339
618,20000000	0,29285764
618,40000000	0,29333828
618,60000000	0,28995384
618,80000000	0,29337526
619,00000000	0,29466695
619,20000000	0,29868926
619,40000000	0,30151021
619,60000000	0,29909132
619,80000000	0,29638847
620,00000000	0,30046420
620,20000000	0,29944498
620,40000000	0,31179418
620,60000000	0,30670120
620,80000000	0,29711261
621,00000000	0,30777481
621,20000000	0,30915061
621,40000000	0,31105792
621,60000000	0,31368513
621,80000000	0,30881550
622,00000000	0,30703591
622,20000000	0,31333872
622,40000000	0,32978002
622,60000000	0,31478267
622,80000000	0,31253237
623,00000000	0,32675837
623,20000000	0,32289020
623,40000000	0,32871956
623,60000000	0,33295912
623,80000000	0,32794590
624,00000000	0,33384011
624,20000000	0,32797041
624,40000000	0,32588764
624,60000000	0,32773041
624,80000000	0,33812692
625,00000000	0,34046290
625,20000000	0,33299135
625,40000000	0,32920325
625,60000000	0,33514659
625,80000000	0,34540769
626,00000000	0,33515829
626,20000000	0,33771712
626,40000000	0,34345185
626,60000000	0,34181605
626,80000000	0,34572539
627,00000000	0,35184517
627,20000000	0,34378960
627,40000000	0,34799790
627,60000000	0,35563605
627,80000000	0,35403469
628,00000000	0,35994386
628,20000000	0,35399017
628,40000000	0,34655300
628,60000000	0,35985560
628,80000000	0,37263740
629,00000000	0,35857043
629,20000000	0,36305391
629,40000000	0,36169417
629,60000000	0,36958748
629,80000000	0,37148971
630,00000000	0,36799332
630,20000000	0,37092316
630,40000000	0,36918968
630,60000000	0,38352854
630,80000000	0,38272063
631,00000000	0,38285573
631,20000000	0,38015221
631,40000000	0,38486489
631,60000000	0,38328433
631,80000000	0,38690135
632,00000000	0,39128358
632,20000000	0,39230975
632,40000000	0,39669338
632,60000000	0,39459512
632,80000000	0,39606980
633,00000000	0,38956471
633,20000000	0,40328811
633,40000000	0,40128105
633,60000000	0,40291023
633,80000000	0,40260275
634,00000000	0,40827996
634,20000000	0,41264534
634,40000000	0,41852959
634,60000000	0,41404261
634,80000000	0,41123471
635,00000000	0,42614542
635,20000000	0,41593002
635,40000000	0,42329606
635,60000000	0,42311339
635,80000000	0,42923047
636,00000000	0,42914695
636,20000000	0,43607787
636,40000000	0,43030051
636,60000000	0,43357102
636,80000000	0,43589402
637,00000000	0,43966792
637,20000000	0,43897850
637,40000000	0,44382502
637,60000000	0,44953035
637,80000000	0,44812187
638,00000000	0,45410439
638,20000000	0,45023478
638,40000000	0,45187562
638,60000000	0,45198393
638,80000000	0,46481793
639,00000000	0,46531891
639,20000000	0,46487049
639,40000000	0,46528555
639,60000000	0,47150545
639,80000000	0,47450932
640,00000000	0,47324314
640,20000000	0,47795280
640,40000000	0,47817145
640,60000000	0,48660355
640,80000000	0,48117147
641,00000000	0,48297921
641,20000000	0,48967166
641,40000000	0,49434601
641,60000000	0,49073684
641,80000000	0,50069027
642,00000000	0,49791137
642,20000000	0,49947116
642,40000000	0,50157043
642,60000000	0,50418654
642,80000000	0,50723953
643,00000000	0,51138035
643,20000000	0,51452362
643,40000000	0,51847248
643,60000000	0,51870998
643,80000000	0,52149704
644,00000000	0,52272721
644,20000000	0,52370870
644,40000000	0,53730725
644,60000000	0,53210627
644,80000000	0,53131509
645,00000000	0,53570366
645,20000000	0,53989296
645,40000000	0,53981945
645,60000000	0,54691942
645,80000000	0,55075142
646,00000000	0,55591674
646,20000000	0,55657110
646,40000000	0,56242613
646,60000000	0,56294013
646,80000000	0,56137108
647,00000000	0,56818937
647,20000000	0,57237768
647,40000000	0,57487030
647,60000000	0,57298162
647,80000000	0,58300600
648,00000000	0,58663225
648,20000000	0,58776572
648,40000000	0,59565529
648,60000000	0,59507564
648,80000000	0,59841458
649,00000000	0,60175521
649,20000000	0,60632623
649,40000000	0,60302427
649,60000000	0,61039093
649,80000000	0,61882754
650,00000000	0,62031074
650,20000000	0,61565469
650,40000000	0,62643708
650,60000000	0,63299577
650,80000000	0,63240463
651,00000000	0,63522551
651,20000000	0,63950866
651,40000000	0,63947764
651,60000000	0,64371797
651,80000000	0,65352025
652,00000000	0,65340239
652,20000000	0,65600434
652,40000000	0,66337026
652,60000000	0,66683514
652,80000000	0,66714601
653,00000000	0,66966086
653,20000000	0,67578351
653,40000000	0,67875368
653,60000000	0,68263222
653,80000000	0,68973854
654,00000000	0,69187019
654,20000000	0,69153632
654,40000000	0,69648955
654,60000000	0,70305408
654,80000000	0,69922686
655,00000000	0,70786593
655,20000000	0,71995632
655,40000000	0,71774705
655,60000000	0,71652209
655,80000000	0,72724075
656,00000000	0,73077403
656,20000000	0,73210328
656,40000000	0,74045135
656,60000000	0,74355056
656,80000000	0,74314601
657,00000000	0,74598569
657,20000000	0,75296615
657,40000000	0,75384668
657,60000000	0,75678133
657,80000000	0,76346077
658,00000000	0,76686905
658,20000000	0,76904958
658,40000000	0,77499022
658,60000000	0,77814983
658,80000000	0,78069701
659,00000000	0,78347513
659,20000000	0,78983368
659,40000000	0,79002119
659,60000000	0,79457882
659,80000000	0,79973160
660,00000000	0,80345216
660,20000000	0,80600970
660,40000000	0,81023990
660,60000000	0,81318724
660,80000000	0,81233308
661,00000000	0,82095435
661,20000000	0,82327302
661,40000000	0,82448539
661,60000000	0,82962064
661,80000000	0,83433811
662,00000000	0,83427166
662,20000000	0,83814289
662,40000000	0,84346634
662,60000000	0,84623463
662,80000000	0,84852547
663,00000000	0,84999950
663,20000000	0,85065362
663,40000000	0,85523910
663,60000000	0,86168301
663,80000000	0,86329616
664,00000000	0,86286256
664,20000000	0,86837825
664,40000000	0,87172335
664,60000000	0,87275279
664,80000000	0,87447377
665,00000000	0,87902687
665,20000000	0,88232258
665,40000000	0,88367623
665,60000000	0,88642226
665,80000000	0,88959657
666,00000000	0,89072026
666,20000000	0,89433562
666,40000000	0,89627222
666,60000000	0,89638568
666,80000000	0,90042858
667,00000000	0,90084343
667,20000000	0,90290588
667,40000000	0,90543865
667,60000000	0,90863183
667,80000000	0,91014417
668,00000000	0,91330333
668,20000000	0,91579723
668,40000000	0,91773903
668,60000000	0,91849865
668,80000000	0,92080404
669,00000000	0,92295570
669,20000000	0,92383030
669,40000000	0,92644083
669,60000000	0,92748390
669,80000000	0,92887017
670,00000000	0,93153183
670,20000000	0,93372030
670,40000000	0,93261850
670,60000000	0,93500659
670,80000000	0,93733916
671,00000000	0,93730923
671,20000000	0,94105030
671,40000000	0,94281338
671,60000000	0,94298376
671,80000000	0,94494214
672,00000000	0,94799999
672,20000000	0,94749609
672,40000000	0,94921961
672,60000000	0,95103371
672,80000000	0,95260627
673,00000000	0,95205206
673,20000000	0,95349642
673,40000000	0,95564645
673,60000000	0,95729903
673,80000000	0,95858963
674,00000000	0,96033447
674,20000000	0,96032487
674,40000000	0,96161764
674,60000000	0,96338533
674,80000000	0,96447868
675,00000000	0,96473784
675,20000000	0,96784650
675,40000000	0,96778646
675,60000000	0,96856379
675,80000000	0,97042220
676,00000000	0,97077030
676,20000000	0,97250652
676,40000000	0,97305227
676,60000000	0,97325592
676,80000000	0,97346581
677,00000000	0,97613553
677,20000000	0,97636677
677,40000000	0,97795053
677,60000000	0,97816034
677,80000000	0,97896618
678,00000000	0,97969613
678,20000000	0,98036819
678,40000000	0,98178696
678,60000000	0,98172323
678,80000000	0,98244167
679,00000000	0,98411602
679,20000000	0,98421287
679,40000000	0,98438315
679,60000000	0,98520420
679,80000000	0,98627394
680,00000000	0,98693754
680,20000000	0,98736353
680,40000000	0,98790124
680,60000000	0,98852042
680,80000000	0,98903987
681,00000000	0,99015220
681,20000000	0,99036262
681,40000000	0,99071706
681,60000000	0,99059090
681,80000000	0,99185948
682,00000000	0,99193511
682,20000000	0,99221583
682,40000000	0,99293076
682,60000000	0,99347632
682,80000000	0,99356253
683,00000000	0,99374402
683,20000000	0,99432190
683,40000000	0,99451850
683,60000000	0,99493890
683,80000000	0,99536844
684,00000000	0,99522373
684,20000000	0,99533962
684,40000000	0,99640826
684,60000000	0,99621723
684,80000000	0,99609998
685,00000000	0,99648182
685,20000000	0,99665547
685,40000000	0,99673340
685,60000000	0,99665296
685,80000000	0,99726271
686,00000000	0,99724850
686,20000000	0,99671380
686,40000000	0,99730387
686,60000000	0,99748288
686,80000000	0,99709431
687,00000000	0,99746333
687,20000000	0,99768451
687,40000000	0,99732511
687,60000000	0,99728977
687,80000000	0,99726158
688,00000000	0,99689147
688,20000000	0,99754530
688,40000000	0,99764290
688,60000000	0,99766793
688,80000000	0,99701731
689,00000000	0,99763745
689,20000000	0,99680075
689,40000000	0,99752354
689,60000000	0,99698675
689,80000000	0,99741626
690,00000000	0,99679552
690,20000000	0,99697351
690,40000000	0,99683750
690,60000000	0,99683463
690,80000000	0,99648315
691,00000000	0,99700373
691,20000000	0,99606739
691,40000000	0,99629863
691,60000000	0,99638364
691,80000000	0,99574877
692,00000000	0,99559581
692,20000000	0,99648661
692,40000000	0,99601942
692,60000000	0,99559892
692,80000000	0,99544931
693,00000000	0,99559437
693,20000000	0,99524152
693,40000000	0,99524809
693,60000000	0,99516484
693,80000000	0,99489574
694,00000000	0,99548371
694,20000000	0,99514790
694,40000000	0,99476243
694,60000000	0,99450919
694,80000000	0,99458856
695,00000000	0,99388580
695,20000000	0,99454723
695,40000000	0,99470641
695,60000000	0,99431813
695,80000000	0,99370592
696,00000000	0,99469623
696,20000000	0,99326449
696,40000000	0,99378734
696,60000000	0,99366824
696,80000000	0,99406694
697,00000000	0,99366922
697,20000000	0,99402212
697,40000000	0,99365556
697,60000000	0,99368990
697,80000000	0,99354340
698,00000000	0,99328269
698,20000000	0,99238477
698,40000000	0,99331843
698,60000000	0,99268841
698,80000000	0,99276460
699,00000000	0,99321405
699,20000000	0,99329919
699,40000000	0,99223210
699,60000000	0,99330759
699,80000000	0,99249022
700,00000000	0,99207172
700,20000000	0,99222024
700,40000000	0,99269303
700,60000000	0,99208892
700,80000000	0,99305849
701,00000000	0,99222376
701,20000000	0,99192310
701,40000000	0,99201936
701,60000000	0,99148314
701,80000000	0,99142660
702,00000000	0,99190240
702,20000000	0,99242052
702,40000000	0,99193286
702,60000000	0,99154459
702,80000000	0,99177357
703,00000000	0,99161915
703,20000000	0,99076583
703,40000000	0,99151401
703,60000000	0,99154448
703,80000000	0,99109910
704,00000000	0,99132184
704,20000000	0,99096586
704,40000000	0,99072535
704,60000000	0,99101269
704,80000000	0,98941603
705,00000000	0,99009375
705,20000000	0,99018565
705,40000000	0,98982522
705,60000000	0,98938832
705,80000000	0,99023580
706,00000000	0,98939676
706,20000000	0,98981226
706,40000000	0,98928794
706,60000000	0,98897211
706,80000000	0,98886609
707,00000000	0,98959956
707,20000000	0,98875609
707,40000000	0,98865648
707,60000000	0,98818221
707,80000000	0,98893052
708,00000000	0,98797003
708,20000000	0,98860366
708,40000000	0,98778630
708,60000000	0,98770431
708,80000000	0,98747508
709,00000000	0,98811935
709,20000000	0,98688787
709,40000000	0,98703776
709,60000000	0,98744933
709,80000000	0,98691851
710,00000000	0,98558720
710,20000000	0,98668853
710,40000000	0,98597397
710,60000000	0,98616639
710,80000000	0,98624888
711,00000000	0,98611177
711,20000000	0,98450901
711,40000000	0,98623560
711,60000000	0,98570880
711,80000000	0,98522127
712,00000000	0,98541276
712,20000000	0,98551983
712,40000000	0,98403793
712,60000000	0,98508870
712,80000000	0,98471019
713,00000000	0,98369472
713,20000000	0,98430536
713,40000000	0,98484123
713,60000000	0,98373279
713,80000000	0,98426914
714,00000000	0,98381475
714,20000000	0,98365123
714,40000000	0,98340029
714,60000000	0,98386413
714,80000000	0,98256198
715,00000000	0,98428702
715,20000000	0,98335049
715,40000000	0,98311946
715,60000000	0,98290330
715,80000000	0,98365953
716,00000000	0,98252772
716,20000000	0,98388955
716,40000000	0,98248708
716,60000000	0,98255714
716,80000000	0,98280546
717,00000000	0,98339907
717,20000000	0,98203895
717,40000000	0,98272779
717,60000000	0,98242286
717,80000000	0,98250768
718,00000000	0,98284898
718,20000000	0,98309383
718,40000000	0,98191591
718,60000000	0,98342579
718,80000000	0,98326511
719,00000000	0,98289143
719,20000000	0,98324399
719,40000000	0,98275020
719,60000000	0,98215685
719,80000000	0,98388288
720,00000000	0,98297027
720,20000000	0,98327918
720,40000000	0,98308723
720,60000000	0,98359093
720,80000000	0,98309442
721,00000000	0,98389631
721,20000000	0,98364168
721,40000000	0,98371142
721,60000000	0,98329407
721,80000000	0,98404682
722,00000000	0,98277281
722,20000000	0,98378662
722,40000000	0,98410809
722,60000000	0,98372633
722,80000000	0,98425669
723,00000000	0,98472269
723,20000000	0,98395555
723,40000000	0,98506305
723,60000000	0,98444700
723,80000000	0,98495155
724,00000000	0,98450193
724,20000000	0,98539324
724,40000000	0,98461112
724,60000000	0,98592953
724,80000000	0,98526913
725,00000000	0,98529062
725,20000000	0,98553176
725,40000000	0,98613773
725,60000000	0,98511675
725,80000000	0,98632128
726,00000000	0,98641523
726,20000000	0,98632846
726,40000000	0,98595259
726,60000000	0,98651186
726,80000000	0,98583109
727,00000000	0,98655952
727,20000000	0,98657368
727,40000000	0,98636928
727,60000000	0,98622189
727,80000000	0,98687049
728,00000000	0,98647760
728,20000000	0,98692572
728,40000000	0,98690342
728,60000000	0,98685306
728,80000000	0,98688078
729,00000000	0,98734869
729,20000000	0,98725056
729,40000000	0,98686261
729,60000000	0,98683318
729,80000000	0,98696892
730,00000000	0,98689363
730,20000000	0,98745767
730,40000000	0,98663987
730,60000000	0,98697598
730,80000000	0,98734538
731,00000000	0,98693438
731,20000000	0,98666694
731,40000000	0,98696051
731,60000000	0,98675150
731,80000000	0,98682475
732,00000000	0,98672007
732,20000000	0,98654244
732,40000000	0,98667454
732,60000000	0,98697934
732,80000000	0,98607984
733,00000000	0,98646175
733,20000000	0,98589930
733,40000000	0,98609938
733,60000000	0,98645354
733,80000000	0,98626135
734,00000000	0,98596667
734,20000000	0,98565997
734,40000000	0,98536306
734,60000000	0,98589222
734,80000000	0,98554000
735,00000000	0,98549326
735,20000000	0,98525281
735,40000000	0,98541148
735,60000000	0,98506484
735,80000000	0,98469792
736,00000000	0,98453475
736,20000000	0,98457952
736,40000000	0,98443539
736,60000000	0,98440249
736,80000000	0,98384719
737,00000000	0,98390846
737,20000000	0,98412058
737,40000000	0,98379897
737,60000000	0,98386618
737,80000000	0,98331490
738,00000000	0,98300559
738,20000000	0,98331500
738,40000000	0,98319856
738,60000000	0,98236177
738,80000000	0,98257770
739,00000000	0,98253300
739,20000000	0,98233031
739,40000000	0,98235486
739,60000000	0,98111016
739,80000000	0,98130536
740,00000000	0,98157943
740,20000000	0,98143168
740,40000000	0,98110345
740,60000000	0,98121592
740,80000000	0,98055688
741,00000000	0,98126477
741,20000000	0,98038417
741,40000000	0,98071734
741,60000000	0,97976207
741,80000000	0,98094109
742,00000000	0,98023416
742,20000000	0,97977543
742,40000000	0,97979402
742,60000000	0,98024869
742,80000000	0,97930126
743,00000000	0,97966716
743,20000000	0,97938576
743,40000000	0,97899070
743,60000000	0,97928866
743,80000000	0,97959189
744,00000000	0,97888996
744,20000000	0,97919089
744,40000000	0,97817960
744,60000000	0,97949697
744,80000000	0,97934071
745,00000000	0,97883395
745,20000000	0,97826423
745,40000000	0,97877624
745,60000000	0,97859059
745,80000000	0,97868403
746,00000000	0,97808169
746,20000000	0,97884510
746,40000000	0,97814477
746,60000000	0,97832433
746,80000000	0,97849554
747,00000000	0,97920041
747,20000000	0,97940744
747,40000000	0,97876663
747,60000000	0,97866696
747,80000000	0,97883959
748,00000000	0,97830504
748,20000000	0,97901600
748,40000000	0,97895042
748,60000000	0,97906747
748,80000000	0,97900126
749,00000000	0,97876651
749,20000000	0,97932508
749,40000000	0,97889605
749,60000000	0,97883127
749,80000000	0,97950526
750,00000000	0,97927025
750,20000000	0,97909563
750,40000000	0,97983844
750,60000000	0,97914353
750,80000000	0,97970887
751,00000000	0,97957269
751,20000000	0,98013232
751,40000000	0,97946577
751,60000000	0,98010491
751,80000000	0,98044757
752,00000000	0,98063422
752,20000000	0,98013344
752,40000000	0,98066077
752,60000000	0,98070757
752,80000000	0,98123220
753,00000000	0,98108044
753,20000000	0,98130092
753,40000000	0,98109786
753,60000000	0,98135707
753,80000000	0,98148310
754,00000000	0,98248458
754,20000000	0,98167100
754,40000000	0,98248147
754,60000000	0,98242936
754,80000000	0,98286603
755,00000000	0,98226965
755,20000000	0,98311622
755,40000000	0,98321249
755,60000000	0,98317636
755,80000000	0,98310758
756,00000000	0,98400909
756,20000000	0,98322086
756,40000000	0,98450479
756,60000000	0,98457672
756,80000000	0,98451743
757,00000000	0,98462861
757,20000000	0,98445637
757,40000000	0,98478302
757,60000000	0,98536095
757,80000000	0,98503825
758,00000000	0,98554972
758,20000000	0,98601024
758,40000000	0,98615911
758,60000000	0,98601854
758,80000000	0,98643837
759,00000000	0,98648795
759,20000000	0,98657911
759,40000000	0,98697422
759,60000000	0,98706981
759,80000000	0,98731050
760,00000000	0,98724152
760,20000000	0,98781470
760,40000000	0,98789943
760,60000000	0,98822872
760,80000000	0,98786284
761,00000000	0,98876446
761,20000000	0,98894460
761,40000000	0,98899776
761,60000000	0,98865472
761,80000000	0,98927948
762,00000000	0,98940732
762,20000000	0,99007257
762,40000000	0,98954736
762,60000000	0,99002563
762,80000000	0,98992805
763,00000000	0,99051305
763,20000000	0,99048433
763,40000000	0,99060342
763,60000000	0,99079748
763,80000000	0,99119826
764,00000000	0,99113723
764,20000000	0,99162234
764,40000000	0,99146576
764,60000000	0,99171990
764,80000000	0,99209550
765,00000000	0,99216093
765,20000000	0,99207471
765,40000000	0,99233519
765,60000000	0,99260512
765,80000000	0,99281365
766,00000000	0,99290022
766,20000000	0,99305348
766,40000000	0,99343436
766,60000000	0,99332645
766,80000000	0,99352410
767,00000000	0,99384851
767,20000000	0,99370571
767,40000000	0,99408950
767,60000000	0,99432031
767,80000000	0,99403416
768,00000000	0,99423268
768,20000000	0,99432716
768,40000000	0,99477506
768,60000000	0,99488465
768,80000000	0,99508966
769,00000000	0,99487782
769,20000000	0,99526385
769,40000000	0,99546615
769,60000000	0,99543081
769,80000000	0,99553947
770,00000000	0,99595039
770,20000000	0,99568256
770,40000000	0,99598664
770,60000000	0,99595752
770,80000000	0,99623259
771,00000000	0,99632252
771,20000000	0,99637434
771,40000000	0,99645512
771,60000000	0,99661607
771,80000000	0,99670850
772,00000000	0,99683935
772,20000000	0,99697427
772,40000000	0,99685292
772,60000000	0,99700917
772,80000000	0,99722903
773,00000000	0,99725096
773,20000000	0,99725953
773,40000000	0,99730407
773,60000000	0,99752994
773,80000000	0,99756978
774,00000000	0,99779983
774,20000000	0,99781090
774,40000000	0,99786993
774,60000000	0,99786089
774,80000000	0,99810611
775,00000000	0,99803164
775,20000000	0,99798519
775,40000000	0,99816448
775,60000000	0,99836236
775,80000000	0,99832106
776,00000000	0,99835240
776,20000000	0,99843746
776,40000000	0,99848465
776,60000000	0,99859810
776,80000000	0,99858989
777,00000000	0,99862057
777,20000000	0,99853500
777,40000000	0,99868928
777,60000000	0,99878112
777,80000000	0,99882232
778,00000000	0,99877032
778,20000000	0,99890538
778,40000000	0,99887432
778,60000000	0,99906690
778,80000000	0,99901468
779,00000000	0,99911272
779,20000000	0,99910459
779,40000000	0,99920698
779,60000000	0,99909844
779,80000000	0,99912444
780,00000000	0,99920249
780,20000000	0,99934869
780,40000000	0,99930188
780,60000000	0,99934005
780,80000000	0,99937649
781,00000000	0,99937521
781,20000000	0,99948288
781,40000000	0,99943711
781,60000000	0,99940654
781,80000000	0,99945461
782,00000000	0,99957447
782,20000000	0,99951450
782,40000000	0,99956554
782,60000000	0,99956461
782,80000000	0,99961129
783,00000000	0,99956766
783,20000000	0,99972734
783,40000000	0,99966860
783,60000000	0,99963478
783,80000000	0,99966015
784,00000000	0,99969994
784,20000000	0,99976833
784,40000000	0,99972959
784,60000000	0,99974630
784,80000000	0,99977274
785,00000000	0,99983435
785,20000000	0,99979349
785,40000000	0,99978891
785,60000000	0,99981729
785,80000000	0,99986342
786,00000000	0,99985689
786,20000000	0,99988573
786,40000000	0,99987780
786,60000000	0,99987713
786,80000000	0,99986850
787,00000000	0,99991990
787,20000000	0,99992232
787,40000000	0,99992876
787,60000000	0,99994904
787,80000000	0,99995991
788,00000000	0,99992701
788,20000000	0,99994248
788,40000000	0,99997298
788,60000000	0,99998055
788,80000000	0,99999414
789,00000000	0,99995990
789,20000000	0,99998003
789,40000000	0,99999099
789,60000000	0,99999540
789,80000000	0,99999449
790,00000000	0,99999800
790,20000000	0,99999941
790,40000000	0,99999708
790,60000000	0,99999948
790,80000000	0,99999761
791,00000000	0,99999572
791,20000000	0,99997730
791,40000000	0,99998580
791,60000000	0,99997982
791,80000000	0,99998389
792,00000000	0,99998217
792,20000000	0,99995946
792,40000000	0,99995232
792,60000000	0,99991355
792,80000000	0,99994400
793,00000000	0,99992091
793,20000000	0,99991693
793,40000000	0,99991724
793,60000000	0,99990579
793,80000000	0,99986096
794,00000000	0,99984393
794,20000000	0,99982232
794,40000000	0,99978743
794,60000000	0,99982630
794,80000000	0,99974950
795,00000000	0,99975730
795,20000000	0,99964188
795,40000000	0,99967668
795,60000000	0,99973288
795,80000000	0,99967828
796,00000000	0,99955056
796,20000000	0,99956028
796,40000000	0,99951229
796,60000000	0,99952980
796,80000000	0,99944307
797,00000000	0,99941944
797,20000000	0,99944701
797,40000000	0,99942391
797,60000000	0,99934260
797,80000000	0,99927627
798,00000000	0,99933658
798,20000000	0,99923277
798,40000000	0,99918976
798,60000000	0,99908918
798,80000000	0,99898962
799,00000000	0,99899222
799,20000000	0,99912509
799,40000000	0,99887243
799,60000000	0,99892305
799,80000000	0,99883654
800,00000000	0,99880535
800,20000000	0,99878605
800,40000000	0,99878246
800,60000000	0,99868466
800,80000000	0,99866860
801,00000000	0,99854756
801,20000000	0,99846503
801,40000000	0,99848957
801,60000000	0,99838849
801,80000000	0,99843272
802,00000000	0,99832591
802,20000000	0,99825184
802,40000000	0,99808544
802,60000000	0,99814311
802,80000000	0,99834381
803,00000000	0,99795696
803,20000000	0,99800644
803,40000000	0,99803111
803,60000000	0,99783517
803,80000000	0,99786932
804,00000000	0,99787022
804,20000000	0,99766745
804,40000000	0,99776359
804,60000000	0,99776426
804,80000000	0,99779186
805,00000000	0,99761912
805,20000000	0,99752255
805,40000000	0,99754230
805,60000000	0,99745346
805,80000000	0,99746063
806,00000000	0,99742795
806,20000000	0,99747259
806,40000000	0,99740557
806,60000000	0,99725288
806,80000000	0,99729383
807,00000000	0,99736055
807,20000000	0,99726770
807,40000000	0,99722739
807,60000000	0,99741866
807,80000000	0,99713720
808,00000000	0,99706484
808,20000000	0,99728150
808,40000000	0,99718493
808,60000000	0,99723020
808,80000000	0,99697812
809,00000000	0,99699284
809,20000000	0,99712563
809,40000000	0,99717846
809,60000000	0,99698735
809,80000000	0,99691728
810,00000000	0,99710605
810,20000000	0,99712429
810,40000000	0,99691490
810,60000000	0,99696389
810,80000000	0,99719792
811,00000000	0,99714644
811,20000000	0,99711055
811,40000000	0,99701297
811,60000000	0,99710629
811,80000000	0,99717019
812,00000000	0,99725420
812,20000000	0,99721657
812,40000000	0,99710906
812,60000000	0,99711622
812,80000000	0,99723512
813,00000000	0,99737125
813,20000000	0,99733232
813,40000000	0,99739465
813,60000000	0,99744070
813,80000000	0,99736779
814,00000000	0,99738260
814,20000000	0,99739737
814,40000000	0,99739683
814,60000000	0,99754118
814,80000000	0,99740719
815,00000000	0,99768584
815,20000000	0,99737738
815,40000000	0,99765192
815,60000000	0,99749593
815,80000000	0,99768995
816,00000000	0,99755809
816,20000000	0,99766289
816,40000000	0,99765472
816,60000000	0,99771341
816,80000000	0,99764244
817,00000000	0,99765357
817,20000000	0,99772126
817,40000000	0,99771713
817,60000000	0,99785667
817,80000000	0,99785307
818,00000000	0,99779631
818,20000000	0,99777985
818,40000000	0,99797948
818,60000000	0,99788729
818,80000000	0,99769747
819,00000000	0,99766810
819,20000000	0,99777967
819,40000000	0,99765379
819,60000000	0,99777578
819,80000000	0,99763330
820,00000000	0,99756411
820,20000000	0,99744334
820,40000000	0,99745512
820,60000000	0,99772401
820,80000000	0,99728298
821,00000000	0,99744747
821,20000000	0,99725819
821,40000000	0,99734090
821,60000000	0,99716677
821,80000000	0,99711782
822,00000000	0,99677583
822,20000000	0,99706337
822,40000000	0,99688048
822,60000000	0,99662223
822,80000000	0,99654957
823,00000000	0,99644192
823,20000000	0,99656444
823,40000000	0,99627357
823,60000000	0,99599123
823,80000000	0,99573434
824,00000000	0,99617439
824,20000000	0,99584367
824,40000000	0,99546735
824,60000000	0,99525414
824,80000000	0,99549273
825,00000000	0,99527319
825,20000000	0,99472953
825,40000000	0,99474750
825,60000000	0,99440697
825,80000000	0,99435770
826,00000000	0,99430578
826,20000000	0,99365671
826,40000000	0,99354068
826,60000000	0,99328650
826,80000000	0,99303094
827,00000000	0,99341347
827,20000000	0,99279251
827,40000000	0,99233806
827,60000000	0,99213786
827,80000000	0,99212665
828,00000000	0,99193079
828,20000000	0,99120607
828,40000000	0,99142415
828,60000000	0,99080281
828,80000000	0,99081515
829,00000000	0,99023498
829,20000000	0,99028460
829,40000000	0,98979869
829,60000000	0,98970659
829,80000000	0,98905247
830,00000000	0,98891883
830,20000000	0,98834095
830,40000000	0,98842305
830,60000000	0,98841213
830,80000000	0,98766706
831,00000000	0,98710784
831,20000000	0,98736691
831,40000000	0,98690179
831,60000000	0,98638836
831,80000000	0,98612451
832,00000000	0,98597440
832,20000000	0,98535466
832,40000000	0,98544286
832,60000000	0,98533342
832,80000000	0,98416092
833,00000000	0,98424335
833,20000000	0,98382242
833,40000000	0,98317300
833,60000000	0,98309189
833,80000000	0,98268105
834,00000000	0,98295659
834,20000000	0,98296175
834,40000000	0,98209819
834,60000000	0,98102674
834,80000000	0,98105018
835,00000000	0,98197422
835,20000000	0,98099267
835,40000000	0,98002460
835,60000000	0,98075498
835,80000000	0,97997246
836,00000000	0,97961366
836,20000000	0,97951022
836,40000000	0,97923805
836,60000000	0,97887915
836,80000000	0,97881870
837,00000000	0,97864706
837,20000000	0,97801920
837,40000000	0,97765638
837,60000000	0,97781073
837,80000000	0,97788837
838,00000000	0,97754206
838,20000000	0,97622968
838,40000000	0,97696415
838,60000000	0,97704976
838,80000000	0,97687410
839,00000000	0,97666632
839,20000000	0,97613258
839,40000000	0,97617768
839,60000000	0,97640380
839,80000000	0,97572616
840,00000000	0,97558000
840,20000000	0,97523894
840,40000000	0,97528940
840,60000000	0,97565117
840,80000000	0,97515353
841,00000000	0,97488438
841,20000000	0,97497123
841,40000000	0,97465689
841,60000000	0,97448944
841,80000000	0,97465439
842,00000000	0,97422816
842,20000000	0,97427084
842,40000000	0,97509910
842,60000000	0,97472884
842,80000000	0,97439480
843,00000000	0,97494613
843,20000000	0,97417096
843,40000000	0,97484036
843,60000000	0,97440514
843,80000000	0,97407610
844,00000000	0,97438481
844,20000000	0,97473478
844,40000000	0,97529638
844,60000000	0,97387807
844,80000000	0,97512812
845,00000000	0,97508835
845,20000000	0,97542098
845,40000000	0,97498214
845,60000000	0,97487240
845,80000000	0,97451750
846,00000000	0,97517744
846,20000000	0,97519917
846,40000000	0,97521296
846,60000000	0,97513214
846,80000000	0,97549315
847,00000000	0,97622970
847,20000000	0,97579299
847,40000000	0,97612860
847,60000000	0,97547392
847,80000000	0,97648089
848,00000000	0,97646530
848,20000000	0,97616007
848,40000000	0,97626064
848,60000000	0,97679204
848,80000000	0,97742903
849,00000000	0,97775703
849,20000000	0,97674683
849,40000000	0,97688547
849,60000000	0,97732953
849,80000000	0,97785495
850,00000000	0,97875363
850,20000000	0,97786871
850,40000000	0,97807539
850,60000000	0,97911486
850,80000000	0,97820619
851,00000000	0,97856148
851,20000000	0,97879831
851,40000000	0,97900601
851,60000000	0,97951698
851,80000000	0,97930919
852,00000000	0,97913524
852,20000000	0,98022970
852,40000000	0,97990687
852,60000000	0,98026354
852,80000000	0,97991365
853,00000000	0,97925632
853,20000000	0,98033888
853,40000000	0,98077931
853,60000000	0,98019106
853,80000000	0,98091451
854,00000000	0,98079854
854,20000000	0,98101740
854,40000000	0,98122421
854,60000000	0,98106321
854,80000000	0,98169628
855,00000000	0,98133466
855,20000000	0,98142521
855,40000000	0,98234782
855,60000000	0,98131929
855,80000000	0,98157272
856,00000000	0,98200737
856,20000000	0,98253005
856,40000000	0,98209621
856,60000000	0,98213407
856,80000000	0,98185802
857,00000000	0,98207460
857,20000000	0,98324409
857,40000000	0,98180965
857,60000000	0,98192228
857,80000000	0,98235744
858,00000000	0,98248840
858,20000000	0,98224559
858,40000000	0,98187076
858,60000000	0,98248111
858,80000000	0,98236597
859,00000000	0,98296998
859,20000000	0,98209630
859,40000000	0,98252409
859,60000000	0,98252810
859,80000000	0,98238969
860,00000000	0,98217019
860,20000000	0,98171920
860,40000000	0,98174835
860,60000000	0,98222488
860,80000000	0,98277913
861,00000000	0,98238105
861,20000000	0,98176039
861,40000000	0,98173855
861,60000000	0,98158513
861,80000000	0,98148006
862,00000000	0,98197352
862,20000000	0,98144573
862,40000000	0,98112772
862,60000000	0,98108947
862,80000000	0,98154691
863,00000000	0,98115111
863,20000000	0,98104735
863,40000000	0,98072748
863,60000000	0,98104845
863,80000000	0,98101383
864,00000000	0,98043393
864,20000000	0,98052355
864,40000000	0,98067582
864,60000000	0,98016380
864,80000000	0,98024372
865,00000000	0,98026511
865,20000000	0,98001740
865,40000000	0,97981137
865,60000000	0,98006070
865,80000000	0,97878627
866,00000000	0,97939747
866,20000000	0,97912524
866,40000000	0,97931690
866,60000000	0,97894013
866,80000000	0,97867793
867,00000000	0,97849501
867,20000000	0,97831919
867,40000000	0,97819266
867,60000000	0,97843400
867,80000000	0,97823795
868,00000000	0,97780224
868,20000000	0,97817256
868,40000000	0,97779667
868,60000000	0,97700021
868,80000000	0,97755593
869,00000000	0,97798436
869,20000000	0,97777239
869,40000000	0,97634775
869,60000000	0,97624082
869,80000000	0,97704085
870,00000000	0,97731670
870,20000000	0,97678868
870,40000000	0,97581284
870,60000000	0,97551798
870,80000000	0,97641084
871,00000000	0,97611085
871,20000000	0,97609537
871,40000000	0,97565965
871,60000000	0,97552748
871,80000000	0,97579193
872,00000000	0,97515226
872,20000000	0,97475145
872,40000000	0,97535192
872,60000000	0,97466369
872,80000000	0,97499667
873,00000000	0,97489304
873,20000000	0,97432011
873,40000000	0,97456205
873,60000000	0,97499271
873,80000000	0,97469689
874,00000000	0,97399141
874,20000000	0,97411691
874,40000000	0,97404896
874,60000000	0,97388102
874,80000000	0,97407508
875,00000000	0,97359288
875,20000000	0,97364520
875,40000000	0,97315028
875,60000000	0,97330884
875,80000000	0,97319916
876,00000000	0,97318841
876,20000000	0,97266705
876,40000000	0,97358119
876,60000000	0,97270694
876,80000000	0,97220535
877,00000000	0,97261925
877,20000000	0,97260792
877,40000000	0,97282237
877,60000000	0,97233636
877,80000000	0,97177611
878,00000000	0,97157987
878,20000000	0,97195647
878,40000000	0,97214326
878,60000000	0,97202844
878,80000000	0,97093642
879,00000000	0,97198437
879,20000000	0,97190681
879,40000000	0,97071191
879,60000000	0,97122718
879,80000000	0,97092509
880,00000000	0,97049895
880,20000000	0,97101777
880,40000000	0,97005330
880,60000000	0,97006380
880,80000000	0,97012702
881,00000000	0,97011954
881,20000000	0,96966717
881,40000000	0,96937588
881,60000000	0,96902048
881,80000000	0,96923827
882,00000000	0,96943760
882,20000000	0,96943309
882,40000000	0,96886245
882,60000000	0,96769231
882,80000000	0,96800268
883,00000000	0,96932420
883,20000000	0,96657984
883,40000000	0,96730773
883,60000000	0,96688624
883,80000000	0,96743763
884,00000000	0,96716975
884,20000000	0,96563531
884,40000000	0,96615706
884,60000000	0,96584371
884,80000000	0,96622710
885,00000000	0,96675227
885,20000000	0,96467894
885,40000000	0,96514250
885,60000000	0,96507502
885,80000000	0,96486321
886,00000000	0,96459984
886,20000000	0,96429854
886,40000000	0,96393083
886,60000000	0,96410529
886,80000000	0,96383621
887,00000000	0,96259961
887,20000000	0,96309580
887,40000000	0,96287497
887,60000000	0,96266269
887,80000000	0,96185027
888,00000000	0,96266499
888,20000000	0,96208187
888,40000000	0,96180659
888,60000000	0,96121795
888,80000000	0,96038912
889,00000000	0,96123064
889,20000000	0,96003752
889,40000000	0,96013404
889,60000000	0,95926281
889,80000000	0,95954200
890,00000000	0,95964722
890,20000000	0,95967078
890,40000000	0,95879293
890,60000000	0,95780397
890,80000000	0,95884556
891,00000000	0,95761922
891,20000000	0,95930866
891,40000000	0,95931318
891,60000000	0,95687875
891,80000000	0,95751081
892,00000000	0,95721142
892,20000000	0,95894507
892,40000000	0,95753035
892,60000000	0,95711437
892,80000000	0,95697831
893,00000000	0,95685289
893,20000000	0,95711841
893,40000000	0,95569501
893,60000000	0,95614274
893,80000000	0,95635468
894,00000000	0,95678603
894,20000000	0,95616448
894,40000000	0,95567099
894,60000000	0,95609150
894,80000000	0,95665651
895,00000000	0,95674017
895,20000000	0,95561170
895,40000000	0,95509280
895,60000000	0,95573152
895,80000000	0,95676346
896,00000000	0,95655353
896,20000000	0,95577104
896,40000000	0,95524957
896,60000000	0,95605584
896,80000000	0,95661317
897,00000000	0,95572281
897,20000000	0,95606337
897,40000000	0,95610464
897,60000000	0,95653376
897,80000000	0,95704379
898,00000000	0,95691743
898,20000000	0,95634118
898,40000000	0,95731667
898,60000000	0,95789530
898,80000000	0,95699897
899,00000000	0,95672715
899,20000000	0,95740851
899,40000000	0,95830606
899,60000000	0,95973265
899,80000000	0,95774119
900,00000000	0,95895368
