200,00000000	-0,06613600
200,20000000	0,74685935
200,40000000	0,99338967
200,60000000	0,56391353
200,80000000	0,93617482
201,00000000	0,77496152
201,20000000	0,97936771
201,40000000	0,76328906
201,60000000	0,73149453
201,80000000	0,94763988
202,00000000	0,93735105
202,20000000	0,09564784
202,40000000	0,83733059
202,60000000	0,99508475
202,80000000	-0,13290535
203,00000000	0,68267467
203,20000000	0,98688686
203,40000000	0,82491057
203,60000000	0,67261586
203,80000000	0,89784222
204,00000000	0,99562868
204,20000000	0,56241899
204,40000000	0,47501327
204,60000000	0,76162827
204,80000000	0,98397260
205,00000000	0,99872728
205,20000000	0,54730301
205,40000000	0,75746448
205,60000000	0,78212718
205,80000000	0,80970692
206,00000000	0,98190449
206,20000000	0,98575287
206,40000000	0,68641952
206,60000000	0,74113666
206,80000000	0,80417610
207,00000000	0,98482467
207,20000000	0,94563450
207,40000000	0,66105857
207,60000000	0,97041677
207,80000000	0,78161633
208,00000000	0,82107698
208,20000000	0,86638034
208,40000000	0,97672534
208,60000000	0,72191684
208,80000000	0,45659042
209,00000000	0,93275425
209,20000000	0,88148385
209,40000000	0,94209491
209,60000000	0,90956559
209,80000000	0,89413480
210,00000000	0,90052452
210,20000000	0,83262976
210,40000000	0,85652294
210,60000000	0,97639607
210,80000000	0,89088803
211,00000000	0,61529048
211,20000000	0,74019159
211,40000000	0,93001392
211,60000000	0,88926836
211,80000000	0,80911503
212,00000000	0,81215418
212,20000000	0,93897602
212,40000000	0,85091871
212,60000000	0,69410687
212,80000000	0,97254563
213,00000000	0,85420787
213,20000000	0,67394879
213,40000000	0,80657638
213,60000000	0,88627686
213,80000000	0,89941737
214,00000000	0,74627469
214,20000000	0,91945413
214,40000000	0,90555522
214,60000000	0,84730937
214,80000000	0,81812269
215,00000000	0,80956022
215,20000000	0,93846121
215,40000000	0,77398363
215,60000000	0,74644225
215,80000000	0,97443490
216,00000000	0,85912633
216,20000000	0,83630931
216,40000000	0,92270729
216,60000000	0,96662039
216,80000000	0,83969924
217,00000000	0,81995369
217,20000000	0,93481467
217,40000000	0,95001276
217,60000000	0,86185173
217,80000000	0,89445795
218,00000000	0,84475521
218,20000000	0,91215012
218,40000000	0,89823672
218,60000000	0,89545824
218,80000000	0,86684027
219,00000000	0,88069604
219,20000000	0,84914399
219,40000000	0,91754555
219,60000000	0,87936605
219,80000000	0,93427474
220,00000000	0,58798382
220,20000000	0,93979050
220,40000000	0,78128408
220,60000000	0,93468967
220,80000000	0,73312403
221,00000000	0,84909628
221,20000000	0,86507557
221,40000000	0,84335421
221,60000000	0,82866472
221,80000000	0,81473706
222,00000000	0,94990584
222,20000000	0,51581540
222,40000000	0,92866693
222,60000000	0,79676782
222,80000000	0,95886741
223,00000000	0,76300121
223,20000000	0,77104851
223,40000000	0,92507889
223,60000000	0,82490075
223,80000000	0,95578068
224,00000000	0,64684291
224,20000000	0,94508594
224,40000000	0,85972795
224,60000000	0,80297163
224,80000000	0,91286589
225,00000000	0,79753139
225,20000000	0,94352065
225,40000000	0,71137994
225,60000000	0,92328560
225,80000000	0,84679866
226,00000000	0,89293513
226,20000000	0,55585130
226,40000000	0,82241208
226,60000000	0,89729947
226,80000000	0,89367429
227,00000000	0,76152901
227,20000000	0,73407871
227,40000000	0,94969626
227,60000000	0,74067965
227,80000000	0,78434743
228,00000000	0,96000991
228,20000000	0,68510369
228,40000000	0,91753313
228,60000000	0,56702521
228,80000000	0,80614212
229,00000000	0,90935182
229,20000000	0,79578380
229,40000000	0,86022068
229,60000000	0,80658136
229,80000000	0,85647385
230,00000000	0,73163711
230,20000000	0,91748206
230,40000000	0,81357050
230,60000000	0,91298681
230,80000000	0,82787345
231,00000000	0,86164388
231,20000000	0,84301835
231,40000000	0,85763056
231,60000000	0,81893252
231,80000000	0,78579846
232,00000000	0,92832856
232,20000000	0,80302008
232,40000000	0,87452870
232,60000000	0,77974769
232,80000000	0,86357658
233,00000000	0,85887697
233,20000000	0,85241069
233,40000000	0,78877785
233,60000000	0,79216509
233,80000000	0,83462896
234,00000000	0,80172485
234,20000000	0,84722433
234,40000000	0,81776814
234,60000000	0,77272545
234,80000000	0,84450296
235,00000000	0,85797256
235,20000000	0,75924520
235,40000000	0,77488032
235,60000000	0,83587453
235,80000000	0,76820179
236,00000000	0,86896360
236,20000000	0,84491988
236,40000000	0,86192680
236,60000000	0,79160139
236,80000000	0,87567225
237,00000000	0,80258647
237,20000000	0,84736441
237,40000000	0,85804558
237,60000000	0,83982500
237,80000000	0,86101602
238,00000000	0,88766906
238,20000000	0,83576348
238,40000000	0,84977885
238,60000000	0,79483251
238,80000000	0,81729212
239,00000000	0,90084585
239,20000000	0,78619917
239,40000000	0,87386083
239,60000000	0,83716954
239,80000000	0,81943554
240,00000000	0,86815596
240,20000000	0,80566099
240,40000000	0,81495131
240,60000000	0,84448594
240,80000000	0,86127975
241,00000000	0,84257344
241,20000000	0,81603944
241,40000000	0,85121939
241,60000000	0,84689961
241,80000000	0,81443707
242,00000000	0,86587289
242,20000000	0,80770073
242,40000000	0,87143316
242,60000000	0,84887996
242,80000000	0,82880893
243,00000000	0,83953353
243,20000000	0,84292043
243,40000000	0,83592604
243,60000000	0,85691076
243,80000000	0,85433441
244,00000000	0,83123536
244,20000000	0,81868253
244,40000000	0,80798718
244,60000000	0,84221268
244,80000000	0,84064836
245,00000000	0,85451296
245,20000000	0,74090095
245,40000000	0,90232096
245,60000000	0,77163533
245,80000000	0,83514533
246,00000000	0,81032633
246,20000000	0,80216822
246,40000000	0,87287151
246,60000000	0,77275404
246,80000000	0,85488461
247,00000000	0,83930396
247,20000000	0,82996717
247,40000000	0,82480222
247,60000000	0,83486830
247,80000000	0,79838527
248,00000000	0,84425804
248,20000000	0,80412403
248,40000000	0,82413824
248,60000000	0,79896426
248,80000000	0,83276209
249,00000000	0,73477419
249,20000000	0,87838173
249,40000000	0,77113500
249,60000000	0,80900859
249,80000000	0,85046330
250,00000000	0,72968919
250,20000000	0,84957829
250,40000000	0,82379972
250,60000000	0,80975754
250,80000000	0,80151110
251,00000000	0,77875839
251,20000000	0,82082473
251,40000000	0,79264394
251,60000000	0,86644459
251,80000000	0,76111000
252,00000000	0,84609728
252,20000000	0,85378247
252,40000000	0,75576750
252,60000000	0,83812842
252,80000000	0,75866123
253,00000000	0,80558210
253,20000000	0,85120725
253,40000000	0,74073634
253,60000000	0,83720115
253,80000000	0,87373236
254,00000000	0,79805273
254,20000000	0,79017050
254,40000000	0,81010857
254,60000000	0,83330980
254,80000000	0,83962338
255,00000000	0,73372511
255,20000000	0,84956582
255,40000000	0,80441734
255,60000000	0,85368766
255,80000000	0,73399851
256,00000000	0,79763011
256,20000000	0,87972476
256,40000000	0,79484020
256,60000000	0,82394484
256,80000000	0,82835394
257,00000000	0,83303952
257,20000000	0,81202473
257,40000000	0,81172018
257,60000000	0,77514840
257,80000000	0,77700980
258,00000000	0,77820814
258,20000000	0,73224328
258,40000000	0,78218639
258,60000000	0,75259890
258,80000000	0,84249516
259,00000000	0,83003515
259,20000000	0,75613089
259,40000000	0,78183490
259,60000000	0,85853826
259,80000000	0,73735224
260,00000000	0,76693098
260,20000000	0,77008671
260,40000000	0,75159712
260,60000000	0,76567017
260,80000000	0,70401497
261,00000000	0,75912813
261,20000000	0,76769044
261,40000000	0,84100034
261,60000000	0,77799768
261,80000000	0,68279986
262,00000000	0,76431328
262,20000000	0,76714223
262,40000000	0,77287363
262,60000000	0,73756145
262,80000000	0,70049247
263,00000000	0,74712430
263,20000000	0,74065368
263,40000000	0,77944035
263,60000000	0,79015739
263,80000000	0,74529363
264,00000000	0,66579888
264,20000000	0,79767581
264,40000000	0,74679782
264,60000000	0,68402169
264,80000000	0,70099174
265,00000000	0,71345794
265,20000000	0,71429155
265,40000000	0,75666220
265,60000000	0,71090135
265,80000000	0,72048107
266,00000000	0,76540355
266,20000000	0,73084095
266,40000000	0,74270072
266,60000000	0,68213274
266,80000000	0,71493557
267,00000000	0,61718024
267,20000000	0,68672902
267,40000000	0,73774364
267,60000000	0,71561482
267,80000000	0,70223269
268,00000000	0,70212874
268,20000000	0,66764405
268,40000000	0,67524386
268,60000000	0,74629734
268,80000000	0,67775511
269,00000000	0,68068500
269,20000000	0,69745606
269,40000000	0,71008351
269,60000000	0,68365209
269,80000000	0,68318840
270,00000000	0,69252850
270,20000000	0,66887238
270,40000000	0,72240665
270,60000000	0,68360781
270,80000000	0,69769018
271,00000000	0,68471559
271,20000000	0,67136377
271,40000000	0,68475533
271,60000000	0,70046706
271,80000000	0,69721052
272,00000000	0,68922938
272,20000000	0,70179947
272,40000000	0,67683944
272,60000000	0,69603320
272,80000000	0,68272362
273,00000000	0,68051564
273,20000000	0,68225793
273,40000000	0,67023613
273,60000000	0,67519038
273,80000000	0,69659601
274,00000000	0,67283104
274,20000000	0,64885204
274,40000000	0,68293171
274,60000000	0,65227450
274,80000000	0,68101773
275,00000000	0,69355671
275,20000000	0,64380351
275,40000000	0,62435605
275,60000000	0,61380042
275,80000000	0,63164826
276,00000000	0,66999276
276,20000000	0,66774799
276,40000000	0,63525058
276,60000000	0,64535668
276,80000000	0,66006306
277,00000000	0,62368958
277,20000000	0,62970406
277,40000000	0,65652591
277,60000000	0,61838758
277,80000000	0,65323582
278,00000000	0,64237614
278,20000000	0,62398644
278,40000000	0,63265954
278,60000000	0,59370768
278,80000000	0,59753440
279,00000000	0,63109547
279,20000000	0,61822720
279,40000000	0,64068213
279,60000000	0,64577548
279,80000000	0,60064311
280,00000000	0,57069331
280,20000000	0,61361718
280,40000000	0,59145152
280,60000000	0,64125068
280,80000000	0,56927676
281,00000000	0,62938049
281,20000000	0,60374725
281,40000000	0,60784709
281,60000000	0,58694370
281,80000000	0,61376388
282,00000000	0,60691215
282,20000000	0,60983284
282,40000000	0,59622175
282,60000000	0,55198748
282,80000000	0,57722021
283,00000000	0,57724827
283,20000000	0,61004910
283,40000000	0,57872998
283,60000000	0,59195047
283,80000000	0,50870505
284,00000000	0,58139472
284,20000000	0,50677166
284,40000000	0,53025036
284,60000000	0,51683129
284,80000000	0,50688600
285,00000000	0,47454520
285,20000000	0,49784116
285,40000000	0,51407895
285,60000000	0,48580158
285,80000000	0,46251168
286,00000000	0,46898771
286,20000000	0,47226482
286,40000000	0,47953381
286,60000000	0,46025213
286,80000000	0,42221203
287,00000000	0,42669338
287,20000000	0,41531368
287,40000000	0,42364838
287,60000000	0,38125233
287,80000000	0,36910641
288,00000000	0,37282821
288,20000000	0,42932455
288,40000000	0,35201719
288,60000000	0,36232251
288,80000000	0,36894798
289,00000000	0,33752635
289,20000000	0,38140748
289,40000000	0,34070932
289,60000000	0,36119239
289,80000000	0,28156738
290,00000000	0,34753761
290,20000000	0,32179303
290,40000000	0,26737862
290,60000000	0,33664110
290,80000000	0,32208472
291,00000000	0,34057758
291,20000000	0,29769261
291,40000000	0,34959004
291,60000000	0,33510990
291,80000000	0,24347814
292,00000000	0,25287485
292,20000000	0,29081677
292,40000000	0,29853385
292,60000000	0,31710835
292,80000000	0,28902073
293,00000000	0,29234825
293,20000000	0,30148637
293,40000000	0,25637860
293,60000000	0,27401181
293,80000000	0,29274802
294,00000000	0,25958192
294,20000000	0,25837713
294,40000000	0,25382724
294,60000000	0,27427656
294,80000000	0,31690790
295,00000000	0,29388887
295,20000000	0,26034043
295,40000000	0,25785300
295,60000000	0,25155954
295,80000000	0,24609689
296,00000000	0,24354361
296,20000000	0,28762999
296,40000000	0,27804109
296,60000000	0,27148631
296,80000000	0,25641549
297,00000000	0,25273308
297,20000000	0,26577816
297,40000000	0,19556302
297,60000000	0,24355069
297,80000000	0,23572893
298,00000000	0,27938912
298,20000000	0,26279160
298,40000000	0,22444471
298,60000000	0,28624093
298,80000000	0,24931883
299,00000000	0,26721723
299,20000000	0,22044848
299,40000000	0,22900558
299,60000000	0,19308149
299,80000000	0,21416083
300,00000000	0,26010851
300,20000000	0,22976430
300,40000000	0,24631545
300,60000000	0,24447655
300,80000000	0,23658548
301,00000000	0,22096544
301,20000000	0,23880823
301,40000000	0,23830735
301,60000000	0,21525790
301,80000000	0,23931362
302,00000000	0,22822990
302,20000000	0,24320174
302,40000000	0,22087195
302,60000000	0,22881067
302,80000000	0,25182489
303,00000000	0,22546405
303,20000000	0,21453084
303,40000000	0,23701555
303,60000000	0,23078880
303,80000000	0,21318490
304,00000000	0,24028363
304,20000000	0,23473913
304,40000000	0,27764521
304,60000000	0,20261789
304,80000000	0,25521180
305,00000000	0,19408080
305,20000000	0,19482255
305,40000000	0,23409023
305,60000000	0,21975488
305,80000000	0,22157154
306,00000000	0,22149133
306,20000000	0,23233089
306,40000000	0,23812892
306,60000000	0,24215742
306,80000000	0,25251121
307,00000000	0,22248867
307,20000000	0,19648465
307,40000000	0,25088876
307,60000000	0,21716921
307,80000000	0,19540747
308,00000000	0,20124680
308,20000000	0,19457088
308,40000000	0,20628660
308,60000000	0,22632980
308,80000000	0,24145799
309,00000000	0,21273208
309,20000000	0,23389945
309,40000000	0,23967678
309,60000000	0,22260361
309,80000000	0,21547226
310,00000000	0,22354739
310,20000000	0,19126836
310,40000000	0,17787622
310,60000000	0,18663686
310,80000000	0,20430581
311,00000000	0,20932580
311,20000000	0,20926129
311,40000000	0,23705172
311,60000000	0,23021107
311,80000000	0,23534982
312,00000000	0,23177856
312,20000000	0,21725165
312,40000000	0,20071176
312,60000000	0,20428811
312,80000000	0,18158818
313,00000000	0,18470314
313,20000000	0,22021486
313,40000000	0,20708490
313,60000000	0,21643229
313,80000000	0,21978460
314,00000000	0,21024741
314,20000000	0,22414880
314,40000000	0,22556427
314,60000000	0,21806769
314,80000000	0,20824058
315,00000000	0,20633221
315,20000000	0,20434901
315,40000000	0,20522085
315,60000000	0,18919656
315,80000000	0,19379660
316,00000000	0,20013521
316,20000000	0,20695625
316,40000000	0,21231882
316,60000000	0,21278440
316,80000000	0,20720290
317,00000000	0,21668605
317,20000000	0,20156739
317,40000000	0,19484880
317,60000000	0,21325124
317,80000000	0,20578073
318,00000000	0,20264343
318,20000000	0,20069947
318,40000000	0,20721961
318,60000000	0,20660857
318,80000000	0,21763749
319,00000000	0,19404626
319,20000000	0,22204604
319,40000000	0,20142205
319,60000000	0,19940161
319,80000000	0,20193226
320,00000000	0,19996252
320,20000000	0,19723156
320,40000000	0,20315333
320,60000000	0,21406942
320,80000000	0,19612108
321,00000000	0,20663393
321,20000000	0,20560143
321,40000000	0,20273341
321,60000000	0,20793363
321,80000000	0,19352478
322,00000000	0,19668691
322,20000000	0,18442120
322,40000000	0,21035293
322,60000000	0,19907631
322,80000000	0,19527978
323,00000000	0,19196654
323,20000000	0,20841000
323,40000000	0,19174278
323,60000000	0,20819766
323,80000000	0,19802442
324,00000000	0,19386909
324,20000000	0,19933088
324,40000000	0,19719935
324,60000000	0,20043304
324,80000000	0,19937599
325,00000000	0,20735034
325,20000000	0,18527804
325,40000000	0,19616049
325,60000000	0,18993812
325,80000000	0,19882645
326,00000000	0,18600708
326,20000000	0,20052030
326,40000000	0,20156237
326,60000000	0,19746449
326,80000000	0,20033131
327,00000000	0,20198884
327,20000000	0,19735549
327,40000000	0,20612961
327,60000000	0,18923227
327,80000000	0,19382944
328,00000000	0,19338519
328,20000000	0,19479007
328,40000000	0,19497355
328,60000000	0,19231727
328,80000000	0,18894217
329,00000000	0,19686060
329,20000000	0,20418505
329,40000000	0,19126246
329,60000000	0,20079478
329,80000000	0,19386962
330,00000000	0,19175083
330,20000000	0,19529434
330,40000000	0,20057506
330,60000000	0,19615565
330,80000000	0,19507688
331,00000000	0,19767295
331,20000000	0,18899212
331,40000000	0,19195450
331,60000000	0,19621234
331,80000000	0,18796737
332,00000000	0,19612254
332,20000000	0,19253191
332,40000000	0,19380928
332,60000000	0,18349533
332,80000000	0,19247457
333,00000000	0,19866119
333,20000000	0,19052898
333,40000000	0,19573579
333,60000000	0,18397648
333,80000000	0,19175623
334,00000000	0,18325914
334,20000000	0,19541629
334,40000000	0,18441773
334,60000000	0,19762723
334,80000000	0,18913645
335,00000000	0,18949255
335,20000000	0,19061588
335,40000000	0,18931625
335,60000000	0,19019884
335,80000000	0,19396954
336,00000000	0,19085447
336,20000000	0,18708136
336,40000000	0,18850476
336,60000000	0,18409888
336,80000000	0,18518628
337,00000000	0,18823334
337,20000000	0,19134384
337,40000000	0,18756948
337,60000000	0,19127566
337,80000000	0,18981515
338,00000000	0,18426432
338,20000000	0,18923910
338,40000000	0,18606984
338,60000000	0,18470726
338,80000000	0,18393734
339,00000000	0,18620694
339,20000000	0,18300473
339,40000000	0,18681172
339,60000000	0,18462467
339,80000000	0,18778899
340,00000000	0,18849063
340,20000000	0,18591071
340,40000000	0,18155897
340,60000000	0,18803179
340,80000000	0,18784644
341,00000000	0,18499606
341,20000000	0,19127849
341,40000000	0,18739950
341,60000000	0,18029035
341,80000000	0,18674441
342,00000000	0,18375468
342,20000000	0,18793766
342,40000000	0,19143358
342,60000000	0,18803627
342,80000000	0,18364401
343,00000000	0,18140990
343,20000000	0,17986558
343,40000000	0,18194105
343,60000000	0,18595210
343,80000000	0,18783172
344,00000000	0,18291394
344,20000000	0,18839506
344,40000000	0,18131020
344,60000000	0,18305905
344,80000000	0,18292668
345,00000000	0,18590477
345,20000000	0,18442247
345,40000000	0,18366388
345,60000000	0,18134681
345,80000000	0,18206417
346,00000000	0,18284596
346,20000000	0,18425512
346,40000000	0,18514677
346,60000000	0,18597142
346,80000000	0,18022929
347,00000000	0,18197787
347,20000000	0,18128761
347,40000000	0,18444535
347,60000000	0,18651697
347,80000000	0,18607907
348,00000000	0,18365515
348,20000000	0,18135546
348,40000000	0,18038694
348,60000000	0,17867852
348,80000000	0,18033143
349,00000000	0,18539112
349,20000000	0,18434849
349,40000000	0,18563231
349,60000000	0,18377401
349,80000000	0,17934799
350,00000000	0,18013995
350,20000000	0,17762496
350,40000000	0,18053782
350,60000000	0,18220917
350,80000000	0,18345197
351,00000000	0,18274708
351,20000000	0,17995544
351,40000000	0,17968834
351,60000000	0,17772618
351,80000000	0,17719408
352,00000000	0,17988787
352,20000000	0,17889037
352,40000000	0,18232037
352,60000000	0,18134716
352,80000000	0,18113603
353,00000000	0,18041326
353,20000000	0,17832126
353,40000000	0,17932520
353,60000000	0,17776179
353,80000000	0,17925607
354,00000000	0,18016993
354,20000000	0,17839143
354,40000000	0,18111006
354,60000000	0,17995979
354,80000000	0,17891696
355,00000000	0,17826356
355,20000000	0,17689770
355,40000000	0,17855246
355,60000000	0,17632787
355,80000000	0,17816480
356,00000000	0,17841500
356,20000000	0,17916188
356,40000000	0,17826621
356,60000000	0,17601869
356,80000000	0,17700929
357,00000000	0,17405135
357,20000000	0,17211500
357,40000000	0,17750898
357,60000000	0,17387338
357,80000000	0,17682064
358,00000000	0,17418403
358,20000000	0,17549292
358,40000000	0,17693936
358,60000000	0,17409973
358,80000000	0,17710967
359,00000000	0,17483467
359,20000000	0,17608198
359,40000000	0,17678212
359,60000000	0,17308873
359,80000000	0,17730079
360,00000000	0,17633722
360,20000000	0,17050544
360,40000000	0,17560474
360,60000000	0,17441870
360,80000000	0,17337568
361,00000000	0,16998860
361,20000000	0,17124695
361,40000000	0,17611722
361,60000000	0,16977010
361,80000000	0,17413826
362,00000000	0,17552928
362,20000000	0,17009480
362,40000000	0,17390228
362,60000000	0,17084044
362,80000000	0,16765401
363,00000000	0,17461918
363,20000000	0,16796252
363,40000000	0,16854823
363,60000000	0,17294517
363,80000000	0,16755758
364,00000000	0,17614983
364,20000000	0,16988187
364,40000000	0,17159063
364,60000000	0,17286975
364,80000000	0,16866576
365,00000000	0,17577072
365,20000000	0,17412754
365,40000000	0,17423283
365,60000000	0,17462836
365,80000000	0,17114585
366,00000000	0,17312171
366,20000000	0,16607387
366,40000000	0,16915635
366,60000000	0,16736751
366,80000000	0,16660806
367,00000000	0,16423542
367,20000000	0,16170934
367,40000000	0,16950310
367,60000000	0,16405114
367,80000000	0,16592067
368,00000000	0,17403404
368,20000000	0,16568260
368,40000000	0,17264267
368,60000000	0,17085760
368,80000000	0,16807028
369,00000000	0,17073485
369,20000000	0,17238789
369,40000000	0,17277729
369,60000000	0,17728958
369,80000000	0,17330590
370,00000000	0,17835367
370,20000000	0,17093444
370,40000000	0,15699768
370,60000000	0,17230564
370,80000000	0,16187947
371,00000000	0,15825475
371,20000000	0,16770626
371,40000000	0,15735592
371,60000000	0,16749084
371,80000000	0,16272806
372,00000000	0,16540954
372,20000000	0,17488504
372,40000000	0,15889880
372,60000000	0,17451318
372,80000000	0,17106097
373,00000000	0,17221005
373,20000000	0,17866978
373,40000000	0,16754710
373,60000000	0,17481933
373,80000000	0,17639036
374,00000000	0,17301632
374,20000000	0,17175444
374,40000000	0,16884010
374,60000000	0,16234400
374,80000000	0,16267048
375,00000000	0,16852439
375,20000000	0,15162807
375,40000000	0,15742782
375,60000000	0,16369464
375,80000000	0,15705957
376,00000000	0,16111805
376,20000000	0,16786041
376,40000000	0,16570473
376,60000000	0,16646509
376,80000000	0,16816952
377,00000000	0,16789064
377,20000000	0,17074989
377,40000000	0,16962877
377,60000000	0,17061626
377,80000000	0,17240539
378,00000000	0,16316371
378,20000000	0,17345987
378,40000000	0,16729409
378,60000000	0,15170865
378,80000000	0,16944624
379,00000000	0,16069535
379,20000000	0,14557659
379,40000000	0,16383351
379,60000000	0,15318779
379,80000000	0,15872057
380,00000000	0,16990848
380,20000000	0,15482561
380,40000000	0,16513707
380,60000000	0,17094807
380,80000000	0,17133416
381,00000000	0,17516327
381,20000000	0,17067613
381,40000000	0,16990500
381,60000000	0,17545346
381,80000000	0,17575574
382,00000000	0,17494056
382,20000000	0,17594801
382,40000000	0,16820712
382,60000000	0,16342045
382,80000000	0,16919004
383,00000000	0,15294497
383,20000000	0,16258854
383,40000000	0,16154410
383,60000000	0,14647201
383,80000000	0,15086364
384,00000000	0,15738296
384,20000000	0,14674444
384,40000000	0,15256217
384,60000000	0,16222618
384,80000000	0,16269735
385,00000000	0,15863336
385,20000000	0,17753091
385,40000000	0,17161572
385,60000000	0,17140750
385,80000000	0,16774232
386,00000000	0,17082103
386,20000000	0,17530922
386,40000000	0,16882858
386,60000000	0,16251935
386,80000000	0,17575791
387,00000000	0,16577069
387,20000000	0,17124810
387,40000000	0,17997953
387,60000000	0,16994036
387,80000000	0,16055548
388,00000000	0,17103157
388,20000000	0,16529098
388,40000000	0,15717065
388,60000000	0,15600408
388,80000000	0,15164684
389,00000000	0,16448655
389,20000000	0,16090544
389,40000000	0,15445462
389,60000000	0,16614325
389,80000000	0,17190713
390,00000000	0,16795255
390,20000000	0,17269000
390,40000000	0,16716139
390,60000000	0,17029489
390,80000000	0,17729678
391,00000000	0,15955125
391,20000000	0,16670883
391,40000000	0,16835286
391,60000000	0,16365683
391,80000000	0,16521878
392,00000000	0,17877956
392,20000000	0,16642987
392,40000000	0,16487355
392,60000000	0,17407328
392,80000000	0,17283842
393,00000000	0,16129659
393,20000000	0,17462226
393,40000000	0,16298278
393,60000000	0,15366320
393,80000000	0,16198242
394,00000000	0,15735824
394,20000000	0,15870552
394,40000000	0,15929797
394,60000000	0,16219511
394,80000000	0,16157443
395,00000000	0,16544775
395,20000000	0,15535245
395,40000000	0,15772040
395,60000000	0,16929998
395,80000000	0,16348582
396,00000000	0,15025047
396,20000000	0,16560976
396,40000000	0,16614947
396,60000000	0,16464875
396,80000000	0,15365600
397,00000000	0,15446439
397,20000000	0,16545201
397,40000000	0,16718695
397,60000000	0,16594712
397,80000000	0,16549804
398,00000000	0,17244909
398,20000000	0,17428986
398,40000000	0,15633729
398,60000000	0,17022433
398,80000000	0,17049882
399,00000000	0,15625809
399,20000000	0,17665437
399,40000000	0,17338591
399,60000000	0,15836595
399,80000000	0,16888341
400,00000000	0,16902212
400,20000000	0,15822241
400,40000000	0,17469027
400,60000000	0,18277290
400,80000000	0,16836989
401,00000000	0,17638352
401,20000000	0,17185473
401,40000000	0,15613990
401,60000000	0,17856913
401,80000000	0,18292476
402,00000000	0,16881771
402,20000000	0,17831188
402,40000000	0,18074644
402,60000000	0,16967103
402,80000000	0,17273461
403,00000000	0,17870796
403,20000000	0,17589718
403,40000000	0,17648138
403,60000000	0,18051802
403,80000000	0,18159170
404,00000000	0,17307406
404,20000000	0,16732696
404,40000000	0,17212929
404,60000000	0,16224727
404,80000000	0,16460440
405,00000000	0,15121752
405,20000000	0,16770859
405,40000000	0,17429105
405,60000000	0,15669353
405,80000000	0,17301223
406,00000000	0,17335828
406,20000000	0,15990231
406,40000000	0,16329371
406,60000000	0,16004006
406,80000000	0,16699603
407,00000000	0,17458754
407,20000000	0,17292851
407,40000000	0,16555682
407,60000000	0,16743577
407,80000000	0,18684437
408,00000000	0,17956245
408,20000000	0,14485128
408,40000000	0,16148556
408,60000000	0,18557469
408,80000000	0,16899084
409,00000000	0,16722729
409,20000000	0,17003939
409,40000000	0,16778118
409,60000000	0,17094962
409,80000000	0,17634451
410,00000000	0,16853414
410,20000000	0,16030321
410,40000000	0,16978448
410,60000000	0,16540008
410,80000000	0,15652647
411,00000000	0,17604904
411,20000000	0,16938916
411,40000000	0,17177794
411,60000000	0,16472645
411,80000000	0,16056673
412,00000000	0,15920017
412,20000000	0,16403489
412,40000000	0,16453352
412,60000000	0,17074907
412,80000000	0,15516439
413,00000000	0,15588632
413,20000000	0,16767477
413,40000000	0,17428610
413,60000000	0,15677398
413,80000000	0,15053515
414,00000000	0,19697051
414,20000000	0,18064164
414,40000000	0,16714315
414,60000000	0,17920619
414,80000000	0,18768032
415,00000000	0,17383715
415,20000000	0,18860207
415,40000000	0,19208985
415,60000000	0,18944133
415,80000000	0,20812794
416,00000000	0,20402078
416,20000000	0,19656580
416,40000000	0,19278530
416,60000000	0,21585361
416,80000000	0,22535953
417,00000000	0,21470185
417,20000000	0,18989945
417,40000000	0,21524177
417,60000000	0,21529409
417,80000000	0,20830280
418,00000000	0,21635714
418,20000000	0,24228300
418,40000000	0,23325669
418,60000000	0,19333897
418,80000000	0,22732357
419,00000000	0,25285279
419,20000000	0,20159761
419,40000000	0,19690092
419,60000000	0,24047349
419,80000000	0,22780716
420,00000000	0,20696172
420,20000000	0,20474204
420,40000000	0,21736412
420,60000000	0,21562565
420,80000000	0,20708919
421,00000000	0,21747823
421,20000000	0,22402676
421,40000000	0,19421181
421,60000000	0,18818050
421,80000000	0,20894485
422,00000000	0,20041354
422,20000000	0,20100794
422,40000000	0,20710862
422,60000000	0,21027412
422,80000000	0,18779810
423,00000000	0,18684140
423,20000000	0,20260305
423,40000000	0,19250054
423,60000000	0,16676289
423,80000000	0,18331431
424,00000000	0,20907696
424,20000000	0,18387715
424,40000000	0,18688925
424,60000000	0,21267003
424,80000000	0,23501748
425,00000000	0,23231520
425,20000000	0,21391069
425,40000000	0,22820933
425,60000000	0,22357075
425,80000000	0,20609544
426,00000000	0,21538947
426,20000000	0,26087851
426,40000000	0,21368279
426,60000000	0,20518041
426,80000000	0,23629545
427,00000000	0,24074367
427,20000000	0,22417651
427,40000000	0,22068126
427,60000000	0,25106305
427,80000000	0,23361016
428,00000000	0,23671909
428,20000000	0,23353551
428,40000000	0,24719240
428,60000000	0,21330981
428,80000000	0,20439512
429,00000000	0,24682171
429,20000000	0,23179998
429,40000000	0,21202453
429,60000000	0,22105985
429,80000000	0,25641856
430,00000000	0,25708500
430,20000000	0,23182328
430,40000000	0,25902854
430,60000000	0,26423178
430,80000000	0,24992375
431,00000000	0,24045226
431,20000000	0,24449628
431,40000000	0,25659302
431,60000000	0,26141481
431,80000000	0,26372459
432,00000000	0,26824109
432,20000000	0,27559576
432,40000000	0,26679151
432,60000000	0,29024504
432,80000000	0,31741854
433,00000000	0,29402347
433,20000000	0,27636199
433,40000000	0,30081339
433,60000000	0,31375480
433,80000000	0,31725675
434,00000000	0,31639598
434,20000000	0,35290089
434,40000000	0,34285715
434,60000000	0,32902310
434,80000000	0,35240232
435,00000000	0,36038424
435,20000000	0,34756658
435,40000000	0,32058530
435,60000000	0,36386018
435,80000000	0,36501168
436,00000000	0,34358572
436,20000000	0,35219269
436,40000000	0,38133909
436,60000000	0,38811256
436,80000000	0,36856548
437,00000000	0,38946636
437,20000000	0,41836875
437,40000000	0,43991765
437,60000000	0,41755624
437,80000000	0,42911678
438,00000000	0,46774438
438,20000000	0,46475737
438,40000000	0,45141679
438,60000000	0,47871456
438,80000000	0,49686624
439,00000000	0,47652305
439,20000000	0,47704089
439,40000000	0,50846287
439,60000000	0,54073991
439,80000000	0,52872508
440,00000000	0,52440412
440,20000000	0,54933352
440,40000000	0,55075237
440,60000000	0,54623265
440,80000000	0,54023866
441,00000000	0,57073098
441,20000000	0,58640632
441,40000000	0,57407742
441,60000000	0,57417975
441,80000000	0,60028665
442,00000000	0,60561092
442,20000000	0,60020950
442,40000000	0,62591289
442,60000000	0,65404266
442,80000000	0,64775010
443,00000000	0,63806833
443,20000000	0,66247153
443,40000000	0,66895441
443,60000000	0,67008759
443,80000000	0,66671824
444,00000000	0,68419260
444,20000000	0,68860614
444,40000000	0,67793142
444,60000000	0,67988029
444,80000000	0,69759770
445,00000000	0,71426801
445,20000000	0,70844626
445,40000000	0,71020399
445,60000000	0,71546508
445,80000000	0,72239687
446,00000000	0,71397445
446,20000000	0,72896065
446,40000000	0,74493862
446,60000000	0,73666258
446,80000000	0,71540239
447,00000000	0,72054969
447,20000000	0,73493481
447,40000000	0,74221815
447,60000000	0,73039967
447,80000000	0,72976865
448,00000000	0,74840965
448,20000000	0,76096415
448,40000000	0,75763562
448,60000000	0,74807861
448,80000000	0,77594456
449,00000000	0,77975355
449,20000000	0,76932100
449,40000000	0,77624833
449,60000000	0,78789963
449,80000000	0,79536829
450,00000000	0,78455377
450,20000000	0,78712180
450,40000000	0,79884048
450,60000000	0,79504862
450,80000000	0,79017400
451,00000000	0,79057504
451,20000000	0,79331664
451,40000000	0,79768425
451,60000000	0,79269477
451,80000000	0,79161755
452,00000000	0,79590067
452,20000000	0,78667529
452,40000000	0,77533104
452,60000000	0,78082268
452,80000000	0,79150046
453,00000000	0,78448466
453,20000000	0,78548538
453,40000000	0,78768376
453,60000000	0,78536049
453,80000000	0,80217194
454,00000000	0,80255334
454,20000000	0,80272363
454,40000000	0,80117938
454,60000000	0,80085106
454,80000000	0,81538942
455,00000000	0,82128067
455,20000000	0,82474420
455,40000000	0,81928011
455,60000000	0,83434070
455,80000000	0,84291290
456,00000000	0,83389788
456,20000000	0,83400405
456,40000000	0,84158365
456,60000000	0,84790314
456,80000000	0,84276322
457,00000000	0,83395484
457,20000000	0,83558268
457,40000000	0,83744220
457,60000000	0,83073462
457,80000000	0,82449973
458,00000000	0,82496080
458,20000000	0,82130277
458,40000000	0,81729058
458,60000000	0,81826177
458,80000000	0,81929425
459,00000000	0,81294797
459,20000000	0,80343054
459,40000000	0,81386952
459,60000000	0,81694443
459,80000000	0,80958704
460,00000000	0,81084474
460,20000000	0,82722410
460,40000000	0,83661713
460,60000000	0,82232594
460,80000000	0,81916058
461,00000000	0,83986193
461,20000000	0,84628892
461,40000000	0,84758868
461,60000000	0,85489952
461,80000000	0,85757933
462,00000000	0,86862097
462,20000000	0,86902313
462,40000000	0,86764368
462,60000000	0,87984718
462,80000000	0,88703644
463,00000000	0,89216514
463,20000000	0,89317709
463,40000000	0,89674390
463,60000000	0,90853133
463,80000000	0,90907865
464,00000000	0,90140923
464,20000000	0,90550011
464,40000000	0,90963172
464,60000000	0,90576296
464,80000000	0,89359555
465,00000000	0,89678756
465,20000000	0,90192720
465,40000000	0,89423218
465,60000000	0,88955302
465,80000000	0,88166858
466,00000000	0,88002650
466,20000000	0,87934553
466,40000000	0,87580477
466,60000000	0,87525809
466,80000000	0,86635138
467,00000000	0,86651919
467,20000000	0,86571431
467,40000000	0,86445129
467,60000000	0,87131929
467,80000000	0,87116359
468,00000000	0,86994192
468,20000000	0,87037999
468,40000000	0,87517606
468,60000000	0,87858744
468,80000000	0,87970142
469,00000000	0,88343762
469,20000000	0,88816427
469,40000000	0,89187306
469,60000000	0,90003726
469,80000000	0,90760519
470,00000000	0,90720496
470,20000000	0,91164684
470,40000000	0,91569176
470,60000000	0,92318217
470,80000000	0,93273620
471,00000000	0,93671656
471,20000000	0,93882509
471,40000000	0,94363810
471,60000000	0,94707060
471,80000000	0,94794528
472,00000000	0,94856709
472,20000000	0,95295126
472,40000000	0,95042493
472,60000000	0,94851580
472,80000000	0,94698484
473,00000000	0,94640154
473,20000000	0,94648960
473,40000000	0,94281826
473,60000000	0,93899592
473,80000000	0,93414766
474,00000000	0,92996928
474,20000000	0,92458387
474,40000000	0,92091271
474,60000000	0,91978082
474,80000000	0,91697633
475,00000000	0,91367978
475,20000000	0,91300721
475,40000000	0,90780207
475,60000000	0,90225564
475,80000000	0,90095952
476,00000000	0,89707315
476,20000000	0,88903955
476,40000000	0,88944211
476,60000000	0,89302926
476,80000000	0,89207276
477,00000000	0,88902076
477,20000000	0,89033772
477,40000000	0,89113978
477,60000000	0,89225142
477,80000000	0,89461163
478,00000000	0,89715905
478,20000000	0,90253947
478,40000000	0,90536427
478,60000000	0,91115289
478,80000000	0,91840813
479,00000000	0,92660782
479,20000000	0,92956406
479,40000000	0,92683617
479,60000000	0,93212081
479,80000000	0,93903829
480,00000000	0,94490300
480,20000000	0,94969013
480,40000000	0,95163674
480,60000000	0,95496258
480,80000000	0,96019458
481,00000000	0,96467769
481,20000000	0,96386445
481,40000000	0,96454218
481,60000000	0,96794930
481,80000000	0,96954215
482,00000000	0,97191315
482,20000000	0,97346812
482,40000000	0,97218480
482,60000000	0,97008898
482,80000000	0,96897953
483,00000000	0,96503601
483,20000000	0,96110356
483,40000000	0,96054019
483,60000000	0,95548696
483,80000000	0,95084311
484,00000000	0,94978346
484,20000000	0,94700646
484,40000000	0,94423743
484,60000000	0,94007677
484,80000000	0,93575382
485,00000000	0,92798785
485,20000000	0,92505055
485,40000000	0,92414334
485,60000000	0,92076461
485,80000000	0,92112033
486,00000000	0,92131687
486,20000000	0,91527909
486,40000000	0,91128076
486,60000000	0,91318663
486,80000000	0,90947831
487,00000000	0,90328497
487,20000000	0,90377353
487,40000000	0,90967818
487,60000000	0,91046906
487,80000000	0,90536998
488,00000000	0,90506898
488,20000000	0,90950792
488,40000000	0,91285451
488,60000000	0,91499969
488,80000000	0,91604363
489,00000000	0,91901409
489,20000000	0,92698720
489,40000000	0,93353539
489,60000000	0,93623753
489,80000000	0,93710904
490,00000000	0,93766488
490,20000000	0,94019576
490,40000000	0,94481785
490,60000000	0,94879003
490,80000000	0,94912958
491,00000000	0,95264140
491,20000000	0,95680145
491,40000000	0,95775129
491,60000000	0,95954124
491,80000000	0,96262451
492,00000000	0,96582327
492,20000000	0,96982598
492,40000000	0,97051505
492,60000000	0,97157131
492,80000000	0,97285387
493,00000000	0,96982977
493,20000000	0,96803681
493,40000000	0,96966755
493,60000000	0,96886617
493,80000000	0,96543037
494,00000000	0,96351494
494,20000000	0,95982282
494,40000000	0,95780072
494,60000000	0,95460273
494,80000000	0,95017345
495,00000000	0,94718982
495,20000000	0,94552491
495,40000000	0,94488205
495,60000000	0,94292487
495,80000000	0,93692257
496,00000000	0,92951451
496,20000000	0,92785111
496,40000000	0,92937453
496,60000000	0,93053015
496,80000000	0,92671676
497,00000000	0,92276785
497,20000000	0,92052794
497,40000000	0,91623720
497,60000000	0,91533663
497,80000000	0,91963552
498,00000000	0,91832336
498,20000000	0,91525470
498,40000000	0,91631640
498,60000000	0,91430645
498,80000000	0,91579948
499,00000000	0,91981208
499,20000000	0,91817471
499,40000000	0,91926547
499,60000000	0,92525249
499,80000000	0,92753012
500,00000000	0,92537069
500,20000000	0,92488673
500,40000000	0,92887500
500,60000000	0,93630065
500,80000000	0,94310416
501,00000000	0,94309835
501,20000000	0,94291821
501,40000000	0,94650028
501,60000000	0,94793901
501,80000000	0,94995813
502,00000000	0,95277455
502,20000000	0,95735434
502,40000000	0,96232231
502,60000000	0,96430189
502,80000000	0,96694922
503,00000000	0,96927527
503,20000000	0,96880982
503,40000000	0,97404572
503,60000000	0,98021481
503,80000000	0,98193182
504,00000000	0,98277694
504,20000000	0,98286637
504,40000000	0,98176800
504,60000000	0,98192688
504,80000000	0,98335279
505,00000000	0,98217970
505,20000000	0,98033532
505,40000000	0,98099755
505,60000000	0,97948520
505,80000000	0,97810767
506,00000000	0,97900232
506,20000000	0,97689655
506,40000000	0,97379006
506,60000000	0,97202405
506,80000000	0,97070627
507,00000000	0,97089247
507,20000000	0,96965171
507,40000000	0,96662697
507,60000000	0,96091308
507,80000000	0,95652515
508,00000000	0,95313447
508,20000000	0,95076617
508,40000000	0,95257100
508,60000000	0,95423825
508,80000000	0,94975091
509,00000000	0,94231857
509,20000000	0,94220276
509,40000000	0,94533719
509,60000000	0,94633129
509,80000000	0,94419144
510,00000000	0,94339541
510,20000000	0,94044833
510,40000000	0,93579389
510,60000000	0,93650642
510,80000000	0,93459413
511,00000000	0,93116996
511,20000000	0,93487463
511,40000000	0,93778312
511,60000000	0,93566298
511,80000000	0,94028021
512,00000000	0,94581924
512,20000000	0,94381401
512,40000000	0,94420423
512,60000000	0,94872484
512,80000000	0,94697685
513,00000000	0,94146927
513,20000000	0,94573022
513,40000000	0,95223816
513,60000000	0,95440887
513,80000000	0,95677564
514,00000000	0,95888778
514,20000000	0,95927451
514,40000000	0,96271829
514,60000000	0,96760804
514,80000000	0,97101047
515,00000000	0,97013023
515,20000000	0,96842095
515,40000000	0,96958649
515,60000000	0,96828975
515,80000000	0,96983182
516,00000000	0,97453516
516,20000000	0,97894008
516,40000000	0,98155947
516,60000000	0,98122791
516,80000000	0,98162356
517,00000000	0,98356747
517,20000000	0,98312484
517,40000000	0,98107668
517,60000000	0,98107291
517,80000000	0,98117448
518,00000000	0,98060966
518,20000000	0,97901640
518,40000000	0,97969318
518,60000000	0,98132682
518,80000000	0,98046430
519,00000000	0,97996092
519,20000000	0,98120159
519,40000000	0,98105825
519,60000000	0,97905406
519,80000000	0,97581426
520,00000000	0,97263656
520,20000000	0,96964322
520,40000000	0,96761106
520,60000000	0,96948293
520,80000000	0,97113409
521,00000000	0,97041029
521,20000000	0,97077745
521,40000000	0,97042668
521,60000000	0,97054244
521,80000000	0,96909852
522,00000000	0,96749854
522,20000000	0,96394456
522,40000000	0,95949907
522,60000000	0,96199285
522,80000000	0,96590552
523,00000000	0,96566280
523,20000000	0,96515175
523,40000000	0,96721622
523,60000000	0,96836662
523,80000000	0,96720896
524,00000000	0,96571557
524,20000000	0,96497193
524,40000000	0,96442473
524,60000000	0,96379489
524,80000000	0,96559949
525,00000000	0,96813167
525,20000000	0,96948007
525,40000000	0,97276289
525,60000000	0,97627204
525,80000000	0,97537592
526,00000000	0,97250167
526,20000000	0,97293798
526,40000000	0,97538661
526,60000000	0,97749983
526,80000000	0,97820273
527,00000000	0,98034601
527,20000000	0,98142155
527,40000000	0,98200145
527,60000000	0,98503718
527,80000000	0,98557305
528,00000000	0,98460456
528,20000000	0,98464554
528,40000000	0,98507427
528,60000000	0,98583787
528,80000000	0,98594954
529,00000000	0,98648405
529,20000000	0,98525496
529,40000000	0,98383711
529,60000000	0,98637616
529,80000000	0,98767363
530,00000000	0,98526254
530,20000000	0,98269177
530,40000000	0,98212389
530,60000000	0,98198402
530,80000000	0,98139695
531,00000000	0,97917901
531,20000000	0,97752660
531,40000000	0,97688036
531,60000000	0,97441300
531,80000000	0,97415135
532,00000000	0,97312783
532,20000000	0,96779022
532,40000000	0,96761175
532,60000000	0,97325410
532,80000000	0,97248669
533,00000000	0,96224768
533,20000000	0,95816560
533,40000000	0,95919408
533,60000000	0,95740683
533,80000000	0,95834639
534,00000000	0,95999576
534,20000000	0,95895078
534,40000000	0,95364762
534,60000000	0,95231127
534,80000000	0,95675208
535,00000000	0,95655426
535,20000000	0,95235395
535,40000000	0,94877172
535,60000000	0,95151313
535,80000000	0,95444170
536,00000000	0,95471441
536,20000000	0,95343286
536,40000000	0,95151714
536,60000000	0,94841464
536,80000000	0,95024783
537,00000000	0,95905850
537,20000000	0,96122926
537,40000000	0,95470987
537,60000000	0,95396643
537,80000000	0,95889377
538,00000000	0,96092852
538,20000000	0,96210608
538,40000000	0,96286108
538,60000000	0,96053815
538,80000000	0,96166154
539,00000000	0,96608517
539,20000000	0,97065827
539,40000000	0,97378749
539,60000000	0,97099577
539,80000000	0,97075491
540,00000000	0,97662243
540,20000000	0,97982183
540,40000000	0,98119640
540,60000000	0,98290195
540,80000000	0,98315623
541,00000000	0,98480286
541,20000000	0,98796159
541,40000000	0,99110999
541,60000000	0,99187132
541,80000000	0,99104401
542,00000000	0,99189083
542,20000000	0,99308310
542,40000000	0,99469804
542,60000000	0,99660872
542,80000000	0,99662207
543,00000000	0,99528101
543,20000000	0,99489550
543,40000000	0,99655628
543,60000000	0,99682722
543,80000000	0,99553398
544,00000000	0,99413634
544,20000000	0,99278263
544,40000000	0,99210178
544,60000000	0,99195031
544,80000000	0,99214736
545,00000000	0,99102658
545,20000000	0,98806463
545,40000000	0,98476202
545,60000000	0,98354324
545,80000000	0,98313304
546,00000000	0,97967669
546,20000000	0,97611778
546,40000000	0,97629219
546,60000000	0,97630615
546,80000000	0,97477092
547,00000000	0,97292366
547,20000000	0,96919419
547,40000000	0,96322855
547,60000000	0,95959409
547,80000000	0,95947233
548,00000000	0,96063416
548,20000000	0,95950957
548,40000000	0,95597457
548,60000000	0,95327383
548,80000000	0,95121267
549,00000000	0,95033378
549,20000000	0,95113910
549,40000000	0,94968182
549,60000000	0,94733139
549,80000000	0,94457410
550,00000000	0,94269373
550,20000000	0,94325464
550,40000000	0,94169697
550,60000000	0,93935056
550,80000000	0,93955022
551,00000000	0,94305112
551,20000000	0,94525214
551,40000000	0,94257792
551,60000000	0,94113487
551,80000000	0,94146336
552,00000000	0,93964516
552,20000000	0,93887910
552,40000000	0,94191738
552,60000000	0,94508352
552,80000000	0,94652129
553,00000000	0,94764819
553,20000000	0,94999462
553,40000000	0,95160086
553,60000000	0,95032461
553,80000000	0,94790062
554,00000000	0,95036809
554,20000000	0,95732286
554,40000000	0,95925844
554,60000000	0,95890691
554,80000000	0,96271865
555,00000000	0,96671363
555,20000000	0,96779090
555,40000000	0,96860113
555,60000000	0,97104431
555,80000000	0,97351890
556,00000000	0,97452792
556,20000000	0,97619545
556,40000000	0,98033200
556,60000000	0,98396516
556,80000000	0,98517044
557,00000000	0,98607476
557,20000000	0,98887894
557,40000000	0,99131701
557,60000000	0,99178030
557,80000000	0,99265292
558,00000000	0,99450972
558,20000000	0,99572541
558,40000000	0,99681876
558,60000000	0,99809020
558,80000000	0,99855974
559,00000000	0,99871428
559,20000000	0,99905002
559,40000000	0,99924654
559,60000000	0,99888818
559,80000000	0,99877309
560,00000000	0,99903256
560,20000000	0,99811733
560,40000000	0,99614764
560,60000000	0,99531422
560,80000000	0,99507155
561,00000000	0,99344051
561,20000000	0,99116244
561,40000000	0,99014918
561,60000000	0,98928197
561,80000000	0,98645078
562,00000000	0,98354651
562,20000000	0,98251011
562,40000000	0,98155475
562,60000000	0,97875276
562,80000000	0,97477328
563,00000000	0,97332636
563,20000000	0,97437069
563,40000000	0,97151437
563,60000000	0,96411421
563,80000000	0,95927043
564,00000000	0,95932305
564,20000000	0,96044143
564,40000000	0,95715912
564,60000000	0,95353098
564,80000000	0,95372375
565,00000000	0,95288651
565,20000000	0,95013233
565,40000000	0,94595993
565,60000000	0,94484379
565,80000000	0,94577189
566,00000000	0,94244465
566,20000000	0,94088406
566,40000000	0,94197232
566,60000000	0,94118276
566,80000000	0,93910753
567,00000000	0,93360761
567,20000000	0,93343336
567,40000000	0,94187159
567,60000000	0,94405103
567,80000000	0,93865492
568,00000000	0,93589144
568,20000000	0,94161229
568,40000000	0,94557352
568,60000000	0,93983147
568,80000000	0,93573609
569,00000000	0,93981200
569,20000000	0,94548490
569,40000000	0,94561812
569,60000000	0,94063790
569,80000000	0,94200839
570,00000000	0,94918453
570,20000000	0,95139637
570,40000000	0,94951898
570,60000000	0,94990193
570,80000000	0,95475522
571,00000000	0,95841998
571,20000000	0,96070569
571,40000000	0,96436572
571,60000000	0,96646703
571,80000000	0,96631178
572,00000000	0,96593567
572,20000000	0,96711741
572,40000000	0,97105247
572,60000000	0,97491276
572,80000000	0,97675459
573,00000000	0,97869443
573,20000000	0,98103937
573,40000000	0,98360740
573,60000000	0,98559504
573,80000000	0,98687844
574,00000000	0,98890201
574,20000000	0,99082376
574,40000000	0,99217308
574,60000000	0,99367567
574,80000000	0,99479486
575,00000000	0,99523520
575,20000000	0,99565351
575,40000000	0,99677176
575,60000000	0,99809436
575,80000000	0,99869421
576,00000000	0,99865432
576,20000000	0,99842629
576,40000000	0,99831129
576,60000000	0,99816656
576,80000000	0,99804550
577,00000000	0,99752190
577,20000000	0,99619567
577,40000000	0,99542611
577,60000000	0,99495883
577,80000000	0,99381257
578,00000000	0,99276933
578,20000000	0,99173241
578,40000000	0,99006321
578,60000000	0,98702464
578,80000000	0,98365222
579,00000000	0,98228928
579,20000000	0,98197774
579,40000000	0,98011701
579,60000000	0,97634153
579,80000000	0,97352845
580,00000000	0,97202065
580,20000000	0,97131159
580,40000000	0,97104397
580,60000000	0,96998483
580,80000000	0,96824561
581,00000000	0,96513020
581,20000000	0,96052766
581,40000000	0,95612421
581,60000000	0,95476267
581,80000000	0,95554127
582,00000000	0,95472686
582,20000000	0,95081072
582,40000000	0,94656293
582,60000000	0,94709299
582,80000000	0,94972754
583,00000000	0,94778310
583,20000000	0,94376812
583,40000000	0,94358100
583,60000000	0,94627986
583,80000000	0,94504541
584,00000000	0,93972077
584,20000000	0,93843299
584,40000000	0,94177535
584,60000000	0,94277240
584,80000000	0,94049739
585,00000000	0,93746215
585,20000000	0,93699793
585,40000000	0,94069362
585,60000000	0,94220980
585,80000000	0,94149184
586,00000000	0,94333055
586,20000000	0,94604043
586,40000000	0,94862147
586,60000000	0,94749112
586,80000000	0,94475086
587,00000000	0,94856035
587,20000000	0,95198444
587,40000000	0,95002308
587,60000000	0,94795852
587,80000000	0,94841418
588,00000000	0,95299843
588,20000000	0,95954955
588,40000000	0,96229112
588,60000000	0,96184103
588,80000000	0,96305999
589,00000000	0,96558700
589,20000000	0,96774127
589,40000000	0,97021930
589,60000000	0,97269900
589,80000000	0,97497429
590,00000000	0,97606258
590,20000000	0,97637457
590,40000000	0,97767781
590,60000000	0,97993165
590,80000000	0,98319495
591,00000000	0,98639774
591,20000000	0,98756965
591,40000000	0,98786445
591,60000000	0,98961345
591,80000000	0,99192904
592,00000000	0,99325290
592,20000000	0,99384085
592,40000000	0,99434437
592,60000000	0,99518524
592,80000000	0,99602748
593,00000000	0,99654107
593,20000000	0,99687748
593,40000000	0,99736516
593,60000000	0,99760806
593,80000000	0,99724005
594,00000000	0,99668028
594,20000000	0,99653853
594,40000000	0,99632385
594,60000000	0,99548699
594,80000000	0,99455420
595,00000000	0,99369820
595,20000000	0,99301543
595,40000000	0,99239864
595,60000000	0,99056693
595,80000000	0,98863295
596,00000000	0,98830746
596,20000000	0,98786603
596,40000000	0,98583329
596,60000000	0,98303891
596,80000000	0,98115614
597,00000000	0,97935385
597,20000000	0,97656368
597,40000000	0,97359706
597,60000000	0,97124949
597,80000000	0,96980501
598,00000000	0,96883093
598,20000000	0,96743131
598,40000000	0,96646841
598,60000000	0,96529615
598,80000000	0,96342241
599,00000000	0,96164558
599,20000000	0,95736761
599,40000000	0,95225784
599,60000000	0,95222192
599,80000000	0,95384819
600,00000000	0,95181405
600,20000000	0,94864163
600,40000000	0,94615372
600,60000000	0,94484901
600,80000000	0,94601343
601,00000000	0,94561675
601,20000000	0,94436855
601,40000000	0,94474058
601,60000000	0,94257228
601,80000000	0,94051037
602,00000000	0,94122229
602,20000000	0,94168292
602,40000000	0,94295712
602,60000000	0,94301748
602,80000000	0,93908079
603,00000000	0,93602335
603,20000000	0,93854846
603,40000000	0,94247575
603,60000000	0,94478977
603,80000000	0,94563223
604,00000000	0,94373144
604,20000000	0,94407165
604,40000000	0,94658099
604,60000000	0,94700957
604,80000000	0,94922514
605,00000000	0,95210527
605,20000000	0,95172247
605,40000000	0,95065471
605,60000000	0,95210227
605,80000000	0,95581102
606,00000000	0,95923837
606,20000000	0,95873133
606,40000000	0,95608688
606,60000000	0,95859057
606,80000000	0,96411269
607,00000000	0,96606150
607,20000000	0,96638095
607,40000000	0,96823658
607,60000000	0,97124579
607,80000000	0,97408989
608,00000000	0,97533615
608,20000000	0,97610672
608,40000000	0,97846778
608,60000000	0,98145803
608,80000000	0,98326758
609,00000000	0,98417287
609,20000000	0,98560208
609,40000000	0,98750884
609,60000000	0,98881027
609,80000000	0,98932406
610,00000000	0,99005783
610,20000000	0,99173267
610,40000000	0,99348518
610,60000000	0,99430429
610,80000000	0,99460594
611,00000000	0,99504837
611,20000000	0,99545293
611,40000000	0,99575119
611,60000000	0,99616992
611,80000000	0,99685224
612,00000000	0,99675235
612,20000000	0,99514989
612,40000000	0,99480438
612,60000000	0,99580187
612,80000000	0,99548541
613,00000000	0,99349019
613,20000000	0,99145805
613,40000000	0,99098018
613,60000000	0,99099670
613,80000000	0,98968147
614,00000000	0,98800905
614,20000000	0,98723321
614,40000000	0,98499352
614,60000000	0,98261776
614,80000000	0,98257409
615,00000000	0,98318623
615,20000000	0,98146863
615,40000000	0,97711524
615,60000000	0,97427496
615,80000000	0,97511240
616,00000000	0,97686110
616,20000000	0,97471926
616,40000000	0,96936640
616,60000000	0,96509597
616,80000000	0,96491882
617,00000000	0,96695260
617,20000000	0,96476082
617,40000000	0,95929404
617,60000000	0,95552988
617,80000000	0,95413902
618,00000000	0,95495677
618,20000000	0,95660968
618,40000000	0,95489727
618,60000000	0,95123792
618,80000000	0,94956672
619,00000000	0,95038946
619,20000000	0,95338475
619,40000000	0,95327706
619,60000000	0,94938346
619,80000000	0,94669285
620,00000000	0,94793078
620,20000000	0,95034526
620,40000000	0,94912311
620,60000000	0,94690822
620,80000000	0,94627860
621,00000000	0,94690185
621,20000000	0,94691906
621,40000000	0,94644826
621,60000000	0,94761171
621,80000000	0,94694154
622,00000000	0,94564290
622,20000000	0,94639229
622,40000000	0,94787665
622,60000000	0,94788896
622,80000000	0,94587879
623,00000000	0,94721714
623,20000000	0,95091118
623,40000000	0,95159366
623,60000000	0,95123781
623,80000000	0,95273793
624,00000000	0,95740116
624,20000000	0,96148483
624,40000000	0,96139000
624,60000000	0,96066962
624,80000000	0,96293604
625,00000000	0,96785339
625,20000000	0,97132084
625,40000000	0,97252560
625,60000000	0,97347543
625,80000000	0,97479364
626,00000000	0,97715720
626,20000000	0,97950503
626,40000000	0,98157284
626,60000000	0,98336222
626,80000000	0,98377903
627,00000000	0,98486675
627,20000000	0,98715862
627,40000000	0,98859747
627,60000000	0,98920614
627,80000000	0,98964401
628,00000000	0,99071426
628,20000000	0,99243194
628,40000000	0,99340797
628,60000000	0,99405601
628,80000000	0,99509745
629,00000000	0,99614203
629,20000000	0,99669234
629,40000000	0,99742592
629,60000000	0,99842828
629,80000000	0,99879356
630,00000000	0,99876887
630,20000000	0,99914596
630,40000000	0,99966898
630,60000000	0,99965884
630,80000000	0,99951196
631,00000000	0,99981317
631,20000000	0,99963260
631,40000000	0,99887993
631,60000000	0,99862382
631,80000000	0,99842169
632,00000000	0,99763830
632,20000000	0,99681721
632,40000000	0,99602657
632,60000000	0,99469270
632,80000000	0,99329524
633,00000000	0,99336327
633,20000000	0,99285748
633,40000000	0,99025999
633,60000000	0,98837440
633,80000000	0,98905981
634,00000000	0,98932477
634,20000000	0,98652618
634,40000000	0,98293885
634,60000000	0,98133650
634,80000000	0,98147368
635,00000000	0,98124335
635,20000000	0,97979549
635,40000000	0,97716578
635,60000000	0,97546445
635,80000000	0,97679982
636,00000000	0,97802969
636,20000000	0,97656497
636,40000000	0,97178055
636,60000000	0,96875288
636,80000000	0,97105780
637,00000000	0,97271923
637,20000000	0,97083561
637,40000000	0,96754231
637,60000000	0,96658755
637,80000000	0,96812796
638,00000000	0,96916007
638,20000000	0,96778968
638,40000000	0,96590765
638,60000000	0,96564129
638,80000000	0,96702117
639,00000000	0,96836342
639,20000000	0,96620461
639,40000000	0,96540985
639,60000000	0,96812837
639,80000000	0,97123022
640,00000000	0,97245870
640,20000000	0,97000567
640,40000000	0,96924988
640,60000000	0,97240065
640,80000000	0,97461205
641,00000000	0,97449895
641,20000000	0,97354033
641,40000000	0,97315209
641,60000000	0,97484118
641,80000000	0,97727721
642,00000000	0,97936300
642,20000000	0,97999027
642,40000000	0,97947480
642,60000000	0,98033528
642,80000000	0,98246332
643,00000000	0,98428553
643,20000000	0,98407979
643,40000000	0,98398183
643,60000000	0,98669917
643,80000000	0,98815765
644,00000000	0,98754754
644,20000000	0,98881761
644,40000000	0,99155293
644,60000000	0,99336994
644,80000000	0,99373347
645,00000000	0,99438091
645,20000000	0,99543745
645,40000000	0,99618097
645,60000000	0,99722033
645,80000000	0,99811544
646,00000000	0,99815396
646,20000000	0,99799417
646,40000000	0,99867050
646,60000000	0,99963551
646,80000000	0,99991668
647,00000000	0,99978808
647,20000000	0,99974505
647,40000000	0,99979126
647,60000000	0,99984045
647,80000000	0,99978424
648,00000000	0,99953630
648,20000000	0,99925589
648,40000000	0,99904826
648,60000000	0,99850814
648,80000000	0,99754304
649,00000000	0,99698424
649,20000000	0,99671574
649,40000000	0,99549034
649,60000000	0,99425362
649,80000000	0,99393686
650,00000000	0,99392112
650,20000000	0,99216603
650,40000000	0,98999915
650,60000000	0,99001086
650,80000000	0,98952439
651,00000000	0,98683068
651,20000000	0,98482835
651,40000000	0,98423165
651,60000000	0,98316580
651,80000000	0,98159477
652,00000000	0,97996813
652,20000000	0,97751021
652,40000000	0,97473883
652,60000000	0,97397625
652,80000000	0,97433250
653,00000000	0,97215049
653,20000000	0,96874575
653,40000000	0,96863208
653,60000000	0,96970863
653,80000000	0,96857375
654,00000000	0,96565099
654,20000000	0,96265696
654,40000000	0,96291609
654,60000000	0,96419700
654,80000000	0,96387805
655,00000000	0,96303909
655,20000000	0,96108781
655,40000000	0,96061969
655,60000000	0,96152581
655,80000000	0,96125497
656,00000000	0,96026728
656,20000000	0,95985275
656,40000000	0,96075665
656,60000000	0,96063209
656,80000000	0,95857825
657,00000000	0,95802042
657,20000000	0,96003453
657,40000000	0,96255294
657,60000000	0,96242987
657,80000000	0,95976096
658,00000000	0,95935678
658,20000000	0,96182553
658,40000000	0,96402285
658,60000000	0,96519591
658,80000000	0,96562992
659,00000000	0,96484683
659,20000000	0,96419814
659,40000000	0,96441848
659,60000000	0,96565637
659,80000000	0,96759971
660,00000000	0,96877185
660,20000000	0,96889147
660,40000000	0,96911905
660,60000000	0,97104512
660,80000000	0,97433890
661,00000000	0,97680214
661,20000000	0,97712819
661,40000000	0,97703961
661,60000000	0,97861747
661,80000000	0,98098661
662,00000000	0,98253434
662,20000000	0,98364806
662,40000000	0,98486026
662,60000000	0,98657604
662,80000000	0,98857866
663,00000000	0,98956610
663,20000000	0,99034376
663,40000000	0,99211964
663,60000000	0,99388935
663,80000000	0,99493057
664,00000000	0,99535602
664,20000000	0,99599807
664,40000000	0,99739547
664,60000000	0,99840644
664,80000000	0,99856377
665,00000000	0,99857351
665,20000000	0,99909114
665,40000000	0,99964622
665,60000000	0,99979943
665,80000000	0,99980487
666,00000000	0,99989278
666,20000000	0,99974716
666,40000000	0,99956180
666,60000000	0,99928405
666,80000000	0,99892238
667,00000000	0,99835360
667,20000000	0,99724571
667,40000000	0,99640687
667,60000000	0,99628262
667,80000000	0,99622925
668,00000000	0,99465277
668,20000000	0,99230608
668,40000000	0,99148571
668,60000000	0,99135547
668,80000000	0,99016738
669,00000000	0,98873453
669,20000000	0,98773009
669,40000000	0,98603644
669,60000000	0,98377985
669,80000000	0,98160422
670,00000000	0,98001474
670,20000000	0,97851433
670,40000000	0,97806945
670,60000000	0,97698046
670,80000000	0,97329957
671,00000000	0,97087511
671,20000000	0,97019659
671,40000000	0,96901719
671,60000000	0,96589939
671,80000000	0,96463260
672,00000000	0,96598524
672,20000000	0,96364369
672,40000000	0,95709865
672,60000000	0,95488225
672,80000000	0,95794635
673,00000000	0,95710885
673,20000000	0,95352109
673,40000000	0,95161570
673,60000000	0,95101317
673,80000000	0,95112890
674,00000000	0,95105277
674,20000000	0,94904558
674,40000000	0,94692366
674,60000000	0,94814122
674,80000000	0,94810084
675,00000000	0,94392361
675,20000000	0,94260632
675,40000000	0,94517232
675,60000000	0,94651698
675,80000000	0,94383079
676,00000000	0,94242150
676,20000000	0,94352972
676,40000000	0,94419339
676,60000000	0,94401175
676,80000000	0,94445723
677,00000000	0,94516470
677,20000000	0,94583664
677,40000000	0,94575506
677,60000000	0,94485921
677,80000000	0,94558280
678,00000000	0,94967861
678,20000000	0,95181091
678,40000000	0,95098534
678,60000000	0,95203501
678,80000000	0,95407223
679,00000000	0,95551354
679,20000000	0,95612481
679,40000000	0,95773042
679,60000000	0,96045416
679,80000000	0,96312790
680,00000000	0,96429501
680,20000000	0,96441325
680,40000000	0,96633580
680,60000000	0,97038464
680,80000000	0,97158004
681,00000000	0,97142843
681,20000000	0,97447077
681,40000000	0,97739834
681,60000000	0,97763004
681,80000000	0,97897106
682,00000000	0,98267757
682,20000000	0,98466599
682,40000000	0,98510554
682,60000000	0,98645468
682,80000000	0,98792121
683,00000000	0,99004225
683,20000000	0,99209879
683,40000000	0,99233273
683,60000000	0,99270612
683,80000000	0,99467848
684,00000000	0,99590611
684,20000000	0,99558335
684,40000000	0,99647931
684,60000000	0,99781447
684,80000000	0,99753643
685,00000000	0,99776859
685,20000000	0,99864412
685,40000000	0,99825042
685,60000000	0,99779687
685,80000000	0,99771280
686,00000000	0,99689648
686,20000000	0,99650760
686,40000000	0,99604092
686,60000000	0,99456214
686,80000000	0,99386245
687,00000000	0,99366928
687,20000000	0,99168774
687,40000000	0,99014894
687,60000000	0,99092579
687,80000000	0,98924513
688,00000000	0,98574328
688,20000000	0,98491433
688,40000000	0,98479265
688,60000000	0,98212656
688,80000000	0,97974945
689,00000000	0,97999881
689,20000000	0,97860701
689,40000000	0,97620761
689,60000000	0,97340868
689,80000000	0,96947740
690,00000000	0,96809431
690,20000000	0,96902342
690,40000000	0,96602634
690,60000000	0,96139664
690,80000000	0,96142850
691,00000000	0,96092333
691,20000000	0,95675330
691,40000000	0,95472538
691,60000000	0,95455909
691,80000000	0,95254675
692,00000000	0,94913877
692,20000000	0,94660183
692,40000000	0,94677697
692,60000000	0,94507579
692,80000000	0,94211385
693,00000000	0,93941924
693,20000000	0,93827920
693,40000000	0,93781316
693,60000000	0,93502539
693,80000000	0,93343285
694,00000000	0,93495473
694,20000000	0,93537095
694,40000000	0,93184328
694,60000000	0,93012961
694,80000000	0,93199151
695,00000000	0,93244757
695,20000000	0,93012767
695,40000000	0,92827370
695,60000000	0,93116593
695,80000000	0,93348694
696,00000000	0,93202066
696,20000000	0,93207186
696,40000000	0,93316432
696,60000000	0,93265821
696,80000000	0,93295080
697,00000000	0,93419148
697,20000000	0,93553891
697,40000000	0,93746864
697,60000000	0,93840249
697,80000000	0,93770638
698,00000000	0,93966751
698,20000000	0,94234209
698,40000000	0,94198078
698,60000000	0,94320813
698,80000000	0,94681038
699,00000000	0,94824539
699,20000000	0,94918622
699,40000000	0,95224787
699,60000000	0,95425613
699,80000000	0,95488316
700,00000000	0,95693693
700,20000000	0,95963066
700,40000000	0,96134799
700,60000000	0,96361874
700,80000000	0,96590959
701,00000000	0,96754487
701,20000000	0,96981680
701,40000000	0,97128778
701,60000000	0,97195936
701,80000000	0,97501771
702,00000000	0,97843312
702,20000000	0,97895240
702,40000000	0,98026517
702,60000000	0,98372383
702,80000000	0,98513459
703,00000000	0,98616574
703,20000000	0,98893942
703,40000000	0,99047632
703,60000000	0,99073451
703,80000000	0,99223871
704,00000000	0,99363662
704,20000000	0,99415340
704,40000000	0,99493913
704,60000000	0,99512038
704,80000000	0,99528594
705,00000000	0,99635172
705,20000000	0,99610038
705,40000000	0,99597428
705,60000000	0,99668758
705,80000000	0,99628332
706,00000000	0,99553729
706,20000000	0,99597961
706,40000000	0,99520505
706,60000000	0,99366740
706,80000000	0,99326607
707,00000000	0,99278655
707,20000000	0,99172813
707,40000000	0,99115708
707,60000000	0,98927508
707,80000000	0,98777514
708,00000000	0,98633792
708,20000000	0,98406714
708,40000000	0,98231889
708,60000000	0,98023766
708,80000000	0,97561851
709,00000000	0,97306984
709,20000000	0,97348227
709,40000000	0,97200817
709,60000000	0,96849149
709,80000000	0,96641703
710,00000000	0,96508827
710,20000000	0,96345267
710,40000000	0,96124378
710,60000000	0,95780691
710,80000000	0,95670331
711,00000000	0,95482675
711,20000000	0,95183251
711,40000000	0,95177692
711,60000000	0,95131364
711,80000000	0,94469963
712,00000000	0,94016100
712,20000000	0,94109790
712,40000000	0,94160340
712,60000000	0,93952174
712,80000000	0,93458516
713,00000000	0,93213267
713,20000000	0,93317454
713,40000000	0,93157270
713,60000000	0,92906283
713,80000000	0,92836663
714,00000000	0,92522114
714,20000000	0,92259336
714,40000000	0,92550775
714,60000000	0,92633209
714,80000000	0,92359401
715,00000000	0,92079967
715,20000000	0,92000576
715,40000000	0,92088198
715,60000000	0,91921708
715,80000000	0,91734170
716,00000000	0,91855511
716,20000000	0,91847660
716,40000000	0,91705421
716,60000000	0,91796035
716,80000000	0,92111064
717,00000000	0,92101541
717,20000000	0,92069185
717,40000000	0,92311948
717,60000000	0,92645545
717,80000000	0,92753269
718,00000000	0,92714547
718,20000000	0,92663509
718,40000000	0,92705305
718,60000000	0,92864391
718,80000000	0,93139574
719,00000000	0,93428427
719,20000000	0,93595550
719,40000000	0,93623927
719,60000000	0,93931290
719,80000000	0,94310717
720,00000000	0,94329928
720,20000000	0,94379805
720,40000000	0,94660900
720,60000000	0,94923890
720,80000000	0,95155762
721,00000000	0,95515865
721,20000000	0,95666940
721,40000000	0,95735015
721,60000000	0,96001317
721,80000000	0,96287547
722,00000000	0,96412784
722,20000000	0,96502698
722,40000000	0,96733294
722,60000000	0,97086745
722,80000000	0,97421053
723,00000000	0,97644958
723,20000000	0,97708594
723,40000000	0,97959416
723,60000000	0,98148700
723,80000000	0,98274219
724,00000000	0,98463816
724,20000000	0,98536754
724,40000000	0,98567571
724,60000000	0,98841561
724,80000000	0,99059640
725,00000000	0,99123552
725,20000000	0,99221405
725,40000000	0,99302443
725,60000000	0,99417846
725,80000000	0,99538798
726,00000000	0,99494353
726,20000000	0,99506597
726,40000000	0,99585337
726,60000000	0,99513155
726,80000000	0,99473300
727,00000000	0,99478706
727,20000000	0,99381734
727,40000000	0,99389512
727,60000000	0,99373090
727,80000000	0,99182753
728,00000000	0,99106176
728,20000000	0,99014281
728,40000000	0,98898246
728,60000000	0,98928154
728,80000000	0,98781709
729,00000000	0,98500933
729,20000000	0,98396114
729,40000000	0,98224462
729,60000000	0,98046919
729,80000000	0,97875701
730,00000000	0,97446490
730,20000000	0,97367631
730,40000000	0,97460107
730,60000000	0,97227147
730,80000000	0,97082376
731,00000000	0,96985019
731,20000000	0,96772697
731,40000000	0,96672320
731,60000000	0,96458561
731,80000000	0,96081083
732,00000000	0,95887082
732,20000000	0,95617954
732,40000000	0,95520888
732,60000000	0,95314934
732,80000000	0,94931653
733,00000000	0,94733958
733,20000000	0,94504374
733,40000000	0,94280130
733,60000000	0,94270419
733,80000000	0,94161565
734,00000000	0,94010641
734,20000000	0,94268049
734,40000000	0,94350047
734,60000000	0,94177146
734,80000000	0,94126374
735,00000000	0,94003092
735,20000000	0,93805196
735,40000000	0,93532492
735,60000000	0,93418094
735,80000000	0,93373590
736,00000000	0,93162356
736,20000000	0,93303115
736,40000000	0,93523657
736,60000000	0,93460886
736,80000000	0,93477151
737,00000000	0,93671895
737,20000000	0,93881037
737,40000000	0,93920446
737,60000000	0,93987950
737,80000000	0,93995733
738,00000000	0,93932468
738,20000000	0,93859673
738,40000000	0,93849727
738,60000000	0,93782446
738,80000000	0,93697757
739,00000000	0,93884393
739,20000000	0,94320826
739,40000000	0,94614747
739,60000000	0,94795556
739,80000000	0,95015442
740,00000000	0,95495086
740,20000000	0,95727929
740,40000000	0,95724775
740,60000000	0,95783220
740,80000000	0,95853721
741,00000000	0,95933768
741,20000000	0,96087490
741,40000000	0,96232587
741,60000000	0,96418289
741,80000000	0,96713945
742,00000000	0,96970789
742,20000000	0,97250739
742,40000000	0,97442678
742,60000000	0,97569112
742,80000000	0,97839265
743,00000000	0,98092355
743,20000000	0,98186432
743,40000000	0,98189924
743,60000000	0,98283537
743,80000000	0,98467359
744,00000000	0,98596230
744,20000000	0,98720697
744,40000000	0,98879287
744,60000000	0,99041182
744,80000000	0,99214583
745,00000000	0,99289693
745,20000000	0,99358403
745,40000000	0,99439892
745,60000000	0,99478237
745,80000000	0,99526612
746,00000000	0,99559362
746,20000000	0,99516431
746,40000000	0,99591415
746,60000000	0,99652944
746,80000000	0,99599385
747,00000000	0,99534470
747,20000000	0,99439225
747,40000000	0,99401047
747,60000000	0,99358123
747,80000000	0,99248501
748,00000000	0,99151007
748,20000000	0,99022031
748,40000000	0,98902572
748,60000000	0,98961026
748,80000000	0,98867328
749,00000000	0,98750829
749,20000000	0,98712735
749,40000000	0,98396405
749,60000000	0,98080010
749,80000000	0,97977078
750,00000000	0,97607867
750,20000000	0,97505967
750,40000000	0,97550570
750,60000000	0,97184233
750,80000000	0,97082814
751,00000000	0,97110400
751,20000000	0,96920711
751,40000000	0,96887127
751,60000000	0,96597849
751,80000000	0,96282683
752,00000000	0,96157794
752,20000000	0,95793967
752,40000000	0,95555957
752,60000000	0,95486577
752,80000000	0,95286580
753,00000000	0,95396469
753,20000000	0,95336464
753,40000000	0,94906874
753,60000000	0,95014490
753,80000000	0,95034287
754,00000000	0,94538565
754,20000000	0,94347843
754,40000000	0,94067236
754,60000000	0,93981016
754,80000000	0,94152585
755,00000000	0,93914824
755,20000000	0,93747170
755,40000000	0,93925681
755,60000000	0,94033308
755,80000000	0,94036948
756,00000000	0,93704676
756,20000000	0,93594988
756,40000000	0,93953001
756,60000000	0,93985458
756,80000000	0,93783609
757,00000000	0,93738888
757,20000000	0,93731154
757,40000000	0,93933558
757,60000000	0,94026986
757,80000000	0,93951015
758,00000000	0,94046305
758,20000000	0,94261048
758,40000000	0,94393055
758,60000000	0,94307485
758,80000000	0,94261171
759,00000000	0,94505891
759,20000000	0,94856981
759,40000000	0,94961843
759,60000000	0,94889724
759,80000000	0,95127907
760,00000000	0,95539102
760,20000000	0,95716998
760,40000000	0,95738941
760,60000000	0,95694687
760,80000000	0,95951757
761,00000000	0,96205823
761,20000000	0,96113710
761,40000000	0,96369006
761,60000000	0,96778695
761,80000000	0,97017995
762,00000000	0,97225273
762,20000000	0,97377502
762,40000000	0,97475525
762,60000000	0,97758905
762,80000000	0,98000200
763,00000000	0,97974750
763,20000000	0,98106179
763,40000000	0,98312829
763,60000000	0,98552990
763,80000000	0,98663290
764,00000000	0,98692302
764,20000000	0,99006505
764,40000000	0,99158377
764,60000000	0,99208638
764,80000000	0,99381270
765,00000000	0,99482993
765,20000000	0,99609100
765,40000000	0,99710754
765,60000000	0,99692244
765,80000000	0,99794776
766,00000000	0,99878134
766,20000000	0,99883770
766,40000000	0,99912354
766,60000000	0,99902078
766,80000000	0,99929734
767,00000000	0,99942246
767,20000000	0,99916792
767,40000000	0,99926258
767,60000000	0,99876743
767,80000000	0,99842881
768,00000000	0,99762418
768,20000000	0,99678557
768,40000000	0,99657302
768,60000000	0,99417753
768,80000000	0,99309312
769,00000000	0,99312382
769,20000000	0,99132635
769,40000000	0,99133336
769,60000000	0,99025388
769,80000000	0,98849807
770,00000000	0,98894926
770,20000000	0,98632070
770,40000000	0,98319321
770,60000000	0,98183276
770,80000000	0,98017080
771,00000000	0,97893059
771,20000000	0,97582748
771,40000000	0,97391043
771,60000000	0,97562545
771,80000000	0,97387444
772,00000000	0,97287303
772,20000000	0,97116511
772,40000000	0,96731859
772,60000000	0,96833126
772,80000000	0,96657752
773,00000000	0,96121439
773,20000000	0,96336950
773,40000000	0,96361264
773,60000000	0,96044466
773,80000000	0,96077893
774,00000000	0,96003741
774,20000000	0,95954373
774,40000000	0,95824027
774,60000000	0,95464895
774,80000000	0,95345623
775,00000000	0,95186165
775,20000000	0,95215459
775,40000000	0,95246340
775,60000000	0,94945242
775,80000000	0,95247388
776,00000000	0,95454558
776,20000000	0,95108829
776,40000000	0,95191058
776,60000000	0,95336684
776,80000000	0,95107954
777,00000000	0,95161252
777,20000000	0,95103306
777,40000000	0,95227685
777,60000000	0,95558431
777,80000000	0,95541319
778,00000000	0,95472441
778,20000000	0,95683711
778,40000000	0,95979857
778,60000000	0,95860827
778,80000000	0,95655945
779,00000000	0,95950103
779,20000000	0,95913707
779,40000000	0,95908605
779,60000000	0,96156499
779,80000000	0,96303328
780,00000000	0,96741646
780,20000000	0,96933050
780,40000000	0,96778469
780,60000000	0,97040957
780,80000000	0,97229074
781,00000000	0,97137381
781,20000000	0,97158819
781,40000000	0,97409308
781,60000000	0,97654965
781,80000000	0,97807509
782,00000000	0,97965338
782,20000000	0,98207828
782,40000000	0,98382278
782,60000000	0,98456576
782,80000000	0,98543262
783,00000000	0,98656286
783,20000000	0,98862811
783,40000000	0,98896716
783,60000000	0,98997692
783,80000000	0,99236237
784,00000000	0,99296186
784,20000000	0,99430196
784,40000000	0,99496125
784,60000000	0,99527765
784,80000000	0,99676835
785,00000000	0,99677422
785,20000000	0,99708900
785,40000000	0,99788355
785,60000000	0,99765888
785,80000000	0,99783329
786,00000000	0,99817706
786,20000000	0,99852321
786,40000000	0,99823362
786,60000000	0,99776021
786,80000000	0,99754379
787,00000000	0,99690709
787,20000000	0,99633964
787,40000000	0,99525483
787,60000000	0,99457646
787,80000000	0,99474708
788,00000000	0,99327572
788,20000000	0,99315607
788,40000000	0,99256262
788,60000000	0,98971585
788,80000000	0,98866749
789,00000000	0,98710357
789,20000000	0,98617544
789,40000000	0,98608300
789,60000000	0,98386825
789,80000000	0,98144580
790,00000000	0,97970279
790,20000000	0,97945779
790,40000000	0,97846996
790,60000000	0,97634329
790,80000000	0,97674861
791,00000000	0,97390484
791,20000000	0,97145498
791,40000000	0,96946854
791,60000000	0,96559551
791,80000000	0,96599581
792,00000000	0,96621090
792,20000000	0,96381748
792,40000000	0,96487051
792,60000000	0,96392535
792,80000000	0,96100268
793,00000000	0,95897763
793,20000000	0,95696386
793,40000000	0,95749030
793,60000000	0,95574565
793,80000000	0,95431480
794,00000000	0,95311822
794,20000000	0,95295904
794,40000000	0,95383895
794,60000000	0,94951060
794,80000000	0,94999082
795,00000000	0,95008614
795,20000000	0,94639864
795,40000000	0,94818600
795,60000000	0,94934610
795,80000000	0,94809178
796,00000000	0,94809250
796,20000000	0,94664310
796,40000000	0,94822105
796,60000000	0,95017060
796,80000000	0,94954188
797,00000000	0,94900477
797,20000000	0,95165791
797,40000000	0,95365085
797,60000000	0,95165769
797,80000000	0,95290731
798,00000000	0,95568254
798,20000000	0,95511956
798,40000000	0,95721843
798,60000000	0,95827824
798,80000000	0,95875691
799,00000000	0,96014952
799,20000000	0,95726698
799,40000000	0,95925496
799,60000000	0,96304088
799,80000000	0,96260349
800,00000000	0,96579034
800,20000000	0,96912389
800,40000000	0,96980051
800,60000000	0,97019873
800,80000000	0,96958484
801,00000000	0,97082275
801,20000000	0,97365562
801,40000000	0,97590323
801,60000000	0,97847143
801,80000000	0,98128515
802,00000000	0,98246106
802,20000000	0,98174348
802,40000000	0,98404592
802,60000000	0,98610753
802,80000000	0,98484470
803,00000000	0,98708134
803,20000000	0,98946451
803,40000000	0,99047742
803,60000000	0,99191238
803,80000000	0,99246619
804,00000000	0,99357505
804,20000000	0,99453167
804,40000000	0,99467725
804,60000000	0,99481544
804,80000000	0,99581479
805,00000000	0,99582533
805,20000000	0,99589378
805,40000000	0,99726319
805,60000000	0,99720347
805,80000000	0,99686443
806,00000000	0,99731142
806,20000000	0,99667748
806,40000000	0,99533051
806,60000000	0,99463782
806,80000000	0,99576949
807,00000000	0,99566035
807,20000000	0,99422325
807,40000000	0,99326416
807,60000000	0,99141218
807,80000000	0,98881477
808,00000000	0,98845728
808,20000000	0,98881181
808,40000000	0,98763316
808,60000000	0,98680503
808,80000000	0,98512587
809,00000000	0,98250158
809,20000000	0,98163159
809,40000000	0,97712090
809,60000000	0,97750193
809,80000000	0,97800378
810,00000000	0,97287163
810,20000000	0,97091038
810,40000000	0,96914051
810,60000000	0,96708495
810,80000000	0,96600148
811,00000000	0,96444635
811,20000000	0,96229696
811,40000000	0,96056508
811,60000000	0,95877827
811,80000000	0,95618376
812,00000000	0,95797123
812,20000000	0,95382599
812,40000000	0,94993218
812,60000000	0,95332101
812,80000000	0,94931497
813,00000000	0,94626851
813,20000000	0,94502031
813,40000000	0,94249788
813,60000000	0,94574327
813,80000000	0,94491148
814,00000000	0,94493562
814,20000000	0,94607755
814,40000000	0,94197614
814,60000000	0,93692004
814,80000000	0,93490145
815,00000000	0,93796268
815,20000000	0,93624536
815,40000000	0,94048633
815,60000000	0,94220967
815,80000000	0,93692764
816,00000000	0,93605322
816,20000000	0,93094381
816,40000000	0,93475080
816,60000000	0,93916730
816,80000000	0,93691442
817,00000000	0,94284577
817,20000000	0,93898833
817,40000000	0,93640576
817,60000000	0,93977954
817,80000000	0,94025304
818,00000000	0,94186681
818,20000000	0,94215647
818,40000000	0,94522270
818,60000000	0,94532093
818,80000000	0,94570919
819,00000000	0,94658426
819,20000000	0,94808958
819,40000000	0,95402876
819,60000000	0,95206726
819,80000000	0,95544067
820,00000000	0,95615517
820,20000000	0,95344489
820,40000000	0,95882350
820,60000000	0,96015899
820,80000000	0,96434722
821,00000000	0,96523195
821,20000000	0,96631163
821,40000000	0,96813033
821,60000000	0,96605503
821,80000000	0,97106720
822,00000000	0,97443400
822,20000000	0,97737729
822,40000000	0,97803801
822,60000000	0,97788875
822,80000000	0,98020934
823,00000000	0,97904751
823,20000000	0,98392048
823,40000000	0,98610619
823,60000000	0,98807917
823,80000000	0,98992432
824,00000000	0,98817715
824,20000000	0,99060965
824,40000000	0,98960254
824,60000000	0,99282091
824,80000000	0,99487524
825,00000000	0,99564194
825,20000000	0,99550946
825,40000000	0,99456308
825,60000000	0,99593270
825,80000000	0,99540203
826,00000000	0,99744592
826,20000000	0,99670360
826,40000000	0,99686182
826,60000000	0,99547673
826,80000000	0,99507222
827,00000000	0,99586468
827,20000000	0,99442822
827,40000000	0,99667528
827,60000000	0,99194413
827,80000000	0,99164371
828,00000000	0,99038707
828,20000000	0,98913319
828,40000000	0,99158447
828,60000000	0,98829114
828,80000000	0,98869180
829,00000000	0,98288403
829,20000000	0,98061817
829,40000000	0,97887465
829,60000000	0,97929681
829,80000000	0,98260234
830,00000000	0,97824265
830,20000000	0,97790070
830,40000000	0,96760421
830,60000000	0,96957670
830,80000000	0,96701264
831,00000000	0,96439430
831,20000000	0,97028202
831,40000000	0,96145197
831,60000000	0,96380281
831,80000000	0,95639667
832,00000000	0,95487307
832,20000000	0,95364264
832,40000000	0,95018222
832,60000000	0,95484978
832,80000000	0,94609796
833,00000000	0,94992841
833,20000000	0,94372690
833,40000000	0,94360063
833,60000000	0,94377771
833,80000000	0,93862164
834,00000000	0,94092681
834,20000000	0,93249727
834,40000000	0,93950136
834,60000000	0,93454060
834,80000000	0,93709031
835,00000000	0,93827576
835,20000000	0,92906949
835,40000000	0,93416761
835,60000000	0,92536947
835,80000000	0,93278422
836,00000000	0,93584142
836,20000000	0,93329210
836,40000000	0,93362135
836,60000000	0,92864709
836,80000000	0,92999587
837,00000000	0,92650847
837,20000000	0,93626482
837,40000000	0,93278283
837,60000000	0,93418908
837,80000000	0,93453454
838,00000000	0,93128733
838,20000000	0,93706494
838,40000000	0,93112667
838,60000000	0,94167325
838,80000000	0,93838471
839,00000000	0,93869483
839,20000000	0,94249958
839,40000000	0,94004508
839,60000000	0,94623480
839,80000000	0,94496156
840,00000000	0,95059240
840,20000000	0,94636215
840,40000000	0,94913349
840,60000000	0,95356934
840,80000000	0,95558152
841,00000000	0,95786097
841,20000000	0,95790997
841,40000000	0,96160288
841,60000000	0,95768579
841,80000000	0,96593440
842,00000000	0,96781001
842,20000000	0,96975124
842,40000000	0,97079103
842,60000000	0,96878270
842,80000000	0,97323284
843,00000000	0,97400737
843,20000000	0,98126170
843,40000000	0,98102110
843,60000000	0,98013494
843,80000000	0,98079510
844,00000000	0,98230492
844,20000000	0,98493933
844,40000000	0,98779854
844,60000000	0,99110633
844,80000000	0,98790322
845,00000000	0,98975937
845,20000000	0,98943156
845,40000000	0,99219405
845,60000000	0,99369382
845,80000000	0,99456066
846,00000000	0,99472269
846,20000000	0,99262438
846,40000000	0,99504695
846,60000000	0,99427271
846,80000000	0,99547556
847,00000000	0,99509400
847,20000000	0,99468228
847,40000000	0,99328086
847,60000000	0,99316938
847,80000000	0,99331312
848,00000000	0,99218596
848,20000000	0,99110146
848,40000000	0,98919216
848,60000000	0,98877195
848,80000000	0,98716224
849,00000000	0,98769856
849,20000000	0,98195566
849,40000000	0,98129091
849,60000000	0,98012419
849,80000000	0,97990972
850,00000000	0,97902156
850,20000000	0,97621868
850,40000000	0,97478090
850,60000000	0,96667075
850,80000000	0,96635603
851,00000000	0,96784137
851,20000000	0,96786930
851,40000000	0,96478765
851,60000000	0,96093824
851,80000000	0,95550804
852,00000000	0,95409862
852,20000000	0,95545825
852,40000000	0,95092093
852,60000000	0,95331999
852,80000000	0,94793488
853,00000000	0,94422062
853,20000000	0,94096376
853,40000000	0,93980582
853,60000000	0,94193877
853,80000000	0,93770690
854,00000000	0,93740887
854,20000000	0,93396475
854,40000000	0,93043568
854,60000000	0,92890790
854,80000000	0,93012536
855,00000000	0,92726548
855,20000000	0,92839194
855,40000000	0,92328924
855,60000000	0,92413218
855,80000000	0,92293973
856,00000000	0,92266378
856,20000000	0,92456013
856,40000000	0,91972197
856,60000000	0,92119731
856,80000000	0,92292699
857,00000000	0,92296314
857,20000000	0,92118061
857,40000000	0,92224041
857,60000000	0,91980927
857,80000000	0,92207839
858,00000000	0,92316863
858,20000000	0,92489175
858,40000000	0,92654771
858,60000000	0,92584016
858,80000000	0,92807871
859,00000000	0,92399914
859,20000000	0,92870599
859,40000000	0,93166020
859,60000000	0,93321887
859,80000000	0,93397514
860,00000000	0,93457678
860,20000000	0,93531419
860,40000000	0,93680340
860,60000000	0,94111588
860,80000000	0,94444503
861,00000000	0,94638863
861,20000000	0,94537142
861,40000000	0,94638554
861,60000000	0,94603392
861,80000000	0,95538519
862,00000000	0,95639505
862,20000000	0,95845901
862,40000000	0,95748624
862,60000000	0,95898780
862,80000000	0,96135463
863,00000000	0,96528988
863,20000000	0,97148598
863,40000000	0,97050227
863,60000000	0,97123114
863,80000000	0,97134392
864,00000000	0,97446815
864,20000000	0,97929004
864,40000000	0,98342865
864,60000000	0,98150609
864,80000000	0,98317987
865,00000000	0,98395913
865,20000000	0,98651368
865,40000000	0,99024949
865,60000000	0,99159381
865,80000000	0,99134343
866,00000000	0,99097279
866,20000000	0,99391502
866,40000000	0,99501133
866,60000000	0,99648854
866,80000000	0,99549924
867,00000000	0,99627743
867,20000000	0,99609738
867,40000000	0,99700933
867,60000000	0,99616522
867,80000000	0,99619709
868,00000000	0,99490206
868,20000000	0,99520596
868,40000000	0,99456785
868,60000000	0,99321041
868,80000000	0,99049462
869,00000000	0,99095067
869,20000000	0,99152558
869,40000000	0,98830438
869,60000000	0,98728053
869,80000000	0,98348678
870,00000000	0,98421133
870,20000000	0,98237471
870,40000000	0,98259054
870,60000000	0,97844586
870,80000000	0,97576250
871,00000000	0,97209714
871,20000000	0,97298985
871,40000000	0,97374213
871,60000000	0,97059358
871,80000000	0,96458359
872,00000000	0,95994367
872,20000000	0,96201475
872,40000000	0,96206420
872,60000000	0,96195171
872,80000000	0,95548532
873,00000000	0,95338217
873,20000000	0,94743678
873,40000000	0,94925125
873,60000000	0,95003693
873,80000000	0,94380844
874,00000000	0,94192387
874,20000000	0,93831284
874,40000000	0,93825772
874,60000000	0,93562897
874,80000000	0,93199596
875,00000000	0,93191101
875,20000000	0,93114326
875,40000000	0,93190476
875,60000000	0,92949254
875,80000000	0,92392746
876,00000000	0,92280954
876,20000000	0,92468214
876,40000000	0,92801818
876,60000000	0,92712480
876,80000000	0,91958589
877,00000000	0,91746199
877,20000000	0,91758101
877,40000000	0,92518947
877,60000000	0,92622543
877,80000000	0,92151475
878,00000000	0,91653242
878,20000000	0,91496543
878,40000000	0,92093659
878,60000000	0,92552464
878,80000000	0,92169076
879,00000000	0,91934074
879,20000000	0,92131364
879,40000000	0,92052033
879,60000000	0,92490336
879,80000000	0,92357107
880,00000000	0,92229927
880,20000000	0,92386367
880,40000000	0,92859895
880,60000000	0,92951517
880,80000000	0,92793581
881,00000000	0,92926704
881,20000000	0,93208424
881,40000000	0,93829394
881,60000000	0,93901022
881,80000000	0,93668958
882,00000000	0,93617812
882,20000000	0,94330351
882,40000000	0,94724854
882,60000000	0,94957644
882,80000000	0,94907967
883,00000000	0,94706130
883,20000000	0,95301764
883,40000000	0,95783092
883,60000000	0,95839926
883,80000000	0,96148721
884,00000000	0,96128623
884,20000000	0,96398146
884,40000000	0,96793580
884,60000000	0,97026699
884,80000000	0,97066895
885,00000000	0,97304200
885,20000000	0,97751884
885,40000000	0,97684072
885,60000000	0,98146377
885,80000000	0,98085429
886,00000000	0,98300141
886,20000000	0,98717141
886,40000000	0,98678195
886,60000000	0,98794937
886,80000000	0,98981474
887,00000000	0,99141917
887,20000000	0,99331358
887,40000000	0,99410363
887,60000000	0,99329503
887,80000000	0,99390001
888,00000000	0,99607272
888,20000000	0,99571849
888,40000000	0,99624677
888,60000000	0,99577347
888,80000000	0,99516431
889,00000000	0,99689462
889,20000000	0,99535065
889,40000000	0,99602514
889,60000000	0,99522688
889,80000000	0,99490705
890,00000000	0,99356796
890,20000000	0,99461237
890,40000000	0,99257886
890,60000000	0,99175574
890,80000000	0,99215362
891,00000000	0,98835849
891,20000000	0,98878774
891,40000000	0,98825841
891,60000000	0,98580009
891,80000000	0,98500570
892,00000000	0,98199095
892,20000000	0,98212128
892,40000000	0,97888320
892,60000000	0,97809811
892,80000000	0,97552281
893,00000000	0,97606872
893,20000000	0,97452778
893,40000000	0,96997338
893,60000000	0,97053335
893,80000000	0,96427211
894,00000000	0,96728746
894,20000000	0,96724812
894,40000000	0,96437711
894,60000000	0,95927338
894,80000000	0,95738924
895,00000000	0,95987897
895,20000000	0,95910746
895,40000000	0,95895567
895,60000000	0,95378888
895,80000000	0,94819512
896,00000000	0,95154323
896,20000000	0,95237566
896,40000000	0,95281494
896,60000000	0,94951339
896,80000000	0,94231012
897,00000000	0,94949403
897,20000000	0,95022486
897,40000000	0,95082555
897,60000000	0,94354771
897,80000000	0,94858180
898,00000000	0,94551630
898,20000000	0,95169111
898,40000000	0,94757092
898,60000000	0,94820472
898,80000000	0,94562217
899,00000000	0,94829224
899,20000000	0,94737472
899,40000000	0,94918380
899,60000000	0,94458696
899,80000000	0,95086329
900,00000000	0,94779027
