200,00000000	0,81438078
200,20000000	0,81544472
200,40000000	0,78661363
200,60000000	0,77955274
200,80000000	0,80700164
201,00000000	0,80254798
201,20000000	0,80118787
201,40000000	0,80614578
201,60000000	0,80146025
201,80000000	0,77002066
202,00000000	0,78001078
202,20000000	0,77359136
202,40000000	0,81093295
202,60000000	0,76293363
202,80000000	0,78199158
203,00000000	0,77810927
203,20000000	0,76976477
203,40000000	0,76811748
203,60000000	0,76405695
203,80000000	0,79413091
204,00000000	0,76636865
204,20000000	0,76344289
204,40000000	0,78934814
204,60000000	0,76237106
204,80000000	0,75358010
205,00000000	0,75999860
205,20000000	0,76700256
205,40000000	0,73179749
205,60000000	0,75681460
205,80000000	0,77280045
206,00000000	0,71361518
206,20000000	0,71053451
206,40000000	0,74759392
206,60000000	0,74655378
206,80000000	0,76328547
207,00000000	0,73156124
207,20000000	0,74600047
207,40000000	0,71817290
207,60000000	0,72645556
207,80000000	0,70149490
208,00000000	0,75274160
208,20000000	0,71990277
208,40000000	0,71772715
208,60000000	0,72564327
208,80000000	0,71511613
209,00000000	0,74636158
209,20000000	0,73277272
209,40000000	0,66660094
209,60000000	0,71860337
209,80000000	0,71931422
210,00000000	0,72012159
210,20000000	0,68644028
210,40000000	0,73977631
210,60000000	0,71163105
210,80000000	0,68913598
211,00000000	0,75983322
211,20000000	0,68530020
211,40000000	0,66243689
211,60000000	0,69568914
211,80000000	0,72754209
212,00000000	0,71460365
212,20000000	0,66246996
212,40000000	0,72874011
212,60000000	0,70536001
212,80000000	0,70985534
213,00000000	0,68439959
213,20000000	0,67192240
213,40000000	0,67878702
213,60000000	0,68961743
213,80000000	0,71096528
214,00000000	0,68189724
214,20000000	0,68564316
214,40000000	0,70938028
214,60000000	0,63900400
214,80000000	0,65418209
215,00000000	0,66907107
215,20000000	0,68324656
215,40000000	0,65857646
215,60000000	0,68153117
215,80000000	0,68497403
216,00000000	0,63685081
216,20000000	0,65854782
216,40000000	0,68191909
216,60000000	0,69610882
216,80000000	0,68216857
217,00000000	0,65831571
217,20000000	0,67401569
217,40000000	0,65396243
217,60000000	0,66493520
217,80000000	0,62879745
218,00000000	0,64664628
218,20000000	0,65977523
218,40000000	0,67054626
218,60000000	0,65959864
218,80000000	0,62099501
219,00000000	0,63362223
219,20000000	0,64628796
219,40000000	0,61006738
219,60000000	0,66976143
219,80000000	0,64196391
220,00000000	0,64387483
220,20000000	0,65268931
220,40000000	0,59767514
220,60000000	0,62202159
220,80000000	0,64145393
221,00000000	0,60403017
221,20000000	0,63291441
221,40000000	0,62804045
221,60000000	0,61218321
221,80000000	0,65385152
222,00000000	0,60917753
222,20000000	0,60216736
222,40000000	0,63970957
222,60000000	0,61807725
222,80000000	0,64469317
223,00000000	0,59562958
223,20000000	0,60701031
223,40000000	0,61977822
223,60000000	0,60098881
223,80000000	0,57135409
224,00000000	0,60158503
224,20000000	0,61444379
224,40000000	0,60981149
224,60000000	0,58985599
224,80000000	0,51385266
225,00000000	0,55712993
225,20000000	0,59161762
225,40000000	0,59406480
225,60000000	0,60181013
225,80000000	0,55361410
226,00000000	0,55822743
226,20000000	0,58194067
226,40000000	0,56644838
226,60000000	0,57092936
226,80000000	0,61193818
227,00000000	0,59430796
227,20000000	0,56451738
227,40000000	0,58278765
227,60000000	0,55867221
227,80000000	0,56639449
228,00000000	0,54824494
228,20000000	0,54928874
228,40000000	0,54094922
228,60000000	0,54996838
228,80000000	0,56814638
229,00000000	0,55003820
229,20000000	0,56359173
229,40000000	0,55939429
229,60000000	0,55344705
229,80000000	0,55872672
230,00000000	0,49821469
230,20000000	0,52023432
230,40000000	0,55304032
230,60000000	0,53259033
230,80000000	0,55250812
231,00000000	0,54152867
231,20000000	0,51666694
231,40000000	0,55170001
231,60000000	0,55242339
231,80000000	0,56784912
232,00000000	0,53803520
232,20000000	0,48885233
232,40000000	0,51854365
232,60000000	0,51599624
232,80000000	0,56451734
233,00000000	0,54127793
233,20000000	0,56394520
233,40000000	0,54244093
233,60000000	0,55009808
233,80000000	0,56594065
234,00000000	0,52143977
234,20000000	0,51439337
234,40000000	0,54700154
234,60000000	0,50837465
234,80000000	0,50988996
235,00000000	0,50489545
235,20000000	0,50435781
235,40000000	0,56814586
235,60000000	0,55290895
235,80000000	0,56164144
236,00000000	0,54144085
236,20000000	0,52988014
236,40000000	0,57415505
236,60000000	0,53765490
236,80000000	0,53698842
237,00000000	0,56454503
237,20000000	0,52265844
237,40000000	0,51443338
237,60000000	0,53297165
237,80000000	0,53426596
238,00000000	0,56788332
238,20000000	0,58571047
238,40000000	0,55889953
238,60000000	0,54384110
238,80000000	0,57831151
239,00000000	0,56207737
239,20000000	0,55482207
239,40000000	0,58364537
239,60000000	0,56323596
239,80000000	0,53808179
240,00000000	0,57924771
240,20000000	0,56608826
240,40000000	0,57719805
240,60000000	0,55688992
240,80000000	0,52897915
241,00000000	0,55701178
241,20000000	0,55397252
241,40000000	0,57331490
241,60000000	0,60098731
241,80000000	0,59496184
242,00000000	0,59468849
242,20000000	0,56021361
242,40000000	0,58110444
242,60000000	0,59375556
242,80000000	0,61433440
243,00000000	0,59916121
243,20000000	0,59932093
243,40000000	0,61134730
243,60000000	0,60488271
243,80000000	0,63271007
244,00000000	0,63453869
244,20000000	0,62779392
244,40000000	0,65220907
244,60000000	0,62636300
244,80000000	0,62973992
245,00000000	0,66008295
245,20000000	0,64650896
245,40000000	0,65719437
245,60000000	0,66037710
245,80000000	0,64926633
246,00000000	0,65884613
246,20000000	0,66580014
246,40000000	0,67261545
246,60000000	0,66915085
246,80000000	0,68389460
247,00000000	0,68159652
247,20000000	0,66924200
247,40000000	0,68872324
247,60000000	0,69686308
247,80000000	0,69547776
248,00000000	0,68806338
248,20000000	0,69567869
248,40000000	0,68447011
248,60000000	0,69365248
248,80000000	0,71194000
249,00000000	0,72533125
249,20000000	0,71126740
249,40000000	0,71309123
249,60000000	0,71506546
249,80000000	0,71752713
250,00000000	0,72452002
250,20000000	0,74725012
250,40000000	0,74344100
250,60000000	0,75253087
250,80000000	0,73642783
251,00000000	0,73737375
251,20000000	0,74213901
251,40000000	0,75311539
251,60000000	0,74454820
251,80000000	0,75504697
252,00000000	0,74869639
252,20000000	0,75066050
252,40000000	0,75874975
252,60000000	0,75912375
252,80000000	0,76537886
253,00000000	0,77515589
253,20000000	0,77258041
253,40000000	0,76594074
253,60000000	0,77192835
253,80000000	0,77879619
254,00000000	0,78525503
254,20000000	0,77882782
254,40000000	0,77135403
254,60000000	0,77881754
254,80000000	0,77760726
255,00000000	0,77573117
255,20000000	0,78381984
255,40000000	0,77280236
255,60000000	0,77008882
255,80000000	0,76828978
256,00000000	0,77734220
256,20000000	0,76801733
256,40000000	0,76725750
256,60000000	0,77150509
256,80000000	0,76521137
257,00000000	0,76007960
257,20000000	0,76310548
257,40000000	0,75889811
257,60000000	0,75283240
257,80000000	0,75207390
258,00000000	0,74999765
258,20000000	0,74048546
258,40000000	0,73268342
258,60000000	0,72978849
258,80000000	0,72246553
259,00000000	0,71421807
259,20000000	0,71076611
259,40000000	0,71054296
259,60000000	0,69933279
259,80000000	0,69421649
260,00000000	0,68917976
260,20000000	0,67734762
260,40000000	0,67589559
260,60000000	0,66991686
260,80000000	0,65393086
261,00000000	0,64506167
261,20000000	0,64566978
261,40000000	0,63608041
261,60000000	0,62727795
261,80000000	0,62178105
262,00000000	0,61323431
262,20000000	0,60885024
262,40000000	0,59984700
262,60000000	0,59475702
262,80000000	0,57912204
263,00000000	0,55826755
263,20000000	0,56339973
263,40000000	0,56465679
263,60000000	0,54910812
263,80000000	0,54293247
264,00000000	0,53961420
264,20000000	0,52891064
264,40000000	0,52042970
264,60000000	0,51784592
264,80000000	0,52588268
265,00000000	0,52171735
265,20000000	0,51246707
265,40000000	0,49671617
265,60000000	0,49093503
265,80000000	0,49320464
266,00000000	0,50295276
266,20000000	0,49733236
266,40000000	0,48944167
266,60000000	0,47156482
266,80000000	0,46553418
267,00000000	0,46906683
267,20000000	0,46048934
267,40000000	0,45837939
267,60000000	0,46465254
267,80000000	0,47194851
268,00000000	0,46900832
268,20000000	0,46991934
268,40000000	0,47018453
268,60000000	0,46774943
268,80000000	0,46607904
269,00000000	0,46818995
269,20000000	0,47319816
269,40000000	0,47646259
269,60000000	0,48367994
269,80000000	0,47740018
270,00000000	0,47168575
270,20000000	0,48513405
270,40000000	0,48718672
270,60000000	0,49440062
270,80000000	0,50153739
271,00000000	0,50080967
271,20000000	0,50852612
271,40000000	0,51854386
271,60000000	0,52685730
271,80000000	0,53952295
272,00000000	0,54989264
272,20000000	0,55270296
272,40000000	0,55373905
272,60000000	0,56553169
272,80000000	0,57375952
273,00000000	0,58871843
273,20000000	0,60479071
273,40000000	0,61834445
273,60000000	0,63564371
273,80000000	0,65094210
274,00000000	0,66724588
274,20000000	0,68096202
274,40000000	0,69496541
274,60000000	0,70666597
274,80000000	0,72579536
275,00000000	0,74446976
275,20000000	0,76135275
275,40000000	0,77816893
275,60000000	0,79256781
275,80000000	0,80552277
276,00000000	0,82061801
276,20000000	0,83503335
276,40000000	0,84459000
276,60000000	0,85415993
276,80000000	0,86291025
277,00000000	0,86745919
277,20000000	0,86993394
277,40000000	0,87282297
277,60000000	0,87022000
277,80000000	0,86963879
278,00000000	0,86223873
278,20000000	0,85514093
278,40000000	0,84271619
278,60000000	0,83536098
278,80000000	0,82759939
279,00000000	0,80981079
279,20000000	0,78677722
279,40000000	0,77555754
279,60000000	0,75531486
279,80000000	0,73619058
280,00000000	0,72237361
280,20000000	0,70921385
280,40000000	0,69326439
280,60000000	0,67689872
280,80000000	0,65983707
281,00000000	0,64033633
281,20000000	0,62276109
281,40000000	0,60765887
281,60000000	0,59570844
281,80000000	0,57517767
282,00000000	0,56024608
282,20000000	0,54589653
282,40000000	0,53915121
282,60000000	0,53361895
282,80000000	0,51584783
283,00000000	0,50357260
283,20000000	0,48886492
283,40000000	0,47577856
283,60000000	0,46530083
283,80000000	0,44508985
284,00000000	0,44055354
284,20000000	0,43017301
284,40000000	0,41737755
284,60000000	0,40164102
284,80000000	0,40212243
285,00000000	0,39057173
285,20000000	0,37872237
285,40000000	0,37255254
285,60000000	0,35846095
285,80000000	0,35338423
286,00000000	0,34594151
286,20000000	0,34538525
286,40000000	0,34552949
286,60000000	0,33485559
286,80000000	0,32129565
287,00000000	0,32005509
287,20000000	0,31090027
287,40000000	0,29724229
287,60000000	0,29678975
287,80000000	0,30406489
288,00000000	0,28877106
288,20000000	0,28210934
288,40000000	0,27323050
288,60000000	0,26443127
288,80000000	0,26561210
289,00000000	0,26183388
289,20000000	0,26008126
289,40000000	0,25725928
289,60000000	0,25114965
289,80000000	0,24654131
290,00000000	0,25208957
290,20000000	0,24880186
290,40000000	0,23911051
290,60000000	0,23958256
290,80000000	0,23229175
291,00000000	0,23406776
291,20000000	0,24019563
291,40000000	0,22968598
291,60000000	0,22071054
291,80000000	0,22728430
292,00000000	0,22733611
292,20000000	0,22501842
292,40000000	0,22121177
292,60000000	0,21668772
292,80000000	0,21040123
293,00000000	0,21012981
293,20000000	0,21113619
293,40000000	0,20799726
293,60000000	0,20966577
293,80000000	0,21285227
294,00000000	0,20872486
294,20000000	0,20133942
294,40000000	0,20268910
294,60000000	0,19928254
294,80000000	0,19771230
295,00000000	0,19852458
295,20000000	0,20178657
295,40000000	0,19894118
295,60000000	0,19707014
295,80000000	0,19808324
296,00000000	0,19299858
296,20000000	0,18436460
296,40000000	0,18600730
296,60000000	0,19019985
296,80000000	0,18939715
297,00000000	0,18625189
297,20000000	0,18174317
297,40000000	0,18082872
297,60000000	0,18063023
297,80000000	0,18675317
298,00000000	0,18733355
298,20000000	0,18202603
298,40000000	0,17997975
298,60000000	0,18165806
298,80000000	0,18195665
299,00000000	0,17832488
299,20000000	0,17808777
299,40000000	0,17839454
299,60000000	0,17538212
299,80000000	0,17697923
300,00000000	0,17983032
300,20000000	0,17356860
300,40000000	0,16973209
300,60000000	0,17554147
300,80000000	0,17312745
301,00000000	0,16882904
301,20000000	0,17098410
301,40000000	0,17477863
301,60000000	0,17151304
301,80000000	0,16805347
302,00000000	0,16578474
302,20000000	0,16568634
302,40000000	0,16490475
302,60000000	0,16460205
302,80000000	0,16534265
303,00000000	0,16678656
303,20000000	0,16741228
303,40000000	0,16954027
303,60000000	0,16736920
303,80000000	0,16536765
304,00000000	0,16394518
304,20000000	0,15942028
304,40000000	0,16057222
304,60000000	0,16184515
304,80000000	0,15687825
305,00000000	0,15927728
305,20000000	0,16569787
305,40000000	0,16264301
305,60000000	0,15832598
305,80000000	0,15769997
306,00000000	0,16037736
306,20000000	0,15876627
306,40000000	0,15646583
306,60000000	0,15800368
306,80000000	0,15633177
307,00000000	0,15560765
307,20000000	0,15594892
307,40000000	0,15815062
307,60000000	0,15444235
307,80000000	0,15145679
308,00000000	0,15309695
308,20000000	0,15345854
308,40000000	0,14846991
308,60000000	0,14805481
308,80000000	0,15037653
309,00000000	0,14957378
309,20000000	0,15116796
309,40000000	0,15430876
309,60000000	0,15241328
309,80000000	0,15082398
310,00000000	0,14924277
310,20000000	0,14873587
310,40000000	0,14880709
310,60000000	0,14807308
310,80000000	0,15016003
311,00000000	0,14954872
311,20000000	0,14623782
311,40000000	0,14782241
311,60000000	0,15092550
311,80000000	0,14991557
312,00000000	0,14564134
312,20000000	0,14591332
312,40000000	0,14643888
312,60000000	0,14237316
312,80000000	0,14370272
313,00000000	0,14837885
313,20000000	0,14697541
313,40000000	0,14460555
313,60000000	0,14261558
313,80000000	0,14219627
314,00000000	0,14543106
314,20000000	0,14301014
314,40000000	0,14351567
314,60000000	0,14519702
314,80000000	0,14435129
315,00000000	0,14371083
315,20000000	0,14179936
315,40000000	0,14143355
315,60000000	0,14152481
315,80000000	0,14080792
316,00000000	0,14407519
316,20000000	0,14493744
316,40000000	0,14262399
316,60000000	0,14376630
316,80000000	0,14453819
317,00000000	0,14273346
317,20000000	0,14034628
317,40000000	0,14055253
317,60000000	0,14026204
317,80000000	0,14064886
318,00000000	0,14092899
318,20000000	0,14143631
318,40000000	0,14197547
318,60000000	0,14050998
318,80000000	0,13984573
319,00000000	0,13984940
319,20000000	0,13963854
319,40000000	0,14049765
319,60000000	0,14060750
319,80000000	0,14209378
320,00000000	0,14170654
320,20000000	0,14063478
320,40000000	0,14052538
320,60000000	0,13937718
320,80000000	0,13842523
321,00000000	0,14004181
321,20000000	0,13993120
321,40000000	0,13712890
321,60000000	0,13668273
321,80000000	0,13814967
322,00000000	0,13791628
322,20000000	0,13728639
322,40000000	0,13727659
322,60000000	0,13716412
322,80000000	0,13767346
323,00000000	0,13760207
323,20000000	0,13754735
323,40000000	0,13690156
323,60000000	0,13700284
323,80000000	0,13785689
324,00000000	0,13793097
324,20000000	0,13794662
324,40000000	0,13865007
324,60000000	0,13743261
324,80000000	0,13595376
325,00000000	0,13574703
325,20000000	0,13621866
325,40000000	0,13463862
325,60000000	0,13504878
325,80000000	0,13663283
326,00000000	0,13686677
326,20000000	0,13738755
326,40000000	0,13737099
326,60000000	0,13695936
326,80000000	0,13654612
327,00000000	0,13585955
327,20000000	0,13587400
327,40000000	0,13551816
327,60000000	0,13643611
327,80000000	0,13679159
328,00000000	0,13618922
328,20000000	0,13547346
328,40000000	0,13617801
328,60000000	0,13625036
328,80000000	0,13565055
329,00000000	0,13534151
329,20000000	0,13433771
329,40000000	0,13350672
329,60000000	0,13450390
329,80000000	0,13448216
330,00000000	0,13470342
330,20000000	0,13621716
330,40000000	0,13700689
330,60000000	0,13750657
330,80000000	0,13769437
331,00000000	0,13742046
331,20000000	0,13717874
331,40000000	0,13631317
331,60000000	0,13527621
331,80000000	0,13450642
332,00000000	0,13511030
332,20000000	0,13576786
332,40000000	0,13562802
332,60000000	0,13606811
332,80000000	0,13664009
333,00000000	0,13807419
333,20000000	0,13787080
333,40000000	0,13752968
333,60000000	0,13729040
333,80000000	0,13662554
334,00000000	0,13592402
334,20000000	0,13567422
334,40000000	0,13516488
334,60000000	0,13553632
334,80000000	0,13593433
335,00000000	0,13653192
335,20000000	0,13707866
335,40000000	0,13738332
335,60000000	0,13748037
335,80000000	0,13782053
336,00000000	0,13822206
336,20000000	0,13779006
336,40000000	0,13719681
336,60000000	0,13854640
336,80000000	0,13891665
337,00000000	0,13793769
337,20000000	0,13791776
337,40000000	0,13827476
337,60000000	0,13869813
337,80000000	0,13924442
338,00000000	0,13931512
338,20000000	0,13892272
338,40000000	0,13929465
338,60000000	0,14002868
338,80000000	0,14034803
339,00000000	0,13992033
339,20000000	0,13989791
339,40000000	0,14043425
339,60000000	0,14099989
339,80000000	0,14110124
340,00000000	0,14122573
340,20000000	0,14153727
340,40000000	0,14224642
340,60000000	0,14291269
340,80000000	0,14274367
341,00000000	0,14282641
341,20000000	0,14383170
341,40000000	0,14429170
341,60000000	0,14414218
341,80000000	0,14428881
342,00000000	0,14503685
342,20000000	0,14550826
342,40000000	0,14549393
342,60000000	0,14604469
342,80000000	0,14668070
343,00000000	0,14695985
343,20000000	0,14758097
343,40000000	0,14808937
343,60000000	0,14850973
343,80000000	0,14921024
344,00000000	0,14985318
344,20000000	0,15008401
344,40000000	0,15045033
344,60000000	0,15092160
344,80000000	0,15140645
345,00000000	0,15217046
345,20000000	0,15283045
345,40000000	0,15324727
345,60000000	0,15383027
345,80000000	0,15484889
346,00000000	0,15523967
346,20000000	0,15579160
346,40000000	0,15701359
346,60000000	0,15778482
346,80000000	0,15790367
347,00000000	0,15869115
347,20000000	0,15974222
347,40000000	0,16086586
347,60000000	0,16184569
347,80000000	0,16261269
348,00000000	0,16371186
348,20000000	0,16493263
348,40000000	0,16569538
348,60000000	0,16616864
348,80000000	0,16728013
349,00000000	0,16928678
349,20000000	0,17076927
349,40000000	0,17070113
349,60000000	0,17178609
349,80000000	0,17413884
350,00000000	0,17592562
350,20000000	0,17714687
350,40000000	0,17741206
350,60000000	0,17870855
350,80000000	0,18126963
351,00000000	0,18242937
351,20000000	0,18312678
351,40000000	0,18552460
351,60000000	0,18788174
351,80000000	0,18955880
352,00000000	0,19056708
352,20000000	0,19186645
352,40000000	0,19459655
352,60000000	0,19588347
352,80000000	0,19692851
353,00000000	0,19948164
353,20000000	0,20211881
353,40000000	0,20437377
353,60000000	0,20628131
353,80000000	0,20875859
354,00000000	0,21283985
354,20000000	0,21498719
354,40000000	0,21609112
354,60000000	0,21877493
354,80000000	0,22217957
355,00000000	0,22575188
355,20000000	0,22780175
355,40000000	0,23021343
355,60000000	0,23498387
355,80000000	0,23913490
356,00000000	0,24108570
356,20000000	0,24391658
356,40000000	0,24800841
356,60000000	0,25315081
356,80000000	0,25819050
357,00000000	0,26091387
357,20000000	0,26539204
357,40000000	0,26993747
357,60000000	0,27322549
357,80000000	0,27737958
358,00000000	0,28139804
358,20000000	0,28709005
358,40000000	0,29250126
358,60000000	0,29715293
358,80000000	0,30357829
359,00000000	0,30949712
359,20000000	0,31457363
359,40000000	0,32157621
359,60000000	0,32513460
359,80000000	0,33142856
360,00000000	0,34046793
360,20000000	0,34807759
360,40000000	0,35649673
360,60000000	0,36336422
360,80000000	0,37012802
361,00000000	0,37997776
361,20000000	0,38758726
361,40000000	0,39283709
361,60000000	0,40137677
361,80000000	0,41191267
362,00000000	0,42632798
362,20000000	0,43716464
362,40000000	0,44464622
362,60000000	0,45581426
362,80000000	0,46750596
363,00000000	0,47648563
363,20000000	0,48680385
363,40000000	0,49762882
363,60000000	0,51030497
363,80000000	0,52522645
364,00000000	0,53698352
364,20000000	0,54731854
364,40000000	0,56387872
364,60000000	0,57896871
364,80000000	0,59089915
365,00000000	0,60149801
365,20000000	0,61555482
365,40000000	0,63286353
365,60000000	0,65008097
365,80000000	0,66216492
366,00000000	0,67799785
366,20000000	0,69508388
366,40000000	0,70879557
366,60000000	0,71885918
366,80000000	0,73125049
367,00000000	0,74920518
367,20000000	0,76497692
367,40000000	0,77495870
367,60000000	0,78678268
367,80000000	0,79988583
368,00000000	0,81030058
368,20000000	0,82093637
368,40000000	0,82875266
368,60000000	0,83774170
368,80000000	0,84840424
369,00000000	0,85510535
369,20000000	0,86036672
369,40000000	0,86654903
369,60000000	0,87037999
369,80000000	0,87487561
370,00000000	0,87623143
370,20000000	0,87537545
370,40000000	0,87391034
370,60000000	0,87458035
370,80000000	0,87497358
371,00000000	0,87148235
371,20000000	0,86502064
371,40000000	0,86245657
371,60000000	0,85671573
371,80000000	0,84659785
372,00000000	0,83622908
372,20000000	0,82612509
372,40000000	0,81669001
372,60000000	0,80785398
372,80000000	0,79794728
373,00000000	0,78795882
373,20000000	0,77515588
373,40000000	0,76097581
373,60000000	0,74919448
373,80000000	0,73765829
374,00000000	0,72548062
374,20000000	0,71335659
374,40000000	0,70061031
374,60000000	0,68789833
374,80000000	0,67566273
375,00000000	0,66336965
375,20000000	0,65006575
375,40000000	0,63439288
375,60000000	0,62177993
375,80000000	0,61177413
376,00000000	0,60028586
376,20000000	0,58757906
376,40000000	0,57660299
376,60000000	0,56574092
376,80000000	0,55438275
377,00000000	0,54326856
377,20000000	0,53347649
377,40000000	0,52389373
377,60000000	0,51304753
377,80000000	0,50345753
378,00000000	0,49435082
378,20000000	0,48437996
378,40000000	0,47513630
378,60000000	0,46673885
378,80000000	0,45828991
379,00000000	0,45082575
379,20000000	0,44308712
379,40000000	0,43473282
379,60000000	0,42640648
379,80000000	0,41910144
380,00000000	0,41306457
380,20000000	0,40653568
380,40000000	0,39910166
380,60000000	0,39232865
380,80000000	0,38667926
381,00000000	0,38045680
381,20000000	0,37407092
381,40000000	0,36825055
381,60000000	0,36317791
381,80000000	0,35788822
382,00000000	0,35310467
382,20000000	0,34794473
382,40000000	0,34211158
382,60000000	0,33711683
382,80000000	0,33275064
383,00000000	0,32843265
383,20000000	0,32440138
383,40000000	0,32050039
383,60000000	0,31636441
383,80000000	0,31226334
384,00000000	0,30859402
384,20000000	0,30536817
384,40000000	0,30126938
384,60000000	0,29719589
384,80000000	0,29391017
385,00000000	0,29017041
385,20000000	0,28625398
385,40000000	0,28338717
385,60000000	0,28088472
385,80000000	0,27790142
386,00000000	0,27497237
386,20000000	0,27349298
386,40000000	0,27083442
386,60000000	0,26733069
386,80000000	0,26449156
387,00000000	0,26112806
387,20000000	0,25757918
387,40000000	0,25542006
387,60000000	0,25373995
387,80000000	0,25175017
388,00000000	0,24922248
388,20000000	0,24719263
388,40000000	0,24519845
388,60000000	0,24237924
388,80000000	0,24242053
389,00000000	0,24018969
389,20000000	0,23701579
389,40000000	0,23597217
389,60000000	0,23371946
389,80000000	0,22991842
390,00000000	0,22859859
390,20000000	0,22859277
390,40000000	0,22667752
390,60000000	0,22578299
390,80000000	0,22467428
391,00000000	0,22207171
391,20000000	0,22076363
391,40000000	0,22105938
391,60000000	0,21846915
391,80000000	0,21765325
392,00000000	0,21863859
392,20000000	0,21737472
392,40000000	0,21527080
392,60000000	0,21112725
392,80000000	0,20809120
393,00000000	0,20791714
393,20000000	0,20650880
393,40000000	0,20415904
393,60000000	0,20269721
393,80000000	0,20151356
394,00000000	0,20258808
394,20000000	0,20318094
394,40000000	0,20174015
394,60000000	0,20024218
394,80000000	0,20167562
395,00000000	0,19979386
395,20000000	0,19340100
395,40000000	0,19228649
395,60000000	0,19307777
395,80000000	0,19485906
396,00000000	0,19582126
396,20000000	0,19357157
396,40000000	0,19105020
396,60000000	0,19066074
396,80000000	0,19183266
397,00000000	0,19061241
397,20000000	0,18571924
397,40000000	0,18548799
397,60000000	0,18833850
397,80000000	0,18356399
398,00000000	0,18357827
398,20000000	0,18697131
398,40000000	0,18324000
398,60000000	0,18133252
398,80000000	0,18356626
399,00000000	0,17795509
399,20000000	0,17404811
399,40000000	0,17830493
399,60000000	0,17547897
399,80000000	0,17599214
400,00000000	0,18088788
400,20000000	0,17592552
400,40000000	0,17196938
400,60000000	0,17568423
400,80000000	0,17255056
401,00000000	0,17010730
401,20000000	0,17421952
401,40000000	0,17171040
401,60000000	0,17088482
401,80000000	0,17588944
402,00000000	0,17348492
402,20000000	0,17115637
402,40000000	0,17502605
402,60000000	0,16972374
402,80000000	0,16402629
403,00000000	0,16822677
403,20000000	0,16984259
403,40000000	0,16556644
403,60000000	0,16656846
403,80000000	0,16893278
404,00000000	0,16705559
404,20000000	0,16663585
404,40000000	0,16481435
404,60000000	0,16163306
404,80000000	0,16356312
405,00000000	0,16800155
405,20000000	0,16244111
405,40000000	0,15608293
405,60000000	0,15824788
405,80000000	0,16092401
406,00000000	0,16102626
406,20000000	0,15902830
406,40000000	0,15759394
406,60000000	0,15594593
406,80000000	0,15644588
407,00000000	0,15596950
407,20000000	0,15240806
407,40000000	0,15377866
407,60000000	0,15793973
407,80000000	0,15909555
408,00000000	0,15729527
408,20000000	0,15570179
408,40000000	0,15425971
408,60000000	0,15462545
408,80000000	0,15653359
409,00000000	0,15438108
409,20000000	0,15232007
409,40000000	0,15540067
409,60000000	0,15833509
409,80000000	0,15639104
410,00000000	0,15374716
410,20000000	0,15434863
410,40000000	0,15637017
410,60000000	0,15374297
410,80000000	0,14952820
411,00000000	0,15418347
411,20000000	0,15947961
411,40000000	0,15562307
411,60000000	0,14958144
411,80000000	0,14991148
412,00000000	0,15259151
412,20000000	0,14893608
412,40000000	0,14570870
412,60000000	0,15153177
412,80000000	0,15370207
413,00000000	0,14885814
413,20000000	0,14616045
413,40000000	0,14414471
413,60000000	0,14527045
413,80000000	0,14622862
414,00000000	0,14551268
414,20000000	0,14896448
414,40000000	0,15064274
414,60000000	0,14718279
414,80000000	0,14612480
415,00000000	0,14511700
415,20000000	0,14181499
415,40000000	0,14253122
415,60000000	0,14587574
415,80000000	0,14792901
416,00000000	0,14709299
416,20000000	0,14628204
416,40000000	0,14551843
416,60000000	0,14432640
416,80000000	0,14294623
417,00000000	0,14163667
417,20000000	0,14327904
417,40000000	0,14419922
417,60000000	0,14117329
417,80000000	0,13962905
418,00000000	0,14281395
418,20000000	0,14696480
418,40000000	0,14875175
418,60000000	0,14633086
418,80000000	0,14282092
419,00000000	0,14386874
419,20000000	0,14624514
419,40000000	0,14624548
419,60000000	0,14482267
419,80000000	0,14342172
420,00000000	0,14259834
420,20000000	0,13949688
420,40000000	0,14018317
420,60000000	0,14541104
420,80000000	0,14554236
421,00000000	0,14404182
421,20000000	0,14304630
421,40000000	0,14027239
421,60000000	0,14019729
421,80000000	0,14413795
422,00000000	0,14672272
422,20000000	0,14631834
422,40000000	0,14492016
422,60000000	0,14617365
422,80000000	0,15076912
423,00000000	0,14831969
423,20000000	0,14488227
423,40000000	0,14804626
423,60000000	0,14823469
423,80000000	0,14698464
424,00000000	0,14672686
424,20000000	0,14668089
424,40000000	0,14187629
424,60000000	0,13602071
424,80000000	0,14182861
425,00000000	0,14597891
425,20000000	0,14397613
425,40000000	0,14212373
425,60000000	0,13964276
425,80000000	0,14184115
426,00000000	0,14414692
426,20000000	0,14353580
426,40000000	0,14191592
426,60000000	0,14199466
426,80000000	0,14233794
427,00000000	0,13846748
427,20000000	0,13953643
427,40000000	0,13839458
427,60000000	0,13627288
427,80000000	0,14412725
428,00000000	0,14297414
428,20000000	0,13571385
428,40000000	0,13917008
428,60000000	0,14938891
428,80000000	0,14799244
429,00000000	0,13492390
429,20000000	0,13357352
429,40000000	0,13884406
429,60000000	0,14048737
429,80000000	0,13956085
430,00000000	0,13764330
430,20000000	0,14022508
430,40000000	0,14333786
430,60000000	0,14539865
430,80000000	0,14583459
431,00000000	0,14634295
431,20000000	0,14699469
431,40000000	0,14882037
431,60000000	0,14866314
431,80000000	0,14198782
432,00000000	0,14971749
432,20000000	0,16026351
432,40000000	0,14928809
432,60000000	0,13739127
432,80000000	0,14502787
433,00000000	0,14821849
433,20000000	0,14064095
433,40000000	0,14778456
433,60000000	0,15549764
433,80000000	0,14815305
434,00000000	0,14162489
434,20000000	0,14140740
434,40000000	0,14081907
434,60000000	0,14385170
434,80000000	0,15168413
435,00000000	0,14755885
435,20000000	0,14208577
435,40000000	0,14771078
435,60000000	0,14874090
435,80000000	0,14335207
436,00000000	0,13636505
436,20000000	0,13518557
436,40000000	0,13649075
436,60000000	0,13225664
436,80000000	0,13328453
437,00000000	0,14662285
437,20000000	0,15029936
437,40000000	0,13524720
437,60000000	0,13020622
437,80000000	0,14070894
438,00000000	0,14299197
438,20000000	0,14693567
438,40000000	0,15248643
438,60000000	0,14118969
438,80000000	0,13584724
439,00000000	0,14914427
439,20000000	0,15208864
439,40000000	0,14686823
439,60000000	0,15479413
439,80000000	0,15643506
440,00000000	0,14486022
440,20000000	0,14811443
440,40000000	0,15741832
440,60000000	0,15079644
440,80000000	0,14118464
441,00000000	0,13476673
441,20000000	0,13068546
441,40000000	0,13657491
441,60000000	0,14408215
441,80000000	0,14059246
442,00000000	0,13353366
442,20000000	0,12834141
442,40000000	0,13183602
442,60000000	0,13864112
442,80000000	0,13784666
443,00000000	0,13779043
443,20000000	0,14330629
443,40000000	0,14342433
443,60000000	0,14212630
443,80000000	0,14585109
444,00000000	0,13793189
444,20000000	0,12963778
444,40000000	0,14116829
444,60000000	0,14741121
444,80000000	0,14690178
445,00000000	0,15346124
445,20000000	0,15253080
445,40000000	0,14600401
445,60000000	0,14768611
445,80000000	0,15268805
446,00000000	0,15649826
446,20000000	0,16310543
446,40000000	0,16365819
446,60000000	0,15639683
446,80000000	0,15158777
447,00000000	0,14556816
447,20000000	0,13912439
447,40000000	0,14231802
447,60000000	0,15025362
447,80000000	0,15282647
448,00000000	0,15247435
448,20000000	0,14915700
448,40000000	0,14457543
448,60000000	0,14950296
448,80000000	0,14923043
449,00000000	0,14048932
449,20000000	0,14470764
449,40000000	0,15080868
449,60000000	0,15253632
449,80000000	0,15921709
450,00000000	0,15381945
450,20000000	0,14729973
450,40000000	0,15190321
450,60000000	0,14542503
450,80000000	0,13666614
451,00000000	0,14662501
451,20000000	0,15530021
451,40000000	0,14568568
451,60000000	0,14051310
451,80000000	0,14611009
452,00000000	0,14808085
452,20000000	0,14722963
452,40000000	0,14742163
452,60000000	0,14794985
452,80000000	0,15002556
453,00000000	0,15267964
453,20000000	0,14967601
453,40000000	0,14812083
453,60000000	0,15087444
453,80000000	0,14722721
454,00000000	0,15036356
454,20000000	0,15626407
454,40000000	0,15208418
454,60000000	0,15043104
454,80000000	0,15299139
455,00000000	0,15642575
455,20000000	0,16627844
455,40000000	0,16411629
455,60000000	0,15150072
455,80000000	0,14879362
456,00000000	0,15229107
456,20000000	0,15824374
456,40000000	0,15938390
456,60000000	0,15850794
456,80000000	0,15965020
457,00000000	0,15314296
457,20000000	0,14560546
457,40000000	0,15003106
457,60000000	0,15414807
457,80000000	0,14548890
458,00000000	0,14219080
458,20000000	0,14964755
458,40000000	0,14969307
458,60000000	0,15036455
458,80000000	0,15516648
459,00000000	0,15119229
459,20000000	0,14660576
459,40000000	0,15194292
459,60000000	0,15402954
459,80000000	0,15371759
460,00000000	0,16294235
460,20000000	0,16064835
460,40000000	0,14922925
460,60000000	0,15958679
460,80000000	0,16464000
461,00000000	0,15665503
461,20000000	0,15539972
461,40000000	0,15795076
461,60000000	0,16228665
461,80000000	0,16716974
462,00000000	0,16471872
462,20000000	0,16459392
462,40000000	0,16250398
462,60000000	0,15196246
462,80000000	0,15058839
463,00000000	0,15617297
463,20000000	0,15282677
463,40000000	0,15687950
463,60000000	0,16517459
463,80000000	0,16764574
464,00000000	0,16858210
464,20000000	0,16551094
464,40000000	0,15919574
464,60000000	0,16145167
464,80000000	0,17028788
465,00000000	0,16805818
465,20000000	0,16032934
465,40000000	0,16191662
465,60000000	0,16898764
465,80000000	0,17022480
466,00000000	0,16296625
466,20000000	0,16055286
466,40000000	0,16401847
466,60000000	0,16615355
466,80000000	0,16469830
467,00000000	0,16709447
467,20000000	0,16717380
467,40000000	0,16207529
467,60000000	0,16580198
467,80000000	0,17568043
468,00000000	0,17444266
468,20000000	0,16794016
468,40000000	0,16862240
468,60000000	0,16924089
468,80000000	0,16943816
469,00000000	0,16460784
469,20000000	0,16511078
469,40000000	0,17427945
469,60000000	0,17370503
469,80000000	0,16002694
470,00000000	0,15941765
470,20000000	0,16849762
470,40000000	0,16880805
470,60000000	0,16413267
470,80000000	0,16302965
471,00000000	0,16553909
471,20000000	0,16237921
471,40000000	0,15452681
471,60000000	0,15363868
471,80000000	0,16030889
472,00000000	0,16084029
472,20000000	0,15988662
472,40000000	0,17196827
472,60000000	0,18004796
472,80000000	0,18092385
473,00000000	0,17399304
473,20000000	0,16966304
473,40000000	0,16933020
473,60000000	0,16629211
473,80000000	0,16241005
474,00000000	0,16582811
474,20000000	0,17082995
474,40000000	0,17625912
474,60000000	0,17834865
474,80000000	0,17878602
475,00000000	0,17945909
475,20000000	0,17653225
475,40000000	0,17475697
475,60000000	0,17609845
475,80000000	0,17908036
476,00000000	0,17641145
476,20000000	0,17214506
476,40000000	0,17248623
476,60000000	0,17590529
476,80000000	0,17649453
477,00000000	0,17871519
477,20000000	0,18222328
477,40000000	0,18386946
477,60000000	0,17916708
477,80000000	0,17701561
478,00000000	0,17970325
478,20000000	0,18059276
478,40000000	0,17538082
478,60000000	0,17404933
478,80000000	0,17698323
479,00000000	0,17452132
479,20000000	0,17292532
479,40000000	0,17986766
479,60000000	0,18594312
479,80000000	0,18928035
480,00000000	0,18545600
480,20000000	0,17452666
480,40000000	0,17558141
480,60000000	0,17784240
480,80000000	0,17876462
481,00000000	0,17895686
481,20000000	0,17687614
481,40000000	0,17661480
481,60000000	0,18618156
481,80000000	0,18115022
482,00000000	0,17550125
482,20000000	0,18264905
482,40000000	0,19076617
482,60000000	0,19399202
482,80000000	0,19351956
483,00000000	0,18553116
483,20000000	0,18583163
483,40000000	0,19149049
483,60000000	0,18542448
483,80000000	0,18457719
484,00000000	0,19531728
484,20000000	0,19362429
484,40000000	0,19159706
484,60000000	0,19216955
484,80000000	0,19094834
485,00000000	0,18667235
485,20000000	0,19539699
485,40000000	0,19885920
485,60000000	0,19555193
485,80000000	0,19485844
486,00000000	0,18712782
486,20000000	0,19220751
486,40000000	0,20481956
486,60000000	0,19483330
486,80000000	0,19147444
487,00000000	0,20320087
487,20000000	0,20577533
487,40000000	0,19665105
487,60000000	0,18064856
487,80000000	0,18128099
488,00000000	0,19452519
488,20000000	0,19608978
488,40000000	0,19917503
488,60000000	0,20571643
488,80000000	0,20712155
489,00000000	0,20250499
489,20000000	0,20336811
489,40000000	0,20273642
489,60000000	0,20137319
489,80000000	0,19963553
490,00000000	0,20023704
490,20000000	0,20825469
490,40000000	0,21618951
490,60000000	0,22297937
490,80000000	0,22129173
491,00000000	0,21382563
491,20000000	0,21582138
491,40000000	0,21712236
491,60000000	0,21249380
491,80000000	0,20629875
492,00000000	0,21367643
492,20000000	0,21660466
492,40000000	0,20933507
492,60000000	0,19895447
492,80000000	0,20459629
493,00000000	0,20950854
493,20000000	0,21094115
493,40000000	0,21500047
493,60000000	0,22190924
493,80000000	0,22514494
494,00000000	0,22082380
494,20000000	0,21815152
494,40000000	0,21399949
494,60000000	0,21546654
494,80000000	0,21334253
495,00000000	0,20963399
495,20000000	0,21641637
495,40000000	0,23162013
495,60000000	0,24088987
495,80000000	0,23722784
496,00000000	0,22255366
496,20000000	0,22057732
496,40000000	0,22617577
496,60000000	0,22626145
496,80000000	0,23049390
497,00000000	0,22469094
497,20000000	0,22020654
497,40000000	0,22026785
497,60000000	0,21969258
497,80000000	0,22853891
498,00000000	0,24518048
498,20000000	0,24217490
498,40000000	0,22734412
498,60000000	0,23224643
498,80000000	0,23150956
499,00000000	0,23146271
499,20000000	0,23229737
499,40000000	0,23793831
499,60000000	0,23542343
499,80000000	0,22762302
500,00000000	0,22731007
500,20000000	0,23258936
500,40000000	0,24926209
500,60000000	0,25357192
500,80000000	0,24209846
501,00000000	0,23252536
501,20000000	0,23618909
501,40000000	0,24713264
501,60000000	0,24704969
501,80000000	0,24233186
502,00000000	0,24489027
502,20000000	0,25403658
502,40000000	0,25404853
502,60000000	0,25337192
502,80000000	0,25934289
503,00000000	0,25323763
503,20000000	0,24988261
503,40000000	0,25514302
503,60000000	0,25477205
503,80000000	0,25704155
504,00000000	0,26059195
504,20000000	0,26986439
504,40000000	0,28047099
504,60000000	0,27418172
504,80000000	0,26341715
505,00000000	0,26406759
505,20000000	0,26421537
505,40000000	0,26442265
505,60000000	0,27189849
505,80000000	0,27760911
506,00000000	0,27466077
506,20000000	0,26991556
506,40000000	0,26848077
506,60000000	0,26485430
506,80000000	0,27192481
507,00000000	0,27710458
507,20000000	0,27319947
507,40000000	0,27447648
507,60000000	0,27577913
507,80000000	0,27264587
508,00000000	0,28021237
508,20000000	0,28797906
508,40000000	0,29175587
508,60000000	0,28449131
508,80000000	0,28143436
509,00000000	0,29112277
509,20000000	0,28755224
509,40000000	0,29114289
509,60000000	0,30013170
509,80000000	0,29174367
510,00000000	0,28873509
510,20000000	0,30305080
510,40000000	0,30994445
510,60000000	0,30603365
510,80000000	0,29527503
511,00000000	0,29338182
511,20000000	0,30218938
511,40000000	0,30140984
511,60000000	0,29725365
511,80000000	0,29597591
512,00000000	0,30602186
512,20000000	0,31297210
512,40000000	0,30753362
512,60000000	0,30538941
512,80000000	0,31787367
513,00000000	0,32709667
513,20000000	0,32103562
513,40000000	0,31780606
513,60000000	0,32337107
513,80000000	0,32795449
514,00000000	0,31945767
514,20000000	0,31130093
514,40000000	0,31721589
514,60000000	0,32548734
514,80000000	0,32771409
515,00000000	0,33020509
515,20000000	0,33755165
515,40000000	0,33985388
515,60000000	0,33091710
515,80000000	0,32540829
516,00000000	0,33974170
516,20000000	0,34336831
516,40000000	0,34179598
516,60000000	0,34337035
516,80000000	0,33757744
517,00000000	0,34274322
517,20000000	0,34372141
517,40000000	0,34404285
517,60000000	0,35462680
517,80000000	0,34938983
518,00000000	0,34517630
518,20000000	0,34695150
518,40000000	0,35206237
518,60000000	0,35820520
518,80000000	0,35984015
519,00000000	0,35974347
519,20000000	0,36328705
519,40000000	0,36650773
519,60000000	0,36308769
519,80000000	0,35917802
520,00000000	0,36964440
520,20000000	0,37446875
520,40000000	0,36866185
520,60000000	0,36900242
520,80000000	0,38110864
521,00000000	0,38390661
521,20000000	0,38325420
521,40000000	0,37834824
521,60000000	0,37940206
521,80000000	0,37647316
522,00000000	0,37567996
522,20000000	0,37535931
522,40000000	0,38538668
522,60000000	0,39008896
522,80000000	0,39368236
523,00000000	0,38636604
523,20000000	0,37968442
523,40000000	0,39438146
523,60000000	0,39463102
523,80000000	0,38589804
524,00000000	0,38895338
524,20000000	0,39738756
524,40000000	0,40532061
524,60000000	0,40133362
524,80000000	0,40613121
525,00000000	0,40375493
525,20000000	0,40958173
525,40000000	0,41131069
525,60000000	0,41826231
525,80000000	0,42296633
526,00000000	0,42558982
526,20000000	0,42749063
526,40000000	0,43073615
526,60000000	0,44145156
526,80000000	0,44807782
527,00000000	0,44455412
527,20000000	0,44009932
527,40000000	0,43849059
527,60000000	0,44378151
527,80000000	0,45577526
528,00000000	0,45532867
528,20000000	0,45052799
528,40000000	0,45581011
528,60000000	0,45825866
528,80000000	0,46334541
529,00000000	0,46500119
529,20000000	0,46425830
529,40000000	0,45935057
529,60000000	0,46372819
529,80000000	0,46628895
530,00000000	0,46692497
530,20000000	0,47129892
530,40000000	0,46891717
530,60000000	0,47490674
530,80000000	0,47871606
531,00000000	0,47753119
531,20000000	0,47568606
531,40000000	0,48130741
531,60000000	0,49050968
531,80000000	0,48682181
532,00000000	0,48033321
532,20000000	0,49284032
532,40000000	0,50881461
532,60000000	0,50572781
532,80000000	0,49732134
533,00000000	0,49583991
533,20000000	0,50834493
533,40000000	0,51892724
533,60000000	0,51893585
533,80000000	0,51284265
534,00000000	0,52013167
534,20000000	0,53886437
534,40000000	0,53129169
534,60000000	0,53275895
534,80000000	0,54378374
535,00000000	0,54311699
535,20000000	0,53500729
535,40000000	0,53090942
535,60000000	0,53718567
535,80000000	0,54143630
536,00000000	0,55324069
536,20000000	0,55687283
536,40000000	0,55386407
536,60000000	0,55881166
536,80000000	0,56808163
537,00000000	0,56607509
537,20000000	0,56571933
537,40000000	0,56621144
537,60000000	0,56598363
537,80000000	0,56195898
538,00000000	0,56502004
538,20000000	0,57028027
538,40000000	0,57703285
538,60000000	0,58542672
538,80000000	0,58120751
539,00000000	0,58234269
539,20000000	0,58854439
539,40000000	0,58248464
539,60000000	0,58034233
539,80000000	0,59519923
540,00000000	0,60846880
540,20000000	0,60447702
540,40000000	0,60794605
540,60000000	0,60433592
540,80000000	0,60155780
541,00000000	0,60917415
541,20000000	0,60581031
541,40000000	0,59632917
541,60000000	0,60802937
541,80000000	0,62000722
542,00000000	0,61575782
542,20000000	0,61474763
542,40000000	0,62265111
542,60000000	0,62361358
542,80000000	0,62911790
543,00000000	0,63246517
543,20000000	0,62448756
543,40000000	0,62905134
543,60000000	0,64031330
543,80000000	0,64031203
544,00000000	0,63487232
544,20000000	0,64095507
544,40000000	0,64022537
544,60000000	0,63254861
544,80000000	0,64314375
545,00000000	0,64521537
545,20000000	0,64658190
545,40000000	0,65923735
545,60000000	0,66184611
545,80000000	0,65297908
546,00000000	0,65678223
546,20000000	0,65997489
546,40000000	0,64790333
546,60000000	0,65681378
546,80000000	0,66411668
547,00000000	0,65136277
547,20000000	0,65587116
547,40000000	0,66286702
547,60000000	0,65871895
547,80000000	0,66536772
548,00000000	0,66757657
548,20000000	0,65848455
548,40000000	0,66316290
548,60000000	0,67954043
548,80000000	0,67519202
549,00000000	0,66998574
549,20000000	0,67690406
549,40000000	0,67671282
549,60000000	0,67472533
549,80000000	0,68249802
550,00000000	0,68488709
550,20000000	0,67672275
550,40000000	0,68378319
550,60000000	0,68220199
550,80000000	0,67578201
551,00000000	0,68953839
551,20000000	0,69831978
551,40000000	0,69179496
551,60000000	0,69487566
551,80000000	0,69904361
552,00000000	0,69071426
552,20000000	0,69337928
552,40000000	0,69860362
552,60000000	0,69214633
552,80000000	0,70024647
553,00000000	0,70771581
553,20000000	0,70143805
553,40000000	0,70347285
553,60000000	0,70836906
553,80000000	0,70184876
554,00000000	0,70013888
554,20000000	0,71007189
554,40000000	0,70938836
554,60000000	0,70843040
554,80000000	0,71355669
555,00000000	0,71367103
555,20000000	0,71255701
555,40000000	0,71633739
555,60000000	0,71944574
555,80000000	0,71629696
556,00000000	0,72180722
556,20000000	0,72878055
556,40000000	0,72593546
556,60000000	0,73374564
556,80000000	0,73318698
557,00000000	0,72507731
557,20000000	0,73008423
557,40000000	0,73592209
557,60000000	0,73620077
557,80000000	0,73791699
558,00000000	0,73951843
558,20000000	0,73713043
558,40000000	0,74272882
558,60000000	0,74704308
558,80000000	0,74451598
559,00000000	0,74657956
559,20000000	0,74986880
559,40000000	0,74676577
559,60000000	0,74839759
559,80000000	0,75171812
560,00000000	0,75400689
560,20000000	0,75413656
560,40000000	0,75449922
560,60000000	0,75527062
560,80000000	0,75592464
561,00000000	0,76111890
561,20000000	0,76097244
561,40000000	0,76313969
561,60000000	0,76971657
561,80000000	0,77123488
562,00000000	0,77008497
562,20000000	0,77492334
562,40000000	0,77400363
562,60000000	0,77243970
562,80000000	0,78011809
563,00000000	0,78375348
563,20000000	0,78087956
563,40000000	0,78350077
563,60000000	0,78455403
563,80000000	0,78467380
564,00000000	0,78847763
564,20000000	0,79255943
564,40000000	0,79117344
564,60000000	0,79379440
564,80000000	0,79335114
565,00000000	0,78786197
565,20000000	0,79357389
565,40000000	0,79870216
565,60000000	0,79488085
565,80000000	0,79796970
566,00000000	0,79747419
566,20000000	0,79510029
566,40000000	0,80257193
566,60000000	0,80669294
566,80000000	0,80636214
567,00000000	0,80584441
567,20000000	0,81002332
567,40000000	0,81010776
567,60000000	0,80842408
567,80000000	0,81131058
568,00000000	0,80998792
568,20000000	0,81272500
568,40000000	0,82083264
568,60000000	0,81762445
568,80000000	0,81275848
569,00000000	0,81488921
569,20000000	0,81397174
569,40000000	0,81463705
569,60000000	0,82186721
569,80000000	0,82064714
570,00000000	0,82317178
570,20000000	0,82804526
570,40000000	0,82208049
570,60000000	0,82099039
570,80000000	0,82484873
571,00000000	0,82193057
571,20000000	0,82505998
571,40000000	0,82959733
571,60000000	0,82850628
571,80000000	0,82548606
572,00000000	0,82816084
572,20000000	0,82907583
572,40000000	0,82692536
572,60000000	0,83259505
572,80000000	0,83182915
573,00000000	0,82790617
573,20000000	0,83059886
573,40000000	0,82982267
573,60000000	0,82867127
573,80000000	0,83482352
574,00000000	0,83222217
574,20000000	0,82879524
574,40000000	0,83521882
574,60000000	0,83458354
574,80000000	0,83277943
575,00000000	0,83500990
575,20000000	0,83143637
575,40000000	0,83007784
575,60000000	0,83228764
575,80000000	0,83389739
576,00000000	0,83078370
576,20000000	0,83281025
576,40000000	0,83497048
576,60000000	0,83255682
576,80000000	0,83084757
577,00000000	0,83039318
577,20000000	0,83022935
577,40000000	0,83688399
577,60000000	0,83876067
577,80000000	0,83407603
578,00000000	0,83226383
578,20000000	0,83509661
578,40000000	0,83573110
578,60000000	0,83960396
578,80000000	0,83965062
579,00000000	0,83859908
579,20000000	0,83691847
579,40000000	0,83604054
579,60000000	0,83494142
579,80000000	0,83300453
580,00000000	0,83602272
580,20000000	0,83434163
580,40000000	0,83614286
580,60000000	0,83840106
580,80000000	0,83073011
581,00000000	0,83367535
581,20000000	0,83519197
581,40000000	0,83583761
581,60000000	0,84092290
581,80000000	0,83882107
582,00000000	0,83873406
582,20000000	0,83779516
582,40000000	0,83983872
582,60000000	0,84046752
582,80000000	0,84017284
583,00000000	0,84093403
583,20000000	0,83748899
583,40000000	0,83919157
583,60000000	0,83814490
583,80000000	0,83530075
584,00000000	0,83765407
584,20000000	0,83841495
584,40000000	0,84310658
584,60000000	0,84561235
584,80000000	0,84433677
585,00000000	0,84272914
585,20000000	0,84380826
585,40000000	0,84370606
585,60000000	0,84033823
585,80000000	0,84307526
586,00000000	0,84579773
586,20000000	0,84717689
586,40000000	0,84816939
586,60000000	0,84177371
586,80000000	0,84003990
587,00000000	0,84380563
587,20000000	0,84901974
587,40000000	0,85087988
587,60000000	0,85067937
587,80000000	0,84935958
588,00000000	0,84675655
588,20000000	0,85120654
588,40000000	0,85306865
588,60000000	0,85209073
588,80000000	0,85550256
589,00000000	0,85295235
589,20000000	0,85236606
589,40000000	0,85284694
589,60000000	0,85162885
589,80000000	0,85332358
590,00000000	0,85740616
590,20000000	0,85749678
590,40000000	0,85662475
590,60000000	0,85621377
590,80000000	0,85715239
591,00000000	0,85777314
591,20000000	0,86148200
591,40000000	0,86072615
591,60000000	0,85980192
591,80000000	0,86387937
592,00000000	0,86300168
592,20000000	0,86195656
592,40000000	0,86186444
592,60000000	0,86192485
592,80000000	0,86613800
593,00000000	0,86551673
593,20000000	0,86467687
593,40000000	0,86478094
593,60000000	0,86623732
593,80000000	0,86729799
594,00000000	0,86664890
594,20000000	0,87079825
594,40000000	0,87025027
594,60000000	0,86975909
594,80000000	0,87093422
595,00000000	0,86928515
595,20000000	0,87140150
595,40000000	0,87246949
595,60000000	0,87300562
595,80000000	0,87347849
596,00000000	0,87533408
596,20000000	0,87519444
596,40000000	0,87298900
596,60000000	0,87537105
596,80000000	0,87597565
597,00000000	0,87873745
597,20000000	0,87854941
597,40000000	0,87514386
597,60000000	0,87650737
597,80000000	0,87809351
598,00000000	0,87846125
598,20000000	0,87970503
598,40000000	0,88132355
598,60000000	0,88113241
598,80000000	0,88074260
599,00000000	0,87997896
599,20000000	0,87967667
599,40000000	0,88157496
599,60000000	0,88393198
599,80000000	0,88270845
600,00000000	0,88259028
600,20000000	0,88283436
600,40000000	0,88281324
600,60000000	0,88233059
600,80000000	0,88129762
601,00000000	0,88239642
601,20000000	0,88502705
601,40000000	0,88390773
601,60000000	0,88542470
601,80000000	0,88442301
602,00000000	0,88343415
602,20000000	0,88569335
602,40000000	0,88553030
602,60000000	0,88540543
602,80000000	0,88436071
603,00000000	0,88546335
603,20000000	0,88396948
603,40000000	0,88436029
603,60000000	0,88747490
603,80000000	0,88704027
604,00000000	0,88938589
604,20000000	0,88880632
604,40000000	0,88685032
604,60000000	0,88739400
604,80000000	0,88662848
605,00000000	0,88821910
605,20000000	0,88776046
605,40000000	0,88701336
605,60000000	0,88601313
605,80000000	0,88790761
606,00000000	0,88947267
606,20000000	0,88806591
606,40000000	0,88951929
606,60000000	0,88984031
606,80000000	0,88912383
607,00000000	0,88979694
607,20000000	0,88914911
607,40000000	0,89034285
607,60000000	0,89095097
607,80000000	0,88892751
608,00000000	0,89003540
608,20000000	0,89065342
608,40000000	0,88972371
608,60000000	0,89013728
608,80000000	0,89034830
609,00000000	0,89013121
609,20000000	0,89036855
609,40000000	0,89103179
609,60000000	0,89013406
609,80000000	0,89084975
610,00000000	0,89227129
610,20000000	0,89127139
610,40000000	0,89226905
610,60000000	0,89087524
610,80000000	0,89081238
611,00000000	0,89461670
611,20000000	0,89405483
611,40000000	0,89424222
611,60000000	0,89304245
611,80000000	0,89296435
612,00000000	0,89357767
612,20000000	0,89440637
612,40000000	0,89450385
612,60000000	0,89448067
612,80000000	0,89374336
613,00000000	0,89177004
613,20000000	0,89567616
613,40000000	0,89730513
613,60000000	0,89631641
613,80000000	0,89635878
614,00000000	0,89674373
614,20000000	0,89735763
614,40000000	0,89801627
614,60000000	0,89856149
614,80000000	0,89867728
615,00000000	0,89872988
615,20000000	0,89703566
615,40000000	0,89775304
615,60000000	0,89999914
615,80000000	0,89969028
616,00000000	0,90009996
616,20000000	0,90030077
616,40000000	0,90099133
616,60000000	0,90052499
616,80000000	0,90138894
617,00000000	0,90176293
617,20000000	0,90305186
617,40000000	0,90286744
617,60000000	0,90290427
617,80000000	0,90517431
618,00000000	0,90450219
618,20000000	0,90402530
618,40000000	0,90487672
618,60000000	0,90550913
618,80000000	0,90603909
619,00000000	0,90635957
619,20000000	0,90517221
619,40000000	0,90531916
619,60000000	0,90661643
619,80000000	0,90703255
620,00000000	0,90801187
620,20000000	0,90898460
620,40000000	0,90914236
620,60000000	0,90975981
620,80000000	0,91028944
621,00000000	0,91011655
621,20000000	0,90999617
621,40000000	0,90921748
621,60000000	0,91033886
621,80000000	0,91207291
622,00000000	0,91248969
622,20000000	0,91376449
622,40000000	0,91376481
622,60000000	0,91334551
622,80000000	0,91424175
623,00000000	0,91555138
623,20000000	0,91506963
623,40000000	0,91337029
623,60000000	0,91339870
623,80000000	0,91347913
624,00000000	0,91480792
624,20000000	0,91579601
624,40000000	0,91508583
624,60000000	0,91627195
624,80000000	0,91611074
625,00000000	0,91844115
625,20000000	0,91930341
625,40000000	0,91903507
625,60000000	0,91772859
625,80000000	0,91661847
626,00000000	0,91704295
626,20000000	0,91739478
626,40000000	0,91795633
626,60000000	0,91774726
626,80000000	0,91911425
627,00000000	0,91924960
627,20000000	0,91937701
627,40000000	0,92181029
627,60000000	0,92237362
627,80000000	0,92199648
628,00000000	0,92009501
628,20000000	0,91919946
628,40000000	0,91919180
628,60000000	0,91999192
628,80000000	0,92013639
629,00000000	0,92032667
629,20000000	0,91990871
629,40000000	0,91984706
629,60000000	0,92265552
629,80000000	0,92294064
630,00000000	0,92280499
630,20000000	0,92319023
630,40000000	0,92186756
630,60000000	0,91966171
630,80000000	0,91986461
631,00000000	0,92078354
631,20000000	0,92145828
631,40000000	0,92221077
631,60000000	0,92254610
631,80000000	0,92349651
632,00000000	0,92455916
632,20000000	0,92428468
632,40000000	0,92462786
632,60000000	0,92268891
632,80000000	0,92166876
633,00000000	0,92099470
633,20000000	0,92118748
633,40000000	0,92157795
633,60000000	0,92197969
633,80000000	0,92242365
634,00000000	0,92360110
634,20000000	0,92466343
634,40000000	0,92516647
634,60000000	0,92580800
634,80000000	0,92446111
635,00000000	0,92324231
635,20000000	0,92267362
635,40000000	0,92240212
635,60000000	0,92193630
635,80000000	0,92282582
636,00000000	0,92306682
636,20000000	0,92317035
636,40000000	0,92530755
636,60000000	0,92653834
636,80000000	0,92609261
637,00000000	0,92612810
637,20000000	0,92454103
637,40000000	0,92335190
637,60000000	0,92335539
637,80000000	0,92423254
638,00000000	0,92482304
638,20000000	0,92458253
638,40000000	0,92480564
638,60000000	0,92577476
638,80000000	0,92769615
639,00000000	0,92830916
639,20000000	0,92882969
639,40000000	0,92750209
639,60000000	0,92623368
639,80000000	0,92605449
640,00000000	0,92682890
640,20000000	0,92714756
640,40000000	0,92799407
640,60000000	0,92716766
640,80000000	0,92823812
641,00000000	0,92890620
641,20000000	0,93003735
641,40000000	0,93179250
641,60000000	0,92981689
641,80000000	0,92859000
642,00000000	0,92890705
642,20000000	0,93001895
642,40000000	0,93115159
642,60000000	0,93295078
642,80000000	0,93207750
643,00000000	0,93189412
643,20000000	0,93216081
643,40000000	0,93410762
643,60000000	0,93520890
643,80000000	0,93474736
644,00000000	0,93433588
644,20000000	0,93329866
644,40000000	0,93298288
644,60000000	0,93561774
644,80000000	0,93635290
645,00000000	0,93706529
645,20000000	0,93672561
645,40000000	0,93689624
645,60000000	0,93739216
645,80000000	0,93948718
646,00000000	0,94023814
646,20000000	0,93977709
646,40000000	0,93827382
646,60000000	0,93910656
646,80000000	0,94046465
647,00000000	0,94194221
647,20000000	0,94252542
647,40000000	0,94179501
647,60000000	0,94159322
647,80000000	0,94176117
648,00000000	0,94372560
648,20000000	0,94488327
648,40000000	0,94500599
648,60000000	0,94528489
648,80000000	0,94526306
649,00000000	0,94547259
649,20000000	0,94676647
649,40000000	0,94804518
649,60000000	0,94784894
649,80000000	0,94711851
650,00000000	0,94722488
650,20000000	0,94881882
650,40000000	0,95052778
650,60000000	0,95154318
650,80000000	0,95148944
651,00000000	0,95019443
651,20000000	0,95070571
651,40000000	0,95087058
651,60000000	0,95143737
651,80000000	0,95174783
652,00000000	0,95231667
652,20000000	0,95176343
652,40000000	0,95313999
652,60000000	0,95440693
652,80000000	0,95535359
653,00000000	0,95429527
653,20000000	0,95429379
653,40000000	0,95465063
653,60000000	0,95429025
653,80000000	0,95497058
654,00000000	0,95686169
654,20000000	0,95598003
654,40000000	0,95600143
654,60000000	0,95658119
654,80000000	0,95827477
655,00000000	0,95843173
655,20000000	0,95794278
655,40000000	0,95694824
655,60000000	0,95690717
655,80000000	0,95725784
656,00000000	0,95872924
656,20000000	0,95818806
656,40000000	0,95892207
656,60000000	0,95912575
656,80000000	0,95921393
657,00000000	0,95904413
657,20000000	0,95955181
657,40000000	0,95942222
657,60000000	0,95919616
657,80000000	0,95887951
658,00000000	0,96005375
658,20000000	0,95974329
658,40000000	0,95865732
658,60000000	0,95929951
658,80000000	0,96016167
659,00000000	0,96048750
659,20000000	0,96012282
659,40000000	0,95963431
659,60000000	0,95913580
659,80000000	0,95963513
660,00000000	0,96025981
660,20000000	0,96070031
660,40000000	0,96007330
660,60000000	0,95974857
660,80000000	0,95823140
661,00000000	0,95967328
661,20000000	0,96094532
661,40000000	0,96068446
661,60000000	0,96022117
661,80000000	0,96036425
662,00000000	0,95956673
662,20000000	0,95902532
662,40000000	0,95839163
662,60000000	0,95949516
662,80000000	0,95855558
663,00000000	0,95917289
663,20000000	0,95957350
663,40000000	0,95890468
663,60000000	0,95960158
663,80000000	0,95911939
664,00000000	0,95864960
664,20000000	0,95892544
664,40000000	0,95862371
664,60000000	0,95782534
664,80000000	0,95739618
665,00000000	0,95824507
665,20000000	0,95949070
665,40000000	0,95946438
665,60000000	0,95917057
665,80000000	0,95873640
666,00000000	0,95802421
666,20000000	0,95770210
666,40000000	0,95788599
666,60000000	0,95835469
666,80000000	0,95802768
667,00000000	0,95847190
667,20000000	0,95877734
667,40000000	0,95906877
667,60000000	0,95906704
667,80000000	0,95875335
668,00000000	0,95681038
668,20000000	0,95819273
668,40000000	0,95788982
668,60000000	0,95668009
668,80000000	0,95769769
669,00000000	0,95898392
669,20000000	0,95987116
669,40000000	0,95903698
669,60000000	0,95816884
669,80000000	0,95690042
670,00000000	0,95701997
670,20000000	0,95904416
670,40000000	0,95739960
670,60000000	0,95805826
670,80000000	0,95932680
671,00000000	0,95857113
671,20000000	0,95905865
671,40000000	0,95952002
671,60000000	0,95883228
671,80000000	0,95868100
672,00000000	0,95875430
672,20000000	0,95987872
672,40000000	0,96006384
672,60000000	0,95995320
672,80000000	0,96041731
673,00000000	0,96090696
673,20000000	0,96264839
673,40000000	0,96076390
673,60000000	0,95977788
673,80000000	0,96037916
674,00000000	0,96097458
674,20000000	0,96069324
674,40000000	0,96120398
674,60000000	0,96095872
674,80000000	0,96259260
675,00000000	0,96293553
675,20000000	0,96358709
675,40000000	0,96347566
675,60000000	0,96215906
675,80000000	0,96214428
676,00000000	0,96166718
676,20000000	0,96260961
676,40000000	0,96315562
676,60000000	0,96315099
676,80000000	0,96368216
677,00000000	0,96394564
677,20000000	0,96382987
677,40000000	0,96346146
677,60000000	0,96313012
677,80000000	0,96460766
678,00000000	0,96480307
678,20000000	0,96557722
678,40000000	0,96475026
678,60000000	0,96408801
678,80000000	0,96593885
679,00000000	0,96561120
679,20000000	0,96509614
679,40000000	0,96600310
679,60000000	0,96671976
679,80000000	0,96767505
680,00000000	0,96727827
680,20000000	0,96778645
680,40000000	0,96850294
680,60000000	0,96697521
680,80000000	0,96743857
681,00000000	0,96712740
681,20000000	0,96769742
681,40000000	0,96974900
681,60000000	0,96947351
681,80000000	0,97090505
682,00000000	0,97009014
682,20000000	0,96868517
682,40000000	0,96920731
682,60000000	0,96920109
682,80000000	0,96985988
683,00000000	0,96955437
683,20000000	0,97008223
683,40000000	0,97189499
683,60000000	0,97150697
683,80000000	0,97132977
684,00000000	0,97079635
684,20000000	0,97002318
684,40000000	0,97106904
684,60000000	0,97077609
684,80000000	0,97129861
685,00000000	0,97196704
685,20000000	0,97337619
685,40000000	0,97380017
685,60000000	0,97225592
685,80000000	0,97042230
686,00000000	0,96979093
686,20000000	0,97124762
686,40000000	0,97391417
686,60000000	0,97328112
686,80000000	0,97341503
687,00000000	0,97437367
687,20000000	0,97410379
687,40000000	0,97331582
687,60000000	0,97049714
687,80000000	0,97180478
688,00000000	0,97320486
688,20000000	0,97363875
688,40000000	0,97436804
688,60000000	0,97421294
688,80000000	0,97496379
689,00000000	0,97373409
689,20000000	0,97360815
689,40000000	0,97395225
689,60000000	0,97327285
689,80000000	0,97402265
690,00000000	0,97458914
690,20000000	0,97487876
690,40000000	0,97584892
690,60000000	0,97376634
690,80000000	0,97392695
691,00000000	0,97415639
691,20000000	0,97434911
691,40000000	0,97494648
691,60000000	0,97410141
691,80000000	0,97504656
692,00000000	0,97574698
692,20000000	0,97524476
692,40000000	0,97512336
692,60000000	0,97308099
692,80000000	0,97376630
693,00000000	0,97496717
693,20000000	0,97424217
693,40000000	0,97621745
693,60000000	0,97532531
693,80000000	0,97515149
694,00000000	0,97431998
694,20000000	0,97464104
694,40000000	0,97546465
694,60000000	0,97538124
694,80000000	0,97574424
695,00000000	0,97581465
695,20000000	0,97499201
695,40000000	0,97591081
695,60000000	0,97410692
695,80000000	0,97493493
696,00000000	0,97521492
696,20000000	0,97588307
696,40000000	0,97696827
696,60000000	0,97562430
696,80000000	0,97691202
697,00000000	0,97684907
697,20000000	0,97633015
697,40000000	0,97515245
697,60000000	0,97574702
697,80000000	0,97720283
698,00000000	0,97675298
698,20000000	0,97658638
698,40000000	0,97663711
698,60000000	0,97677083
698,80000000	0,97746774
699,00000000	0,97640691
699,20000000	0,97546684
699,40000000	0,97783617
699,60000000	0,97691779
699,80000000	0,97810055
700,00000000	0,97742072
700,20000000	0,97807859
700,40000000	0,97776468
700,60000000	0,97727865
700,80000000	0,97810175
701,00000000	0,97789939
701,20000000	0,97837021
701,40000000	0,97871981
701,60000000	0,97826706
701,80000000	0,97905705
702,00000000	0,97825080
702,20000000	0,97874516
702,40000000	0,97894843
702,60000000	0,97926104
702,80000000	0,97995325
703,00000000	0,97876140
703,20000000	0,98004412
703,40000000	0,98003726
703,60000000	0,98033037
703,80000000	0,97987915
704,00000000	0,97984297
704,20000000	0,98032491
704,40000000	0,98083528
704,60000000	0,98054485
704,80000000	0,98065079
705,00000000	0,98002227
705,20000000	0,98160263
705,40000000	0,98149000
705,60000000	0,98158942
705,80000000	0,98199891
706,00000000	0,98132482
706,20000000	0,98200609
706,40000000	0,98171126
706,60000000	0,98228462
706,80000000	0,98260504
707,00000000	0,98285245
707,20000000	0,98238435
707,40000000	0,98329540
707,60000000	0,98295811
707,80000000	0,98293886
708,00000000	0,98283013
708,20000000	0,98368250
708,40000000	0,98363657
708,60000000	0,98369516
708,80000000	0,98369096
709,00000000	0,98361744
709,20000000	0,98380316
709,40000000	0,98413528
709,60000000	0,98459853
709,80000000	0,98423739
710,00000000	0,98464667
710,20000000	0,98507731
710,40000000	0,98494577
710,60000000	0,98458636
710,80000000	0,98490181
711,00000000	0,98546057
711,20000000	0,98479767
711,40000000	0,98559173
711,60000000	0,98585954
711,80000000	0,98578129
712,00000000	0,98489766
712,20000000	0,98529784
712,40000000	0,98596543
712,60000000	0,98631048
712,80000000	0,98623407
713,00000000	0,98602452
713,20000000	0,98650057
713,40000000	0,98639622
713,60000000	0,98602102
713,80000000	0,98551992
714,00000000	0,98635405
714,20000000	0,98689538
714,40000000	0,98697598
714,60000000	0,98594098
714,80000000	0,98580962
715,00000000	0,98563368
715,20000000	0,98605501
715,40000000	0,98558280
715,60000000	0,98641686
715,80000000	0,98613753
716,00000000	0,98665751
716,20000000	0,98631654
716,40000000	0,98561749
716,60000000	0,98609813
716,80000000	0,98608635
717,00000000	0,98571276
717,20000000	0,98664783
717,40000000	0,98685277
717,60000000	0,98597362
717,80000000	0,98586313
718,00000000	0,98597034
718,20000000	0,98556157
718,40000000	0,98488803
718,60000000	0,98565130
718,80000000	0,98581655
719,00000000	0,98526931
719,20000000	0,98495368
719,40000000	0,98461020
719,60000000	0,98365589
719,80000000	0,98480481
720,00000000	0,98495974
720,20000000	0,98470846
720,40000000	0,98494374
720,60000000	0,98544423
720,80000000	0,98473888
721,00000000	0,98425835
721,20000000	0,98452281
721,40000000	0,98347021
721,60000000	0,98338639
721,80000000	0,98410650
722,00000000	0,98344685
722,20000000	0,98283284
722,40000000	0,98381916
722,60000000	0,98323626
722,80000000	0,98309780
723,00000000	0,98259711
723,20000000	0,98275219
723,40000000	0,98268472
723,60000000	0,98272920
723,80000000	0,98166638
724,00000000	0,98209739
724,20000000	0,98229114
724,40000000	0,98189427
724,60000000	0,98125256
724,80000000	0,98123612
725,00000000	0,98237821
725,20000000	0,98225917
725,40000000	0,98157593
725,60000000	0,98145387
725,80000000	0,98217548
726,00000000	0,98112849
726,20000000	0,98118415
726,40000000	0,98135915
726,60000000	0,98082113
726,80000000	0,98057117
727,00000000	0,98157727
727,20000000	0,98013934
727,40000000	0,97969137
727,60000000	0,97988476
727,80000000	0,97937077
728,00000000	0,97977862
728,20000000	0,98064492
728,40000000	0,97999196
728,60000000	0,97983719
728,80000000	0,98028930
729,00000000	0,97943975
729,20000000	0,97912679
729,40000000	0,97925347
729,60000000	0,97954674
729,80000000	0,97871865
730,00000000	0,97962275
730,20000000	0,97870880
730,40000000	0,97886560
730,60000000	0,97874000
730,80000000	0,97867793
731,00000000	0,97713726
731,20000000	0,97896862
731,40000000	0,97873879
731,60000000	0,97835978
731,80000000	0,97826438
732,00000000	0,97781187
732,20000000	0,97810493
732,40000000	0,97836320
732,60000000	0,97746247
732,80000000	0,97742687
733,00000000	0,97908646
733,20000000	0,97789705
733,40000000	0,97860514
733,60000000	0,97739838
733,80000000	0,97801587
734,00000000	0,97766702
734,20000000	0,97853781
734,40000000	0,97800906
734,60000000	0,97838104
734,80000000	0,97741356
735,00000000	0,97808470
735,20000000	0,97806377
735,40000000	0,97801957
735,60000000	0,97760238
735,80000000	0,97808916
736,00000000	0,97737549
736,20000000	0,97859364
736,40000000	0,97810437
736,60000000	0,97863830
736,80000000	0,97905056
737,00000000	0,97897648
737,20000000	0,97907852
737,40000000	0,97833563
737,60000000	0,97877179
737,80000000	0,97841907
738,00000000	0,97837162
738,20000000	0,97831028
738,40000000	0,97925647
738,60000000	0,97898153
738,80000000	0,97992038
739,00000000	0,97896717
739,20000000	0,97945073
739,40000000	0,97975372
739,60000000	0,97930761
739,80000000	0,97907252
740,00000000	0,97994427
740,20000000	0,97973815
740,40000000	0,97954164
740,60000000	0,98033476
740,80000000	0,98110453
741,00000000	0,98113953
741,20000000	0,98018329
741,40000000	0,98001286
741,60000000	0,98056242
741,80000000	0,98121962
742,00000000	0,98073415
742,20000000	0,98052681
742,40000000	0,98089682
742,60000000	0,98162434
742,80000000	0,98081844
743,00000000	0,98096227
743,20000000	0,98105455
743,40000000	0,98189161
743,60000000	0,98161934
743,80000000	0,98150245
744,00000000	0,98137603
744,20000000	0,98132859
744,40000000	0,98174000
744,60000000	0,98222385
744,80000000	0,98176791
745,00000000	0,98213418
745,20000000	0,98259643
745,40000000	0,98234369
745,60000000	0,98175778
745,80000000	0,98272110
746,00000000	0,98209656
746,20000000	0,98229388
746,40000000	0,98219331
746,60000000	0,98225942
746,80000000	0,98226906
747,00000000	0,98204092
747,20000000	0,98213492
747,40000000	0,98269501
747,60000000	0,98268735
747,80000000	0,98268461
748,00000000	0,98270768
748,20000000	0,98258806
748,40000000	0,98269789
748,60000000	0,98281560
748,80000000	0,98278943
749,00000000	0,98263196
749,20000000	0,98229131
749,40000000	0,98161431
749,60000000	0,98296452
749,80000000	0,98318334
750,00000000	0,98271935
750,20000000	0,98275770
750,40000000	0,98272048
750,60000000	0,98275383
750,80000000	0,98278652
751,00000000	0,98276480
751,20000000	0,98197351
751,40000000	0,98228938
751,60000000	0,98247152
751,80000000	0,98195896
752,00000000	0,98257248
752,20000000	0,98208118
752,40000000	0,98225548
752,60000000	0,98207163
752,80000000	0,98159946
753,00000000	0,98183821
753,20000000	0,98182995
753,40000000	0,98110076
753,60000000	0,98166892
753,80000000	0,98139618
754,00000000	0,98173820
754,20000000	0,98217702
754,40000000	0,98088863
754,60000000	0,98046303
754,80000000	0,98155721
755,00000000	0,98098747
755,20000000	0,98029601
755,40000000	0,98079946
755,60000000	0,98088255
755,80000000	0,98085240
756,00000000	0,98052947
756,20000000	0,98019659
756,40000000	0,97985502
756,60000000	0,98098944
756,80000000	0,98055458
757,00000000	0,97967807
757,20000000	0,97963476
757,40000000	0,97993370
757,60000000	0,98024542
757,80000000	0,97962670
758,00000000	0,97920418
758,20000000	0,97956479
758,40000000	0,97952999
758,60000000	0,97921972
758,80000000	0,97943412
759,00000000	0,97915443
759,20000000	0,97913498
759,40000000	0,97828215
759,60000000	0,97870761
759,80000000	0,97959695
760,00000000	0,97938454
760,20000000	0,97915857
760,40000000	0,97939837
760,60000000	0,97941799
760,80000000	0,97897348
761,00000000	0,97839134
761,20000000	0,97851738
761,40000000	0,97851031
761,60000000	0,97853715
761,80000000	0,97852813
762,00000000	0,97926655
762,20000000	0,97945652
762,40000000	0,97865921
762,60000000	0,97850822
762,80000000	0,97869023
763,00000000	0,97892938
763,20000000	0,97912233
763,40000000	0,97829198
763,60000000	0,97863288
763,80000000	0,97940649
764,00000000	0,97915530
764,20000000	0,97841007
764,40000000	0,97943170
764,60000000	0,97913019
764,80000000	0,97934899
765,00000000	0,97916267
765,20000000	0,97867740
765,40000000	0,97856932
765,60000000	0,97902606
765,80000000	0,97913530
766,00000000	0,97904893
766,20000000	0,97923871
766,40000000	0,97982404
766,60000000	0,97980602
766,80000000	0,97982020
767,00000000	0,98001322
767,20000000	0,98061445
767,40000000	0,97958691
767,60000000	0,98033200
767,80000000	0,98054819
768,00000000	0,98022310
768,20000000	0,98074263
768,40000000	0,98051983
768,60000000	0,98120776
768,80000000	0,98131075
769,00000000	0,98066561
769,20000000	0,98116625
769,40000000	0,98083566
769,60000000	0,98154212
769,80000000	0,98163670
770,00000000	0,98112966
770,20000000	0,98122055
770,40000000	0,98163411
770,60000000	0,98212899
770,80000000	0,98220092
771,00000000	0,98201547
771,20000000	0,98237263
771,40000000	0,98315072
771,60000000	0,98261395
771,80000000	0,98234466
772,00000000	0,98284648
772,20000000	0,98330457
772,40000000	0,98287212
772,60000000	0,98381359
772,80000000	0,98362908
773,00000000	0,98332610
773,20000000	0,98325267
773,40000000	0,98324715
773,60000000	0,98376177
773,80000000	0,98387027
774,00000000	0,98336029
774,20000000	0,98399384
774,40000000	0,98426618
774,60000000	0,98391108
774,80000000	0,98360867
775,00000000	0,98335945
775,20000000	0,98464998
775,40000000	0,98519005
775,60000000	0,98418228
775,80000000	0,98382979
776,00000000	0,98471013
776,20000000	0,98485874
776,40000000	0,98454946
776,60000000	0,98434227
776,80000000	0,98492946
777,00000000	0,98492734
777,20000000	0,98441571
777,40000000	0,98397334
777,60000000	0,98499347
777,80000000	0,98497129
778,00000000	0,98411172
778,20000000	0,98387987
778,40000000	0,98417764
778,60000000	0,98514319
778,80000000	0,98442373
779,00000000	0,98427484
779,20000000	0,98423715
779,40000000	0,98398807
779,60000000	0,98360383
779,80000000	0,98324227
780,00000000	0,98298532
780,20000000	0,98341555
780,40000000	0,98331030
780,60000000	0,98306997
780,80000000	0,98358345
781,00000000	0,98271893
781,20000000	0,98294769
781,40000000	0,98302922
781,60000000	0,98223358
781,80000000	0,98267059
782,00000000	0,98265506
782,20000000	0,98204727
782,40000000	0,98198177
782,60000000	0,98129959
782,80000000	0,98176942
783,00000000	0,98186604
783,20000000	0,98108184
783,40000000	0,98059096
783,60000000	0,98139505
783,80000000	0,98120017
784,00000000	0,98076227
784,20000000	0,98072541
784,40000000	0,98011432
784,60000000	0,97999223
784,80000000	0,97998061
785,00000000	0,97953857
785,20000000	0,97963906
785,40000000	0,97823355
785,60000000	0,97816028
785,80000000	0,97915364
786,00000000	0,97879738
786,20000000	0,97829387
786,40000000	0,97820061
786,60000000	0,97816517
786,80000000	0,97779072
787,00000000	0,97765538
787,20000000	0,97748413
787,40000000	0,97682576
787,60000000	0,97705273
787,80000000	0,97621942
788,00000000	0,97592179
788,20000000	0,97556647
788,40000000	0,97617749
788,60000000	0,97608842
788,80000000	0,97555681
789,00000000	0,97544012
789,20000000	0,97507917
789,40000000	0,97486380
789,60000000	0,97513715
789,80000000	0,97536028
790,00000000	0,97507520
790,20000000	0,97468638
790,40000000	0,97412812
790,60000000	0,97415465
790,80000000	0,97431420
791,00000000	0,97465035
791,20000000	0,97276290
791,40000000	0,97246032
791,60000000	0,97243631
791,80000000	0,97252553
792,00000000	0,97316323
792,20000000	0,97324747
792,40000000	0,97230124
792,60000000	0,97290426
792,80000000	0,97245077
793,00000000	0,97245884
793,20000000	0,97215569
793,40000000	0,97184171
793,60000000	0,97218690
793,80000000	0,97106082
794,00000000	0,97189925
794,20000000	0,97203493
794,40000000	0,97139860
794,60000000	0,97224188
794,80000000	0,97152294
795,00000000	0,97099018
795,20000000	0,97102491
795,40000000	0,97124646
795,60000000	0,97224819
795,80000000	0,97206324
796,00000000	0,97196228
796,20000000	0,97140816
796,40000000	0,97067727
796,60000000	0,97152810
796,80000000	0,97134908
797,00000000	0,97076716
797,20000000	0,97110181
797,40000000	0,97030691
797,60000000	0,97095477
797,80000000	0,97150215
798,00000000	0,97211561
798,20000000	0,97152690
798,40000000	0,97076911
798,60000000	0,97184993
798,80000000	0,97222136
799,00000000	0,97203923
799,20000000	0,97225639
799,40000000	0,97176512
799,60000000	0,97215155
799,80000000	0,97129261
800,00000000	0,97187658
800,20000000	0,97228012
800,40000000	0,97215620
800,60000000	0,97181218
800,80000000	0,97234316
801,00000000	0,97203125
801,20000000	0,97347062
801,40000000	0,97225726
801,60000000	0,97199169
801,80000000	0,97219834
802,00000000	0,97342364
802,20000000	0,97266278
802,40000000	0,97244668
802,60000000	0,97382755
802,80000000	0,97282939
803,00000000	0,97180307
803,20000000	0,97248673
803,40000000	0,97209150
803,60000000	0,97343926
803,80000000	0,97338179
804,00000000	0,97348923
804,20000000	0,97228128
804,40000000	0,97321190
804,60000000	0,97326323
804,80000000	0,97168378
805,00000000	0,97267176
805,20000000	0,97413453
805,40000000	0,97354284
805,60000000	0,97366874
805,80000000	0,97243566
806,00000000	0,97337397
806,20000000	0,97341168
806,40000000	0,97323936
806,60000000	0,97336520
806,80000000	0,97296028
807,00000000	0,97477963
807,20000000	0,97271049
807,40000000	0,97262328
807,60000000	0,97459040
807,80000000	0,97305706
808,00000000	0,97209128
808,20000000	0,97516125
808,40000000	0,97304073
808,60000000	0,97356624
808,80000000	0,97326987
809,00000000	0,97314274
809,20000000	0,97364750
809,40000000	0,97346774
809,60000000	0,97290932
809,80000000	0,97356856
810,00000000	0,97296818
810,20000000	0,97313128
810,40000000	0,97346639
810,60000000	0,97341104
810,80000000	0,97354542
811,00000000	0,97265727
811,20000000	0,97358955
811,40000000	0,97301974
811,60000000	0,97315940
811,80000000	0,97249787
812,00000000	0,97334333
812,20000000	0,97264289
812,40000000	0,97216861
812,60000000	0,97377944
812,80000000	0,97280958
813,00000000	0,97182957
813,20000000	0,97327820
813,40000000	0,97233302
813,60000000	0,97299770
813,80000000	0,97260629
814,00000000	0,97226684
814,20000000	0,97193732
814,40000000	0,97209109
814,60000000	0,97174434
814,80000000	0,97245462
815,00000000	0,97057639
815,20000000	0,97169733
815,40000000	0,97122132
815,60000000	0,97167728
815,80000000	0,97193181
816,00000000	0,97078181
816,20000000	0,97135560
816,40000000	0,97242583
816,60000000	0,97076314
816,80000000	0,97257566
817,00000000	0,97202029
817,20000000	0,96934481
817,40000000	0,97081679
817,60000000	0,97179970
817,80000000	0,96977553
818,00000000	0,96961421
818,20000000	0,97080014
818,40000000	0,97029186
818,60000000	0,96930694
818,80000000	0,96820815
819,00000000	0,97033038
819,20000000	0,96921634
819,40000000	0,96844199
819,60000000	0,96806449
819,80000000	0,96810212
820,00000000	0,96816063
820,20000000	0,96863784
820,40000000	0,96701305
820,60000000	0,96775259
820,80000000	0,96839382
821,00000000	0,96636651
821,20000000	0,96805003
821,40000000	0,96715854
821,60000000	0,96505935
821,80000000	0,96561606
822,00000000	0,96585846
822,20000000	0,96532354
822,40000000	0,96693762
822,60000000	0,96421806
822,80000000	0,96375706
823,00000000	0,96338202
823,20000000	0,96315648
823,40000000	0,96379255
823,60000000	0,96343932
823,80000000	0,96326581
824,00000000	0,96253109
824,20000000	0,96191015
824,40000000	0,96157689
824,60000000	0,96112091
824,80000000	0,96123756
825,00000000	0,96075285
825,20000000	0,95942655
825,40000000	0,95998831
825,60000000	0,95913688
825,80000000	0,95831488
826,00000000	0,95790078
826,20000000	0,95851773
826,40000000	0,95817501
826,60000000	0,95699785
826,80000000	0,95735783
827,00000000	0,95496530
827,20000000	0,95469970
827,40000000	0,95653063
827,60000000	0,95536342
827,80000000	0,95261168
828,00000000	0,95445035
828,20000000	0,95268547
828,40000000	0,95159927
828,60000000	0,95366666
828,80000000	0,95064022
829,00000000	0,95077467
829,20000000	0,95112867
829,40000000	0,94891306
829,60000000	0,94938005
829,80000000	0,94938394
830,00000000	0,94815766
830,20000000	0,94941592
830,40000000	0,94862289
830,60000000	0,94720458
830,80000000	0,94654152
831,00000000	0,94586272
831,20000000	0,94603719
831,40000000	0,94587289
831,60000000	0,94555580
831,80000000	0,94365655
832,00000000	0,94381161
832,20000000	0,94355571
832,40000000	0,94305519
832,60000000	0,94246278
832,80000000	0,94343556
833,00000000	0,93980652
833,20000000	0,93954192
833,40000000	0,93984740
833,60000000	0,94092537
833,80000000	0,94150454
834,00000000	0,94075711
834,20000000	0,93802311
834,40000000	0,93811473
834,60000000	0,93966921
834,80000000	0,93946214
835,00000000	0,93813404
835,20000000	0,93640989
835,40000000	0,93765984
835,60000000	0,93756784
835,80000000	0,93788506
836,00000000	0,93515819
836,20000000	0,93581584
836,40000000	0,93581868
836,60000000	0,93673297
836,80000000	0,93519267
837,00000000	0,93625873
837,20000000	0,93368854
837,40000000	0,93468696
837,60000000	0,93548712
837,80000000	0,93501785
838,00000000	0,93622059
838,20000000	0,93507770
838,40000000	0,93432578
838,60000000	0,93418277
838,80000000	0,93439560
839,00000000	0,93494266
839,20000000	0,93473670
839,40000000	0,93254817
839,60000000	0,93379701
839,80000000	0,93310691
840,00000000	0,93639864
840,20000000	0,93334543
840,40000000	0,93466508
840,60000000	0,93346533
840,80000000	0,93431580
841,00000000	0,93530564
841,20000000	0,93530650
841,40000000	0,93692960
841,60000000	0,93421887
841,80000000	0,93484142
842,00000000	0,93617884
842,20000000	0,93891820
842,40000000	0,93489610
842,60000000	0,93524715
842,80000000	0,93746166
843,00000000	0,93928230
843,20000000	0,93756807
843,40000000	0,93911188
843,60000000	0,93955618
843,80000000	0,93894777
844,00000000	0,93966193
844,20000000	0,94043176
844,40000000	0,94081683
844,60000000	0,94174624
844,80000000	0,94113016
845,00000000	0,94137470
845,20000000	0,94427006
845,40000000	0,94247814
845,60000000	0,94513920
845,80000000	0,94502174
846,00000000	0,94605815
846,20000000	0,94531445
846,40000000	0,94788621
846,60000000	0,94655407
846,80000000	0,94750056
847,00000000	0,94838096
847,20000000	0,94989517
847,40000000	0,95025885
847,60000000	0,95031084
847,80000000	0,95075143
848,00000000	0,95148295
848,20000000	0,95325813
848,40000000	0,95183013
848,60000000	0,95422412
848,80000000	0,95409104
849,00000000	0,95529142
849,20000000	0,95485918
849,40000000	0,95737230
849,60000000	0,95768808
849,80000000	0,95827264
850,00000000	0,95734019
850,20000000	0,95972206
850,40000000	0,96054704
850,60000000	0,96054186
850,80000000	0,96166844
851,00000000	0,96270396
851,20000000	0,96344122
851,40000000	0,96340719
851,60000000	0,96437872
851,80000000	0,96608431
852,00000000	0,96623062
852,20000000	0,96556988
852,40000000	0,96751286
852,60000000	0,96839352
852,80000000	0,96887674
853,00000000	0,96789121
853,20000000	0,97041386
853,40000000	0,96988513
853,60000000	0,97081778
853,80000000	0,97124443
854,00000000	0,97256112
854,20000000	0,97313320
854,40000000	0,97286076
854,60000000	0,97429451
854,80000000	0,97452771
855,00000000	0,97524031
855,20000000	0,97574820
855,40000000	0,97636882
855,60000000	0,97638870
855,80000000	0,97753321
856,00000000	0,97741584
856,20000000	0,97880825
856,40000000	0,97813757
856,60000000	0,97830254
856,80000000	0,97946936
857,00000000	0,98012173
857,20000000	0,97962513
857,40000000	0,98074457
857,60000000	0,98093501
857,80000000	0,98116374
858,00000000	0,98184542
858,20000000	0,98214156
858,40000000	0,98296643
858,60000000	0,98174697
858,80000000	0,98289269
859,00000000	0,98304793
859,20000000	0,98394945
859,40000000	0,98301030
859,60000000	0,98364082
859,80000000	0,98441597
860,00000000	0,98422323
860,20000000	0,98390893
860,40000000	0,98457498
860,60000000	0,98451317
860,80000000	0,98451379
861,00000000	0,98475763
861,20000000	0,98529246
861,40000000	0,98514832
861,60000000	0,98495507
861,80000000	0,98579494
862,00000000	0,98506467
862,20000000	0,98549782
862,40000000	0,98481863
862,60000000	0,98532139
862,80000000	0,98525725
863,00000000	0,98494352
863,20000000	0,98551375
863,40000000	0,98589484
863,60000000	0,98518676
863,80000000	0,98521519
864,00000000	0,98544957
864,20000000	0,98524896
864,40000000	0,98529861
864,60000000	0,98453700
864,80000000	0,98534599
865,00000000	0,98489202
865,20000000	0,98506363
865,40000000	0,98455570
865,60000000	0,98475792
865,80000000	0,98480691
866,00000000	0,98476826
866,20000000	0,98408870
866,40000000	0,98447010
866,60000000	0,98467727
866,80000000	0,98436096
867,00000000	0,98420372
867,20000000	0,98353776
867,40000000	0,98369914
867,60000000	0,98384078
867,80000000	0,98340967
868,00000000	0,98244017
868,20000000	0,98361008
868,40000000	0,98309617
868,60000000	0,98274863
868,80000000	0,98308700
869,00000000	0,98259731
869,20000000	0,98276489
869,40000000	0,98213378
869,60000000	0,98215039
869,80000000	0,98203558
870,00000000	0,98183067
870,20000000	0,98182102
870,40000000	0,98080795
870,60000000	0,98146791
870,80000000	0,98077513
871,00000000	0,98150730
871,20000000	0,98043634
871,40000000	0,98018709
871,60000000	0,98057813
871,80000000	0,98052591
872,00000000	0,97958678
872,20000000	0,98008140
872,40000000	0,98074573
872,60000000	0,97963898
872,80000000	0,97979215
873,00000000	0,97915566
873,20000000	0,97940632
873,40000000	0,97893197
873,60000000	0,97863018
873,80000000	0,97837176
874,00000000	0,97810433
874,20000000	0,97790936
874,40000000	0,97800511
874,60000000	0,97768481
874,80000000	0,97751309
875,00000000	0,97693190
875,20000000	0,97709250
875,40000000	0,97616798
875,60000000	0,97740026
875,80000000	0,97657901
876,00000000	0,97641153
876,20000000	0,97557335
876,40000000	0,97545333
876,60000000	0,97583204
876,80000000	0,97494199
877,00000000	0,97558086
877,20000000	0,97544801
877,40000000	0,97484636
877,60000000	0,97379326
877,80000000	0,97406974
878,00000000	0,97405905
878,20000000	0,97388776
878,40000000	0,97400742
878,60000000	0,97375978
878,80000000	0,97213065
879,00000000	0,97295731
879,20000000	0,97356748
879,40000000	0,97133013
879,60000000	0,97124964
879,80000000	0,97120667
880,00000000	0,97150822
880,20000000	0,97098562
880,40000000	0,97004809
880,60000000	0,97024531
880,80000000	0,96923904
881,00000000	0,96929089
881,20000000	0,96897302
881,40000000	0,96795978
881,60000000	0,96825525
881,80000000	0,96896945
882,00000000	0,96815920
882,20000000	0,96703852
882,40000000	0,96734678
882,60000000	0,96690083
882,80000000	0,96573068
883,00000000	0,96733474
883,20000000	0,96606957
883,40000000	0,96575461
883,60000000	0,96490788
883,80000000	0,96501916
884,00000000	0,96511609
884,20000000	0,96379780
884,40000000	0,96354157
884,60000000	0,96281866
884,80000000	0,96464205
885,00000000	0,96166675
885,20000000	0,96358379
885,40000000	0,96306392
885,60000000	0,96129644
885,80000000	0,96208728
886,00000000	0,96092264
886,20000000	0,96100542
886,40000000	0,96077597
886,60000000	0,95957808
886,80000000	0,96106947
887,00000000	0,96117617
887,20000000	0,95941055
887,40000000	0,95920126
887,60000000	0,95850478
887,80000000	0,95975983
888,00000000	0,95796473
888,20000000	0,95811355
888,40000000	0,95714401
888,60000000	0,95783516
888,80000000	0,95829723
889,00000000	0,95695902
889,20000000	0,95669328
889,40000000	0,95648617
889,60000000	0,95738354
889,80000000	0,95677383
890,00000000	0,95621726
890,20000000	0,95700018
890,40000000	0,95635427
890,60000000	0,95578440
890,80000000	0,95629581
891,00000000	0,95491275
891,20000000	0,95528340
891,40000000	0,95511015
891,60000000	0,95543532
891,80000000	0,95632526
892,00000000	0,95473642
892,20000000	0,95656728
892,40000000	0,95528634
892,60000000	0,95574420
892,80000000	0,95379257
893,00000000	0,95461798
893,20000000	0,95632464
893,40000000	0,95449317
893,60000000	0,95592278
893,80000000	0,95620142
894,00000000	0,95439679
894,20000000	0,95522460
894,40000000	0,95649842
894,60000000	0,95487199
894,80000000	0,95484330
895,00000000	0,95595988
895,20000000	0,95636249
895,40000000	0,95632453
895,60000000	0,95478136
895,80000000	0,95551300
896,00000000	0,95581649
896,20000000	0,95657610
896,40000000	0,95663468
896,60000000	0,95534231
896,80000000	0,95663232
897,00000000	0,95794909
897,20000000	0,95706920
897,40000000	0,95730291
897,60000000	0,95776985
897,80000000	0,95744570
898,00000000	0,95768223
898,20000000	0,95831898
898,40000000	0,95869490
898,60000000	0,95837943
898,80000000	0,95870261
899,00000000	0,95914096
899,20000000	0,96044472
899,40000000	0,95967994
899,60000000	0,96022784
899,80000000	0,96022196
900,00000000	0,96079185
