200,00000000	0,96275471
200,20000000	0,98464255
200,40000000	0,91703927
200,60000000	0,97678911
200,80000000	0,95707511
201,00000000	0,97653322
201,20000000	0,97490616
201,40000000	0,93198317
201,60000000	0,90718072
201,80000000	0,99540572
202,00000000	0,88286771
202,20000000	0,97256246
202,40000000	0,95475594
202,60000000	0,88152562
202,80000000	0,98044450
203,00000000	0,91418990
203,20000000	0,96035736
203,40000000	0,94246622
203,60000000	0,95675718
203,80000000	0,94214919
204,00000000	0,95230898
204,20000000	0,95890837
204,40000000	0,92824627
204,60000000	0,94048993
204,80000000	0,93910039
205,00000000	0,96495168
205,20000000	0,89821064
205,40000000	0,96616962
205,60000000	0,96621134
205,80000000	0,93863210
206,00000000	0,94023348
206,20000000	0,91893934
206,40000000	0,92571550
206,60000000	0,95444155
206,80000000	0,89874462
207,00000000	0,95398042
207,20000000	0,86903422
207,40000000	0,96383101
207,60000000	0,92171685
207,80000000	0,94401121
208,00000000	0,92175923
208,20000000	0,93573564
208,40000000	0,85241826
208,60000000	0,95142469
208,80000000	0,88026510
209,00000000	0,93486598
209,20000000	0,90138924
209,40000000	0,93690277
209,60000000	0,85429143
209,80000000	0,87954958
210,00000000	0,92936000
210,20000000	0,88456846
210,40000000	0,90774546
210,60000000	0,89936925
210,80000000	0,88121593
211,00000000	0,90209431
211,20000000	0,90360862
211,40000000	0,90289305
211,60000000	0,87214663
211,80000000	0,90159784
212,00000000	0,91640505
212,20000000	0,76483548
212,40000000	0,88608440
212,60000000	0,89550319
212,80000000	0,86369667
213,00000000	0,87649480
213,20000000	0,84972132
213,40000000	0,90698067
213,60000000	0,80258812
213,80000000	0,89300599
214,00000000	0,84103084
214,20000000	0,86163194
214,40000000	0,80360302
214,60000000	0,89519721
214,80000000	0,80501127
215,00000000	0,84942751
215,20000000	0,87833187
215,40000000	0,80786857
215,60000000	0,82552540
215,80000000	0,78895131
216,00000000	0,90031114
216,20000000	0,71220924
216,40000000	0,88285352
216,60000000	0,82743678
216,80000000	0,79080544
217,00000000	0,79445997
217,20000000	0,87160166
217,40000000	0,79562893
217,60000000	0,82117736
217,80000000	0,75222810
218,00000000	0,85633691
218,20000000	0,79595287
218,40000000	0,69962296
218,60000000	0,86240524
218,80000000	0,79702676
219,00000000	0,72533107
219,20000000	0,79443824
219,40000000	0,82786345
219,60000000	0,76575972
219,80000000	0,77385108
220,00000000	0,75946658
220,20000000	0,78538322
220,40000000	0,73734390
220,60000000	0,79250070
220,80000000	0,72212471
221,00000000	0,76328719
221,20000000	0,75405731
221,40000000	0,69261776
221,60000000	0,77885399
221,80000000	0,77473190
222,00000000	0,75086032
222,20000000	0,76639350
222,40000000	0,74102370
222,60000000	0,68177042
222,80000000	0,76593427
223,00000000	0,64773269
223,20000000	0,73489365
223,40000000	0,79831174
223,60000000	0,47828947
223,80000000	0,78802833
224,00000000	0,71290839
224,20000000	0,68828271
224,40000000	0,70627814
224,60000000	0,72309139
224,80000000	0,64700824
225,00000000	0,70917625
225,20000000	0,63661486
225,40000000	0,76061950
225,60000000	0,63351309
225,80000000	0,60954618
226,00000000	0,70480787
226,20000000	0,68259207
226,40000000	0,61008411
226,60000000	0,68931876
226,80000000	0,66980851
227,00000000	0,69000421
227,20000000	0,54900091
227,40000000	0,73063911
227,60000000	0,60623853
227,80000000	0,67496628
228,00000000	0,61540631
228,20000000	0,64894391
228,40000000	0,64635163
228,60000000	0,62856754
228,80000000	0,61466291
229,00000000	0,64501705
229,20000000	0,56622730
229,40000000	0,57151303
229,60000000	0,63584991
229,80000000	0,56231655
230,00000000	0,60046906
230,20000000	0,60521512
230,40000000	0,55250213
230,60000000	0,61728341
230,80000000	0,52428707
231,00000000	0,59150637
231,20000000	0,56649785
231,40000000	0,53083511
231,60000000	0,62990596
231,80000000	0,60317518
232,00000000	0,49032341
232,20000000	0,49368408
232,40000000	0,50912448
232,60000000	0,61144001
232,80000000	0,54836345
233,00000000	0,54751958
233,20000000	0,49879861
233,40000000	0,50568029
233,60000000	0,58612110
233,80000000	0,55104323
234,00000000	0,50704535
234,20000000	0,57383231
234,40000000	0,51433962
234,60000000	0,48706629
234,80000000	0,57260495
235,00000000	0,45432115
235,20000000	0,53083650
235,40000000	0,53049953
235,60000000	0,53456348
235,80000000	0,46019703
236,00000000	0,53661029
236,20000000	0,47307659
236,40000000	0,51898701
236,60000000	0,54259761
236,80000000	0,47791055
237,00000000	0,46904572
237,20000000	0,50009182
237,40000000	0,47411022
237,60000000	0,49417567
237,80000000	0,52934818
238,00000000	0,52395179
238,20000000	0,48326930
238,40000000	0,46386570
238,60000000	0,50261306
238,80000000	0,44163843
239,00000000	0,46863734
239,20000000	0,47428072
239,40000000	0,45107881
239,60000000	0,46572478
239,80000000	0,46577022
240,00000000	0,43993963
240,20000000	0,49815912
240,40000000	0,46453444
240,60000000	0,40531323
240,80000000	0,46540915
241,00000000	0,47522597
241,20000000	0,45484470
241,40000000	0,46973149
241,60000000	0,43109852
241,80000000	0,44471309
242,00000000	0,41845492
242,20000000	0,46479550
242,40000000	0,47067309
242,60000000	0,43490538
242,80000000	0,41626071
243,00000000	0,49492474
243,20000000	0,46424218
243,40000000	0,37749624
243,60000000	0,43513845
243,80000000	0,49064339
244,00000000	0,44995316
244,20000000	0,44971282
244,40000000	0,36527562
244,60000000	0,46375447
244,80000000	0,44663436
245,00000000	0,43358209
245,20000000	0,44557421
245,40000000	0,41912128
245,60000000	0,42845933
245,80000000	0,44513152
246,00000000	0,43661056
246,20000000	0,41546062
246,40000000	0,43773311
246,60000000	0,42373704
246,80000000	0,44386999
247,00000000	0,40588867
247,20000000	0,44510919
247,40000000	0,43796208
247,60000000	0,42138706
247,80000000	0,42713608
248,00000000	0,42622346
248,20000000	0,42403787
248,40000000	0,43044293
248,60000000	0,43694186
248,80000000	0,40954131
249,00000000	0,43294235
249,20000000	0,40286971
249,40000000	0,41686072
249,60000000	0,38472287
249,80000000	0,45416024
250,00000000	0,39919378
250,20000000	0,44956997
250,40000000	0,40623820
250,60000000	0,41189740
250,80000000	0,42869348
251,00000000	0,43360965
251,20000000	0,47780516
251,40000000	0,39860552
251,60000000	0,38787358
251,80000000	0,45885636
252,00000000	0,40447440
252,20000000	0,42249047
252,40000000	0,39838678
252,60000000	0,44673245
252,80000000	0,41331894
253,00000000	0,44861263
253,20000000	0,39699511
253,40000000	0,40744435
253,60000000	0,39580472
253,80000000	0,41361894
254,00000000	0,38917538
254,20000000	0,39959808
254,40000000	0,43428753
254,60000000	0,43687485
254,80000000	0,42412974
255,00000000	0,41473921
255,20000000	0,44475293
255,40000000	0,38393789
255,60000000	0,44401439
255,80000000	0,39880104
256,00000000	0,40398314
256,20000000	0,44333403
256,40000000	0,43800537
256,60000000	0,43639488
256,80000000	0,42284663
257,00000000	0,45112610
257,20000000	0,39233217
257,40000000	0,41090583
257,60000000	0,41813564
257,80000000	0,44592844
258,00000000	0,40392140
258,20000000	0,45387778
258,40000000	0,44313142
258,60000000	0,42288380
258,80000000	0,41425651
259,00000000	0,43053561
259,20000000	0,44885808
259,40000000	0,43662946
259,60000000	0,46258785
259,80000000	0,46149311
260,00000000	0,48854078
260,20000000	0,42852587
260,40000000	0,47015275
260,60000000	0,45044296
260,80000000	0,46477925
261,00000000	0,46973323
261,20000000	0,47129586
261,40000000	0,46546145
261,60000000	0,43483102
261,80000000	0,48062818
262,00000000	0,45204617
262,20000000	0,47823701
262,40000000	0,46109408
262,60000000	0,51125726
262,80000000	0,46833783
263,00000000	0,51078038
263,20000000	0,50132568
263,40000000	0,52234050
263,60000000	0,50090713
263,80000000	0,52405785
264,00000000	0,50659625
264,20000000	0,54411362
264,40000000	0,53281178
264,60000000	0,55538215
264,80000000	0,55352988
265,00000000	0,55343461
265,20000000	0,56181220
265,40000000	0,55300146
265,60000000	0,57349354
265,80000000	0,56112611
266,00000000	0,59116287
266,20000000	0,58962535
266,40000000	0,63234042
266,60000000	0,60629252
266,80000000	0,63625014
267,00000000	0,62980482
267,20000000	0,66837437
267,40000000	0,63372140
267,60000000	0,66295338
267,80000000	0,68630915
268,00000000	0,68091015
268,20000000	0,70370550
268,40000000	0,69556113
268,60000000	0,72351970
268,80000000	0,72945386
269,00000000	0,74294066
269,20000000	0,74707558
269,40000000	0,74745293
269,60000000	0,75419570
269,80000000	0,78853218
270,00000000	0,77512971
270,20000000	0,80259764
270,40000000	0,79248705
270,60000000	0,81483952
270,80000000	0,82285222
271,00000000	0,81222193
271,20000000	0,81897353
271,40000000	0,82210863
271,60000000	0,84100392
271,80000000	0,84919853
272,00000000	0,83561303
272,20000000	0,84271942
272,40000000	0,83492072
272,60000000	0,83605229
272,80000000	0,83937722
273,00000000	0,83642287
273,20000000	0,82909792
273,40000000	0,81985837
273,60000000	0,82207516
273,80000000	0,82130559
274,00000000	0,80013551
274,20000000	0,80527976
274,40000000	0,79391433
274,60000000	0,79066820
274,80000000	0,77578060
275,00000000	0,78005609
275,20000000	0,78470525
275,40000000	0,77382602
275,60000000	0,75901559
275,80000000	0,74968054
276,00000000	0,74171287
276,20000000	0,73829865
276,40000000	0,73297278
276,60000000	0,72218754
276,80000000	0,71172471
277,00000000	0,73790384
277,20000000	0,73918538
277,40000000	0,73044288
277,60000000	0,73309330
277,80000000	0,72293255
278,00000000	0,72949641
278,20000000	0,72431213
278,40000000	0,73926993
278,60000000	0,72983487
278,80000000	0,73456999
279,00000000	0,74537187
279,20000000	0,74511971
279,40000000	0,73195427
279,60000000	0,74179065
279,80000000	0,74328015
280,00000000	0,72921634
280,20000000	0,72421187
280,40000000	0,72397607
280,60000000	0,70467646
280,80000000	0,70083543
281,00000000	0,68642485
281,20000000	0,68389284
281,40000000	0,66296047
281,60000000	0,63904933
281,80000000	0,64490269
282,00000000	0,61444077
282,20000000	0,60858858
282,40000000	0,57162525
282,60000000	0,56662228
282,80000000	0,55325803
283,00000000	0,53725007
283,20000000	0,53404144
283,40000000	0,50604302
283,60000000	0,49234459
283,80000000	0,47225129
284,00000000	0,45577826
284,20000000	0,44190937
284,40000000	0,43479384
284,60000000	0,43420010
284,80000000	0,40855175
285,00000000	0,40697534
285,20000000	0,38819726
285,40000000	0,38589732
285,60000000	0,36626667
285,80000000	0,37843704
286,00000000	0,35952106
286,20000000	0,33463228
286,40000000	0,37468743
286,60000000	0,34274985
286,80000000	0,33157380
287,00000000	0,33690368
287,20000000	0,33152164
287,40000000	0,33204820
287,60000000	0,32449049
287,80000000	0,32131535
288,00000000	0,30065864
288,20000000	0,30938665
288,40000000	0,27749528
288,60000000	0,30803044
288,80000000	0,29534793
289,00000000	0,27484726
289,20000000	0,29919906
289,40000000	0,26693789
289,60000000	0,27438230
289,80000000	0,25553537
290,00000000	0,27060117
290,20000000	0,26413769
290,40000000	0,24289336
290,60000000	0,26242572
290,80000000	0,24614924
291,00000000	0,25523918
291,20000000	0,25196018
291,40000000	0,25521823
291,60000000	0,23293336
291,80000000	0,25017985
292,00000000	0,23104536
292,20000000	0,24467600
292,40000000	0,23707725
292,60000000	0,22999686
292,80000000	0,22876820
293,00000000	0,24818737
293,20000000	0,23008981
293,40000000	0,22905959
293,60000000	0,24854516
293,80000000	0,22005935
294,00000000	0,24474480
294,20000000	0,22334377
294,40000000	0,21672093
294,60000000	0,22796186
294,80000000	0,22513788
295,00000000	0,22445635
295,20000000	0,22671800
295,40000000	0,22180058
295,60000000	0,22680967
295,80000000	0,21922527
296,00000000	0,21877028
296,20000000	0,22148481
296,40000000	0,20373621
296,60000000	0,22459790
296,80000000	0,22405380
297,00000000	0,20943883
297,20000000	0,22448412
297,40000000	0,20280855
297,60000000	0,21416582
297,80000000	0,21806833
298,00000000	0,21925553
298,20000000	0,20260062
298,40000000	0,21541268
298,60000000	0,20850196
298,80000000	0,20642519
299,00000000	0,19640394
299,20000000	0,20977846
299,40000000	0,19364646
299,60000000	0,20764630
299,80000000	0,20700745
300,00000000	0,20632458
300,20000000	0,19365473
300,40000000	0,19866760
300,60000000	0,19813172
300,80000000	0,19350214
301,00000000	0,20031954
301,20000000	0,19810254
301,40000000	0,18986655
301,60000000	0,20223006
301,80000000	0,19690608
302,00000000	0,19800754
302,20000000	0,19920127
302,40000000	0,19571903
302,60000000	0,19288836
302,80000000	0,20220897
303,00000000	0,19060940
303,20000000	0,19432701
303,40000000	0,19388365
303,60000000	0,19047163
303,80000000	0,19383041
304,00000000	0,19137188
304,20000000	0,19362282
304,40000000	0,19269368
304,60000000	0,18535651
304,80000000	0,18100240
305,00000000	0,19451052
305,20000000	0,18176205
305,40000000	0,19587495
305,60000000	0,18819667
305,80000000	0,18565093
306,00000000	0,18813812
306,20000000	0,18553373
306,40000000	0,18496865
306,60000000	0,19239112
306,80000000	0,19839273
307,00000000	0,18603001
307,20000000	0,18532059
307,40000000	0,18016531
307,60000000	0,18331608
307,80000000	0,18832651
308,00000000	0,18070175
308,20000000	0,18822875
308,40000000	0,18312003
308,60000000	0,18610401
308,80000000	0,18234143
309,00000000	0,18495198
309,20000000	0,17568877
309,40000000	0,18164695
309,60000000	0,17516934
309,80000000	0,19022844
310,00000000	0,17822687
310,20000000	0,18260381
310,40000000	0,18358780
310,60000000	0,18441969
310,80000000	0,18300638
311,00000000	0,18357328
311,20000000	0,18098538
311,40000000	0,17414654
311,60000000	0,18144313
311,80000000	0,18279586
312,00000000	0,18014514
312,20000000	0,18417416
312,40000000	0,17995819
312,60000000	0,17925067
312,80000000	0,17566082
313,00000000	0,17921749
313,20000000	0,18217396
313,40000000	0,17687235
313,60000000	0,17966714
313,80000000	0,17595392
314,00000000	0,18435452
314,20000000	0,17281812
314,40000000	0,17610608
314,60000000	0,17374426
314,80000000	0,17557372
315,00000000	0,17764478
315,20000000	0,17760306
315,40000000	0,17643099
315,60000000	0,17602564
315,80000000	0,17457037
316,00000000	0,17878038
316,20000000	0,17247987
316,40000000	0,17907715
316,60000000	0,17081733
316,80000000	0,17475481
317,00000000	0,17239560
317,20000000	0,17895619
317,40000000	0,17175467
317,60000000	0,17441304
317,80000000	0,17596541
318,00000000	0,17581144
318,20000000	0,17177933
318,40000000	0,17529569
318,60000000	0,17480673
318,80000000	0,17451363
319,00000000	0,17712948
319,20000000	0,17794176
319,40000000	0,17599562
319,60000000	0,17254342
319,80000000	0,17375084
320,00000000	0,17662709
320,20000000	0,17254894
320,40000000	0,17657187
320,60000000	0,16940235
320,80000000	0,17623333
321,00000000	0,17381488
321,20000000	0,17080849
321,40000000	0,17301628
321,60000000	0,17200314
321,80000000	0,17128895
322,00000000	0,17564442
322,20000000	0,16929469
322,40000000	0,17339638
322,60000000	0,17405341
322,80000000	0,17061644
323,00000000	0,17142178
323,20000000	0,17072853
323,40000000	0,17075955
323,60000000	0,17217217
323,80000000	0,17392653
324,00000000	0,16976782
324,20000000	0,17359984
324,40000000	0,17230799
324,60000000	0,17304968
324,80000000	0,17188336
325,00000000	0,17333495
325,20000000	0,17137012
325,40000000	0,17290467
325,60000000	0,17155763
325,80000000	0,16872148
326,00000000	0,17372058
326,20000000	0,17008504
326,40000000	0,17840077
326,60000000	0,16801902
326,80000000	0,17358191
327,00000000	0,16970723
327,20000000	0,17255758
327,40000000	0,17086885
327,60000000	0,17210618
327,80000000	0,17037735
328,00000000	0,17189833
328,20000000	0,17080396
328,40000000	0,17378798
328,60000000	0,17138626
328,80000000	0,17184255
329,00000000	0,17364302
329,20000000	0,17337881
329,40000000	0,17371180
329,60000000	0,17322452
329,80000000	0,17388036
330,00000000	0,17068644
330,20000000	0,17226534
330,40000000	0,17474208
330,60000000	0,17138281
330,80000000	0,17424054
331,00000000	0,17434262
331,20000000	0,17469304
331,40000000	0,17423227
331,60000000	0,17357319
331,80000000	0,17533498
332,00000000	0,17481191
332,20000000	0,17410494
332,40000000	0,17162152
332,60000000	0,17374443
332,80000000	0,17266873
333,00000000	0,17581014
333,20000000	0,17131501
333,40000000	0,17881578
333,60000000	0,17525263
333,80000000	0,17533968
334,00000000	0,17660378
334,20000000	0,17471851
334,40000000	0,17723503
334,60000000	0,17655933
334,80000000	0,17769981
335,00000000	0,17673185
335,20000000	0,18041897
335,40000000	0,17830501
335,60000000	0,18082019
335,80000000	0,17955606
336,00000000	0,17979416
336,20000000	0,18319428
336,40000000	0,18289862
336,60000000	0,18272913
336,80000000	0,18220222
337,00000000	0,18477193
337,20000000	0,18205058
337,40000000	0,18519707
337,60000000	0,18576118
337,80000000	0,18491713
338,00000000	0,18557487
338,20000000	0,18498042
338,40000000	0,18672823
338,60000000	0,18696028
338,80000000	0,18742013
339,00000000	0,18866792
339,20000000	0,18977197
339,40000000	0,18976153
339,60000000	0,19167522
339,80000000	0,19159310
340,00000000	0,19392608
340,20000000	0,19347564
340,40000000	0,19389876
340,60000000	0,19621104
340,80000000	0,19667704
341,00000000	0,19832250
341,20000000	0,19926249
341,40000000	0,20033423
341,60000000	0,20109063
341,80000000	0,20201909
342,00000000	0,20451259
342,20000000	0,20474518
342,40000000	0,20735990
342,60000000	0,20766723
342,80000000	0,20986117
343,00000000	0,21054858
343,20000000	0,21239724
343,40000000	0,21398491
343,60000000	0,21585755
343,80000000	0,21721195
344,00000000	0,21989634
344,20000000	0,22120258
344,40000000	0,22360755
344,60000000	0,22444676
344,80000000	0,22801642
345,00000000	0,23039156
345,20000000	0,23139000
345,40000000	0,23534201
345,60000000	0,23612683
345,80000000	0,23957929
346,00000000	0,24216915
346,20000000	0,24521569
346,40000000	0,24815529
346,60000000	0,25034266
346,80000000	0,25346029
347,00000000	0,25687021
347,20000000	0,25973552
347,40000000	0,26560076
347,60000000	0,26596714
347,80000000	0,27034958
348,00000000	0,27646525
348,20000000	0,27890211
348,40000000	0,28441088
348,60000000	0,28864256
348,80000000	0,29239987
349,00000000	0,29894659
349,20000000	0,30312017
349,40000000	0,30906033
349,60000000	0,31352579
349,80000000	0,31963835
350,00000000	0,32419224
350,20000000	0,33232219
350,40000000	0,33805805
350,60000000	0,34440181
350,80000000	0,35393488
351,00000000	0,35910937
351,20000000	0,36471510
351,40000000	0,37512507
351,60000000	0,38136717
351,80000000	0,38872774
352,00000000	0,39996477
352,20000000	0,40706254
352,40000000	0,41550070
352,60000000	0,42604813
352,80000000	0,43931958
353,00000000	0,44235613
353,20000000	0,45778880
353,40000000	0,46643980
353,60000000	0,47592580
353,80000000	0,49048270
354,00000000	0,50002783
354,20000000	0,51049932
354,40000000	0,51900865
354,60000000	0,53191679
354,80000000	0,54596994
355,00000000	0,55581998
355,20000000	0,57017442
355,40000000	0,57798004
355,60000000	0,58937174
355,80000000	0,59956062
356,00000000	0,60637663
356,20000000	0,62357896
356,40000000	0,62764689
356,60000000	0,63548453
356,80000000	0,64622607
357,00000000	0,65142703
357,20000000	0,65857801
357,40000000	0,66665216
357,60000000	0,67059522
357,80000000	0,67311108
358,00000000	0,67893867
358,20000000	0,67872014
358,40000000	0,68020436
358,60000000	0,68383643
358,80000000	0,67864972
359,00000000	0,67671246
359,20000000	0,67589374
359,40000000	0,67071072
359,60000000	0,66786655
359,80000000	0,66349901
360,00000000	0,65594311
360,20000000	0,64945511
360,40000000	0,64309122
360,60000000	0,63381835
360,80000000	0,62496868
361,00000000	0,62111160
361,20000000	0,60999945
361,40000000	0,60203029
361,60000000	0,59044106
361,80000000	0,58278516
362,00000000	0,57259464
362,20000000	0,56545665
362,40000000	0,55243660
362,60000000	0,54341140
362,80000000	0,53392277
363,00000000	0,52523559
363,20000000	0,51533442
363,40000000	0,50722969
363,60000000	0,49722254
363,80000000	0,48754584
364,00000000	0,48068662
364,20000000	0,47099550
364,40000000	0,46241354
364,60000000	0,45515974
364,80000000	0,44565847
365,00000000	0,43947855
365,20000000	0,43092513
365,40000000	0,42387199
365,60000000	0,41601870
365,80000000	0,41006821
366,00000000	0,40425496
366,20000000	0,39630344
366,40000000	0,39056647
366,60000000	0,38466223
366,80000000	0,37779507
367,00000000	0,37234369
367,20000000	0,36700687
367,40000000	0,36188019
367,60000000	0,35615374
367,80000000	0,35148938
368,00000000	0,34659682
368,20000000	0,34206005
368,40000000	0,33743808
368,60000000	0,33325299
368,80000000	0,32866161
369,00000000	0,32491185
369,20000000	0,32075148
369,40000000	0,31589027
369,60000000	0,31408394
369,80000000	0,30891531
370,00000000	0,30625629
370,20000000	0,30291974
370,40000000	0,29863975
370,60000000	0,29613616
370,80000000	0,29252374
371,00000000	0,28995784
371,20000000	0,28687735
371,40000000	0,28314600
371,60000000	0,28129329
371,80000000	0,27815014
372,00000000	0,27536326
372,20000000	0,27304973
372,40000000	0,27102584
372,60000000	0,26779356
372,80000000	0,26549111
373,00000000	0,26313740
373,20000000	0,26156802
373,40000000	0,25952679
373,60000000	0,25687085
373,80000000	0,25540037
374,00000000	0,25310708
374,20000000	0,25075863
374,40000000	0,25004467
374,60000000	0,24676227
374,80000000	0,24485385
375,00000000	0,24559714
375,20000000	0,24134309
375,40000000	0,24112342
375,60000000	0,23951640
375,80000000	0,23572806
376,00000000	0,23406027
376,20000000	0,23550429
376,40000000	0,23254134
376,60000000	0,23077888
376,80000000	0,22982460
377,00000000	0,22784021
377,20000000	0,22721981
377,40000000	0,22549801
377,60000000	0,22373173
377,80000000	0,22387845
378,00000000	0,22280469
378,20000000	0,22161110
378,40000000	0,21945824
378,60000000	0,21906954
378,80000000	0,21710441
379,00000000	0,21744319
379,20000000	0,21415731
379,40000000	0,21468278
379,60000000	0,21493243
379,80000000	0,21094984
380,00000000	0,21367893
380,20000000	0,21019348
380,40000000	0,20832504
380,60000000	0,20849980
380,80000000	0,20746201
381,00000000	0,20586789
381,20000000	0,20448856
381,40000000	0,20755776
381,60000000	0,20255839
381,80000000	0,20210101
382,00000000	0,20244998
382,20000000	0,20096156
382,40000000	0,19978729
382,60000000	0,19842947
382,80000000	0,19900099
383,00000000	0,19667432
383,20000000	0,19620453
383,40000000	0,19819510
383,60000000	0,19263178
383,80000000	0,19524168
384,00000000	0,19512891
384,20000000	0,19345955
384,40000000	0,19351235
384,60000000	0,19222818
384,80000000	0,19444800
385,00000000	0,18927501
385,20000000	0,19397261
385,40000000	0,19108556
385,60000000	0,18989024
385,80000000	0,18883053
386,00000000	0,19124850
386,20000000	0,18837634
386,40000000	0,18431669
386,60000000	0,18971970
386,80000000	0,18807818
387,00000000	0,18465722
387,20000000	0,18521896
387,40000000	0,18534716
387,60000000	0,18606711
387,80000000	0,18033447
388,00000000	0,18593152
388,20000000	0,18406520
388,40000000	0,17814175
388,60000000	0,18718365
388,80000000	0,18087895
389,00000000	0,18142223
389,20000000	0,17948762
389,40000000	0,18197139
389,60000000	0,17802330
389,80000000	0,18009708
390,00000000	0,18318357
390,20000000	0,17609407
390,40000000	0,18103726
390,60000000	0,17670037
390,80000000	0,17806534
391,00000000	0,17772757
391,20000000	0,17522926
391,40000000	0,18140483
391,60000000	0,17378411
391,80000000	0,17556823
392,00000000	0,17907230
392,20000000	0,17232877
392,40000000	0,17841852
392,60000000	0,17504822
392,80000000	0,17711034
393,00000000	0,17281741
393,20000000	0,17260192
393,40000000	0,17903803
393,60000000	0,17091652
393,80000000	0,17582514
394,00000000	0,17066173
394,20000000	0,17699330
394,40000000	0,17181324
394,60000000	0,17253542
394,80000000	0,17441146
395,00000000	0,16591047
395,20000000	0,17682359
395,40000000	0,16906351
395,60000000	0,17111821
395,80000000	0,17130353
396,00000000	0,16898424
396,20000000	0,17514442
396,40000000	0,16695845
396,60000000	0,17272942
396,80000000	0,17216050
397,00000000	0,16502485
397,20000000	0,17027796
397,40000000	0,16540703
397,60000000	0,17131168
397,80000000	0,16744885
398,00000000	0,16695064
398,20000000	0,16747745
398,40000000	0,16472394
398,60000000	0,17281794
398,80000000	0,16230539
399,00000000	0,16925845
399,20000000	0,16442652
399,40000000	0,16298085
399,60000000	0,17165623
399,80000000	0,15963122
400,00000000	0,16543446
400,20000000	0,16640457
400,40000000	0,16634174
400,60000000	0,16886282
400,80000000	0,16088652
401,00000000	0,16755063
401,20000000	0,15807224
401,40000000	0,16266254
401,60000000	0,16788649
401,80000000	0,16063443
402,00000000	0,16497645
402,20000000	0,15710473
402,40000000	0,16452125
402,60000000	0,16051234
402,80000000	0,15859166
403,00000000	0,16434271
403,20000000	0,15952791
403,40000000	0,16378514
403,60000000	0,15809702
403,80000000	0,16157930
404,00000000	0,16491901
404,20000000	0,15392962
404,40000000	0,16054825
404,60000000	0,15971168
404,80000000	0,15966857
405,00000000	0,15874228
405,20000000	0,15526452
405,40000000	0,16183948
405,60000000	0,15838433
405,80000000	0,15800748
406,00000000	0,15835418
406,20000000	0,15532624
406,40000000	0,15734491
406,60000000	0,15737601
406,80000000	0,15876699
407,00000000	0,15471696
407,20000000	0,15840049
407,40000000	0,15744346
407,60000000	0,15044579
407,80000000	0,15920020
408,00000000	0,15701026
408,20000000	0,15691368
408,40000000	0,15416488
408,60000000	0,15196114
408,80000000	0,15833963
409,00000000	0,15098432
409,20000000	0,15889613
409,40000000	0,15676783
409,60000000	0,15194539
409,80000000	0,15494500
410,00000000	0,15095134
410,20000000	0,15631439
410,40000000	0,15231334
410,60000000	0,15484841
410,80000000	0,15580823
411,00000000	0,14891437
411,20000000	0,15873187
411,40000000	0,15117870
411,60000000	0,15423382
411,80000000	0,15198856
412,00000000	0,15141777
412,20000000	0,15508184
412,40000000	0,14913916
412,60000000	0,15117251
412,80000000	0,15240007
413,00000000	0,15525008
413,20000000	0,15397434
413,40000000	0,14687360
413,60000000	0,15225945
413,80000000	0,14962029
414,00000000	0,15271667
414,20000000	0,15581942
414,40000000	0,14816267
414,60000000	0,15778764
414,80000000	0,15258652
415,00000000	0,14936655
415,20000000	0,15234986
415,40000000	0,14306077
415,60000000	0,15244632
415,80000000	0,14896810
416,00000000	0,14850268
416,20000000	0,15155602
416,40000000	0,14729564
416,60000000	0,14942378
416,80000000	0,14950135
417,00000000	0,14916422
417,20000000	0,15466567
417,40000000	0,15051729
417,60000000	0,15084851
417,80000000	0,14885612
418,00000000	0,15412029
418,20000000	0,14885968
418,40000000	0,14984057
418,60000000	0,14950874
418,80000000	0,14708359
419,00000000	0,15430803
419,20000000	0,14901223
419,40000000	0,14972408
419,60000000	0,15095157
419,80000000	0,14543212
420,00000000	0,15062576
420,20000000	0,15078507
420,40000000	0,15129671
420,60000000	0,15130364
420,80000000	0,15082282
421,00000000	0,15297971
421,20000000	0,14623620
421,40000000	0,15205288
421,60000000	0,15100890
421,80000000	0,14787745
422,00000000	0,14901539
422,20000000	0,14359182
422,40000000	0,15073726
422,60000000	0,14789639
422,80000000	0,14679740
423,00000000	0,15250478
423,20000000	0,14780085
423,40000000	0,15431442
423,60000000	0,14848487
423,80000000	0,14777848
424,00000000	0,14905274
424,20000000	0,14097797
424,40000000	0,14995659
424,60000000	0,14392705
424,80000000	0,14716744
425,00000000	0,14996433
425,20000000	0,14463546
425,40000000	0,14974685
425,60000000	0,14710724
425,80000000	0,14760074
426,00000000	0,15370216
426,20000000	0,14528306
426,40000000	0,14928402
426,60000000	0,14688981
426,80000000	0,15092310
427,00000000	0,14771511
427,20000000	0,14551022
427,40000000	0,15411550
427,60000000	0,14835405
427,80000000	0,15081014
428,00000000	0,14736521
428,20000000	0,14707588
428,40000000	0,14815067
428,60000000	0,14328720
428,80000000	0,14737190
429,00000000	0,14598002
429,20000000	0,14453335
429,40000000	0,14911597
429,60000000	0,14659221
429,80000000	0,14898572
430,00000000	0,14814989
430,20000000	0,14575343
430,40000000	0,14864872
430,60000000	0,14098068
430,80000000	0,14631796
431,00000000	0,14736515
431,20000000	0,14214531
431,40000000	0,15004933
431,60000000	0,14829656
431,80000000	0,14693045
432,00000000	0,14727084
432,20000000	0,14708719
432,40000000	0,14858057
432,60000000	0,14480878
432,80000000	0,14792702
433,00000000	0,15002197
433,20000000	0,14518366
433,40000000	0,14630927
433,60000000	0,14523884
433,80000000	0,14904426
434,00000000	0,15046005
434,20000000	0,14604294
434,40000000	0,15160628
434,60000000	0,14873816
434,80000000	0,15358276
435,00000000	0,15114983
435,20000000	0,14355272
435,40000000	0,15014143
435,60000000	0,14750905
435,80000000	0,14711505
436,00000000	0,15172634
436,20000000	0,15062648
436,40000000	0,15498971
436,60000000	0,14721268
436,80000000	0,14669921
437,00000000	0,15039140
437,20000000	0,14680178
437,40000000	0,15274669
437,60000000	0,15151075
437,80000000	0,14920785
438,00000000	0,14970624
438,20000000	0,14681413
438,40000000	0,14809435
438,60000000	0,15323255
438,80000000	0,15168342
439,00000000	0,15054538
439,20000000	0,14179096
439,40000000	0,13945907
439,60000000	0,14516324
439,80000000	0,14704234
440,00000000	0,14684747
440,20000000	0,14518956
440,40000000	0,14994502
440,60000000	0,15204576
440,80000000	0,15090961
441,00000000	0,15085821
441,20000000	0,14844050
441,40000000	0,14795167
441,60000000	0,14960997
441,80000000	0,14976930
442,00000000	0,15396442
442,20000000	0,15177007
442,40000000	0,15052463
442,60000000	0,15827465
442,80000000	0,15235083
443,00000000	0,14839060
443,20000000	0,15055118
443,40000000	0,14630338
443,60000000	0,15281398
443,80000000	0,14823251
444,00000000	0,15100094
444,20000000	0,15486159
444,40000000	0,15080487
444,60000000	0,15374663
444,80000000	0,14921084
445,00000000	0,14529083
445,20000000	0,15237443
445,40000000	0,15486820
445,60000000	0,15087380
445,80000000	0,14762034
446,00000000	0,14387587
446,20000000	0,15421188
446,40000000	0,15326008
446,60000000	0,14999857
446,80000000	0,15988357
447,00000000	0,15593997
447,20000000	0,15931359
447,40000000	0,15806703
447,60000000	0,15024506
447,80000000	0,14895887
448,00000000	0,14790788
448,20000000	0,15578973
448,40000000	0,15742006
448,60000000	0,15496196
448,80000000	0,15415684
449,00000000	0,15851348
449,20000000	0,15496147
449,40000000	0,15811531
449,60000000	0,15812078
449,80000000	0,15754275
450,00000000	0,15224077
450,20000000	0,15084063
450,40000000	0,15829926
450,60000000	0,16047033
450,80000000	0,15831185
451,00000000	0,15575737
451,20000000	0,15107651
451,40000000	0,15519728
451,60000000	0,16070081
451,80000000	0,15412526
452,00000000	0,15307460
452,20000000	0,15622752
452,40000000	0,15846916
452,60000000	0,15680952
452,80000000	0,15920891
453,00000000	0,16232776
453,20000000	0,15584101
453,40000000	0,15756712
453,60000000	0,16142228
453,80000000	0,15783135
454,00000000	0,15820115
454,20000000	0,16368851
454,40000000	0,15904270
454,60000000	0,16546494
454,80000000	0,16370040
455,00000000	0,16357879
455,20000000	0,16918617
455,40000000	0,16383780
455,60000000	0,16387980
455,80000000	0,15992734
456,00000000	0,16081448
456,20000000	0,15669323
456,40000000	0,16113866
456,60000000	0,16044026
456,80000000	0,16232159
457,00000000	0,16562289
457,20000000	0,16206780
457,40000000	0,16424144
457,60000000	0,16491341
457,80000000	0,16722521
458,00000000	0,16396829
458,20000000	0,15638930
458,40000000	0,15829067
458,60000000	0,16733341
458,80000000	0,17038264
459,00000000	0,16643511
459,20000000	0,16269770
459,40000000	0,16115756
459,60000000	0,16486702
459,80000000	0,16756240
460,00000000	0,17039987
460,20000000	0,17249476
460,40000000	0,16811912
460,60000000	0,16945641
460,80000000	0,17143267
461,00000000	0,16994749
461,20000000	0,16919090
461,40000000	0,16525484
461,60000000	0,17067774
461,80000000	0,17774263
462,00000000	0,17196974
462,20000000	0,16781418
462,40000000	0,16173065
462,60000000	0,16670056
462,80000000	0,17463380
463,00000000	0,17573234
463,20000000	0,17689708
463,40000000	0,17022949
463,60000000	0,17156798
463,80000000	0,18104596
464,00000000	0,17873215
464,20000000	0,17838287
464,40000000	0,18334810
464,60000000	0,17765273
464,80000000	0,17754749
465,00000000	0,17599273
465,20000000	0,17102551
465,40000000	0,17103927
465,60000000	0,18006270
465,80000000	0,18849911
466,00000000	0,18540520
466,20000000	0,18114154
466,40000000	0,17463638
466,60000000	0,17514309
466,80000000	0,17764318
467,00000000	0,17087506
467,20000000	0,17746720
467,40000000	0,18218062
467,60000000	0,18384282
467,80000000	0,18346497
468,00000000	0,17482216
468,20000000	0,17944446
468,40000000	0,18309179
468,60000000	0,18595298
468,80000000	0,18547605
469,00000000	0,18352822
469,20000000	0,18346608
469,40000000	0,18330288
469,60000000	0,18292296
469,80000000	0,18793983
470,00000000	0,19381704
470,20000000	0,18633739
470,40000000	0,18948035
470,60000000	0,19404979
470,80000000	0,18834793
471,00000000	0,19180549
471,20000000	0,19043529
471,40000000	0,18651797
471,60000000	0,19631165
471,80000000	0,18622532
472,00000000	0,18208265
472,20000000	0,19467765
472,40000000	0,19220973
472,60000000	0,18910407
472,80000000	0,18930034
473,00000000	0,19890506
473,20000000	0,20240127
473,40000000	0,19229357
473,60000000	0,19364771
473,80000000	0,19867684
474,00000000	0,19845206
474,20000000	0,19803894
474,40000000	0,19766472
474,60000000	0,20405583
474,80000000	0,20862739
475,00000000	0,20452392
475,20000000	0,20533688
475,40000000	0,21133023
475,60000000	0,21205747
475,80000000	0,20375983
476,00000000	0,20439484
476,20000000	0,21131197
476,40000000	0,21286358
476,60000000	0,21623208
476,80000000	0,20939671
477,00000000	0,21279905
477,20000000	0,21237294
477,40000000	0,20782536
477,60000000	0,21415394
477,80000000	0,21336749
478,00000000	0,21269320
478,20000000	0,21154451
478,40000000	0,21218867
478,60000000	0,21748555
478,80000000	0,21608758
479,00000000	0,21250375
479,20000000	0,21590598
479,40000000	0,21753607
479,60000000	0,21541732
479,80000000	0,21341347
480,00000000	0,22306621
480,20000000	0,22496706
480,40000000	0,21980884
480,60000000	0,22312563
480,80000000	0,22339353
481,00000000	0,22030052
481,20000000	0,22105442
481,40000000	0,22732014
481,60000000	0,22727799
481,80000000	0,23151199
482,00000000	0,22129255
482,20000000	0,22450468
482,40000000	0,23947502
482,60000000	0,23229128
482,80000000	0,22649798
483,00000000	0,22689193
483,20000000	0,23412499
483,40000000	0,24168765
483,60000000	0,24184072
483,80000000	0,24243378
484,00000000	0,24704923
484,20000000	0,24435447
484,40000000	0,24344631
484,60000000	0,24900870
484,80000000	0,25580135
485,00000000	0,24991638
485,20000000	0,24349085
485,40000000	0,24928177
485,60000000	0,24673811
485,80000000	0,25620834
486,00000000	0,25318106
486,20000000	0,24446611
486,40000000	0,25773339
486,60000000	0,25431689
486,80000000	0,25136425
487,00000000	0,25654496
487,20000000	0,26127345
487,40000000	0,26482228
487,60000000	0,26266730
487,80000000	0,26013437
488,00000000	0,25803012
488,20000000	0,26281063
488,40000000	0,26495897
488,60000000	0,26468168
488,80000000	0,26335788
489,00000000	0,26714039
489,20000000	0,26504735
489,40000000	0,26696247
489,60000000	0,26642920
489,80000000	0,27183221
490,00000000	0,27330374
490,20000000	0,26579876
490,40000000	0,27045361
490,60000000	0,27411786
490,80000000	0,27908464
491,00000000	0,27930466
491,20000000	0,27214234
491,40000000	0,27927812
491,60000000	0,27860223
491,80000000	0,27960321
492,00000000	0,28512761
492,20000000	0,28377456
492,40000000	0,28618412
492,60000000	0,28423517
492,80000000	0,28490108
493,00000000	0,29362917
493,20000000	0,29586052
493,40000000	0,29034461
493,60000000	0,28766846
493,80000000	0,29488203
494,00000000	0,30030107
494,20000000	0,29866451
494,40000000	0,30233255
494,60000000	0,30223645
494,80000000	0,30025393
495,00000000	0,30007358
495,20000000	0,29846847
495,40000000	0,30540550
495,60000000	0,30397851
495,80000000	0,29620816
496,00000000	0,30816820
496,20000000	0,30883150
496,40000000	0,30886533
496,60000000	0,30518730
496,80000000	0,31028039
497,00000000	0,31416812
497,20000000	0,31370666
497,40000000	0,31917032
497,60000000	0,31850581
497,80000000	0,31643141
498,00000000	0,31727087
498,20000000	0,31933968
498,40000000	0,32200671
498,60000000	0,32386486
498,80000000	0,32835780
499,00000000	0,33319592
499,20000000	0,32366054
499,40000000	0,32036786
499,60000000	0,33097596
499,80000000	0,33553097
500,00000000	0,33310813
500,20000000	0,32619282
500,40000000	0,33269711
500,60000000	0,34238222
500,80000000	0,34399505
501,00000000	0,34799320
501,20000000	0,34530381
501,40000000	0,34237017
501,60000000	0,34358698
501,80000000	0,34549435
502,00000000	0,34685495
502,20000000	0,34740643
502,40000000	0,34995053
502,60000000	0,35635977
502,80000000	0,36318810
503,00000000	0,36204222
503,20000000	0,36041755
503,40000000	0,35910053
503,60000000	0,36224330
503,80000000	0,37052279
504,00000000	0,36976207
504,20000000	0,37165828
504,40000000	0,37087873
504,60000000	0,37017225
504,80000000	0,37669346
505,00000000	0,37469160
505,20000000	0,37483261
505,40000000	0,37650575
505,60000000	0,37715590
505,80000000	0,38107032
506,00000000	0,37660152
506,20000000	0,37907534
506,40000000	0,39078312
506,60000000	0,38343937
506,80000000	0,38528959
507,00000000	0,38821613
507,20000000	0,38395731
507,40000000	0,38596669
507,60000000	0,38815756
507,80000000	0,39674305
508,00000000	0,40032802
508,20000000	0,39757260
508,40000000	0,40697947
508,60000000	0,40342489
508,80000000	0,39765371
509,00000000	0,40281712
509,20000000	0,40120515
509,40000000	0,40667664
509,60000000	0,41325693
509,80000000	0,41328146
510,00000000	0,41624869
510,20000000	0,41271278
510,40000000	0,41407293
510,60000000	0,41512449
510,80000000	0,42003620
511,00000000	0,42487705
511,20000000	0,41907491
511,40000000	0,41917628
511,60000000	0,42715922
511,80000000	0,42373474
512,00000000	0,42372933
512,20000000	0,42854563
512,40000000	0,42986492
512,60000000	0,43593963
512,80000000	0,43677616
513,00000000	0,43270513
513,20000000	0,44031562
513,40000000	0,44467063
513,60000000	0,43833050
513,80000000	0,44409628
514,00000000	0,44382417
514,20000000	0,44291297
514,40000000	0,44892715
514,60000000	0,44751265
514,80000000	0,44309587
515,00000000	0,45186639
515,20000000	0,45846831
515,40000000	0,45423939
515,60000000	0,45791491
515,80000000	0,46243349
516,00000000	0,46804950
516,20000000	0,46729678
516,40000000	0,46087337
516,60000000	0,46821921
516,80000000	0,46906375
517,00000000	0,46751410
517,20000000	0,47581412
517,40000000	0,47515011
517,60000000	0,47645352
517,80000000	0,47851575
518,00000000	0,47532012
518,20000000	0,48650468
518,40000000	0,49158284
518,60000000	0,48460770
518,80000000	0,48872003
519,00000000	0,48741257
519,20000000	0,49288719
519,40000000	0,49818905
519,60000000	0,48889708
519,80000000	0,49988025
520,00000000	0,50220379
520,20000000	0,49919683
520,40000000	0,51291511
520,60000000	0,50852978
520,80000000	0,50934329
521,00000000	0,51900327
521,20000000	0,51203972
521,40000000	0,51333821
521,60000000	0,52191191
521,80000000	0,51518702
522,00000000	0,51989775
522,20000000	0,52765960
522,40000000	0,52196406
522,60000000	0,52614037
522,80000000	0,53454969
523,00000000	0,53560043
523,20000000	0,53132970
523,40000000	0,53390595
523,60000000	0,54188281
523,80000000	0,54473180
524,00000000	0,54786031
524,20000000	0,55156622
524,40000000	0,54936525
524,60000000	0,54982649
524,80000000	0,55656063
525,00000000	0,56171668
525,20000000	0,56019432
525,40000000	0,56254519
525,60000000	0,56288941
525,80000000	0,56299314
526,00000000	0,57030149
526,20000000	0,57240915
526,40000000	0,56881966
526,60000000	0,57672522
526,80000000	0,58533574
527,00000000	0,58376630
527,20000000	0,58444186
527,40000000	0,58501115
527,60000000	0,58519152
527,80000000	0,59014307
528,00000000	0,59463694
528,20000000	0,59663699
528,40000000	0,59681803
528,60000000	0,59930044
528,80000000	0,60571227
529,00000000	0,60221837
529,20000000	0,60723052
529,40000000	0,62145554
529,60000000	0,61731709
529,80000000	0,61537025
530,00000000	0,62439319
530,20000000	0,62240409
530,40000000	0,62228619
530,60000000	0,63238748
530,80000000	0,63378161
531,00000000	0,63328010
531,20000000	0,63658555
531,40000000	0,63900439
531,60000000	0,64155339
531,80000000	0,64137288
532,00000000	0,64554912
532,20000000	0,64802907
532,40000000	0,64896834
532,60000000	0,65708384
532,80000000	0,65714792
533,00000000	0,65272051
533,20000000	0,66059037
533,40000000	0,66648725
533,60000000	0,66351015
533,80000000	0,66925139
534,00000000	0,67908134
534,20000000	0,67710597
534,40000000	0,67234076
534,60000000	0,67216686
534,80000000	0,67546187
535,00000000	0,67884946
535,20000000	0,68607538
535,40000000	0,69008363
535,60000000	0,68669172
535,80000000	0,68999735
536,00000000	0,69264736
536,20000000	0,68993882
536,40000000	0,69883292
536,60000000	0,70444060
536,80000000	0,69891398
537,00000000	0,70163589
537,20000000	0,70928016
537,40000000	0,70982755
537,60000000	0,70806151
537,80000000	0,71175305
538,00000000	0,71730393
538,20000000	0,71569420
538,40000000	0,71581189
538,60000000	0,72284420
538,80000000	0,72265715
539,00000000	0,71900155
539,20000000	0,72579485
539,40000000	0,72838791
539,60000000	0,72519538
539,80000000	0,73235103
540,00000000	0,73466241
540,20000000	0,72921745
540,40000000	0,73121959
540,60000000	0,73653576
540,80000000	0,73823038
541,00000000	0,74001558
541,20000000	0,74306460
541,40000000	0,74221246
541,60000000	0,74196875
541,80000000	0,74569877
542,00000000	0,74853110
542,20000000	0,75054681
542,40000000	0,75294919
542,60000000	0,75406860
542,80000000	0,75047239
543,00000000	0,75338520
543,20000000	0,75930486
543,40000000	0,75716022
543,60000000	0,75608012
543,80000000	0,76047089
544,00000000	0,76359777
544,20000000	0,76020759
544,40000000	0,75937381
544,60000000	0,76302863
544,80000000	0,76595746
545,00000000	0,76802358
545,20000000	0,76884680
545,40000000	0,76840814
545,60000000	0,76892592
545,80000000	0,77222713
546,00000000	0,77192215
546,20000000	0,77008278
546,40000000	0,77266256
546,60000000	0,77650981
546,80000000	0,77622181
547,00000000	0,77680044
547,20000000	0,77957498
547,40000000	0,77845430
547,60000000	0,77702674
547,80000000	0,77869856
548,00000000	0,78313264
548,20000000	0,78526895
548,40000000	0,78666542
548,60000000	0,78800745
548,80000000	0,78743314
549,00000000	0,78915821
549,20000000	0,79139617
549,40000000	0,79065538
549,60000000	0,79168435
549,80000000	0,79426710
550,00000000	0,79442992
550,20000000	0,79314694
550,40000000	0,79583330
550,60000000	0,80037819
550,80000000	0,79881064
551,00000000	0,79739243
551,20000000	0,79951289
551,40000000	0,80374407
551,60000000	0,80855118
551,80000000	0,80775773
552,00000000	0,80414707
552,20000000	0,80461028
552,40000000	0,80810545
552,60000000	0,81024479
552,80000000	0,81217771
553,00000000	0,81193598
553,20000000	0,81385259
553,40000000	0,81778307
553,60000000	0,81785636
553,80000000	0,81646934
554,00000000	0,81692249
554,20000000	0,81974702
554,40000000	0,82219316
554,60000000	0,82414280
554,80000000	0,82476693
555,00000000	0,82528501
555,20000000	0,82835318
555,40000000	0,82918742
555,60000000	0,82892909
555,80000000	0,83138512
556,00000000	0,83398315
556,20000000	0,83616427
556,40000000	0,83857454
556,60000000	0,83922326
556,80000000	0,84013303
557,00000000	0,84178642
557,20000000	0,84223804
557,40000000	0,84477006
557,60000000	0,84741088
557,80000000	0,84697866
558,00000000	0,84824315
558,20000000	0,85160749
558,40000000	0,85506529
558,60000000	0,85761096
558,80000000	0,85544942
559,00000000	0,85452880
559,20000000	0,85932429
559,40000000	0,86349480
559,60000000	0,86443493
559,80000000	0,86382082
560,00000000	0,86547773
560,20000000	0,86934193
560,40000000	0,87156854
560,60000000	0,87078871
560,80000000	0,87121343
561,00000000	0,87438782
561,20000000	0,87651481
561,40000000	0,87896977
561,60000000	0,88077374
561,80000000	0,88016880
562,00000000	0,88219295
562,20000000	0,88657791
562,40000000	0,88765293
562,60000000	0,88854757
562,80000000	0,88993561
563,00000000	0,88926053
563,20000000	0,89169038
563,40000000	0,89558868
563,60000000	0,89754798
563,80000000	0,89891398
564,00000000	0,89943643
564,20000000	0,90086722
564,40000000	0,90308532
564,60000000	0,90381125
564,80000000	0,90422209
565,00000000	0,90658100
565,20000000	0,90937312
565,40000000	0,91049582
565,60000000	0,91156694
565,80000000	0,91245176
566,00000000	0,91347524
566,20000000	0,91505083
566,40000000	0,91590437
566,60000000	0,91682324
566,80000000	0,91856755
567,00000000	0,91924576
567,20000000	0,92030209
567,40000000	0,92240723
567,60000000	0,92404248
567,80000000	0,92435381
568,00000000	0,92325229
568,20000000	0,92404553
568,40000000	0,92637817
568,60000000	0,92756778
568,80000000	0,92797845
569,00000000	0,92846325
569,20000000	0,93069322
569,40000000	0,93237100
569,60000000	0,93175340
569,80000000	0,93152882
570,00000000	0,93189931
570,20000000	0,93260328
570,40000000	0,93420594
570,60000000	0,93507991
570,80000000	0,93439895
571,00000000	0,93502587
571,20000000	0,93653305
571,40000000	0,93713759
571,60000000	0,93780832
571,80000000	0,93742487
572,00000000	0,93679593
572,20000000	0,93782492
572,40000000	0,93903266
572,60000000	0,93898820
572,80000000	0,93925498
573,00000000	0,93955823
573,20000000	0,93926295
573,40000000	0,94033258
573,60000000	0,94097410
573,80000000	0,93959570
574,00000000	0,93994959
574,20000000	0,94091424
574,40000000	0,93984407
574,60000000	0,94017397
574,80000000	0,94173990
575,00000000	0,94092304
575,20000000	0,93996569
575,40000000	0,94068758
575,60000000	0,94154889
575,80000000	0,94192813
576,00000000	0,94172445
576,20000000	0,94089033
576,40000000	0,94031458
576,60000000	0,94134649
576,80000000	0,94209621
577,00000000	0,94175054
577,20000000	0,94096108
577,40000000	0,94072725
577,60000000	0,94185191
577,80000000	0,94227226
578,00000000	0,94165803
578,20000000	0,94140789
578,40000000	0,94162911
578,60000000	0,94155500
578,80000000	0,94165967
579,00000000	0,94261406
579,20000000	0,94219208
579,40000000	0,94147835
579,60000000	0,94240140
579,80000000	0,94238542
580,00000000	0,94225626
580,20000000	0,94282668
580,40000000	0,94215721
580,60000000	0,94168471
580,80000000	0,94317716
581,00000000	0,94389198
581,20000000	0,94297897
581,40000000	0,94368585
581,60000000	0,94455150
581,80000000	0,94396116
582,00000000	0,94466884
582,20000000	0,94579744
582,40000000	0,94539309
582,60000000	0,94552523
582,80000000	0,94619041
583,00000000	0,94599327
583,20000000	0,94641341
583,40000000	0,94783986
583,60000000	0,94853736
583,80000000	0,94844048
584,00000000	0,94824655
584,20000000	0,94839971
584,40000000	0,94949320
584,60000000	0,95073091
584,80000000	0,95058805
585,00000000	0,95025436
585,20000000	0,95133377
585,40000000	0,95254219
585,60000000	0,95337310
585,80000000	0,95396195
586,00000000	0,95384595
586,20000000	0,95415869
586,40000000	0,95533925
586,60000000	0,95602323
586,80000000	0,95602040
587,00000000	0,95681256
587,20000000	0,95809501
587,40000000	0,95885464
587,60000000	0,95925022
587,80000000	0,95950790
588,00000000	0,95996816
588,20000000	0,96054166
588,40000000	0,96132489
588,60000000	0,96266030
588,80000000	0,96378151
589,00000000	0,96449760
589,20000000	0,96501969
589,40000000	0,96504419
589,60000000	0,96592439
589,80000000	0,96717497
590,00000000	0,96731089
590,20000000	0,96792648
590,40000000	0,96908577
590,60000000	0,96960299
590,80000000	0,97034415
591,00000000	0,97107805
591,20000000	0,97139856
591,40000000	0,97228843
591,60000000	0,97329788
591,80000000	0,97367974
592,00000000	0,97416565
592,20000000	0,97513729
592,40000000	0,97551194
592,60000000	0,97545154
592,80000000	0,97634894
593,00000000	0,97723660
593,20000000	0,97744532
593,40000000	0,97828496
593,60000000	0,97947369
593,80000000	0,97931764
594,00000000	0,97905448
594,20000000	0,98013949
594,40000000	0,98081557
594,60000000	0,98088231
594,80000000	0,98161896
595,00000000	0,98212662
595,20000000	0,98189417
595,40000000	0,98218287
595,60000000	0,98295408
595,80000000	0,98330308
596,00000000	0,98345638
596,20000000	0,98368416
596,40000000	0,98379226
596,60000000	0,98417895
596,80000000	0,98501558
597,00000000	0,98535169
597,20000000	0,98493270
597,40000000	0,98512717
597,60000000	0,98572930
597,80000000	0,98549063
598,00000000	0,98552678
598,20000000	0,98627037
598,40000000	0,98614214
598,60000000	0,98579221
598,80000000	0,98638199
599,00000000	0,98634457
599,20000000	0,98555288
599,40000000	0,98600265
599,60000000	0,98671726
599,80000000	0,98628493
600,00000000	0,98607880
600,20000000	0,98641628
600,40000000	0,98635045
600,60000000	0,98627307
600,80000000	0,98651358
601,00000000	0,98645669
601,20000000	0,98605004
601,40000000	0,98606141
601,60000000	0,98617682
601,80000000	0,98573839
602,00000000	0,98571233
602,20000000	0,98614212
602,40000000	0,98577357
602,60000000	0,98535059
602,80000000	0,98557674
603,00000000	0,98555673
603,20000000	0,98536382
603,40000000	0,98528664
603,60000000	0,98531171
603,80000000	0,98551642
604,00000000	0,98562358
604,20000000	0,98555786
604,40000000	0,98522046
604,60000000	0,98467763
604,80000000	0,98447564
605,00000000	0,98467249
605,20000000	0,98486982
605,40000000	0,98498568
605,60000000	0,98501851
605,80000000	0,98477022
606,00000000	0,98452106
606,20000000	0,98468949
606,40000000	0,98511411
606,60000000	0,98522371
606,80000000	0,98464557
607,00000000	0,98431568
607,20000000	0,98485836
607,40000000	0,98522516
607,60000000	0,98507305
607,80000000	0,98509466
608,00000000	0,98523959
608,20000000	0,98527370
608,40000000	0,98549434
608,60000000	0,98558520
608,80000000	0,98523026
609,00000000	0,98548489
609,20000000	0,98631730
609,40000000	0,98629650
609,60000000	0,98605011
609,80000000	0,98640847
610,00000000	0,98646984
610,20000000	0,98638815
610,40000000	0,98675941
610,60000000	0,98732837
610,80000000	0,98761052
611,00000000	0,98748574
611,20000000	0,98781124
611,40000000	0,98819294
611,60000000	0,98809741
611,80000000	0,98846427
612,00000000	0,98896126
612,20000000	0,98886709
612,40000000	0,98884147
612,60000000	0,98942217
612,80000000	0,98998928
613,00000000	0,99019670
613,20000000	0,99042663
613,40000000	0,99058494
613,60000000	0,99058680
613,80000000	0,99090646
614,00000000	0,99141362
614,20000000	0,99165347
614,40000000	0,99194497
614,60000000	0,99216239
614,80000000	0,99221581
615,00000000	0,99257378
615,20000000	0,99301723
615,40000000	0,99329201
615,60000000	0,99332788
615,80000000	0,99341188
616,00000000	0,99391933
616,20000000	0,99416306
616,40000000	0,99418473
616,60000000	0,99464127
616,80000000	0,99487577
617,00000000	0,99491001
617,20000000	0,99517113
617,40000000	0,99529734
617,60000000	0,99546966
617,80000000	0,99589629
618,00000000	0,99619720
618,20000000	0,99626559
618,40000000	0,99639388
618,60000000	0,99656627
618,80000000	0,99657132
619,00000000	0,99671105
619,20000000	0,99701235
619,40000000	0,99707562
619,60000000	0,99714939
619,80000000	0,99732373
620,00000000	0,99732248
620,20000000	0,99733830
620,40000000	0,99745194
620,60000000	0,99756720
620,80000000	0,99767809
621,00000000	0,99765546
621,20000000	0,99759700
621,40000000	0,99757179
621,60000000	0,99747998
621,80000000	0,99757694
622,00000000	0,99779629
622,20000000	0,99767045
622,40000000	0,99746688
622,60000000	0,99755972
622,80000000	0,99753494
623,00000000	0,99733881
623,20000000	0,99735045
623,40000000	0,99731376
623,60000000	0,99716328
623,80000000	0,99709313
624,00000000	0,99699858
624,20000000	0,99684548
624,40000000	0,99670303
624,60000000	0,99670911
624,80000000	0,99652469
625,00000000	0,99617138
625,20000000	0,99608076
625,40000000	0,99608268
625,60000000	0,99601040
625,80000000	0,99587343
626,00000000	0,99579042
626,20000000	0,99571610
626,40000000	0,99544760
626,60000000	0,99530195
626,80000000	0,99540419
627,00000000	0,99509172
627,20000000	0,99467750
627,40000000	0,99471117
627,60000000	0,99459070
627,80000000	0,99447114
628,00000000	0,99450708
628,20000000	0,99443781
628,40000000	0,99420976
628,60000000	0,99384101
628,80000000	0,99380953
629,00000000	0,99382894
629,20000000	0,99348334
629,40000000	0,99334513
629,60000000	0,99340918
629,80000000	0,99329838
630,00000000	0,99317892
630,20000000	0,99309908
630,40000000	0,99302800
630,60000000	0,99299450
630,80000000	0,99297417
631,00000000	0,99296352
631,20000000	0,99279619
631,40000000	0,99269295
631,60000000	0,99271664
631,80000000	0,99262419
632,00000000	0,99256123
632,20000000	0,99252834
632,40000000	0,99263334
632,60000000	0,99284746
632,80000000	0,99287088
633,00000000	0,99289303
633,20000000	0,99291112
633,40000000	0,99279048
633,60000000	0,99275986
633,80000000	0,99291289
634,00000000	0,99301000
634,20000000	0,99309092
634,40000000	0,99321005
634,60000000	0,99323954
634,80000000	0,99312322
635,00000000	0,99320522
635,20000000	0,99364180
635,40000000	0,99377329
635,60000000	0,99372642
635,80000000	0,99401790
636,00000000	0,99426233
636,20000000	0,99423233
636,40000000	0,99428923
636,60000000	0,99459920
636,80000000	0,99478463
637,00000000	0,99464537
637,20000000	0,99462376
637,40000000	0,99488529
637,60000000	0,99521096
637,80000000	0,99548961
638,00000000	0,99563617
638,20000000	0,99578074
638,40000000	0,99595878
638,60000000	0,99612125
638,80000000	0,99638364
639,00000000	0,99652159
639,20000000	0,99647926
639,40000000	0,99661387
639,60000000	0,99687400
639,80000000	0,99704741
640,00000000	0,99708625
640,20000000	0,99728179
640,40000000	0,99748739
640,60000000	0,99757812
640,80000000	0,99779072
641,00000000	0,99800880
641,20000000	0,99818529
641,40000000	0,99823727
641,60000000	0,99827533
641,80000000	0,99841539
642,00000000	0,99846815
642,20000000	0,99845682
642,40000000	0,99853870
642,60000000	0,99868987
642,80000000	0,99885515
643,00000000	0,99899984
643,20000000	0,99913750
643,40000000	0,99919579
643,60000000	0,99915309
643,80000000	0,99918660
644,00000000	0,99922922
644,20000000	0,99924243
644,40000000	0,99928008
644,60000000	0,99927880
644,80000000	0,99929527
645,00000000	0,99934423
645,20000000	0,99936407
645,40000000	0,99932483
645,60000000	0,99926789
645,80000000	0,99928296
646,00000000	0,99930596
646,20000000	0,99924951
646,40000000	0,99914901
646,60000000	0,99913356
646,80000000	0,99914377
647,00000000	0,99902782
647,20000000	0,99891544
647,40000000	0,99888494
647,60000000	0,99881984
647,80000000	0,99862069
648,00000000	0,99844499
648,20000000	0,99847988
648,40000000	0,99847392
648,60000000	0,99833184
648,80000000	0,99822731
649,00000000	0,99817229
649,20000000	0,99806513
649,40000000	0,99782593
649,60000000	0,99769495
649,80000000	0,99761848
650,00000000	0,99734394
650,20000000	0,99712979
650,40000000	0,99704655
650,60000000	0,99704909
650,80000000	0,99689506
651,00000000	0,99669432
651,20000000	0,99663874
651,40000000	0,99665423
651,60000000	0,99653823
651,80000000	0,99615751
652,00000000	0,99601648
652,20000000	0,99597327
652,40000000	0,99576407
652,60000000	0,99560855
652,80000000	0,99545664
653,00000000	0,99525902
653,20000000	0,99510982
653,40000000	0,99500764
653,60000000	0,99488021
653,80000000	0,99492662
654,00000000	0,99491844
654,20000000	0,99455976
654,40000000	0,99437115
654,60000000	0,99431064
654,80000000	0,99418952
655,00000000	0,99405478
655,20000000	0,99396298
655,40000000	0,99402070
655,60000000	0,99389457
655,80000000	0,99370440
656,00000000	0,99347119
656,20000000	0,99352429
656,40000000	0,99368246
656,60000000	0,99359811
656,80000000	0,99354461
657,00000000	0,99345110
657,20000000	0,99346081
657,40000000	0,99333000
657,60000000	0,99321280
657,80000000	0,99322337
658,00000000	0,99332612
658,20000000	0,99338769
658,40000000	0,99325502
658,60000000	0,99319617
658,80000000	0,99326209
659,00000000	0,99337582
659,20000000	0,99336299
659,40000000	0,99340824
659,60000000	0,99345731
659,80000000	0,99343876
660,00000000	0,99348887
660,20000000	0,99353972
660,40000000	0,99356237
660,60000000	0,99371156
660,80000000	0,99380737
661,00000000	0,99365545
661,20000000	0,99354946
661,40000000	0,99373750
661,60000000	0,99394005
661,80000000	0,99397678
662,00000000	0,99393985
662,20000000	0,99419805
662,40000000	0,99443515
662,60000000	0,99442044
662,80000000	0,99432246
663,00000000	0,99436317
663,20000000	0,99457118
663,40000000	0,99460228
663,60000000	0,99469520
663,80000000	0,99498804
664,00000000	0,99513920
664,20000000	0,99512507
664,40000000	0,99529785
664,60000000	0,99540888
664,80000000	0,99541848
665,00000000	0,99538603
665,20000000	0,99548705
665,40000000	0,99569330
665,60000000	0,99584043
665,80000000	0,99588905
666,00000000	0,99593798
666,20000000	0,99609604
666,40000000	0,99621167
666,60000000	0,99629859
666,80000000	0,99635969
667,00000000	0,99647864
667,20000000	0,99655622
667,40000000	0,99660389
667,60000000	0,99667677
667,80000000	0,99673028
668,00000000	0,99673349
668,20000000	0,99669904
668,40000000	0,99671913
668,60000000	0,99679699
668,80000000	0,99685857
669,00000000	0,99700788
669,20000000	0,99715777
669,40000000	0,99718087
669,60000000	0,99712380
669,80000000	0,99713869
670,00000000	0,99729371
670,20000000	0,99735926
670,40000000	0,99724407
670,60000000	0,99708864
670,80000000	0,99708607
671,00000000	0,99723042
671,20000000	0,99730465
671,40000000	0,99729751
671,60000000	0,99724032
671,80000000	0,99723856
672,00000000	0,99727803
672,20000000	0,99718276
672,40000000	0,99717374
672,60000000	0,99715988
672,80000000	0,99717717
673,00000000	0,99722072
673,20000000	0,99715128
673,40000000	0,99701186
673,60000000	0,99693709
673,80000000	0,99695149
674,00000000	0,99686880
674,20000000	0,99684104
674,40000000	0,99677131
674,60000000	0,99662048
674,80000000	0,99660158
675,00000000	0,99667428
675,20000000	0,99666627
675,40000000	0,99656959
675,60000000	0,99644459
675,80000000	0,99644898
676,00000000	0,99639746
676,20000000	0,99634105
676,40000000	0,99633714
676,60000000	0,99630012
676,80000000	0,99622036
677,00000000	0,99614768
677,20000000	0,99615244
677,40000000	0,99611841
677,60000000	0,99608683
677,80000000	0,99613725
678,00000000	0,99597238
678,20000000	0,99581152
678,40000000	0,99594873
678,60000000	0,99598995
678,80000000	0,99588109
679,00000000	0,99585700
679,20000000	0,99583952
679,40000000	0,99572762
679,60000000	0,99573576
679,80000000	0,99582553
680,00000000	0,99581412
680,20000000	0,99573451
680,40000000	0,99561450
680,60000000	0,99568427
680,80000000	0,99565303
681,00000000	0,99556593
681,20000000	0,99568758
681,40000000	0,99575471
681,60000000	0,99564996
681,80000000	0,99565141
682,00000000	0,99579129
682,20000000	0,99567127
682,40000000	0,99560001
682,60000000	0,99578647
682,80000000	0,99591628
683,00000000	0,99592671
683,20000000	0,99586748
683,40000000	0,99592948
683,60000000	0,99599914
683,80000000	0,99595161
684,00000000	0,99588645
684,20000000	0,99600797
684,40000000	0,99605204
684,60000000	0,99597912
684,80000000	0,99616979
685,00000000	0,99635630
685,20000000	0,99641024
685,40000000	0,99644687
685,60000000	0,99655276
685,80000000	0,99667487
686,00000000	0,99665489
686,20000000	0,99670899
686,40000000	0,99682142
686,60000000	0,99693065
686,80000000	0,99697598
687,00000000	0,99696456
687,20000000	0,99714142
687,40000000	0,99732316
687,60000000	0,99741203
687,80000000	0,99745794
688,00000000	0,99753083
688,20000000	0,99757628
688,40000000	0,99764016
688,60000000	0,99774818
688,80000000	0,99781747
689,00000000	0,99792604
689,20000000	0,99796040
689,40000000	0,99799672
689,60000000	0,99811785
689,80000000	0,99822560
690,00000000	0,99827611
690,20000000	0,99837577
690,40000000	0,99850342
690,60000000	0,99853460
690,80000000	0,99857439
691,00000000	0,99862267
691,20000000	0,99866209
691,40000000	0,99869764
691,60000000	0,99874155
691,80000000	0,99887590
692,00000000	0,99898318
692,20000000	0,99904257
692,40000000	0,99909043
692,60000000	0,99916384
692,80000000	0,99919773
693,00000000	0,99917998
693,20000000	0,99921558
693,40000000	0,99923689
693,60000000	0,99925972
693,80000000	0,99931510
694,00000000	0,99936588
694,20000000	0,99940600
694,40000000	0,99946352
694,60000000	0,99951958
694,80000000	0,99951316
695,00000000	0,99952529
695,20000000	0,99957488
695,40000000	0,99958008
695,60000000	0,99954749
695,80000000	0,99955822
696,00000000	0,99957506
696,20000000	0,99957438
696,40000000	0,99956767
696,60000000	0,99955165
696,80000000	0,99957448
697,00000000	0,99958392
697,20000000	0,99957201
697,40000000	0,99958071
697,60000000	0,99957006
697,80000000	0,99955606
698,00000000	0,99953320
698,20000000	0,99951114
698,40000000	0,99946806
698,60000000	0,99943545
698,80000000	0,99941387
699,00000000	0,99940464
699,20000000	0,99941215
699,40000000	0,99938272
699,60000000	0,99933956
699,80000000	0,99931388
700,00000000	0,99928044
700,20000000	0,99925396
700,40000000	0,99921649
700,60000000	0,99919186
700,80000000	0,99917326
701,00000000	0,99918350
701,20000000	0,99919880
701,40000000	0,99916025
701,60000000	0,99912879
701,80000000	0,99908979
702,00000000	0,99905450
702,20000000	0,99897914
702,40000000	0,99892851
702,60000000	0,99891953
702,80000000	0,99888929
703,00000000	0,99883877
703,20000000	0,99882952
703,40000000	0,99881670
703,60000000	0,99878341
703,80000000	0,99881869
704,00000000	0,99880063
704,20000000	0,99865532
704,40000000	0,99856798
704,60000000	0,99857247
704,80000000	0,99855053
705,00000000	0,99854623
705,20000000	0,99854821
705,40000000	0,99853622
705,60000000	0,99855950
705,80000000	0,99860340
706,00000000	0,99858753
706,20000000	0,99853216
706,40000000	0,99855347
706,60000000	0,99855837
706,80000000	0,99852405
707,00000000	0,99848385
707,20000000	0,99858320
707,40000000	0,99860916
707,60000000	0,99854612
707,80000000	0,99856239
708,00000000	0,99854543
708,20000000	0,99851650
708,40000000	0,99850850
708,60000000	0,99850443
708,80000000	0,99847637
709,00000000	0,99856117
709,20000000	0,99862456
709,40000000	0,99858055
709,60000000	0,99859734
709,80000000	0,99859094
710,00000000	0,99855665
710,20000000	0,99857280
710,40000000	0,99864231
710,60000000	0,99863050
710,80000000	0,99863169
711,00000000	0,99870206
711,20000000	0,99866574
711,40000000	0,99871285
711,60000000	0,99883948
711,80000000	0,99882038
712,00000000	0,99879408
712,20000000	0,99887310
712,40000000	0,99886769
712,60000000	0,99885234
712,80000000	0,99891566
713,00000000	0,99894410
713,20000000	0,99892542
713,40000000	0,99896665
713,60000000	0,99899667
713,80000000	0,99903530
714,00000000	0,99912089
714,20000000	0,99915810
714,40000000	0,99915453
714,60000000	0,99915364
714,80000000	0,99916174
715,00000000	0,99920460
715,20000000	0,99922579
715,40000000	0,99925109
715,60000000	0,99922241
715,80000000	0,99925374
716,00000000	0,99929745
716,20000000	0,99931322
716,40000000	0,99936181
716,60000000	0,99934219
716,80000000	0,99934816
717,00000000	0,99937881
717,20000000	0,99939165
717,40000000	0,99942017
717,60000000	0,99947787
717,80000000	0,99949688
718,00000000	0,99952484
718,20000000	0,99953513
718,40000000	0,99955627
718,60000000	0,99956097
718,80000000	0,99958898
719,00000000	0,99960637
719,20000000	0,99960660
719,40000000	0,99964832
719,60000000	0,99964821
719,80000000	0,99965588
720,00000000	0,99965892
720,20000000	0,99968492
720,40000000	0,99971047
720,60000000	0,99971524
720,80000000	0,99971709
721,00000000	0,99973980
721,20000000	0,99975885
721,40000000	0,99974400
721,60000000	0,99976106
721,80000000	0,99978160
722,00000000	0,99978201
722,20000000	0,99978578
722,40000000	0,99980491
722,60000000	0,99983061
722,80000000	0,99984735
723,00000000	0,99983789
723,20000000	0,99983850
723,40000000	0,99985647
723,60000000	0,99985145
723,80000000	0,99984786
724,00000000	0,99985342
724,20000000	0,99987001
724,40000000	0,99987985
724,60000000	0,99989547
724,80000000	0,99988786
725,00000000	0,99989063
725,20000000	0,99990814
725,40000000	0,99991704
725,60000000	0,99990095
725,80000000	0,99991195
726,00000000	0,99992542
726,20000000	0,99992651
726,40000000	0,99991710
726,60000000	0,99991267
726,80000000	0,99992191
727,00000000	0,99992159
727,20000000	0,99992187
727,40000000	0,99992674
727,60000000	0,99992224
727,80000000	0,99991870
728,00000000	0,99991399
728,20000000	0,99991558
728,40000000	0,99992762
728,60000000	0,99992695
728,80000000	0,99991541
729,00000000	0,99990922
729,20000000	0,99993641
729,40000000	0,99993713
729,60000000	0,99992175
729,80000000	0,99991339
730,00000000	0,99990081
730,20000000	0,99990173
730,40000000	0,99991844
730,60000000	0,99990879
730,80000000	0,99989535
731,00000000	0,99990270
731,20000000	0,99989843
731,40000000	0,99987327
731,60000000	0,99986258
731,80000000	0,99987087
732,00000000	0,99987866
732,20000000	0,99987352
732,40000000	0,99986303
732,60000000	0,99983716
732,80000000	0,99981551
733,00000000	0,99982766
733,20000000	0,99982146
733,40000000	0,99981517
733,60000000	0,99981753
733,80000000	0,99979555
734,00000000	0,99975592
734,20000000	0,99973864
734,40000000	0,99973935
734,60000000	0,99972636
734,80000000	0,99974837
735,00000000	0,99975744
735,20000000	0,99971690
735,40000000	0,99972292
735,60000000	0,99970205
735,80000000	0,99964611
736,00000000	0,99963393
736,20000000	0,99964636
736,40000000	0,99964309
736,60000000	0,99962342
736,80000000	0,99959547
737,00000000	0,99957924
737,20000000	0,99956785
737,40000000	0,99954592
737,60000000	0,99952139
737,80000000	0,99951290
738,00000000	0,99951241
738,20000000	0,99951643
738,40000000	0,99948686
738,60000000	0,99946289
738,80000000	0,99946264
739,00000000	0,99945479
739,20000000	0,99943529
739,40000000	0,99945856
739,60000000	0,99943427
739,80000000	0,99943778
740,00000000	0,99937611
740,20000000	0,99931738
740,40000000	0,99930846
740,60000000	0,99938351
740,80000000	0,99937191
741,00000000	0,99935732
741,20000000	0,99931541
741,40000000	0,99932715
741,60000000	0,99933992
741,80000000	0,99937066
742,00000000	0,99935406
742,20000000	0,99935070
742,40000000	0,99935993
742,60000000	0,99931721
742,80000000	0,99929024
743,00000000	0,99933789
743,20000000	0,99933185
743,40000000	0,99933166
743,60000000	0,99931364
743,80000000	0,99929057
744,00000000	0,99928951
744,20000000	0,99929972
744,40000000	0,99932028
744,60000000	0,99932870
744,80000000	0,99936041
745,00000000	0,99941710
745,20000000	0,99940237
745,40000000	0,99940830
745,60000000	0,99941399
745,80000000	0,99938789
746,00000000	0,99941142
746,20000000	0,99942192
746,40000000	0,99942648
746,60000000	0,99947375
746,80000000	0,99947137
747,00000000	0,99950570
747,20000000	0,99950765
747,40000000	0,99950384
747,60000000	0,99947489
747,80000000	0,99950920
748,00000000	0,99956603
748,20000000	0,99958371
748,40000000	0,99961383
748,60000000	0,99963590
748,80000000	0,99960704
749,00000000	0,99963203
749,20000000	0,99965952
749,40000000	0,99967084
749,60000000	0,99968468
749,80000000	0,99968689
750,00000000	0,99970912
750,20000000	0,99974676
750,40000000	0,99975996
750,60000000	0,99975386
750,80000000	0,99976184
751,00000000	0,99978787
751,20000000	0,99980895
751,40000000	0,99981938
751,60000000	0,99983133
751,80000000	0,99982873
752,00000000	0,99982329
752,20000000	0,99983282
752,40000000	0,99981963
752,60000000	0,99980812
752,80000000	0,99981294
753,00000000	0,99982258
753,20000000	0,99980543
753,40000000	0,99978812
753,60000000	0,99980581
753,80000000	0,99978887
754,00000000	0,99977523
754,20000000	0,99978053
754,40000000	0,99974821
754,60000000	0,99974365
754,80000000	0,99974253
755,00000000	0,99971193
755,20000000	0,99967197
755,40000000	0,99966063
755,60000000	0,99962718
755,80000000	0,99957750
756,00000000	0,99957447
756,20000000	0,99954400
756,40000000	0,99950199
756,60000000	0,99949624
756,80000000	0,99944725
757,00000000	0,99937984
757,20000000	0,99938353
757,40000000	0,99931782
757,60000000	0,99926796
757,80000000	0,99925844
758,00000000	0,99917282
758,20000000	0,99914597
758,40000000	0,99913150
758,60000000	0,99902578
758,80000000	0,99895904
759,00000000	0,99895234
759,20000000	0,99893796
759,40000000	0,99888645
759,60000000	0,99888733
759,80000000	0,99878366
760,00000000	0,99871969
760,20000000	0,99866171
760,40000000	0,99860113
760,60000000	0,99861494
760,80000000	0,99859398
761,00000000	0,99857310
761,20000000	0,99853775
761,40000000	0,99842343
761,60000000	0,99836748
761,80000000	0,99833602
762,00000000	0,99832028
762,20000000	0,99826358
762,40000000	0,99826011
762,60000000	0,99826353
762,80000000	0,99813174
763,00000000	0,99812678
763,20000000	0,99812566
763,40000000	0,99805104
763,60000000	0,99810748
763,80000000	0,99800948
764,00000000	0,99795549
764,20000000	0,99796303
764,40000000	0,99790535
764,60000000	0,99790743
764,80000000	0,99789053
765,00000000	0,99778081
765,20000000	0,99780574
765,40000000	0,99780692
765,60000000	0,99786385
765,80000000	0,99786422
766,00000000	0,99785669
766,20000000	0,99779502
766,40000000	0,99775810
766,60000000	0,99786641
766,80000000	0,99789178
767,00000000	0,99786808
767,20000000	0,99793542
767,40000000	0,99791953
767,60000000	0,99795411
767,80000000	0,99797350
768,00000000	0,99799774
768,20000000	0,99796795
768,40000000	0,99799031
768,60000000	0,99803065
768,80000000	0,99807640
769,00000000	0,99810167
769,20000000	0,99818926
769,40000000	0,99830536
769,60000000	0,99837660
769,80000000	0,99840009
770,00000000	0,99837933
770,20000000	0,99838899
770,40000000	0,99844746
770,60000000	0,99849088
770,80000000	0,99850105
771,00000000	0,99854134
771,20000000	0,99862170
771,40000000	0,99865472
771,60000000	0,99867759
771,80000000	0,99872184
772,00000000	0,99887741
772,20000000	0,99888154
772,40000000	0,99883476
772,60000000	0,99884640
772,80000000	0,99886464
773,00000000	0,99890684
773,20000000	0,99894455
773,40000000	0,99901711
773,60000000	0,99903521
773,80000000	0,99898084
774,00000000	0,99898248
774,20000000	0,99900125
774,40000000	0,99905529
774,60000000	0,99903576
774,80000000	0,99900307
775,00000000	0,99900742
775,20000000	0,99901393
775,40000000	0,99903888
775,60000000	0,99900597
775,80000000	0,99904148
776,00000000	0,99900452
776,20000000	0,99888420
776,40000000	0,99885838
776,60000000	0,99873700
776,80000000	0,99868158
777,00000000	0,99867191
777,20000000	0,99860021
777,40000000	0,99852365
777,60000000	0,99840486
777,80000000	0,99818678
778,00000000	0,99808377
778,20000000	0,99808000
778,40000000	0,99794416
778,60000000	0,99778543
778,80000000	0,99773311
779,00000000	0,99759898
779,20000000	0,99748610
779,40000000	0,99731864
779,60000000	0,99714308
779,80000000	0,99704102
780,00000000	0,99677377
780,20000000	0,99661229
780,40000000	0,99648404
780,60000000	0,99630794
780,80000000	0,99606823
781,00000000	0,99576025
781,20000000	0,99554249
781,40000000	0,99545348
781,60000000	0,99521762
781,80000000	0,99510467
782,00000000	0,99491979
782,20000000	0,99441157
782,40000000	0,99418302
782,60000000	0,99405917
782,80000000	0,99389487
783,00000000	0,99363968
783,20000000	0,99338381
783,40000000	0,99306452
783,60000000	0,99264135
783,80000000	0,99241188
784,00000000	0,99239838
784,20000000	0,99213587
784,40000000	0,99180159
784,60000000	0,99122190
784,80000000	0,99099024
785,00000000	0,99102621
785,20000000	0,99084953
785,40000000	0,99065643
785,60000000	0,99009126
785,80000000	0,98974849
786,00000000	0,98949650
786,20000000	0,98932523
786,40000000	0,98930636
786,60000000	0,98912302
786,80000000	0,98873650
787,00000000	0,98834302
787,20000000	0,98791726
787,40000000	0,98800947
787,60000000	0,98794438
787,80000000	0,98767722
788,00000000	0,98743855
788,20000000	0,98717751
788,40000000	0,98687583
788,60000000	0,98687857
788,80000000	0,98676276
789,00000000	0,98644888
789,20000000	0,98623306
789,40000000	0,98601510
789,60000000	0,98583082
789,80000000	0,98574933
790,00000000	0,98573655
790,20000000	0,98560711
790,40000000	0,98547225
790,60000000	0,98538908
790,80000000	0,98503398
791,00000000	0,98504468
791,20000000	0,98506601
791,40000000	0,98504549
791,60000000	0,98494652
791,80000000	0,98456106
792,00000000	0,98453899
792,20000000	0,98465456
792,40000000	0,98487385
792,60000000	0,98472832
792,80000000	0,98455455
793,00000000	0,98441416
793,20000000	0,98451068
793,40000000	0,98467396
793,60000000	0,98447506
793,80000000	0,98482890
794,00000000	0,98479076
794,20000000	0,98463226
794,40000000	0,98469429
794,60000000	0,98505725
794,80000000	0,98528925
795,00000000	0,98535712
795,20000000	0,98543859
795,40000000	0,98542097
795,60000000	0,98537966
795,80000000	0,98536400
796,00000000	0,98557464
796,20000000	0,98598179
796,40000000	0,98596410
796,60000000	0,98588249
796,80000000	0,98597753
797,00000000	0,98611225
797,20000000	0,98636585
797,40000000	0,98657143
797,60000000	0,98655853
797,80000000	0,98649755
798,00000000	0,98664696
798,20000000	0,98686065
798,40000000	0,98724023
798,60000000	0,98736505
798,80000000	0,98714102
799,00000000	0,98725527
799,20000000	0,98736886
799,40000000	0,98754405
799,60000000	0,98781540
799,80000000	0,98803874
800,00000000	0,98801821
800,20000000	0,98795147
800,40000000	0,98819703
800,60000000	0,98835757
800,80000000	0,98856820
801,00000000	0,98829546
801,20000000	0,98821512
801,40000000	0,98825984
801,60000000	0,98829838
801,80000000	0,98862393
802,00000000	0,98873762
802,20000000	0,98856522
802,40000000	0,98855507
802,60000000	0,98837173
802,80000000	0,98859420
803,00000000	0,98864978
803,20000000	0,98840124
803,40000000	0,98853263
803,60000000	0,98848453
803,80000000	0,98853586
804,00000000	0,98821114
804,20000000	0,98811351
804,40000000	0,98804583
804,60000000	0,98783164
804,80000000	0,98768755
805,00000000	0,98754841
805,20000000	0,98756788
805,40000000	0,98754721
805,60000000	0,98712516
805,80000000	0,98688603
806,00000000	0,98693569
806,20000000	0,98668529
806,40000000	0,98636900
806,60000000	0,98601740
806,80000000	0,98575024
807,00000000	0,98550023
807,20000000	0,98537737
807,40000000	0,98533259
807,60000000	0,98498450
807,80000000	0,98432769
808,00000000	0,98398990
808,20000000	0,98393029
808,40000000	0,98360622
808,60000000	0,98319848
808,80000000	0,98325666
809,00000000	0,98292816
809,20000000	0,98257406
809,40000000	0,98228707
809,60000000	0,98174800
809,80000000	0,98138662
810,00000000	0,98122231
810,20000000	0,98042347
810,40000000	0,98025058
810,60000000	0,97998010
810,80000000	0,97965618
811,00000000	0,97943298
811,20000000	0,97898321
811,40000000	0,97835312
811,60000000	0,97818782
811,80000000	0,97807534
812,00000000	0,97779564
812,20000000	0,97753455
812,40000000	0,97736233
812,60000000	0,97697537
812,80000000	0,97657477
813,00000000	0,97618963
813,20000000	0,97612496
813,40000000	0,97569179
813,60000000	0,97479782
813,80000000	0,97471482
814,00000000	0,97450343
814,20000000	0,97410014
814,40000000	0,97413981
814,60000000	0,97397951
814,80000000	0,97334339
815,00000000	0,97302963
815,20000000	0,97279021
815,40000000	0,97259817
815,60000000	0,97248055
815,80000000	0,97222598
816,00000000	0,97168578
816,20000000	0,97174500
816,40000000	0,97171398
816,60000000	0,97122682
816,80000000	0,97091614
817,00000000	0,97064801
817,20000000	0,97083393
817,40000000	0,97083750
817,60000000	0,97024659
817,80000000	0,97038184
818,00000000	0,96997137
818,20000000	0,96987424
818,40000000	0,97021191
818,60000000	0,96958517
818,80000000	0,96946107
819,00000000	0,96908364
819,20000000	0,96933215
819,40000000	0,96961281
819,60000000	0,96921221
819,80000000	0,96858555
820,00000000	0,96827394
820,20000000	0,96846183
820,40000000	0,96825085
820,60000000	0,96814651
820,80000000	0,96812423
821,00000000	0,96818696
821,20000000	0,96826100
821,40000000	0,96811937
821,60000000	0,96801770
821,80000000	0,96795667
822,00000000	0,96760155
822,20000000	0,96746040
822,40000000	0,96762049
822,60000000	0,96717610
822,80000000	0,96693517
823,00000000	0,96689812
823,20000000	0,96723218
823,40000000	0,96684213
823,60000000	0,96683170
823,80000000	0,96664175
824,00000000	0,96654747
824,20000000	0,96651102
824,40000000	0,96640552
824,60000000	0,96605857
824,80000000	0,96568133
825,00000000	0,96527514
825,20000000	0,96531049
825,40000000	0,96508630
825,60000000	0,96453040
825,80000000	0,96476723
826,00000000	0,96450842
826,20000000	0,96394194
826,40000000	0,96407994
826,60000000	0,96394235
826,80000000	0,96387397
827,00000000	0,96333161
827,20000000	0,96286377
827,40000000	0,96244726
827,60000000	0,96213064
827,80000000	0,96159284
828,00000000	0,96187687
828,20000000	0,96105446
828,40000000	0,96091606
828,60000000	0,96088988
828,80000000	0,96035945
829,00000000	0,96000429
829,20000000	0,95948864
829,40000000	0,95911367
829,60000000	0,95852440
829,80000000	0,95770957
830,00000000	0,95739646
830,20000000	0,95699141
830,40000000	0,95635687
830,60000000	0,95609022
830,80000000	0,95522207
831,00000000	0,95513281
831,20000000	0,95472832
831,40000000	0,95443506
831,60000000	0,95363156
831,80000000	0,95354261
832,00000000	0,95258884
832,20000000	0,95233153
832,40000000	0,95183873
832,60000000	0,95101540
832,80000000	0,95089236
833,00000000	0,95066580
833,20000000	0,94995105
833,40000000	0,94941239
833,60000000	0,94892546
833,80000000	0,94820434
834,00000000	0,94847391
834,20000000	0,94767880
834,40000000	0,94682763
834,60000000	0,94603136
834,80000000	0,94580250
835,00000000	0,94514090
835,20000000	0,94483489
835,40000000	0,94490536
835,60000000	0,94455355
835,80000000	0,94380711
836,00000000	0,94337434
836,20000000	0,94366537
836,40000000	0,94270584
836,60000000	0,94236802
836,80000000	0,94248728
837,00000000	0,94200857
837,20000000	0,94175412
837,40000000	0,94163895
837,60000000	0,94097373
837,80000000	0,94111745
838,00000000	0,94075988
838,20000000	0,94049668
838,40000000	0,94074407
838,60000000	0,93993048
838,80000000	0,93975176
839,00000000	0,94028650
839,20000000	0,94002973
839,40000000	0,93998855
839,60000000	0,93983508
839,80000000	0,94031313
840,00000000	0,94041047
840,20000000	0,94046385
840,40000000	0,94040691
840,60000000	0,94062069
840,80000000	0,94036764
841,00000000	0,94056256
841,20000000	0,94135833
841,40000000	0,94081426
841,60000000	0,94129784
841,80000000	0,94166124
842,00000000	0,94190795
842,20000000	0,94210206
842,40000000	0,94248374
842,60000000	0,94347174
842,80000000	0,94400973
843,00000000	0,94364351
843,20000000	0,94413124
843,40000000	0,94516297
843,60000000	0,94546542
843,80000000	0,94600951
844,00000000	0,94674505
844,20000000	0,94707438
844,40000000	0,94751089
844,60000000	0,94839785
844,80000000	0,94897210
845,00000000	0,94990870
845,20000000	0,95062505
845,40000000	0,95142794
845,60000000	0,95192107
845,80000000	0,95256617
846,00000000	0,95293658
846,20000000	0,95405341
846,40000000	0,95474000
846,60000000	0,95578688
846,80000000	0,95606452
847,00000000	0,95736122
847,20000000	0,95805041
847,40000000	0,95888504
847,60000000	0,95937414
847,80000000	0,96008653
848,00000000	0,96137014
848,20000000	0,96207830
848,40000000	0,96320585
848,60000000	0,96395627
848,80000000	0,96435653
849,00000000	0,96549852
849,20000000	0,96670623
849,40000000	0,96736210
849,60000000	0,96807394
849,80000000	0,96878559
850,00000000	0,96940123
850,20000000	0,97027698
850,40000000	0,97144873
850,60000000	0,97202828
850,80000000	0,97296863
851,00000000	0,97358540
851,20000000	0,97421765
851,40000000	0,97530681
851,60000000	0,97576957
851,80000000	0,97606987
852,00000000	0,97706447
852,20000000	0,97785367
852,40000000	0,97868032
852,60000000	0,97928245
852,80000000	0,97956612
853,00000000	0,98054375
853,20000000	0,98125758
853,40000000	0,98163785
853,60000000	0,98183253
853,80000000	0,98223725
854,00000000	0,98294963
854,20000000	0,98348207
854,40000000	0,98366403
854,60000000	0,98424483
854,80000000	0,98451236
855,00000000	0,98501900
855,20000000	0,98525579
855,40000000	0,98533136
855,60000000	0,98555459
855,80000000	0,98597195
856,00000000	0,98611587
856,20000000	0,98627579
856,40000000	0,98617808
856,60000000	0,98651652
856,80000000	0,98656969
857,00000000	0,98675872
857,20000000	0,98667632
857,40000000	0,98681052
857,60000000	0,98684885
857,80000000	0,98691130
858,00000000	0,98670493
858,20000000	0,98642361
858,40000000	0,98679124
858,60000000	0,98650660
858,80000000	0,98617093
859,00000000	0,98597082
859,20000000	0,98580388
859,40000000	0,98583371
859,60000000	0,98550356
859,80000000	0,98521480
860,00000000	0,98500437
860,20000000	0,98470574
860,40000000	0,98437001
860,60000000	0,98413777
860,80000000	0,98359990
861,00000000	0,98333301
861,20000000	0,98324984
861,40000000	0,98259287
861,60000000	0,98206108
861,80000000	0,98200948
862,00000000	0,98152862
862,20000000	0,98100944
862,40000000	0,98068958
862,60000000	0,98013099
862,80000000	0,98013241
863,00000000	0,97963789
863,20000000	0,97917849
863,40000000	0,97887058
863,60000000	0,97832457
863,80000000	0,97811243
864,00000000	0,97774402
864,20000000	0,97732951
864,40000000	0,97707229
864,60000000	0,97646316
864,80000000	0,97599918
865,00000000	0,97548797
865,20000000	0,97512851
865,40000000	0,97520730
865,60000000	0,97459690
865,80000000	0,97393707
866,00000000	0,97378215
866,20000000	0,97360787
866,40000000	0,97342432
866,60000000	0,97258657
866,80000000	0,97221655
867,00000000	0,97218300
867,20000000	0,97197751
867,40000000	0,97149697
867,60000000	0,97139895
867,80000000	0,97156212
868,00000000	0,97111460
868,20000000	0,97033399
868,40000000	0,97002546
868,60000000	0,97005860
868,80000000	0,96995438
869,00000000	0,96952299
869,20000000	0,96924760
869,40000000	0,96930749
869,60000000	0,96920917
869,80000000	0,96889602
870,00000000	0,96837393
870,20000000	0,96819303
870,40000000	0,96834425
870,60000000	0,96817927
870,80000000	0,96790827
871,00000000	0,96785315
871,20000000	0,96807242
871,40000000	0,96751951
871,60000000	0,96733140
871,80000000	0,96769679
872,00000000	0,96703328
872,20000000	0,96745277
872,40000000	0,96702215
872,60000000	0,96665511
872,80000000	0,96702889
873,00000000	0,96675516
873,20000000	0,96671695
873,40000000	0,96623475
873,60000000	0,96646419
873,80000000	0,96646361
874,00000000	0,96636003
874,20000000	0,96610545
874,40000000	0,96612110
874,60000000	0,96562820
874,80000000	0,96546202
875,00000000	0,96539843
875,20000000	0,96489064
875,40000000	0,96537391
875,60000000	0,96479246
875,80000000	0,96482150
876,00000000	0,96476511
876,20000000	0,96480787
876,40000000	0,96441417
876,60000000	0,96394561
876,80000000	0,96406987
877,00000000	0,96374282
877,20000000	0,96354530
877,40000000	0,96347900
877,60000000	0,96263424
877,80000000	0,96227188
878,00000000	0,96282396
878,20000000	0,96164481
878,40000000	0,96172347
878,60000000	0,96150433
878,80000000	0,96100312
879,00000000	0,96110783
879,20000000	0,96080711
879,40000000	0,95997413
879,60000000	0,95962007
879,80000000	0,95921333
880,00000000	0,95867735
880,20000000	0,95891802
880,40000000	0,95788126
880,60000000	0,95720878
880,80000000	0,95712553
881,00000000	0,95720870
881,20000000	0,95687140
881,40000000	0,95583380
881,60000000	0,95589800
881,80000000	0,95540679
882,00000000	0,95487452
882,20000000	0,95425344
882,40000000	0,95335142
882,60000000	0,95330650
882,80000000	0,95335711
883,00000000	0,95186821
883,20000000	0,95180201
883,40000000	0,95134598
883,60000000	0,95050504
883,80000000	0,95029364
884,00000000	0,94930435
884,20000000	0,94912074
884,40000000	0,94868367
884,60000000	0,94814193
884,80000000	0,94780930
885,00000000	0,94728555
885,20000000	0,94660611
885,40000000	0,94638051
885,60000000	0,94570711
885,80000000	0,94553158
886,00000000	0,94471164
886,20000000	0,94466627
886,40000000	0,94414820
886,60000000	0,94393368
886,80000000	0,94349067
887,00000000	0,94335375
887,20000000	0,94252596
887,40000000	0,94218333
887,60000000	0,94149747
887,80000000	0,94132148
888,00000000	0,94105017
888,20000000	0,94131713
888,40000000	0,94053010
888,60000000	0,94004114
888,80000000	0,93983088
889,00000000	0,93977598
889,20000000	0,93944857
889,40000000	0,93944433
889,60000000	0,93956111
889,80000000	0,93855442
890,00000000	0,93904032
890,20000000	0,93867289
890,40000000	0,93847575
890,60000000	0,93828490
890,80000000	0,93854754
891,00000000	0,93875888
891,20000000	0,93813358
891,40000000	0,93774080
891,60000000	0,93828022
891,80000000	0,93842375
892,00000000	0,93889497
892,20000000	0,93819454
892,40000000	0,93776873
892,60000000	0,93866487
892,80000000	0,93842341
893,00000000	0,93793469
893,20000000	0,93870229
893,40000000	0,93862125
893,60000000	0,93912400
893,80000000	0,93899101
894,00000000	0,93931217
894,20000000	0,93986657
894,40000000	0,93990045
894,60000000	0,93991910
894,80000000	0,93984980
895,00000000	0,94051659
895,20000000	0,94077106
895,40000000	0,94159980
895,60000000	0,94138630
895,80000000	0,94147416
896,00000000	0,94221872
896,20000000	0,94268077
896,40000000	0,94265584
896,60000000	0,94320221
896,80000000	0,94348591
897,00000000	0,94344224
897,20000000	0,94409242
897,40000000	0,94415507
897,60000000	0,94487483
897,80000000	0,94488450
898,00000000	0,94579926
898,20000000	0,94635754
898,40000000	0,94575983
898,60000000	0,94664197
898,80000000	0,94683005
899,00000000	0,94758125
899,20000000	0,94770388
899,40000000	0,94775322
899,60000000	0,94862319
899,80000000	0,94898125
900,00000000	0,94895291
