200,00000000	0,98696821
200,20000000	0,97752228
200,40000000	0,88738132
200,60000000	0,94689866
200,80000000	0,98918201
201,00000000	0,92341315
201,20000000	0,96254563
201,40000000	0,90730109
201,60000000	0,94769172
201,80000000	0,94209581
202,00000000	0,97669396
202,20000000	0,88690548
202,40000000	0,96415944
202,60000000	0,94787241
202,80000000	0,87863498
203,00000000	0,94482845
203,20000000	0,90744026
203,40000000	0,98347252
203,60000000	0,95913850
203,80000000	0,96827160
204,00000000	0,89438132
204,20000000	0,90736365
204,40000000	0,94995990
204,60000000	0,95436688
204,80000000	0,98732842
205,00000000	0,88412600
205,20000000	0,93531167
205,40000000	0,94185020
205,60000000	0,86262020
205,80000000	0,97952072
206,00000000	0,89917071
206,20000000	0,90100870
206,40000000	0,78451021
206,60000000	0,98327429
206,80000000	0,96018392
207,00000000	0,91346150
207,20000000	0,98003711
207,40000000	0,68069966
207,60000000	0,89967441
207,80000000	0,94916488
208,00000000	0,97975267
208,20000000	0,57175057
208,40000000	0,96716844
208,60000000	0,72912164
208,80000000	0,73227051
209,00000000	0,96262101
209,20000000	0,98979563
209,40000000	0,61613822
209,60000000	0,95060238
209,80000000	0,90960966
210,00000000	0,88029104
210,20000000	0,94782654
210,40000000	0,86495037
210,60000000	0,62230805
210,80000000	0,82492217
211,00000000	0,90856188
211,20000000	0,91110987
211,40000000	0,97855639
211,60000000	0,90986301
211,80000000	0,72119799
212,00000000	0,82109391
212,20000000	0,78320370
212,40000000	0,91918731
212,60000000	0,88811384
212,80000000	0,90389137
213,00000000	0,75240020
213,20000000	0,89578628
213,40000000	0,80745729
213,60000000	0,85704427
213,80000000	0,94740184
214,00000000	0,80690994
214,20000000	0,74105184
214,40000000	0,80966838
214,60000000	0,87427137
214,80000000	0,82703477
215,00000000	0,89596901
215,20000000	0,81845359
215,40000000	0,67335047
215,60000000	0,85851325
215,80000000	0,91495217
216,00000000	0,67608881
216,20000000	0,82361751
216,40000000	0,91259210
216,60000000	0,68990354
216,80000000	0,75068312
217,00000000	0,92495258
217,20000000	0,76094746
217,40000000	0,79900848
217,60000000	0,80623029
217,80000000	0,69813833
218,00000000	0,86135245
218,20000000	0,67574205
218,40000000	0,92910594
218,60000000	0,67540061
218,80000000	0,87258306
219,00000000	0,71424668
219,20000000	0,79614071
219,40000000	0,73635912
219,60000000	0,47050334
219,80000000	0,82655512
220,00000000	0,82153230
220,20000000	0,81180017
220,40000000	0,73927239
220,60000000	0,81182402
220,80000000	0,59953910
221,00000000	0,63254379
221,20000000	0,86856424
221,40000000	0,90009992
221,60000000	0,65284867
221,80000000	0,13420842
222,00000000	0,73080091
222,20000000	0,81014138
222,40000000	0,82466786
222,60000000	0,61792454
222,80000000	0,73232143
223,00000000	0,66426225
223,20000000	0,72857296
223,40000000	0,81528198
223,60000000	0,66610177
223,80000000	0,62531356
224,00000000	0,73385369
224,20000000	0,75069307
224,40000000	0,70613902
224,60000000	0,52577949
224,80000000	0,63806930
225,00000000	0,76222633
225,20000000	0,72151674
225,40000000	0,58962669
225,60000000	0,69931007
225,80000000	0,72416781
226,00000000	0,59565987
226,20000000	0,62129184
226,40000000	0,71968189
226,60000000	0,68435246
226,80000000	0,68266712
227,00000000	0,62522357
227,20000000	0,60241384
227,40000000	0,58740835
227,60000000	0,58588832
227,80000000	0,68834228
228,00000000	0,67709566
228,20000000	0,72302272
228,40000000	0,54260595
228,60000000	0,43697791
228,80000000	0,65104090
229,00000000	0,59896984
229,20000000	0,65746035
229,40000000	0,64699199
229,60000000	0,56255555
229,80000000	0,59627553
230,00000000	0,49616318
230,20000000	0,59408586
230,40000000	0,59023247
230,60000000	0,64910576
230,80000000	0,61311421
231,00000000	0,51815422
231,20000000	0,53211937
231,40000000	0,57927663
231,60000000	0,51363258
231,80000000	0,51202481
232,00000000	0,54901060
232,20000000	0,55136851
232,40000000	0,52921029
232,60000000	0,52539704
232,80000000	0,55723304
233,00000000	0,57871792
233,20000000	0,49887194
233,40000000	0,52153060
233,60000000	0,53509042
233,80000000	0,54327178
234,00000000	0,45753482
234,20000000	0,54346164
234,40000000	0,44933154
234,60000000	0,58638323
234,80000000	0,50828139
235,00000000	0,52967907
235,20000000	0,55028585
235,40000000	0,42316621
235,60000000	0,60156139
235,80000000	0,49496968
236,00000000	0,47582073
236,20000000	0,45491091
236,40000000	0,50369052
236,60000000	0,52633025
236,80000000	0,48604423
237,00000000	0,51413105
237,20000000	0,49388884
237,40000000	0,51933168
237,60000000	0,48309905
237,80000000	0,40588881
238,00000000	0,46265549
238,20000000	0,48233746
238,40000000	0,45140029
238,60000000	0,46594871
238,80000000	0,50899831
239,00000000	0,43934828
239,20000000	0,52253712
239,40000000	0,43892074
239,60000000	0,44969031
239,80000000	0,53867094
240,00000000	0,42060407
240,20000000	0,45746358
240,40000000	0,46648653
240,60000000	0,45583198
240,80000000	0,39483272
241,00000000	0,46449944
241,20000000	0,41097907
241,40000000	0,51832531
241,60000000	0,39470380
241,80000000	0,44714418
242,00000000	0,48727179
242,20000000	0,51059743
242,40000000	0,41697551
242,60000000	0,43304473
242,80000000	0,43377308
243,00000000	0,42574774
243,20000000	0,40690501
243,40000000	0,48788743
243,60000000	0,41772421
243,80000000	0,49170675
244,00000000	0,45034854
244,20000000	0,41414918
244,40000000	0,43072667
244,60000000	0,41051606
244,80000000	0,46706417
245,00000000	0,40438049
245,20000000	0,46296872
245,40000000	0,37039729
245,60000000	0,45911326
245,80000000	0,44646960
246,00000000	0,38048064
246,20000000	0,46818982
246,40000000	0,42448484
246,60000000	0,46642564
246,80000000	0,41726390
247,00000000	0,43132199
247,20000000	0,42531187
247,40000000	0,45423011
247,60000000	0,32269618
247,80000000	0,37929923
248,00000000	0,46026523
248,20000000	0,38864505
248,40000000	0,46350597
248,60000000	0,39748881
248,80000000	0,44002815
249,00000000	0,42996542
249,20000000	0,43469816
249,40000000	0,44044552
249,60000000	0,31881750
249,80000000	0,40324192
250,00000000	0,34400179
250,20000000	0,43973647
250,40000000	0,45151264
250,60000000	0,50181831
250,80000000	0,38945562
251,00000000	0,34965482
251,20000000	0,48179345
251,40000000	0,39643242
251,60000000	0,39238921
251,80000000	0,38956079
252,00000000	0,40531665
252,20000000	0,46990919
252,40000000	0,37429747
252,60000000	0,40783687
252,80000000	0,39181474
253,00000000	0,43945340
253,20000000	0,31657093
253,40000000	0,34250828
253,60000000	0,40720114
253,80000000	0,46408357
254,00000000	0,42632061
254,20000000	0,44963631
254,40000000	0,36753495
254,60000000	0,44931891
254,80000000	0,45552168
255,00000000	0,39477803
255,20000000	0,32035739
255,40000000	0,32815054
255,60000000	0,47483039
255,80000000	0,48794242
256,00000000	0,36018610
256,20000000	0,39186901
256,40000000	0,46304296
256,60000000	0,43159446
256,80000000	0,39240453
257,00000000	0,41062085
257,20000000	0,40900943
257,40000000	0,43164754
257,60000000	0,41310245
257,80000000	0,40098280
258,00000000	0,42230014
258,20000000	0,42478208
258,40000000	0,45088488
258,60000000	0,40944480
258,80000000	0,40638405
259,00000000	0,37163600
259,20000000	0,44461498
259,40000000	0,42014010
259,60000000	0,40604658
259,80000000	0,41610193
260,00000000	0,47650435
260,20000000	0,44583188
260,40000000	0,40314505
260,60000000	0,42952629
260,80000000	0,41845259
261,00000000	0,45938040
261,20000000	0,41607401
261,40000000	0,46367567
261,60000000	0,43832593
261,80000000	0,46876353
262,00000000	0,46195250
262,20000000	0,47110245
262,40000000	0,48427378
262,60000000	0,48148262
262,80000000	0,49089281
263,00000000	0,46509092
263,20000000	0,49509285
263,40000000	0,46982181
263,60000000	0,49956733
263,80000000	0,48982064
264,00000000	0,51843590
264,20000000	0,51642307
264,40000000	0,52139933
264,60000000	0,53712614
264,80000000	0,53845248
265,00000000	0,53005293
265,20000000	0,54501888
265,40000000	0,56302855
265,60000000	0,57488351
265,80000000	0,57651734
266,00000000	0,54418958
266,20000000	0,57349774
266,40000000	0,60424556
266,60000000	0,60804475
266,80000000	0,62335748
267,00000000	0,63502940
267,20000000	0,59528414
267,40000000	0,64242695
267,60000000	0,62593613
267,80000000	0,67420909
268,00000000	0,66507938
268,20000000	0,71302410
268,40000000	0,67545002
268,60000000	0,67773639
268,80000000	0,69895754
269,00000000	0,73098106
269,20000000	0,75254620
269,40000000	0,75193317
269,60000000	0,75920788
269,80000000	0,74005625
270,00000000	0,77199609
270,20000000	0,76936615
270,40000000	0,81764937
270,60000000	0,82954143
270,80000000	0,79690831
271,00000000	0,78027819
271,20000000	0,80662672
271,40000000	0,80585655
271,60000000	0,84029575
271,80000000	0,84210805
272,00000000	0,83778733
272,20000000	0,81964316
272,40000000	0,83584757
272,60000000	0,81984597
272,80000000	0,85160407
273,00000000	0,84470491
273,20000000	0,81573239
273,40000000	0,84452906
273,60000000	0,79949633
273,80000000	0,79228197
274,00000000	0,80006027
274,20000000	0,83850104
274,40000000	0,79905017
274,60000000	0,82242688
274,80000000	0,77315440
275,00000000	0,78822659
275,20000000	0,76882775
275,40000000	0,74167410
275,60000000	0,77403109
275,80000000	0,77534644
276,00000000	0,73833655
276,20000000	0,72599283
276,40000000	0,75214295
276,60000000	0,73880110
276,80000000	0,72428907
277,00000000	0,74853715
277,20000000	0,72975087
277,40000000	0,72070089
277,60000000	0,72992239
277,80000000	0,72860278
278,00000000	0,72983685
278,20000000	0,73664141
278,40000000	0,73138880
278,60000000	0,73984957
278,80000000	0,74054863
279,00000000	0,75184395
279,20000000	0,73621642
279,40000000	0,72909594
279,60000000	0,74374835
279,80000000	0,74350287
280,00000000	0,75931459
280,20000000	0,72978835
280,40000000	0,71998837
280,60000000	0,72665233
280,80000000	0,69112742
281,00000000	0,70890318
281,20000000	0,68485952
281,40000000	0,67008441
281,60000000	0,66933390
281,80000000	0,65248498
282,00000000	0,62903812
282,20000000	0,61537750
282,40000000	0,57021823
282,60000000	0,58557890
282,80000000	0,54936581
283,00000000	0,54072498
283,20000000	0,53675741
283,40000000	0,48716325
283,60000000	0,49344994
283,80000000	0,48129440
284,00000000	0,46814293
284,20000000	0,44179587
284,40000000	0,45895266
284,60000000	0,43845145
284,80000000	0,42656507
285,00000000	0,41178706
285,20000000	0,37194296
285,40000000	0,40447991
285,60000000	0,39642675
285,80000000	0,36882150
286,00000000	0,36514322
286,20000000	0,36329029
286,40000000	0,35095268
286,60000000	0,34758918
286,80000000	0,32175338
287,00000000	0,31415530
287,20000000	0,33667391
287,40000000	0,34265798
287,60000000	0,31682992
287,80000000	0,30651482
288,00000000	0,30653785
288,20000000	0,29592559
288,40000000	0,27189645
288,60000000	0,30458725
288,80000000	0,33240735
289,00000000	0,27757140
289,20000000	0,29654442
289,40000000	0,27227941
289,60000000	0,28718165
289,80000000	0,26190448
290,00000000	0,27441649
290,20000000	0,27490242
290,40000000	0,27730651
290,60000000	0,25379119
290,80000000	0,27812152
291,00000000	0,25811527
291,20000000	0,25169489
291,40000000	0,22616599
291,60000000	0,24576707
291,80000000	0,25606014
292,00000000	0,25398212
292,20000000	0,25382748
292,40000000	0,24373967
292,60000000	0,21947973
292,80000000	0,23859560
293,00000000	0,24710830
293,20000000	0,25228697
293,40000000	0,23872333
293,60000000	0,24801628
293,80000000	0,25198185
294,00000000	0,21294055
294,20000000	0,22467590
294,40000000	0,21926501
294,60000000	0,23722170
294,80000000	0,22310148
295,00000000	0,23753174
295,20000000	0,20302932
295,40000000	0,23199912
295,60000000	0,21014385
295,80000000	0,20850001
296,00000000	0,20487300
296,20000000	0,22868567
296,40000000	0,23344198
296,60000000	0,22765819
296,80000000	0,22219889
297,00000000	0,22085089
297,20000000	0,20178092
297,40000000	0,22687596
297,60000000	0,19077163
297,80000000	0,19730473
298,00000000	0,21420178
298,20000000	0,22421092
298,40000000	0,20652057
298,60000000	0,19759004
298,80000000	0,20597118
299,00000000	0,18702875
299,20000000	0,21357388
299,40000000	0,21017817
299,60000000	0,20094739
299,80000000	0,21567478
300,00000000	0,20456151
300,20000000	0,19725531
300,40000000	0,20226538
300,60000000	0,21006642
300,80000000	0,20417049
301,00000000	0,22443120
301,20000000	0,18952890
301,40000000	0,18695496
301,60000000	0,19858939
301,80000000	0,20711924
302,00000000	0,19142917
302,20000000	0,19101327
302,40000000	0,20137560
302,60000000	0,19264973
302,80000000	0,19736125
303,00000000	0,19102990
303,20000000	0,19322542
303,40000000	0,18827631
303,60000000	0,20958625
303,80000000	0,19002941
304,00000000	0,17931223
304,20000000	0,20226987
304,40000000	0,19127963
304,60000000	0,18303723
304,80000000	0,19446045
305,00000000	0,18745138
305,20000000	0,17744608
305,40000000	0,20121535
305,60000000	0,19491552
305,80000000	0,17276231
306,00000000	0,19390945
306,20000000	0,19602619
306,40000000	0,18510506
306,60000000	0,18647042
306,80000000	0,19190063
307,00000000	0,18447036
307,20000000	0,20832862
307,40000000	0,19119127
307,60000000	0,19020018
307,80000000	0,18978078
308,00000000	0,19840478
308,20000000	0,18395936
308,40000000	0,17419560
308,60000000	0,19223820
308,80000000	0,17927746
309,00000000	0,19312774
309,20000000	0,17715389
309,40000000	0,18379664
309,60000000	0,17676752
309,80000000	0,17845767
310,00000000	0,19196999
310,20000000	0,18603494
310,40000000	0,19209518
310,60000000	0,17479151
310,80000000	0,17197659
311,00000000	0,18026405
311,20000000	0,18277569
311,40000000	0,17591403
311,60000000	0,18315677
311,80000000	0,17951624
312,00000000	0,17350272
312,20000000	0,18419904
312,40000000	0,17830756
312,60000000	0,17105489
312,80000000	0,18044081
313,00000000	0,18147517
313,20000000	0,18359589
313,40000000	0,17936177
313,60000000	0,16962414
313,80000000	0,18413656
314,00000000	0,17648381
314,20000000	0,18170174
314,40000000	0,17471273
314,60000000	0,17290478
314,80000000	0,17558206
315,00000000	0,18320154
315,20000000	0,17926721
315,40000000	0,17280981
315,60000000	0,18240776
315,80000000	0,17163134
316,00000000	0,17633738
316,20000000	0,18760447
316,40000000	0,16596466
316,60000000	0,16897359
316,80000000	0,17970315
317,00000000	0,17284909
317,20000000	0,18268051
317,40000000	0,17620455
317,60000000	0,17948081
317,80000000	0,18137532
318,00000000	0,17561214
318,20000000	0,17718044
318,40000000	0,17495659
318,60000000	0,17368818
318,80000000	0,18631534
319,00000000	0,17378805
319,20000000	0,17492324
319,40000000	0,17541316
319,60000000	0,17571807
319,80000000	0,17227924
320,00000000	0,17256232
320,20000000	0,17818565
320,40000000	0,17996146
320,60000000	0,16819378
320,80000000	0,17115588
321,00000000	0,17361629
321,20000000	0,17441383
321,40000000	0,18114856
321,60000000	0,17036528
321,80000000	0,17491949
322,00000000	0,17573690
322,20000000	0,17525776
322,40000000	0,17235906
322,60000000	0,16943770
322,80000000	0,16986299
323,00000000	0,17358420
323,20000000	0,18034288
323,40000000	0,17820707
323,60000000	0,17963477
323,80000000	0,17340446
324,00000000	0,17202467
324,20000000	0,17358638
324,40000000	0,17385770
324,60000000	0,18075763
324,80000000	0,17268506
325,00000000	0,17253692
325,20000000	0,17979359
325,40000000	0,17273305
325,60000000	0,16860502
325,80000000	0,17337659
326,00000000	0,16591603
326,20000000	0,17236228
326,40000000	0,16792838
326,60000000	0,17485897
326,80000000	0,17451441
327,00000000	0,16736619
327,20000000	0,17038324
327,40000000	0,16755949
327,60000000	0,17649336
327,80000000	0,17192605
328,00000000	0,17256931
328,20000000	0,16364700
328,40000000	0,16652474
328,60000000	0,17377349
328,80000000	0,17430151
329,00000000	0,16689794
329,20000000	0,17176759
329,40000000	0,17257034
329,60000000	0,17772372
329,80000000	0,17343016
330,00000000	0,17445465
330,20000000	0,16915655
330,40000000	0,16696385
330,60000000	0,17522240
330,80000000	0,17561964
331,00000000	0,17103746
331,20000000	0,17442494
331,40000000	0,17490322
331,60000000	0,17357868
331,80000000	0,17455479
332,00000000	0,17300656
332,20000000	0,17468301
332,40000000	0,17392115
332,60000000	0,17647703
332,80000000	0,17413844
333,00000000	0,16943154
333,20000000	0,17330077
333,40000000	0,17466203
333,60000000	0,17233059
333,80000000	0,16424498
334,00000000	0,17601217
334,20000000	0,17404854
334,40000000	0,17835312
334,60000000	0,17680010
334,80000000	0,16989522
335,00000000	0,16906789
335,20000000	0,17399447
335,40000000	0,17417357
335,60000000	0,17235328
335,80000000	0,17004593
336,00000000	0,17267791
336,20000000	0,17929856
336,40000000	0,17426977
336,60000000	0,17420714
336,80000000	0,17458642
337,00000000	0,17505631
337,20000000	0,17381709
337,40000000	0,17817962
337,60000000	0,17686908
337,80000000	0,17532902
338,00000000	0,17985255
338,20000000	0,17844966
338,40000000	0,17534930
338,60000000	0,17690939
338,80000000	0,17628031
339,00000000	0,17832976
339,20000000	0,17898499
339,40000000	0,17882863
339,60000000	0,17852124
339,80000000	0,17877368
340,00000000	0,17645107
340,20000000	0,17986335
340,40000000	0,18066421
340,60000000	0,17713941
340,80000000	0,18164929
341,00000000	0,18280812
341,20000000	0,18182075
341,40000000	0,18207197
341,60000000	0,18639212
341,80000000	0,18226710
342,00000000	0,18120446
342,20000000	0,18634725
342,40000000	0,18253675
342,60000000	0,18275849
342,80000000	0,18541232
343,00000000	0,18675629
343,20000000	0,18423365
343,40000000	0,18556506
343,60000000	0,18699739
343,80000000	0,18510655
344,00000000	0,18717046
344,20000000	0,18977493
344,40000000	0,18877882
344,60000000	0,18834499
344,80000000	0,19066360
345,00000000	0,19216722
345,20000000	0,19091161
345,40000000	0,19323457
345,60000000	0,19545708
345,80000000	0,19483432
346,00000000	0,19529771
346,20000000	0,19657290
346,40000000	0,19693903
346,60000000	0,19702815
346,80000000	0,19802168
347,00000000	0,20031680
347,20000000	0,20044366
347,40000000	0,20279312
347,60000000	0,20134466
347,80000000	0,20313740
348,00000000	0,20391084
348,20000000	0,20486190
348,40000000	0,20610625
348,60000000	0,20765616
348,80000000	0,20874282
349,00000000	0,20791190
349,20000000	0,21134597
349,40000000	0,21345448
349,60000000	0,21210980
349,80000000	0,21441601
350,00000000	0,21537041
350,20000000	0,21830347
350,40000000	0,21848432
350,60000000	0,21989309
350,80000000	0,22295638
351,00000000	0,22362591
351,20000000	0,22465917
351,40000000	0,22669864
351,60000000	0,23075669
351,80000000	0,23281133
352,00000000	0,22984066
352,20000000	0,23615971
352,40000000	0,23687449
352,60000000	0,24082675
352,80000000	0,23830533
353,00000000	0,24095452
353,20000000	0,24819482
353,40000000	0,24653412
353,60000000	0,25237453
353,80000000	0,25454445
354,00000000	0,25639957
354,20000000	0,25634482
354,40000000	0,25510142
354,60000000	0,26525183
354,80000000	0,26694216
355,00000000	0,26806837
355,20000000	0,27200263
355,40000000	0,27454149
355,60000000	0,28164844
355,80000000	0,28346724
356,00000000	0,28249417
356,20000000	0,28550435
356,40000000	0,28663267
356,60000000	0,29367156
356,80000000	0,29817484
357,00000000	0,30797441
357,20000000	0,30827855
357,40000000	0,30760270
357,60000000	0,32000451
357,80000000	0,32825089
358,00000000	0,33480983
358,20000000	0,33645672
358,40000000	0,33668682
358,60000000	0,34173822
358,80000000	0,35279975
359,00000000	0,35773254
359,20000000	0,36678608
359,40000000	0,36887591
359,60000000	0,37665905
359,80000000	0,37981731
360,00000000	0,39148777
360,20000000	0,39639907
360,40000000	0,40493066
360,60000000	0,41402672
360,80000000	0,41498489
361,00000000	0,41760945
361,20000000	0,43046888
361,40000000	0,43540373
361,60000000	0,45824009
361,80000000	0,45584667
362,00000000	0,46308797
362,20000000	0,48354690
362,40000000	0,49222734
362,60000000	0,49636545
362,80000000	0,51101884
363,00000000	0,50482125
363,20000000	0,52635610
363,40000000	0,54520527
363,60000000	0,55334743
363,80000000	0,57121548
364,00000000	0,57561616
364,20000000	0,58331707
364,40000000	0,59158093
364,60000000	0,61506163
364,80000000	0,62852575
365,00000000	0,62314408
365,20000000	0,65074535
365,40000000	0,64938921
365,60000000	0,67623453
365,80000000	0,67809241
366,00000000	0,69232363
366,20000000	0,70175732
366,40000000	0,72100315
366,60000000	0,72359131
366,80000000	0,73221583
367,00000000	0,74298222
367,20000000	0,75920726
367,40000000	0,75908625
367,60000000	0,77288676
367,80000000	0,77558819
368,00000000	0,78335449
368,20000000	0,79492623
368,40000000	0,80313604
368,60000000	0,80756251
368,80000000	0,81887474
369,00000000	0,81099990
369,20000000	0,81541979
369,40000000	0,81872450
369,60000000	0,82441245
369,80000000	0,82593206
370,00000000	0,81739438
370,20000000	0,83244392
370,40000000	0,81396949
370,60000000	0,82739183
370,80000000	0,82643251
371,00000000	0,79990587
371,20000000	0,81645349
371,40000000	0,80343763
371,60000000	0,78702519
371,80000000	0,80570191
372,00000000	0,78248900
372,20000000	0,76953880
372,40000000	0,78073560
372,60000000	0,76059355
372,80000000	0,75269967
373,00000000	0,75689026
373,20000000	0,73724363
373,40000000	0,72192906
373,60000000	0,72715807
373,80000000	0,71357863
374,00000000	0,69616845
374,20000000	0,70641165
374,40000000	0,68385778
374,60000000	0,66407751
374,80000000	0,67764989
375,00000000	0,65634512
375,20000000	0,63770975
375,40000000	0,65293463
375,60000000	0,62443793
375,80000000	0,61610284
376,00000000	0,62404760
376,20000000	0,60054227
376,40000000	0,59045659
376,60000000	0,59339020
376,80000000	0,57633648
377,00000000	0,56134477
377,20000000	0,56699602
377,40000000	0,55649761
377,60000000	0,54065414
377,80000000	0,54494986
378,00000000	0,53111926
378,20000000	0,51563584
378,40000000	0,52134200
378,60000000	0,50708139
378,80000000	0,49449694
379,00000000	0,50159746
379,20000000	0,48902371
379,40000000	0,47826207
379,60000000	0,47821917
379,80000000	0,47062059
380,00000000	0,45980215
380,20000000	0,45957871
380,40000000	0,45034185
380,60000000	0,43870243
380,80000000	0,44325544
381,00000000	0,43418603
381,20000000	0,42488405
381,40000000	0,42907217
381,60000000	0,42505320
381,80000000	0,41650707
382,00000000	0,40765573
382,20000000	0,40517295
382,40000000	0,39999007
382,60000000	0,39462630
382,80000000	0,39258542
383,00000000	0,39000980
383,20000000	0,38369348
383,40000000	0,38173990
383,60000000	0,37653625
383,80000000	0,36775851
384,00000000	0,36726811
384,20000000	0,36574743
384,40000000	0,35724588
384,60000000	0,35624626
384,80000000	0,35291552
385,00000000	0,35027202
385,20000000	0,35259818
385,40000000	0,34943250
385,60000000	0,34204248
385,80000000	0,33856136
386,00000000	0,33848199
386,20000000	0,33385471
386,40000000	0,32974905
386,60000000	0,33120537
386,80000000	0,32904966
387,00000000	0,32164661
387,20000000	0,32601300
387,40000000	0,32084978
387,60000000	0,31239659
387,80000000	0,31661415
388,00000000	0,31385596
388,20000000	0,30485226
388,40000000	0,31362529
388,60000000	0,30952286
388,80000000	0,30067494
389,00000000	0,30389909
389,20000000	0,30438122
389,40000000	0,29534496
389,60000000	0,29617618
389,80000000	0,29777722
390,00000000	0,29217084
390,20000000	0,29146529
390,40000000	0,29540064
390,60000000	0,28570945
390,80000000	0,28374820
391,00000000	0,29044361
391,20000000	0,28241915
391,40000000	0,27787844
391,60000000	0,28483693
391,80000000	0,27764245
392,00000000	0,27609032
392,20000000	0,28041707
392,40000000	0,27689065
392,60000000	0,27079816
392,80000000	0,27340169
393,00000000	0,27220414
393,20000000	0,26739389
393,40000000	0,27016258
393,60000000	0,26816400
393,80000000	0,26523298
394,00000000	0,26742041
394,20000000	0,26632733
394,40000000	0,26304897
394,60000000	0,26658099
394,80000000	0,26380222
395,00000000	0,25665472
395,20000000	0,26027553
395,40000000	0,26238343
395,60000000	0,25756885
395,80000000	0,25276364
396,00000000	0,25946694
396,20000000	0,25175329
396,40000000	0,24574636
396,60000000	0,25665183
396,80000000	0,25061617
397,00000000	0,24829031
397,20000000	0,25133689
397,40000000	0,24227770
397,60000000	0,24997430
397,80000000	0,25031756
398,00000000	0,23970764
398,20000000	0,24985889
398,40000000	0,24246373
398,60000000	0,23677194
398,80000000	0,23977854
399,00000000	0,24097356
399,20000000	0,24387985
399,40000000	0,23930287
399,60000000	0,23806673
399,80000000	0,23821445
400,00000000	0,23733113
400,20000000	0,23241200
400,40000000	0,23895767
400,60000000	0,24543457
400,80000000	0,22757717
401,00000000	0,23311426
401,20000000	0,23676508
401,40000000	0,22093183
401,60000000	0,22530750
401,80000000	0,22600019
402,00000000	0,22629813
402,20000000	0,23360573
402,40000000	0,21584428
402,60000000	0,22468480
402,80000000	0,23397850
403,00000000	0,21075989
403,20000000	0,21978058
403,40000000	0,23363852
403,60000000	0,20984161
403,80000000	0,21591904
404,00000000	0,23195766
404,20000000	0,22508378
404,40000000	0,22429179
404,60000000	0,22120040
404,80000000	0,21477842
405,00000000	0,22149868
405,20000000	0,21169526
405,40000000	0,20993441
405,60000000	0,21875928
405,80000000	0,21574977
406,00000000	0,20626200
406,20000000	0,21385173
406,40000000	0,21625215
406,60000000	0,20253878
406,80000000	0,20432135
407,00000000	0,20975270
407,20000000	0,20230406
407,40000000	0,20606631
407,60000000	0,20090864
407,80000000	0,20105580
408,00000000	0,20459309
408,20000000	0,19086073
408,40000000	0,20819524
408,60000000	0,21572215
408,80000000	0,19349722
409,00000000	0,20410928
409,20000000	0,21293711
409,40000000	0,19762579
409,60000000	0,20717578
409,80000000	0,21089966
410,00000000	0,20201504
410,20000000	0,20412288
410,40000000	0,19722408
410,60000000	0,19180668
410,80000000	0,20298547
411,00000000	0,19720624
411,20000000	0,19149346
411,40000000	0,19724848
411,60000000	0,20143442
411,80000000	0,18665853
412,00000000	0,19161239
412,20000000	0,20737145
412,40000000	0,19034692
412,60000000	0,19085165
412,80000000	0,19906744
413,00000000	0,19185098
413,20000000	0,19233826
413,40000000	0,19215869
413,60000000	0,19866827
413,80000000	0,18654347
414,00000000	0,17549712
414,20000000	0,19339546
414,40000000	0,19405762
414,60000000	0,18007578
414,80000000	0,18843937
415,00000000	0,19133484
415,20000000	0,19514378
415,40000000	0,19771613
415,60000000	0,19679668
415,80000000	0,19771476
416,00000000	0,19727543
416,20000000	0,18911177
416,40000000	0,17986668
416,60000000	0,18813035
416,80000000	0,19417591
417,00000000	0,18024164
417,20000000	0,18819381
417,40000000	0,19246772
417,60000000	0,18457631
417,80000000	0,17665138
418,00000000	0,19047612
418,20000000	0,18550900
418,40000000	0,17416613
418,60000000	0,18426450
418,80000000	0,18497826
419,00000000	0,18863523
419,20000000	0,18689018
419,40000000	0,18305607
419,60000000	0,19101271
419,80000000	0,18548519
420,00000000	0,18524735
420,20000000	0,18991356
420,40000000	0,18765626
420,60000000	0,18345707
420,80000000	0,18836238
421,00000000	0,18387466
421,20000000	0,17982213
421,40000000	0,17760836
421,60000000	0,18087387
421,80000000	0,18562021
422,00000000	0,18975031
422,20000000	0,17751200
422,40000000	0,18293360
422,60000000	0,19095812
422,80000000	0,18187610
423,00000000	0,17938851
423,20000000	0,18916819
423,40000000	0,18058848
423,60000000	0,17243534
423,80000000	0,18519190
424,00000000	0,18848193
424,20000000	0,18012683
424,40000000	0,17932012
424,60000000	0,18663956
424,80000000	0,18282419
425,00000000	0,18356804
425,20000000	0,17542434
425,40000000	0,17752402
425,60000000	0,18665845
425,80000000	0,18741806
426,00000000	0,17249052
426,20000000	0,17667077
426,40000000	0,18522862
426,60000000	0,17273973
426,80000000	0,18144190
427,00000000	0,18068580
427,20000000	0,17681344
427,40000000	0,17379798
427,60000000	0,17802693
427,80000000	0,17847228
428,00000000	0,17981588
428,20000000	0,17854509
428,40000000	0,18360278
428,60000000	0,17351411
428,80000000	0,16716303
429,00000000	0,17649973
429,20000000	0,18737923
429,40000000	0,18488558
429,60000000	0,16544151
429,80000000	0,18346337
430,00000000	0,19347348
430,20000000	0,17405636
430,40000000	0,16568549
430,60000000	0,17332269
430,80000000	0,16266430
431,00000000	0,18004011
431,20000000	0,18210025
431,40000000	0,16307052
431,60000000	0,17572745
431,80000000	0,17761447
432,00000000	0,18374004
432,20000000	0,17023402
432,40000000	0,16741108
432,60000000	0,16427358
432,80000000	0,16890355
433,00000000	0,18718059
433,20000000	0,18839248
433,40000000	0,17034749
433,60000000	0,16701555
433,80000000	0,19143706
434,00000000	0,17301568
434,20000000	0,16672511
434,40000000	0,17277050
434,60000000	0,16305180
434,80000000	0,15914219
435,00000000	0,19576648
435,20000000	0,19081455
435,40000000	0,16373858
435,60000000	0,17013636
435,80000000	0,16541191
436,00000000	0,18093541
436,20000000	0,16701627
436,40000000	0,16366304
436,60000000	0,17848283
436,80000000	0,17565944
437,00000000	0,18513249
437,20000000	0,19115644
437,40000000	0,15796571
437,60000000	0,15856306
437,80000000	0,18426589
438,00000000	0,15824509
438,20000000	0,17023440
438,40000000	0,18622275
438,60000000	0,16923254
438,80000000	0,16864741
439,00000000	0,17217407
439,20000000	0,17939650
439,40000000	0,17495307
439,60000000	0,16981472
439,80000000	0,19274931
440,00000000	0,18650047
440,20000000	0,15806873
440,40000000	0,17690021
440,60000000	0,18030014
440,80000000	0,15738745
441,00000000	0,17320992
441,20000000	0,17905321
441,40000000	0,16669108
441,60000000	0,16743234
441,80000000	0,18695318
442,00000000	0,17065873
442,20000000	0,16509245
442,40000000	0,17276146
442,60000000	0,16741213
442,80000000	0,16028856
443,00000000	0,16503081
443,20000000	0,17436423
443,40000000	0,15870058
443,60000000	0,15927184
443,80000000	0,18483371
444,00000000	0,17977659
444,20000000	0,14770039
444,40000000	0,15804397
444,60000000	0,17864095
444,80000000	0,15812073
445,00000000	0,16474858
445,20000000	0,17340998
445,40000000	0,15495389
445,60000000	0,15290465
445,80000000	0,16331703
446,00000000	0,16712102
446,20000000	0,16729440
446,40000000	0,16496909
446,60000000	0,16854281
446,80000000	0,16765506
447,00000000	0,16578914
447,20000000	0,16527011
447,40000000	0,15953970
447,60000000	0,15835160
447,80000000	0,16759075
448,00000000	0,16229019
448,20000000	0,14415356
448,40000000	0,16634666
448,60000000	0,18191524
448,80000000	0,16507628
449,00000000	0,15686058
449,20000000	0,16959758
449,40000000	0,17612633
449,60000000	0,16993754
449,80000000	0,16364494
450,00000000	0,16964260
450,20000000	0,16745446
450,40000000	0,16077247
450,60000000	0,16400532
450,80000000	0,17412994
451,00000000	0,17021086
451,20000000	0,16089471
451,40000000	0,15656004
451,60000000	0,16164200
451,80000000	0,17051647
452,00000000	0,16428945
452,20000000	0,16171672
452,40000000	0,16051198
452,60000000	0,17444715
452,80000000	0,18032475
453,00000000	0,16766759
453,20000000	0,16084294
453,40000000	0,15989851
453,60000000	0,16775310
453,80000000	0,17159804
454,00000000	0,16663995
454,20000000	0,16340898
454,40000000	0,16722076
454,60000000	0,17485517
454,80000000	0,18130502
455,00000000	0,17937372
455,20000000	0,16821586
455,40000000	0,15929609
455,60000000	0,16649143
455,80000000	0,18427016
456,00000000	0,18716024
456,20000000	0,16038906
456,40000000	0,13871067
456,60000000	0,15196204
456,80000000	0,17490464
457,00000000	0,17746179
457,20000000	0,15740776
457,40000000	0,14451184
457,60000000	0,15991495
457,80000000	0,18823801
458,00000000	0,18826813
458,20000000	0,16058235
458,40000000	0,14670277
458,60000000	0,15712600
458,80000000	0,18305717
459,00000000	0,19337577
459,20000000	0,17954827
459,40000000	0,15844875
459,60000000	0,16886082
459,80000000	0,18056192
460,00000000	0,17801757
460,20000000	0,16333706
460,40000000	0,15099645
460,60000000	0,15346640
460,80000000	0,14375676
461,00000000	0,14911283
461,20000000	0,15518285
461,40000000	0,14789764
461,60000000	0,16001976
461,80000000	0,16009827
462,00000000	0,16212093
462,20000000	0,16295593
462,40000000	0,15794774
462,60000000	0,16647418
462,80000000	0,16797283
463,00000000	0,16995037
463,20000000	0,18005465
463,40000000	0,17427457
463,60000000	0,17326183
463,80000000	0,17736975
464,00000000	0,17070816
464,20000000	0,17059014
464,40000000	0,17732200
464,60000000	0,17136281
464,80000000	0,16132052
465,00000000	0,15536195
465,20000000	0,15050030
465,40000000	0,16410059
465,60000000	0,16172623
465,80000000	0,15222817
466,00000000	0,15699600
466,20000000	0,15557595
466,40000000	0,16183873
466,60000000	0,16819115
466,80000000	0,16739877
467,00000000	0,17168401
467,20000000	0,17193262
467,40000000	0,16557240
467,60000000	0,16057244
467,80000000	0,15908205
468,00000000	0,16429278
468,20000000	0,17006765
468,40000000	0,16862221
468,60000000	0,17531151
468,80000000	0,18174618
469,00000000	0,17270644
469,20000000	0,16825402
469,40000000	0,17634237
469,60000000	0,17953024
469,80000000	0,17368314
470,00000000	0,17746164
470,20000000	0,17999473
470,40000000	0,17607587
470,60000000	0,17253955
470,80000000	0,16765683
471,00000000	0,16950012
471,20000000	0,16729446
471,40000000	0,16061918
471,60000000	0,16112941
471,80000000	0,16480068
472,00000000	0,16117120
472,20000000	0,16960608
472,40000000	0,17477128
472,60000000	0,16883174
472,80000000	0,16535794
473,00000000	0,17150779
473,20000000	0,17629163
473,40000000	0,17353612
473,60000000	0,16115712
473,80000000	0,15994624
474,00000000	0,17168199
474,20000000	0,16808051
474,40000000	0,16687663
474,60000000	0,16948135
474,80000000	0,17520561
475,00000000	0,18298986
475,20000000	0,17789586
475,40000000	0,17005443
475,60000000	0,17482408
475,80000000	0,16907173
476,00000000	0,15870662
476,20000000	0,16347253
476,40000000	0,17166804
476,60000000	0,17858050
476,80000000	0,17331070
477,00000000	0,16867941
477,20000000	0,17109976
477,40000000	0,17495264
477,60000000	0,16998580
477,80000000	0,17307918
478,00000000	0,17246182
478,20000000	0,17276509
478,40000000	0,18178102
478,60000000	0,17763369
478,80000000	0,17297703
479,00000000	0,17869253
479,20000000	0,17724043
479,40000000	0,17821743
479,60000000	0,18227756
479,80000000	0,18612575
480,00000000	0,19075185
480,20000000	0,18828779
480,40000000	0,17756108
480,60000000	0,17904020
480,80000000	0,17941283
481,00000000	0,18124583
481,20000000	0,18814968
481,40000000	0,18989222
481,60000000	0,18726774
481,80000000	0,18782916
482,00000000	0,19047978
482,20000000	0,18587304
482,40000000	0,18415186
482,60000000	0,18029610
482,80000000	0,18034281
483,00000000	0,18258647
483,20000000	0,17845805
483,40000000	0,17210269
483,60000000	0,18528088
483,80000000	0,19380243
484,00000000	0,18927898
484,20000000	0,18803898
484,40000000	0,18150850
484,60000000	0,18209794
484,80000000	0,18490280
485,00000000	0,18302357
485,20000000	0,18700604
485,40000000	0,19102870
485,60000000	0,19343539
485,80000000	0,18767540
486,00000000	0,18399781
486,20000000	0,17992497
486,40000000	0,18158482
486,60000000	0,18676572
486,80000000	0,18799441
487,00000000	0,18379946
487,20000000	0,18812487
487,40000000	0,19514357
487,60000000	0,19389901
487,80000000	0,18992225
488,00000000	0,18749124
488,20000000	0,18965304
488,40000000	0,19726918
488,60000000	0,19306557
488,80000000	0,19151642
489,00000000	0,20188475
489,20000000	0,19831269
489,40000000	0,19087611
489,60000000	0,19326029
489,80000000	0,19164456
490,00000000	0,20305526
490,20000000	0,19413848
490,40000000	0,18873363
490,60000000	0,19843364
490,80000000	0,20264759
491,00000000	0,20163171
491,20000000	0,19983708
491,40000000	0,20267566
491,60000000	0,20762935
491,80000000	0,20401279
492,00000000	0,20580264
492,20000000	0,19936605
492,40000000	0,19480773
492,60000000	0,19878657
492,80000000	0,19745459
493,00000000	0,19577670
493,20000000	0,19195246
493,40000000	0,19759642
493,60000000	0,20635618
493,80000000	0,20367417
494,00000000	0,20769034
494,20000000	0,20889058
494,40000000	0,20704845
494,60000000	0,20706270
494,80000000	0,20745604
495,00000000	0,20582369
495,20000000	0,20252891
495,40000000	0,19851091
495,60000000	0,20212140
495,80000000	0,20891855
496,00000000	0,21431414
496,20000000	0,21523303
496,40000000	0,21146012
496,60000000	0,21115584
496,80000000	0,20685966
497,00000000	0,20171928
497,20000000	0,21099732
497,40000000	0,21494357
497,60000000	0,21462975
497,80000000	0,21396921
498,00000000	0,21446187
498,20000000	0,21559063
498,40000000	0,22066331
498,60000000	0,21812866
498,80000000	0,21400437
499,00000000	0,21890772
499,20000000	0,22354536
499,40000000	0,22200070
499,60000000	0,21881329
499,80000000	0,22746762
500,00000000	0,22626551
500,20000000	0,21486300
500,40000000	0,21921994
500,60000000	0,22521591
500,80000000	0,22532953
501,00000000	0,23060265
501,20000000	0,23001974
501,40000000	0,22333320
501,60000000	0,21949044
501,80000000	0,22264407
502,00000000	0,22462327
502,20000000	0,22287809
502,40000000	0,22209204
502,60000000	0,23267093
502,80000000	0,24132577
503,00000000	0,23903837
503,20000000	0,23135377
503,40000000	0,23447969
503,60000000	0,24238378
503,80000000	0,24171326
504,00000000	0,23692543
504,20000000	0,23883718
504,40000000	0,24162992
504,60000000	0,24002691
504,80000000	0,23190548
505,00000000	0,23407350
505,20000000	0,23893074
505,40000000	0,24202384
505,60000000	0,24270453
505,80000000	0,24601319
506,00000000	0,24633674
506,20000000	0,24525030
506,40000000	0,25098291
506,60000000	0,25773855
506,80000000	0,25635720
507,00000000	0,25773029
507,20000000	0,25745625
507,40000000	0,25649119
507,60000000	0,25773705
507,80000000	0,24809309
508,00000000	0,24851614
508,20000000	0,25808769
508,40000000	0,26171521
508,60000000	0,26519845
508,80000000	0,26189985
509,00000000	0,26079526
509,20000000	0,25932758
509,40000000	0,25811676
509,60000000	0,26174741
509,80000000	0,26158473
510,00000000	0,25753329
510,20000000	0,25940630
510,40000000	0,26152439
510,60000000	0,26389160
510,80000000	0,26915851
511,00000000	0,27289745
511,20000000	0,27238349
511,40000000	0,26208219
511,60000000	0,25363939
511,80000000	0,26649225
512,00000000	0,27866061
512,20000000	0,27978066
512,40000000	0,27171929
512,60000000	0,27093184
512,80000000	0,27365116
513,00000000	0,27782060
513,20000000	0,27861082
513,40000000	0,28014048
513,60000000	0,28001149
513,80000000	0,28174456
514,00000000	0,28639216
514,20000000	0,29060713
514,40000000	0,28493472
514,60000000	0,27384627
514,80000000	0,27704026
515,00000000	0,28552568
515,20000000	0,28855730
515,40000000	0,28695478
515,60000000	0,28547078
515,80000000	0,28591236
516,00000000	0,28903884
516,20000000	0,29181939
516,40000000	0,28957104
516,60000000	0,29053971
516,80000000	0,29304362
517,00000000	0,29444088
517,20000000	0,29236032
517,40000000	0,29827715
517,60000000	0,30504869
517,80000000	0,30011759
518,00000000	0,29843555
518,20000000	0,30015827
518,40000000	0,30490272
518,60000000	0,31301978
518,80000000	0,31409572
519,00000000	0,30928408
519,20000000	0,30968326
519,40000000	0,31533176
519,60000000	0,31730750
519,80000000	0,31846422
520,00000000	0,32116178
520,20000000	0,31698537
520,40000000	0,31452369
520,60000000	0,31791137
520,80000000	0,31890027
521,00000000	0,31807260
521,20000000	0,31605921
521,40000000	0,31934293
521,60000000	0,33023564
521,80000000	0,33143077
522,00000000	0,32777623
522,20000000	0,31935878
522,40000000	0,31762742
522,60000000	0,32946653
522,80000000	0,33523007
523,00000000	0,34048817
523,20000000	0,34091646
523,40000000	0,34035534
523,60000000	0,34343527
523,80000000	0,34226207
524,00000000	0,34002351
524,20000000	0,33564421
524,40000000	0,33524079
524,60000000	0,33968019
524,80000000	0,35104400
525,00000000	0,35986537
525,20000000	0,35729157
525,40000000	0,35601217
525,60000000	0,35790213
525,80000000	0,35629787
526,00000000	0,35372469
526,20000000	0,35070842
526,40000000	0,35195487
526,60000000	0,35840787
526,80000000	0,37240688
527,00000000	0,37673382
527,20000000	0,36885788
527,40000000	0,36629231
527,60000000	0,37367202
527,80000000	0,37429103
528,00000000	0,36940268
528,20000000	0,36868199
528,40000000	0,37466351
528,60000000	0,38382597
528,80000000	0,39049505
529,00000000	0,39198284
529,20000000	0,38935454
529,40000000	0,39165208
529,60000000	0,39503153
529,80000000	0,39069628
530,00000000	0,38821867
530,20000000	0,39346582
530,40000000	0,39995677
530,60000000	0,40352927
530,80000000	0,40966461
531,00000000	0,41045817
531,20000000	0,40211296
531,40000000	0,40333817
531,60000000	0,40903784
531,80000000	0,41090883
532,00000000	0,41273495
532,20000000	0,41105525
532,40000000	0,41460214
532,60000000	0,42527958
532,80000000	0,43087458
533,00000000	0,42571884
533,20000000	0,41972327
533,40000000	0,42257407
533,60000000	0,43357116
533,80000000	0,44012631
534,00000000	0,43884917
534,20000000	0,43743155
534,40000000	0,43952290
534,60000000	0,44239186
534,80000000	0,44286506
535,00000000	0,44401346
535,20000000	0,44509628
535,40000000	0,44576004
535,60000000	0,45127924
535,80000000	0,45336479
536,00000000	0,45147915
536,20000000	0,45359554
536,40000000	0,45551217
536,60000000	0,45506051
536,80000000	0,46179865
537,00000000	0,47081498
537,20000000	0,47115515
537,40000000	0,46554156
537,60000000	0,46883159
537,80000000	0,47702822
538,00000000	0,47833928
538,20000000	0,47551153
538,40000000	0,47448555
538,60000000	0,47463152
538,80000000	0,47787914
539,00000000	0,48398439
539,20000000	0,48671589
539,40000000	0,48757913
539,60000000	0,49064514
539,80000000	0,50029303
540,00000000	0,50740845
540,20000000	0,50104457
540,40000000	0,49423690
540,60000000	0,50123551
540,80000000	0,50881027
541,00000000	0,51069246
541,20000000	0,51188596
541,40000000	0,50901130
541,60000000	0,50856441
541,80000000	0,51294179
542,00000000	0,51743469
542,20000000	0,51782886
542,40000000	0,51635979
542,60000000	0,51782294
542,80000000	0,52179720
543,00000000	0,52340093
543,20000000	0,52494714
543,40000000	0,52694941
543,60000000	0,52782618
543,80000000	0,52789664
544,00000000	0,52968118
544,20000000	0,53348102
544,40000000	0,53374278
544,60000000	0,53588127
544,80000000	0,54222825
545,00000000	0,54650485
545,20000000	0,54621320
545,40000000	0,54382275
545,60000000	0,54077492
545,80000000	0,54046680
546,00000000	0,54056264
546,20000000	0,54290907
546,40000000	0,54934247
546,60000000	0,55403071
546,80000000	0,55760649
547,00000000	0,56311187
547,20000000	0,56593941
547,40000000	0,56090545
547,60000000	0,55547503
547,80000000	0,55195940
548,00000000	0,54899409
548,20000000	0,55462259
548,40000000	0,56391889
548,60000000	0,57260287
548,80000000	0,57837449
549,00000000	0,57675023
549,20000000	0,57519636
549,40000000	0,57746094
549,60000000	0,57565915
549,80000000	0,57201300
550,00000000	0,57530592
550,20000000	0,57953686
550,40000000	0,58273360
550,60000000	0,58910068
550,80000000	0,59754143
551,00000000	0,59963935
551,20000000	0,59331961
551,40000000	0,58669419
551,60000000	0,58821345
551,80000000	0,59251976
552,00000000	0,59246461
552,20000000	0,59336522
552,40000000	0,59700862
552,60000000	0,60247732
552,80000000	0,60831845
553,00000000	0,61214375
553,20000000	0,61336172
553,40000000	0,60969247
553,60000000	0,60506327
553,80000000	0,60827238
554,00000000	0,61216485
554,20000000	0,61170221
554,40000000	0,61294412
554,60000000	0,61701703
554,80000000	0,62050194
555,00000000	0,62616597
555,20000000	0,63275470
555,40000000	0,63546948
555,60000000	0,63346012
555,80000000	0,62799009
556,00000000	0,62639747
556,20000000	0,63120455
556,40000000	0,63608795
556,60000000	0,63937177
556,80000000	0,64077889
557,00000000	0,63849512
557,20000000	0,64103128
557,40000000	0,65165661
557,60000000	0,65838698
557,80000000	0,65826676
558,00000000	0,65804792
558,20000000	0,65591139
558,40000000	0,65427472
558,60000000	0,65825332
558,80000000	0,66329998
559,00000000	0,66665468
559,20000000	0,67131517
559,40000000	0,67253818
559,60000000	0,67158054
559,80000000	0,67715857
560,00000000	0,68275376
560,20000000	0,68241154
560,40000000	0,68186681
560,60000000	0,68275848
560,80000000	0,68210503
561,00000000	0,68371396
561,20000000	0,69131669
561,40000000	0,70159117
561,60000000	0,70753643
561,80000000	0,70707844
562,00000000	0,70412657
562,20000000	0,70429568
562,40000000	0,70481073
562,60000000	0,70734416
562,80000000	0,71466858
563,00000000	0,71907701
563,20000000	0,71776309
563,40000000	0,71664549
563,60000000	0,71875221
563,80000000	0,72464872
564,00000000	0,73391836
564,20000000	0,73900162
564,40000000	0,73886354
564,60000000	0,73748895
564,80000000	0,73551704
565,00000000	0,73668151
565,20000000	0,74179167
565,40000000	0,74748913
565,60000000	0,74985736
565,80000000	0,74998406
566,00000000	0,75114741
566,20000000	0,75162012
566,40000000	0,75290569
566,60000000	0,75767523
566,80000000	0,76258555
567,00000000	0,76476420
567,20000000	0,76514031
567,40000000	0,76488078
567,60000000	0,76603504
567,80000000	0,76953058
568,00000000	0,77345048
568,20000000	0,77669947
568,40000000	0,77777953
568,60000000	0,77679594
568,80000000	0,77761108
569,00000000	0,77898425
569,20000000	0,78222573
569,40000000	0,78766312
569,60000000	0,79166256
569,80000000	0,79227584
570,00000000	0,79118423
570,20000000	0,79098239
570,40000000	0,79028920
570,60000000	0,79243395
570,80000000	0,79807443
571,00000000	0,80223922
571,20000000	0,80429098
571,40000000	0,80555056
571,60000000	0,80526491
571,80000000	0,80129665
572,00000000	0,79946020
572,20000000	0,80259147
572,40000000	0,80740197
572,60000000	0,81156128
572,80000000	0,81391188
573,00000000	0,81459511
573,20000000	0,81315330
573,40000000	0,81096768
573,60000000	0,81141264
573,80000000	0,81219622
574,00000000	0,81234527
574,20000000	0,81406057
574,40000000	0,81621094
574,60000000	0,81724905
574,80000000	0,81877312
575,00000000	0,82103962
575,20000000	0,82204037
575,40000000	0,82121700
575,60000000	0,82189195
575,80000000	0,82459675
576,00000000	0,82460508
576,20000000	0,82382142
576,40000000	0,82318269
576,60000000	0,82173399
576,80000000	0,82096352
577,00000000	0,82118423
577,20000000	0,82214439
577,40000000	0,82353913
577,60000000	0,82585938
577,80000000	0,82797578
578,00000000	0,82914240
578,20000000	0,83006013
578,40000000	0,83090568
578,60000000	0,83166746
578,80000000	0,83157999
579,00000000	0,83084351
579,20000000	0,83132729
579,40000000	0,83320611
579,60000000	0,83352272
579,80000000	0,83286948
580,00000000	0,83333772
580,20000000	0,83425252
580,40000000	0,83528051
580,60000000	0,83665250
580,80000000	0,83716173
581,00000000	0,83684770
581,20000000	0,83731645
581,40000000	0,83789380
581,60000000	0,83807483
581,80000000	0,83873642
582,00000000	0,84075997
582,20000000	0,84284609
582,40000000	0,84388167
582,60000000	0,84562514
582,80000000	0,84756488
583,00000000	0,84786206
583,20000000	0,84746298
583,40000000	0,84740648
583,60000000	0,84748836
583,80000000	0,84629311
584,00000000	0,84537076
584,20000000	0,84711879
584,40000000	0,84947327
584,60000000	0,85084310
584,80000000	0,85242992
585,00000000	0,85462907
585,20000000	0,85654972
585,40000000	0,85761573
585,60000000	0,85912432
585,80000000	0,86038699
586,00000000	0,86026631
586,20000000	0,86072852
586,40000000	0,86247477
586,60000000	0,86444142
586,80000000	0,86503861
587,00000000	0,86569139
587,20000000	0,86783080
587,40000000	0,86913443
587,60000000	0,86945796
587,80000000	0,87069391
588,00000000	0,87265568
588,20000000	0,87389189
588,40000000	0,87431395
588,60000000	0,87566438
588,80000000	0,87731530
589,00000000	0,87845947
589,20000000	0,88001245
589,40000000	0,88219822
589,60000000	0,88336117
589,80000000	0,88372665
590,00000000	0,88516527
590,20000000	0,88717578
590,40000000	0,88880942
590,60000000	0,89011977
590,80000000	0,89153137
591,00000000	0,89340113
591,20000000	0,89524506
591,40000000	0,89695901
591,60000000	0,89896927
591,80000000	0,90047214
592,00000000	0,90099840
592,20000000	0,90151762
592,40000000	0,90284862
592,60000000	0,90405095
592,80000000	0,90520290
593,00000000	0,90639605
593,20000000	0,90758072
593,40000000	0,90886321
593,60000000	0,90984638
593,80000000	0,91160602
594,00000000	0,91349662
594,20000000	0,91442705
594,40000000	0,91519548
594,60000000	0,91630459
594,80000000	0,91771157
595,00000000	0,91941094
595,20000000	0,92087976
595,40000000	0,92138765
595,60000000	0,92213141
595,80000000	0,92375420
596,00000000	0,92490895
596,20000000	0,92512769
596,40000000	0,92560642
596,60000000	0,92743880
596,80000000	0,92900015
597,00000000	0,92881108
597,20000000	0,92907322
597,40000000	0,93088014
597,60000000	0,93200543
597,80000000	0,93205821
598,00000000	0,93241422
598,20000000	0,93294739
598,40000000	0,93338344
598,60000000	0,93411250
598,80000000	0,93480486
599,00000000	0,93517344
599,20000000	0,93578251
599,40000000	0,93642448
599,60000000	0,93695271
599,80000000	0,93776509
600,00000000	0,93818180
600,20000000	0,93833258
600,40000000	0,93878613
600,60000000	0,93914132
600,80000000	0,93916835
601,00000000	0,93955937
601,20000000	0,94024541
601,40000000	0,94020881
601,60000000	0,93963505
601,80000000	0,93937790
602,00000000	0,93983175
602,20000000	0,94023587
602,40000000	0,94008018
602,60000000	0,94026369
602,80000000	0,94079532
603,00000000	0,94060138
603,20000000	0,94010871
603,40000000	0,93964017
603,60000000	0,93926966
603,80000000	0,94010214
604,00000000	0,94128562
604,20000000	0,94100736
604,40000000	0,94084597
604,60000000	0,94143446
604,80000000	0,94154902
605,00000000	0,94155831
605,20000000	0,94184849
605,40000000	0,94215313
605,60000000	0,94207096
605,80000000	0,94232723
606,00000000	0,94286329
606,20000000	0,94288795
606,40000000	0,94278366
606,60000000	0,94289428
606,80000000	0,94338786
607,00000000	0,94390305
607,20000000	0,94380794
607,40000000	0,94392869
607,60000000	0,94385801
607,80000000	0,94309217
608,00000000	0,94312744
608,20000000	0,94339735
608,40000000	0,94327243
608,60000000	0,94380843
608,80000000	0,94451445
609,00000000	0,94488046
609,20000000	0,94502783
609,40000000	0,94544118
609,60000000	0,94624682
609,80000000	0,94637448
610,00000000	0,94640893
610,20000000	0,94715117
610,40000000	0,94797708
610,60000000	0,94825397
610,80000000	0,94833865
611,00000000	0,94902137
611,20000000	0,94977001
611,40000000	0,95021494
611,60000000	0,95092762
611,80000000	0,95141901
612,00000000	0,95200956
612,20000000	0,95271945
612,40000000	0,95293762
612,60000000	0,95368122
612,80000000	0,95454824
613,00000000	0,95508782
613,20000000	0,95584274
613,40000000	0,95644103
613,60000000	0,95689088
613,80000000	0,95714332
614,00000000	0,95737150
614,20000000	0,95829105
614,40000000	0,95906130
614,60000000	0,95926692
614,80000000	0,95958358
615,00000000	0,96034055
615,20000000	0,96145135
615,40000000	0,96222194
615,60000000	0,96282033
615,80000000	0,96348568
616,00000000	0,96408678
616,20000000	0,96489971
616,40000000	0,96561212
616,60000000	0,96645773
616,80000000	0,96768826
617,00000000	0,96872604
617,20000000	0,96933959
617,40000000	0,96962247
617,60000000	0,97025393
617,80000000	0,97099982
618,00000000	0,97135471
618,20000000	0,97215376
618,40000000	0,97303655
618,60000000	0,97336465
618,80000000	0,97369257
619,00000000	0,97451722
619,20000000	0,97533419
619,40000000	0,97552830
619,60000000	0,97586701
619,80000000	0,97668582
620,00000000	0,97734559
620,20000000	0,97758892
620,40000000	0,97745169
620,60000000	0,97752823
620,80000000	0,97798559
621,00000000	0,97866040
621,20000000	0,97950116
621,40000000	0,97992235
621,60000000	0,97990387
621,80000000	0,97988248
622,00000000	0,98012137
622,20000000	0,98056786
622,40000000	0,98097710
622,60000000	0,98126205
622,80000000	0,98146646
623,00000000	0,98160131
623,20000000	0,98178087
623,40000000	0,98198935
623,60000000	0,98220249
623,80000000	0,98283255
624,00000000	0,98301882
624,20000000	0,98254749
624,40000000	0,98276089
624,60000000	0,98344641
624,80000000	0,98366811
625,00000000	0,98327138
625,20000000	0,98301392
625,40000000	0,98323753
625,60000000	0,98341569
625,80000000	0,98359517
626,00000000	0,98326863
626,20000000	0,98258357
626,40000000	0,98256334
626,60000000	0,98259173
626,80000000	0,98255159
627,00000000	0,98262736
627,20000000	0,98245307
627,40000000	0,98216382
627,60000000	0,98164953
627,80000000	0,98139312
628,00000000	0,98186312
628,20000000	0,98187602
628,40000000	0,98106097
628,60000000	0,98042462
628,80000000	0,98079134
629,00000000	0,98110011
629,20000000	0,98026153
629,40000000	0,97963205
629,60000000	0,97967548
629,80000000	0,97977262
630,00000000	0,97947593
630,20000000	0,97914662
630,40000000	0,97915066
630,60000000	0,97864010
630,80000000	0,97826519
631,00000000	0,97846841
631,20000000	0,97844951
631,40000000	0,97833797
631,60000000	0,97835502
631,80000000	0,97846875
632,00000000	0,97869120
632,20000000	0,97872477
632,40000000	0,97861842
632,60000000	0,97817567
632,80000000	0,97793177
633,00000000	0,97829872
633,20000000	0,97851677
633,40000000	0,97870622
633,60000000	0,97833024
633,80000000	0,97785823
634,00000000	0,97827187
634,20000000	0,97868841
634,40000000	0,97868239
634,60000000	0,97844199
634,80000000	0,97843774
635,00000000	0,97882218
635,20000000	0,97894392
635,40000000	0,97910694
635,60000000	0,97922645
635,80000000	0,97904630
636,00000000	0,97937118
636,20000000	0,97998800
636,40000000	0,98037349
636,60000000	0,98029513
636,80000000	0,98001180
637,00000000	0,98014179
637,20000000	0,98047546
637,40000000	0,98099715
637,60000000	0,98112650
637,80000000	0,98089315
638,00000000	0,98127004
638,20000000	0,98159304
638,40000000	0,98197815
638,60000000	0,98252850
638,80000000	0,98267231
639,00000000	0,98278941
639,20000000	0,98299185
639,40000000	0,98355724
639,60000000	0,98410019
639,80000000	0,98414258
640,00000000	0,98434219
640,20000000	0,98479511
640,40000000	0,98519252
640,60000000	0,98540563
640,80000000	0,98531706
641,00000000	0,98544820
641,20000000	0,98620678
641,40000000	0,98692618
641,60000000	0,98718102
641,80000000	0,98744004
642,00000000	0,98786179
642,20000000	0,98829402
642,40000000	0,98860998
642,60000000	0,98875990
642,80000000	0,98910979
643,00000000	0,98957855
643,20000000	0,98989551
643,40000000	0,99011497
643,60000000	0,99040694
643,80000000	0,99088222
644,00000000	0,99144227
644,20000000	0,99166447
644,40000000	0,99177689
644,60000000	0,99216565
644,80000000	0,99244875
645,00000000	0,99250919
645,20000000	0,99263290
645,40000000	0,99304886
645,60000000	0,99354654
645,80000000	0,99391646
646,00000000	0,99400479
646,20000000	0,99394994
646,40000000	0,99437050
646,60000000	0,99494368
646,80000000	0,99519024
647,00000000	0,99521546
647,20000000	0,99526435
647,40000000	0,99553213
647,60000000	0,99585195
647,80000000	0,99594792
648,00000000	0,99578587
648,20000000	0,99562153
648,40000000	0,99571100
648,60000000	0,99593675
648,80000000	0,99600022
649,00000000	0,99589635
649,20000000	0,99592519
649,40000000	0,99606341
649,60000000	0,99617254
649,80000000	0,99628678
650,00000000	0,99637951
650,20000000	0,99643531
650,40000000	0,99640729
650,60000000	0,99634174
650,80000000	0,99629331
651,00000000	0,99623829
651,20000000	0,99610354
651,40000000	0,99593627
651,60000000	0,99591392
651,80000000	0,99595444
652,00000000	0,99583654
652,20000000	0,99564848
652,40000000	0,99559048
652,60000000	0,99558349
652,80000000	0,99553876
653,00000000	0,99533252
653,20000000	0,99501487
653,40000000	0,99488503
653,60000000	0,99482736
653,80000000	0,99469797
654,00000000	0,99453098
654,20000000	0,99429207
654,40000000	0,99419750
654,60000000	0,99418018
654,80000000	0,99407353
655,00000000	0,99388416
655,20000000	0,99362084
655,40000000	0,99350724
655,60000000	0,99360442
655,80000000	0,99358133
656,00000000	0,99333241
656,20000000	0,99288721
656,40000000	0,99249170
656,60000000	0,99257150
656,80000000	0,99276599
657,00000000	0,99250003
657,20000000	0,99196656
657,40000000	0,99173122
657,60000000	0,99204375
657,80000000	0,99239999
658,00000000	0,99228577
658,20000000	0,99176167
658,40000000	0,99135906
658,60000000	0,99147494
658,80000000	0,99180748
659,00000000	0,99156802
659,20000000	0,99084807
659,40000000	0,99054364
659,60000000	0,99085069
659,80000000	0,99141955
660,00000000	0,99146867
660,20000000	0,99097223
660,40000000	0,99074710
660,60000000	0,99114582
660,80000000	0,99146966
661,00000000	0,99124481
661,20000000	0,99067739
661,40000000	0,99041884
661,60000000	0,99080084
661,80000000	0,99118002
662,00000000	0,99102682
662,20000000	0,99063795
662,40000000	0,99061376
662,60000000	0,99114097
662,80000000	0,99168680
663,00000000	0,99156731
663,20000000	0,99096854
663,40000000	0,99081877
663,60000000	0,99129263
663,80000000	0,99175790
664,00000000	0,99158101
664,20000000	0,99127429
664,40000000	0,99138140
664,60000000	0,99193628
664,80000000	0,99255429
665,00000000	0,99259147
665,20000000	0,99212615
665,40000000	0,99197208
665,60000000	0,99230243
665,80000000	0,99248423
666,00000000	0,99250428
666,20000000	0,99247871
666,40000000	0,99251319
666,60000000	0,99270488
666,80000000	0,99277696
667,00000000	0,99292074
667,20000000	0,99328591
667,40000000	0,99368871
667,60000000	0,99394797
667,80000000	0,99391430
668,00000000	0,99366294
668,20000000	0,99349361
668,40000000	0,99366350
668,60000000	0,99402168
668,80000000	0,99415184
669,00000000	0,99421035
669,20000000	0,99440761
669,40000000	0,99466728
669,60000000	0,99484594
669,80000000	0,99490452
670,00000000	0,99493165
670,20000000	0,99492255
670,40000000	0,99496150
670,60000000	0,99499794
670,80000000	0,99493465
671,00000000	0,99496038
671,20000000	0,99513757
671,40000000	0,99535799
671,60000000	0,99552556
671,80000000	0,99557722
672,00000000	0,99558915
672,20000000	0,99571351
672,40000000	0,99583021
672,60000000	0,99576293
672,80000000	0,99556350
673,00000000	0,99546182
673,20000000	0,99560027
673,40000000	0,99577751
673,60000000	0,99585000
673,80000000	0,99582236
674,00000000	0,99580655
674,20000000	0,99589438
674,40000000	0,99600351
674,60000000	0,99598008
674,80000000	0,99587861
675,00000000	0,99574181
675,20000000	0,99562676
675,40000000	0,99563036
675,60000000	0,99572288
675,80000000	0,99582250
676,00000000	0,99593906
676,20000000	0,99605233
676,40000000	0,99596417
676,60000000	0,99580783
676,80000000	0,99575505
677,00000000	0,99567065
677,20000000	0,99556149
677,40000000	0,99535036
677,60000000	0,99512959
677,80000000	0,99511395
678,00000000	0,99514056
678,20000000	0,99510006
678,40000000	0,99515914
678,60000000	0,99528379
678,80000000	0,99534727
679,00000000	0,99522806
679,20000000	0,99495017
679,40000000	0,99473281
679,60000000	0,99473073
679,80000000	0,99467392
680,00000000	0,99459392
680,20000000	0,99466364
680,40000000	0,99467078
680,60000000	0,99473633
680,80000000	0,99488387
681,00000000	0,99483085
681,20000000	0,99469353
681,40000000	0,99452693
681,60000000	0,99429555
681,80000000	0,99424130
682,00000000	0,99433732
682,20000000	0,99434734
682,40000000	0,99431854
682,60000000	0,99440106
682,80000000	0,99451057
683,00000000	0,99444524
683,20000000	0,99421518
683,40000000	0,99417835
683,60000000	0,99414943
683,80000000	0,99402073
684,00000000	0,99398893
684,20000000	0,99412748
684,40000000	0,99440944
684,60000000	0,99447192
684,80000000	0,99433199
685,00000000	0,99431594
685,20000000	0,99432610
685,40000000	0,99435843
685,60000000	0,99433604
685,80000000	0,99423484
686,00000000	0,99415291
686,20000000	0,99410745
686,40000000	0,99428169
686,60000000	0,99453038
686,80000000	0,99459372
687,00000000	0,99464242
687,20000000	0,99471949
687,40000000	0,99467310
687,60000000	0,99466957
687,80000000	0,99471525
688,00000000	0,99452336
688,20000000	0,99448538
688,40000000	0,99485154
688,60000000	0,99516271
688,80000000	0,99524361
689,00000000	0,99532725
689,20000000	0,99533672
689,40000000	0,99530099
689,60000000	0,99547840
689,80000000	0,99561199
690,00000000	0,99555469
690,20000000	0,99551477
690,40000000	0,99567279
690,60000000	0,99596718
690,80000000	0,99616722
691,00000000	0,99630417
691,20000000	0,99630670
691,40000000	0,99622650
691,60000000	0,99626286
691,80000000	0,99639898
692,00000000	0,99655410
692,20000000	0,99657166
692,40000000	0,99660441
692,60000000	0,99676472
692,80000000	0,99697411
693,00000000	0,99722919
693,20000000	0,99737049
693,40000000	0,99729175
693,60000000	0,99721723
693,80000000	0,99730380
694,00000000	0,99746366
694,20000000	0,99761589
694,40000000	0,99772807
694,60000000	0,99778238
694,80000000	0,99785896
695,00000000	0,99797551
695,20000000	0,99805898
695,40000000	0,99812068
695,60000000	0,99813396
695,80000000	0,99816848
696,00000000	0,99829432
696,20000000	0,99838773
696,40000000	0,99842591
696,60000000	0,99849935
696,80000000	0,99857181
697,00000000	0,99863976
697,20000000	0,99871092
697,40000000	0,99878152
697,60000000	0,99884998
697,80000000	0,99891939
698,00000000	0,99894938
698,20000000	0,99891870
698,40000000	0,99895178
698,60000000	0,99904853
698,80000000	0,99912381
699,00000000	0,99911041
699,20000000	0,99914579
699,40000000	0,99913519
699,60000000	0,99912017
699,80000000	0,99921206
700,00000000	0,99922298
700,20000000	0,99920445
700,40000000	0,99926973
700,60000000	0,99927919
700,80000000	0,99920907
701,00000000	0,99920199
701,20000000	0,99925457
701,40000000	0,99933880
701,60000000	0,99936835
701,80000000	0,99935563
702,00000000	0,99931679
702,20000000	0,99932177
702,40000000	0,99935663
702,60000000	0,99931595
702,80000000	0,99926750
703,00000000	0,99927289
703,20000000	0,99926604
703,40000000	0,99924433
703,60000000	0,99923612
703,80000000	0,99923878
704,00000000	0,99923911
704,20000000	0,99920061
704,40000000	0,99911738
704,60000000	0,99907359
704,80000000	0,99905638
705,00000000	0,99903406
705,20000000	0,99906467
705,40000000	0,99903327
705,60000000	0,99903325
705,80000000	0,99907776
706,00000000	0,99903980
706,20000000	0,99897840
706,40000000	0,99896413
706,60000000	0,99888054
706,80000000	0,99885967
707,00000000	0,99884584
707,20000000	0,99884677
707,40000000	0,99884828
707,60000000	0,99877605
707,80000000	0,99876681
708,00000000	0,99878002
708,20000000	0,99873293
708,40000000	0,99864550
708,60000000	0,99861002
708,80000000	0,99860232
709,00000000	0,99867266
709,20000000	0,99867233
709,40000000	0,99860051
709,60000000	0,99858041
709,80000000	0,99863633
710,00000000	0,99862354
710,20000000	0,99859611
710,40000000	0,99856383
710,60000000	0,99845582
710,80000000	0,99848037
711,00000000	0,99856236
711,20000000	0,99844872
711,40000000	0,99835247
711,60000000	0,99836185
711,80000000	0,99837452
712,00000000	0,99837716
712,20000000	0,99837155
712,40000000	0,99845097
712,60000000	0,99848188
712,80000000	0,99843362
713,00000000	0,99845368
713,20000000	0,99843917
713,40000000	0,99833612
713,60000000	0,99837490
713,80000000	0,99839859
714,00000000	0,99841810
714,20000000	0,99835721
714,40000000	0,99828903
714,60000000	0,99835562
714,80000000	0,99838876
715,00000000	0,99836149
715,20000000	0,99835043
715,40000000	0,99828720
715,60000000	0,99828577
715,80000000	0,99835110
716,00000000	0,99838688
716,20000000	0,99839860
716,40000000	0,99836854
716,60000000	0,99839691
716,80000000	0,99849134
717,00000000	0,99849519
717,20000000	0,99840864
717,40000000	0,99832246
717,60000000	0,99829893
717,80000000	0,99836393
718,00000000	0,99832312
718,20000000	0,99829716
718,40000000	0,99834995
718,60000000	0,99838676
718,80000000	0,99846625
719,00000000	0,99847954
719,20000000	0,99845340
719,40000000	0,99847073
719,60000000	0,99841498
719,80000000	0,99847549
720,00000000	0,99860689
720,20000000	0,99865220
720,40000000	0,99859814
720,60000000	0,99856750
720,80000000	0,99851669
721,00000000	0,99846820
721,20000000	0,99846347
721,40000000	0,99849438
721,60000000	0,99849763
721,80000000	0,99852804
722,00000000	0,99858483
722,20000000	0,99857142
722,40000000	0,99857252
722,60000000	0,99851489
722,80000000	0,99851938
723,00000000	0,99865262
723,20000000	0,99863351
723,40000000	0,99856133
723,60000000	0,99864113
723,80000000	0,99858646
724,00000000	0,99858397
724,20000000	0,99869257
724,40000000	0,99852321
724,60000000	0,99861443
724,80000000	0,99877871
725,00000000	0,99860106
725,20000000	0,99865899
725,40000000	0,99871126
725,60000000	0,99860795
725,80000000	0,99867622
726,00000000	0,99873364
726,20000000	0,99874013
726,40000000	0,99870757
726,60000000	0,99855764
726,80000000	0,99851781
727,00000000	0,99860669
727,20000000	0,99861052
727,40000000	0,99857011
727,60000000	0,99865758
727,80000000	0,99864247
728,00000000	0,99857595
728,20000000	0,99854966
728,40000000	0,99850119
728,60000000	0,99846631
728,80000000	0,99863793
729,00000000	0,99866431
729,20000000	0,99854280
729,40000000	0,99852304
729,60000000	0,99852207
729,80000000	0,99843493
730,00000000	0,99841670
730,20000000	0,99831385
730,40000000	0,99843534
730,60000000	0,99850831
730,80000000	0,99829519
731,00000000	0,99844787
731,20000000	0,99852805
731,40000000	0,99833014
731,60000000	0,99838920
731,80000000	0,99840819
732,00000000	0,99835693
732,20000000	0,99842430
732,40000000	0,99824426
732,60000000	0,99832475
732,80000000	0,99829276
733,00000000	0,99804556
733,20000000	0,99827483
733,40000000	0,99839327
733,60000000	0,99812937
733,80000000	0,99828423
734,00000000	0,99833607
734,20000000	0,99823082
734,40000000	0,99827257
734,60000000	0,99821619
734,80000000	0,99814814
735,00000000	0,99822624
735,20000000	0,99808204
735,40000000	0,99826421
735,60000000	0,99831038
735,80000000	0,99799382
736,00000000	0,99809166
736,20000000	0,99823060
736,40000000	0,99801518
736,60000000	0,99805433
736,80000000	0,99819248
737,00000000	0,99818623
737,20000000	0,99810758
737,40000000	0,99795884
737,60000000	0,99796106
737,80000000	0,99786522
738,00000000	0,99776852
738,20000000	0,99812034
738,40000000	0,99817345
738,60000000	0,99801619
738,80000000	0,99823236
739,00000000	0,99826471
739,20000000	0,99818213
739,40000000	0,99822645
739,60000000	0,99821175
739,80000000	0,99831564
740,00000000	0,99834841
740,20000000	0,99811154
740,40000000	0,99818257
740,60000000	0,99824439
740,80000000	0,99813609
741,00000000	0,99829225
741,20000000	0,99832991
741,40000000	0,99819612
741,60000000	0,99829038
741,80000000	0,99834590
742,00000000	0,99827197
742,20000000	0,99828398
742,40000000	0,99842739
742,60000000	0,99846230
742,80000000	0,99832032
743,00000000	0,99821569
743,20000000	0,99829938
743,40000000	0,99835056
743,60000000	0,99840940
743,80000000	0,99864480
744,00000000	0,99874413
744,20000000	0,99863494
744,40000000	0,99857469
744,60000000	0,99860474
744,80000000	0,99859946
745,00000000	0,99862223
745,20000000	0,99880797
745,40000000	0,99888209
745,60000000	0,99882471
745,80000000	0,99875199
746,00000000	0,99869770
746,20000000	0,99868636
746,40000000	0,99881421
746,60000000	0,99895833
746,80000000	0,99903066
747,00000000	0,99896025
747,20000000	0,99885945
747,40000000	0,99887766
747,60000000	0,99886380
747,80000000	0,99885634
748,00000000	0,99899657
748,20000000	0,99905011
748,40000000	0,99903751
748,60000000	0,99903861
748,80000000	0,99904106
749,00000000	0,99905163
749,20000000	0,99915518
749,40000000	0,99914758
749,60000000	0,99913737
749,80000000	0,99912562
750,00000000	0,99904776
750,20000000	0,99906171
750,40000000	0,99908231
750,60000000	0,99902682
750,80000000	0,99905501
751,00000000	0,99915047
751,20000000	0,99914559
751,40000000	0,99917013
751,60000000	0,99919871
751,80000000	0,99914489
752,00000000	0,99910131
752,20000000	0,99901065
752,40000000	0,99901395
752,60000000	0,99898580
752,80000000	0,99890303
753,00000000	0,99885967
753,20000000	0,99886568
753,40000000	0,99886263
753,60000000	0,99890050
753,80000000	0,99891111
754,00000000	0,99883343
754,20000000	0,99873614
754,40000000	0,99860767
754,60000000	0,99858740
754,80000000	0,99860282
755,00000000	0,99843828
755,20000000	0,99844625
755,40000000	0,99844648
755,60000000	0,99825665
755,80000000	0,99832240
756,00000000	0,99830549
756,20000000	0,99807393
756,40000000	0,99813554
756,60000000	0,99814470
756,80000000	0,99799799
757,00000000	0,99791873
757,20000000	0,99790663
757,40000000	0,99776815
757,60000000	0,99768711
757,80000000	0,99774286
758,00000000	0,99772899
758,20000000	0,99754053
758,40000000	0,99744790
758,60000000	0,99741382
758,80000000	0,99736705
759,00000000	0,99719018
759,20000000	0,99705708
759,40000000	0,99699936
759,60000000	0,99696629
759,80000000	0,99692221
760,00000000	0,99677348
760,20000000	0,99674261
760,40000000	0,99668265
760,60000000	0,99660050
760,80000000	0,99656299
761,00000000	0,99641101
761,20000000	0,99637208
761,40000000	0,99640705
761,60000000	0,99623580
761,80000000	0,99618202
762,00000000	0,99626538
762,20000000	0,99611925
762,40000000	0,99607314
762,60000000	0,99624549
762,80000000	0,99618911
763,00000000	0,99605219
763,20000000	0,99609084
763,40000000	0,99595990
763,60000000	0,99586978
763,80000000	0,99593137
764,00000000	0,99602511
764,20000000	0,99595192
764,40000000	0,99593932
764,60000000	0,99610162
764,80000000	0,99600411
765,00000000	0,99574300
765,20000000	0,99585333
765,40000000	0,99593690
765,60000000	0,99586514
765,80000000	0,99586242
766,00000000	0,99596269
766,20000000	0,99585021
766,40000000	0,99581592
766,60000000	0,99605942
766,80000000	0,99625297
767,00000000	0,99609925
767,20000000	0,99614849
767,40000000	0,99635569
767,60000000	0,99610449
767,80000000	0,99611709
768,00000000	0,99637163
768,20000000	0,99618700
768,40000000	0,99618397
768,60000000	0,99659745
768,80000000	0,99676310
769,00000000	0,99661185
769,20000000	0,99664806
769,40000000	0,99674992
769,60000000	0,99671775
769,80000000	0,99666913
770,00000000	0,99694114
770,20000000	0,99697993
770,40000000	0,99681326
770,60000000	0,99699872
770,80000000	0,99729467
771,00000000	0,99715751
771,20000000	0,99724731
771,40000000	0,99739322
771,60000000	0,99725159
771,80000000	0,99706829
772,00000000	0,99734585
772,20000000	0,99757308
772,40000000	0,99739821
772,60000000	0,99747150
772,80000000	0,99764638
773,00000000	0,99747026
773,20000000	0,99733186
773,40000000	0,99763064
773,60000000	0,99770106
773,80000000	0,99752273
774,00000000	0,99760871
774,20000000	0,99766240
774,40000000	0,99741895
774,60000000	0,99747171
774,80000000	0,99760708
775,00000000	0,99758684
775,20000000	0,99736606
775,40000000	0,99738298
775,60000000	0,99743879
775,80000000	0,99728786
776,00000000	0,99719740
776,20000000	0,99718890
776,40000000	0,99703329
776,60000000	0,99691846
776,80000000	0,99698977
777,00000000	0,99682688
777,20000000	0,99639868
777,40000000	0,99640384
777,60000000	0,99655054
777,80000000	0,99604465
778,00000000	0,99592470
778,20000000	0,99596346
778,40000000	0,99565112
778,60000000	0,99546082
778,80000000	0,99555320
779,00000000	0,99526676
779,20000000	0,99502342
779,40000000	0,99479697
779,60000000	0,99448061
779,80000000	0,99437874
780,00000000	0,99435074
780,20000000	0,99388448
780,40000000	0,99344938
780,60000000	0,99313782
780,80000000	0,99304044
781,00000000	0,99286112
781,20000000	0,99245433
781,40000000	0,99239510
781,60000000	0,99200879
781,80000000	0,99171715
782,00000000	0,99164433
782,20000000	0,99141924
782,40000000	0,99104843
782,60000000	0,99063604
782,80000000	0,99029456
783,00000000	0,98979559
783,20000000	0,98915148
783,40000000	0,98923068
783,60000000	0,98913536
783,80000000	0,98852552
784,00000000	0,98857630
784,20000000	0,98840094
784,40000000	0,98775583
784,60000000	0,98751906
784,80000000	0,98715061
785,00000000	0,98666063
785,20000000	0,98654532
785,40000000	0,98614554
785,60000000	0,98602569
785,80000000	0,98586002
786,00000000	0,98556311
786,20000000	0,98512050
786,40000000	0,98478981
786,60000000	0,98448804
786,80000000	0,98436490
787,00000000	0,98390969
787,20000000	0,98336632
787,40000000	0,98352181
787,60000000	0,98339886
787,80000000	0,98309723
788,00000000	0,98318243
788,20000000	0,98259811
788,40000000	0,98226757
788,60000000	0,98235760
788,80000000	0,98236903
789,00000000	0,98200116
789,20000000	0,98161186
789,40000000	0,98148771
789,60000000	0,98141306
789,80000000	0,98120437
790,00000000	0,98128754
790,20000000	0,98110406
790,40000000	0,98086546
790,60000000	0,98053167
790,80000000	0,98024482
791,00000000	0,98037178
791,20000000	0,98046012
791,40000000	0,98008176
791,60000000	0,98057358
791,80000000	0,98086114
792,00000000	0,98034784
792,20000000	0,98000281
792,40000000	0,97998418
792,60000000	0,98001671
792,80000000	0,98043029
793,00000000	0,98022096
793,20000000	0,98017267
793,40000000	0,98020075
793,60000000	0,98038705
793,80000000	0,98057410
794,00000000	0,98040923
794,20000000	0,98055640
794,40000000	0,98067094
794,60000000	0,98067500
794,80000000	0,98083004
795,00000000	0,98101279
795,20000000	0,98098877
795,40000000	0,98119326
795,60000000	0,98137377
795,80000000	0,98161455
796,00000000	0,98182874
796,20000000	0,98189044
796,40000000	0,98203692
796,60000000	0,98188575
796,80000000	0,98207813
797,00000000	0,98194613
797,20000000	0,98248157
797,40000000	0,98258106
797,60000000	0,98294635
797,80000000	0,98311681
798,00000000	0,98298492
798,20000000	0,98323451
798,40000000	0,98335287
798,60000000	0,98349010
798,80000000	0,98359225
799,00000000	0,98393607
799,20000000	0,98380584
799,40000000	0,98396579
799,60000000	0,98421603
799,80000000	0,98461157
800,00000000	0,98448606
800,20000000	0,98448432
800,40000000	0,98441676
800,60000000	0,98469655
800,80000000	0,98476631
801,00000000	0,98443693
801,20000000	0,98483528
801,40000000	0,98509130
801,60000000	0,98500697
801,80000000	0,98480917
802,00000000	0,98512081
802,20000000	0,98509953
802,40000000	0,98509178
802,60000000	0,98483468
802,80000000	0,98480582
803,00000000	0,98500585
803,20000000	0,98497413
803,40000000	0,98458628
803,60000000	0,98451219
803,80000000	0,98450672
804,00000000	0,98438842
804,20000000	0,98450750
804,40000000	0,98435534
804,60000000	0,98423683
804,80000000	0,98420753
805,00000000	0,98416681
805,20000000	0,98349859
805,40000000	0,98344499
805,60000000	0,98334909
805,80000000	0,98300494
806,00000000	0,98282035
806,20000000	0,98279735
806,40000000	0,98266359
806,60000000	0,98229624
806,80000000	0,98174342
807,00000000	0,98143221
807,20000000	0,98107193
807,40000000	0,98044827
807,60000000	0,98046516
807,80000000	0,98069022
808,00000000	0,98050254
808,20000000	0,97981767
808,40000000	0,97932124
808,60000000	0,97893071
808,80000000	0,97834243
809,00000000	0,97816810
809,20000000	0,97758343
809,40000000	0,97801149
809,60000000	0,97770389
809,80000000	0,97693587
810,00000000	0,97644601
810,20000000	0,97624676
810,40000000	0,97574015
810,60000000	0,97545887
810,80000000	0,97517691
811,00000000	0,97461242
811,20000000	0,97436901
811,40000000	0,97402080
811,60000000	0,97370151
811,80000000	0,97275536
812,00000000	0,97255426
812,20000000	0,97281657
812,40000000	0,97257684
812,60000000	0,97174000
812,80000000	0,97141464
813,00000000	0,97103593
813,20000000	0,97066006
813,40000000	0,97022566
813,60000000	0,97013282
813,80000000	0,97024442
814,00000000	0,96952283
814,20000000	0,96890509
814,40000000	0,96886548
814,60000000	0,96910106
814,80000000	0,96769982
815,00000000	0,96763939
815,20000000	0,96757283
815,40000000	0,96747861
815,60000000	0,96735370
815,80000000	0,96657539
816,00000000	0,96631867
816,20000000	0,96669206
816,40000000	0,96642750
816,60000000	0,96587851
816,80000000	0,96570515
817,00000000	0,96514490
817,20000000	0,96506544
817,40000000	0,96518977
817,60000000	0,96514505
817,80000000	0,96546026
818,00000000	0,96460853
818,20000000	0,96466720
818,40000000	0,96443483
818,60000000	0,96465942
818,80000000	0,96464096
819,00000000	0,96404759
819,20000000	0,96384749
819,40000000	0,96329302
819,60000000	0,96329407
819,80000000	0,96331579
820,00000000	0,96347183
820,20000000	0,96310411
820,40000000	0,96285882
820,60000000	0,96303142
820,80000000	0,96260324
821,00000000	0,96231144
821,20000000	0,96243765
821,40000000	0,96303619
821,60000000	0,96287524
821,80000000	0,96199112
822,00000000	0,96120347
822,20000000	0,96128809
822,40000000	0,96244245
822,60000000	0,96238125
822,80000000	0,96194240
823,00000000	0,96159320
823,20000000	0,96166080
823,40000000	0,96151065
823,60000000	0,96136191
823,80000000	0,96086185
824,00000000	0,96153603
824,20000000	0,96154991
824,40000000	0,96077839
824,60000000	0,96068681
824,80000000	0,95964952
825,00000000	0,95955231
825,20000000	0,95998620
825,40000000	0,95997553
825,60000000	0,95998612
825,80000000	0,95913970
826,00000000	0,95862217
826,20000000	0,95873771
826,40000000	0,95865125
826,60000000	0,95883186
826,80000000	0,95794558
827,00000000	0,95722156
827,20000000	0,95680375
827,40000000	0,95735118
827,60000000	0,95658448
827,80000000	0,95619256
828,00000000	0,95659747
828,20000000	0,95576812
828,40000000	0,95529830
828,60000000	0,95440090
828,80000000	0,95425504
829,00000000	0,95481272
829,20000000	0,95375459
829,40000000	0,95266701
829,60000000	0,95256739
829,80000000	0,95219769
830,00000000	0,95173448
830,20000000	0,95208306
830,40000000	0,95112095
830,60000000	0,95028996
830,80000000	0,94928760
831,00000000	0,94899253
831,20000000	0,94905370
831,40000000	0,94872226
831,60000000	0,94735282
831,80000000	0,94736405
832,00000000	0,94676416
832,20000000	0,94626177
832,40000000	0,94588578
832,60000000	0,94500219
832,80000000	0,94481300
833,00000000	0,94422488
833,20000000	0,94380080
833,40000000	0,94280310
833,60000000	0,94248696
833,80000000	0,94221828
834,00000000	0,94185480
834,20000000	0,94095443
834,40000000	0,94067506
834,60000000	0,94010215
834,80000000	0,93969620
835,00000000	0,93911438
835,20000000	0,93881408
835,40000000	0,93875195
835,60000000	0,93833829
835,80000000	0,93691653
836,00000000	0,93695902
836,20000000	0,93684631
836,40000000	0,93661584
836,60000000	0,93622932
836,80000000	0,93599194
837,00000000	0,93516186
837,20000000	0,93543726
837,40000000	0,93529601
837,60000000	0,93497029
837,80000000	0,93482766
838,00000000	0,93409758
838,20000000	0,93394367
838,40000000	0,93407351
838,60000000	0,93325808
838,80000000	0,93394643
839,00000000	0,93439472
839,20000000	0,93358323
839,40000000	0,93402263
839,60000000	0,93430351
839,80000000	0,93379383
840,00000000	0,93391319
840,20000000	0,93409233
840,40000000	0,93418121
840,60000000	0,93445276
840,80000000	0,93462361
841,00000000	0,93480002
841,20000000	0,93512243
841,40000000	0,93495439
841,60000000	0,93531928
841,80000000	0,93552252
842,00000000	0,93622256
842,20000000	0,93642488
842,40000000	0,93719728
842,60000000	0,93742112
842,80000000	0,93770836
843,00000000	0,93802818
843,20000000	0,93929786
843,40000000	0,93954709
843,60000000	0,93982704
843,80000000	0,94068135
844,00000000	0,94085568
844,20000000	0,94184872
844,40000000	0,94219094
844,60000000	0,94283552
844,80000000	0,94415896
845,00000000	0,94455083
845,20000000	0,94479987
845,40000000	0,94624371
845,60000000	0,94709150
845,80000000	0,94750319
846,00000000	0,94877650
846,20000000	0,94915468
846,40000000	0,94976401
846,60000000	0,95095961
846,80000000	0,95197138
847,00000000	0,95297100
847,20000000	0,95357345
847,40000000	0,95440023
847,60000000	0,95494582
847,80000000	0,95580868
848,00000000	0,95701095
848,20000000	0,95832343
848,40000000	0,95889737
848,60000000	0,95989100
848,80000000	0,96092196
849,00000000	0,96141372
849,20000000	0,96264234
849,40000000	0,96374554
849,60000000	0,96443310
849,80000000	0,96513792
850,00000000	0,96571315
850,20000000	0,96650988
850,40000000	0,96752938
850,60000000	0,96867944
850,80000000	0,96964124
851,00000000	0,97004788
851,20000000	0,97062236
851,40000000	0,97173201
851,60000000	0,97250598
851,80000000	0,97307909
852,00000000	0,97389714
852,20000000	0,97420851
852,40000000	0,97498734
852,60000000	0,97593179
852,80000000	0,97667694
853,00000000	0,97743000
853,20000000	0,97801760
853,40000000	0,97835254
853,60000000	0,97888462
853,80000000	0,97930389
854,00000000	0,98005926
854,20000000	0,98041734
854,40000000	0,98049648
854,60000000	0,98090298
854,80000000	0,98122386
855,00000000	0,98171585
855,20000000	0,98217939
855,40000000	0,98222928
855,60000000	0,98240879
855,80000000	0,98288312
856,00000000	0,98301450
856,20000000	0,98326503
856,40000000	0,98325724
856,60000000	0,98310484
856,80000000	0,98329807
857,00000000	0,98334235
857,20000000	0,98381263
857,40000000	0,98358863
857,60000000	0,98323913
857,80000000	0,98346503
858,00000000	0,98360252
858,20000000	0,98339682
858,40000000	0,98327332
858,60000000	0,98324273
858,80000000	0,98297953
859,00000000	0,98259766
859,20000000	0,98221569
859,40000000	0,98228432
859,60000000	0,98223459
859,80000000	0,98138926
860,00000000	0,98115032
860,20000000	0,98061235
860,40000000	0,98080129
860,60000000	0,98069017
860,80000000	0,98004301
861,00000000	0,97960180
861,20000000	0,97950839
861,40000000	0,97892649
861,60000000	0,97879681
861,80000000	0,97800092
862,00000000	0,97770017
862,20000000	0,97743712
862,40000000	0,97684607
862,60000000	0,97660124
862,80000000	0,97609629
863,00000000	0,97565659
863,20000000	0,97505266
863,40000000	0,97471033
863,60000000	0,97427913
863,80000000	0,97384097
864,00000000	0,97353728
864,20000000	0,97321159
864,40000000	0,97271633
864,60000000	0,97229501
864,80000000	0,97228153
865,00000000	0,97164513
865,20000000	0,97120318
865,40000000	0,97075571
865,60000000	0,97025011
865,80000000	0,96995882
866,00000000	0,96937026
866,20000000	0,96921096
866,40000000	0,96888482
866,60000000	0,96862701
866,80000000	0,96797528
867,00000000	0,96790196
867,20000000	0,96764018
867,40000000	0,96714826
867,60000000	0,96682970
867,80000000	0,96683401
868,00000000	0,96672358
868,20000000	0,96616152
868,40000000	0,96543875
868,60000000	0,96477137
868,80000000	0,96521391
869,00000000	0,96515783
869,20000000	0,96492061
869,40000000	0,96418183
869,60000000	0,96454708
869,80000000	0,96411056
870,00000000	0,96436502
870,20000000	0,96387240
870,40000000	0,96317865
870,60000000	0,96306225
870,80000000	0,96320554
871,00000000	0,96325489
871,20000000	0,96305666
871,40000000	0,96292079
871,60000000	0,96274080
871,80000000	0,96312817
872,00000000	0,96303256
872,20000000	0,96237358
872,40000000	0,96197624
872,60000000	0,96220546
872,80000000	0,96217595
873,00000000	0,96176745
873,20000000	0,96202452
873,40000000	0,96206896
873,60000000	0,96145171
873,80000000	0,96168163
874,00000000	0,96159563
874,20000000	0,96094089
874,40000000	0,96107151
874,60000000	0,96108308
874,80000000	0,96081478
875,00000000	0,96041344
875,20000000	0,96025115
875,40000000	0,96024328
875,60000000	0,95991596
875,80000000	0,96000589
876,00000000	0,95960996
876,20000000	0,95926614
876,40000000	0,95961317
876,60000000	0,95944999
876,80000000	0,95936509
877,00000000	0,95913985
877,20000000	0,95845046
877,40000000	0,95847193
877,60000000	0,95794714
877,80000000	0,95742473
878,00000000	0,95768179
878,20000000	0,95713781
878,40000000	0,95696655
878,60000000	0,95699787
878,80000000	0,95633159
879,00000000	0,95621474
879,20000000	0,95557609
879,40000000	0,95519482
879,60000000	0,95512570
879,80000000	0,95402712
880,00000000	0,95412035
880,20000000	0,95326300
880,40000000	0,95286241
880,60000000	0,95299918
880,80000000	0,95194036
881,00000000	0,95153318
881,20000000	0,95167349
881,40000000	0,95116131
881,60000000	0,95037908
881,80000000	0,95023475
882,00000000	0,94937473
882,20000000	0,94919368
882,40000000	0,94833789
882,60000000	0,94776403
882,80000000	0,94734309
883,00000000	0,94664017
883,20000000	0,94636724
883,40000000	0,94561702
883,60000000	0,94514353
883,80000000	0,94566974
884,00000000	0,94425771
884,20000000	0,94325380
884,40000000	0,94336156
884,60000000	0,94300110
884,80000000	0,94239304
885,00000000	0,94126665
885,20000000	0,94108264
885,40000000	0,94082375
885,60000000	0,94008749
885,80000000	0,93960129
886,00000000	0,93934314
886,20000000	0,93881412
886,40000000	0,93836087
886,60000000	0,93825828
886,80000000	0,93855220
887,00000000	0,93778616
887,20000000	0,93630876
887,40000000	0,93596964
887,60000000	0,93578092
887,80000000	0,93602001
888,00000000	0,93621477
888,20000000	0,93490789
888,40000000	0,93484236
888,60000000	0,93465157
888,80000000	0,93420494
889,00000000	0,93407894
889,20000000	0,93346239
889,40000000	0,93272022
889,60000000	0,93285642
889,80000000	0,93279680
890,00000000	0,93303599
890,20000000	0,93287675
890,40000000	0,93282958
890,60000000	0,93306288
890,80000000	0,93261675
891,00000000	0,93213784
891,20000000	0,93216173
891,40000000	0,93206980
891,60000000	0,93214879
891,80000000	0,93175271
892,00000000	0,93232657
892,20000000	0,93260503
892,40000000	0,93241985
892,60000000	0,93314580
892,80000000	0,93295657
893,00000000	0,93275480
893,20000000	0,93326866
893,40000000	0,93312977
893,60000000	0,93302241
893,80000000	0,93293897
894,00000000	0,93362437
894,20000000	0,93413793
894,40000000	0,93400601
894,60000000	0,93414210
894,80000000	0,93437374
895,00000000	0,93477328
895,20000000	0,93504285
895,40000000	0,93582107
895,60000000	0,93635442
895,80000000	0,93558880
896,00000000	0,93599250
896,20000000	0,93644445
896,40000000	0,93685529
896,60000000	0,93777769
896,80000000	0,93801216
897,00000000	0,93792896
897,20000000	0,93852532
897,40000000	0,93912727
897,60000000	0,93919658
897,80000000	0,93948854
898,00000000	0,93942402
898,20000000	0,93987829
898,40000000	0,94061715
898,60000000	0,94084087
898,80000000	0,94170920
899,00000000	0,94150629
899,20000000	0,94219698
899,40000000	0,94259624
899,60000000	0,94313541
899,80000000	0,94387580
900,00000000	0,94329390
