200,00000000	0,90556329
200,20000000	0,86632556
200,40000000	0,81328554
200,60000000	0,92383124
200,80000000	0,83144541
201,00000000	0,90377823
201,20000000	0,77250039
201,40000000	0,94422674
201,60000000	0,65467105
201,80000000	0,93931573
202,00000000	0,89061487
202,20000000	0,88341195
202,40000000	0,82320038
202,60000000	0,85029875
202,80000000	0,93317037
203,00000000	0,90728801
203,20000000	0,85147046
203,40000000	0,79745464
203,60000000	0,88085319
203,80000000	0,86189002
204,00000000	0,89957035
204,20000000	0,90000615
204,40000000	0,93239885
204,60000000	0,77488114
204,80000000	0,89482758
205,00000000	0,80530098
205,20000000	0,95487578
205,40000000	0,85340573
205,60000000	0,96111699
205,80000000	0,89592225
206,00000000	0,90242966
206,20000000	0,92659932
206,40000000	0,91655886
206,60000000	0,91837455
206,80000000	0,96141578
207,00000000	0,90183211
207,20000000	0,94858137
207,40000000	0,94352162
207,60000000	0,89844214
207,80000000	0,93974248
208,00000000	0,93730084
208,20000000	0,90331367
208,40000000	0,89878265
208,60000000	0,85508186
208,80000000	0,93627834
209,00000000	0,86662804
209,20000000	0,92977424
209,40000000	0,89352857
209,60000000	0,87032668
209,80000000	0,93199760
210,00000000	0,88295525
210,20000000	0,93520540
210,40000000	0,73988805
210,60000000	0,89279371
210,80000000	0,87375523
211,00000000	0,74583352
211,20000000	0,95240445
211,40000000	0,80698907
211,60000000	0,81583023
211,80000000	0,85899607
212,00000000	0,82624973
212,20000000	0,87190233
212,40000000	0,79569331
212,60000000	0,83351750
212,80000000	0,92792959
213,00000000	0,88236643
213,20000000	0,85450315
213,40000000	0,87549961
213,60000000	0,89519719
213,80000000	0,77967972
214,00000000	0,85750678
214,20000000	0,93896077
214,40000000	0,88310949
214,60000000	0,88693572
214,80000000	0,88375716
215,00000000	0,89854719
215,20000000	0,90710163
215,40000000	0,88563641
215,60000000	0,86153048
215,80000000	0,94319351
216,00000000	0,90071069
216,20000000	0,89263718
216,40000000	0,90397145
216,60000000	0,87964538
216,80000000	0,89865136
217,00000000	0,88873532
217,20000000	0,93879807
217,40000000	0,86289588
217,60000000	0,86002574
217,80000000	0,83620171
218,00000000	0,92447587
218,20000000	0,88048954
218,40000000	0,81627746
218,60000000	0,83356381
218,80000000	0,84123222
219,00000000	0,92274561
219,20000000	0,83953496
219,40000000	0,87445617
219,60000000	0,81440772
219,80000000	0,87832003
220,00000000	0,88520812
220,20000000	0,76351078
220,40000000	0,93383698
220,60000000	0,83115347
220,80000000	0,82145486
221,00000000	0,84517759
221,20000000	0,89929992
221,40000000	0,86731529
221,60000000	0,81991655
221,80000000	0,92434065
222,00000000	0,74172166
222,20000000	0,89889095
222,40000000	0,86401912
222,60000000	0,85553222
222,80000000	0,85393538
223,00000000	0,81112781
223,20000000	0,96123843
223,40000000	0,88749374
223,60000000	0,78581110
223,80000000	0,93133733
224,00000000	0,85916637
224,20000000	0,87874989
224,40000000	0,83753158
224,60000000	0,91842940
224,80000000	0,86186133
225,00000000	0,90495911
225,20000000	0,77673317
225,40000000	0,88520873
225,60000000	0,80559172
225,80000000	0,91236544
226,00000000	0,79238254
226,20000000	0,84288857
226,40000000	0,88888721
226,60000000	0,84439772
226,80000000	0,83279797
227,00000000	0,88050925
227,20000000	0,73045138
227,40000000	0,85995634
227,60000000	0,77722843
227,80000000	0,81482879
228,00000000	0,85425386
228,20000000	0,71502290
228,40000000	0,85954069
228,60000000	0,78399577
228,80000000	0,87769280
229,00000000	0,84845072
229,20000000	0,81364836
229,40000000	0,86427925
229,60000000	0,74854694
229,80000000	0,85646678
230,00000000	0,83590874
230,20000000	0,83827797
230,40000000	0,83981111
230,60000000	0,79212451
230,80000000	0,90117154
231,00000000	0,80987159
231,20000000	0,86493559
231,40000000	0,82502124
231,60000000	0,83014098
231,80000000	0,84774557
232,00000000	0,92686679
232,20000000	0,77460678
232,40000000	0,82616505
232,60000000	0,80139857
232,80000000	0,84019120
233,00000000	0,80600801
233,20000000	0,82668796
233,40000000	0,82582421
233,60000000	0,82979305
233,80000000	0,82978281
234,00000000	0,80701118
234,20000000	0,81606270
234,40000000	0,84796421
234,60000000	0,78399913
234,80000000	0,80840392
235,00000000	0,82121808
235,20000000	0,76872200
235,40000000	0,82268163
235,60000000	0,81586662
235,80000000	0,85035399
236,00000000	0,83097778
236,20000000	0,84905514
236,40000000	0,81420398
236,60000000	0,87068401
236,80000000	0,84427402
237,00000000	0,83490266
237,20000000	0,80421770
237,40000000	0,91033715
237,60000000	0,77242688
237,80000000	0,88204133
238,00000000	0,85259711
238,20000000	0,87865330
238,40000000	0,81155982
238,60000000	0,86936844
238,80000000	0,86947837
239,00000000	0,84422834
239,20000000	0,83979870
239,40000000	0,78179235
239,60000000	0,84556468
239,80000000	0,83073377
240,00000000	0,86052801
240,20000000	0,83629971
240,40000000	0,84956968
240,60000000	0,83752006
240,80000000	0,82107416
241,00000000	0,83905159
241,20000000	0,89714470
241,40000000	0,75488176
241,60000000	0,85621509
241,80000000	0,87508121
242,00000000	0,83143180
242,20000000	0,87037488
242,40000000	0,84927392
242,60000000	0,83075599
242,80000000	0,82225219
243,00000000	0,80465383
243,20000000	0,86037041
243,40000000	0,82543112
243,60000000	0,85498198
243,80000000	0,85606589
244,00000000	0,85468402
244,20000000	0,81351660
244,40000000	0,83484735
244,60000000	0,85529594
244,80000000	0,79652213
245,00000000	0,83538265
245,20000000	0,81431364
245,40000000	0,88230711
245,60000000	0,78090320
245,80000000	0,82553960
246,00000000	0,80818920
246,20000000	0,84932299
246,40000000	0,80309916
246,60000000	0,84260421
246,80000000	0,82052269
247,00000000	0,83280418
247,20000000	0,89466846
247,40000000	0,80908993
247,60000000	0,80808687
247,80000000	0,79766760
248,00000000	0,83301347
248,20000000	0,81433405
248,40000000	0,83924346
248,60000000	0,73944156
248,80000000	0,85871906
249,00000000	0,83758657
249,20000000	0,81782321
249,40000000	0,80543084
249,60000000	0,75921832
249,80000000	0,85725796
250,00000000	0,79214477
250,20000000	0,78638880
250,40000000	0,82381377
250,60000000	0,80626081
250,80000000	0,85533862
251,00000000	0,77664795
251,20000000	0,81806376
251,40000000	0,82504493
251,60000000	0,81979832
251,80000000	0,85937077
252,00000000	0,73365268
252,20000000	0,81310897
252,40000000	0,82441409
252,60000000	0,84062697
252,80000000	0,83145332
253,00000000	0,85116066
253,20000000	0,77988008
253,40000000	0,81512895
253,60000000	0,82234142
253,80000000	0,74630528
254,00000000	0,81201356
254,20000000	0,83804996
254,40000000	0,81879825
254,60000000	0,82165597
254,80000000	0,79808239
255,00000000	0,84812142
255,20000000	0,76937690
255,40000000	0,85819177
255,60000000	0,82079849
255,80000000	0,78477508
256,00000000	0,80675686
256,20000000	0,79150359
256,40000000	0,83523023
256,60000000	0,79776978
256,80000000	0,85511029
257,00000000	0,82061794
257,20000000	0,74849697
257,40000000	0,82611294
257,60000000	0,80471532
257,80000000	0,80163681
258,00000000	0,78799861
258,20000000	0,81357756
258,40000000	0,73590211
258,60000000	0,77449764
258,80000000	0,78870926
259,00000000	0,77785660
259,20000000	0,80146707
259,40000000	0,78829937
259,60000000	0,79181882
259,80000000	0,76976084
260,00000000	0,77958147
260,20000000	0,78881008
260,40000000	0,74320624
260,60000000	0,74845097
260,80000000	0,72081998
261,00000000	0,77799958
261,20000000	0,76523454
261,40000000	0,76131213
261,60000000	0,80358885
261,80000000	0,75350552
262,00000000	0,72485563
262,20000000	0,77662197
262,40000000	0,73757857
262,60000000	0,74058031
262,80000000	0,76033212
263,00000000	0,73935447
263,20000000	0,75734453
263,40000000	0,73050775
263,60000000	0,73521858
263,80000000	0,73295452
264,00000000	0,76730693
264,20000000	0,69455831
264,40000000	0,74680630
264,60000000	0,76869388
264,80000000	0,74427915
265,00000000	0,70519662
265,20000000	0,72689477
265,40000000	0,74918354
265,60000000	0,74118465
265,80000000	0,70188919
266,00000000	0,70147101
266,20000000	0,72287272
266,40000000	0,67252661
266,60000000	0,71372719
266,80000000	0,70078474
267,00000000	0,69026326
267,20000000	0,75360433
267,40000000	0,70527976
267,60000000	0,70597395
267,80000000	0,72019027
268,00000000	0,67112896
268,20000000	0,67917419
268,40000000	0,71878885
268,60000000	0,70865487
268,80000000	0,66962091
269,00000000	0,72116545
269,20000000	0,68273546
269,40000000	0,68176994
269,60000000	0,67831789
269,80000000	0,68383520
270,00000000	0,72337086
270,20000000	0,70052692
270,40000000	0,71340178
270,60000000	0,66335476
270,80000000	0,71411135
271,00000000	0,71247338
271,20000000	0,65465728
271,40000000	0,67878353
271,60000000	0,68342502
271,80000000	0,68608333
272,00000000	0,70789150
272,20000000	0,66702239
272,40000000	0,72884010
272,60000000	0,70066231
272,80000000	0,67636955
273,00000000	0,63253592
273,20000000	0,63873238
273,40000000	0,68051635
273,60000000	0,63430910
273,80000000	0,65401341
274,00000000	0,72705858
274,20000000	0,65883599
274,40000000	0,65198765
274,60000000	0,66977384
274,80000000	0,70052214
275,00000000	0,67286877
275,20000000	0,64720538
275,40000000	0,65486636
275,60000000	0,66249454
275,80000000	0,63454908
276,00000000	0,68662463
276,20000000	0,65602783
276,40000000	0,66235239
276,60000000	0,67181752
276,80000000	0,66473566
277,00000000	0,64551064
277,20000000	0,63915800
277,40000000	0,64870175
277,60000000	0,67787330
277,80000000	0,64378659
278,00000000	0,63035936
278,20000000	0,63252614
278,40000000	0,62906018
278,60000000	0,62505418
278,80000000	0,62311031
279,00000000	0,59086444
279,20000000	0,57078828
279,40000000	0,61807461
279,60000000	0,59417236
279,80000000	0,57864740
280,00000000	0,62501201
280,20000000	0,61417029
280,40000000	0,59974621
280,60000000	0,59176956
280,80000000	0,60628035
281,00000000	0,60329657
281,20000000	0,59889866
281,40000000	0,63514457
281,60000000	0,58357449
281,80000000	0,58110094
282,00000000	0,60202094
282,20000000	0,60836749
282,40000000	0,59494815
282,60000000	0,59022673
282,80000000	0,57152889
283,00000000	0,60576155
283,20000000	0,58033277
283,40000000	0,57529845
283,60000000	0,52096201
283,80000000	0,55294892
284,00000000	0,55883165
284,20000000	0,57390477
284,40000000	0,52505385
284,60000000	0,53228119
284,80000000	0,49182425
285,00000000	0,55235853
285,20000000	0,52780687
285,40000000	0,48694565
285,60000000	0,50975652
285,80000000	0,46279874
286,00000000	0,51205614
286,20000000	0,45481279
286,40000000	0,43548687
286,60000000	0,46607613
286,80000000	0,48856072
287,00000000	0,43608289
287,20000000	0,44813694
287,40000000	0,37980283
287,60000000	0,37611296
287,80000000	0,42327990
288,00000000	0,37288880
288,20000000	0,35653176
288,40000000	0,36352817
288,60000000	0,38312947
288,80000000	0,37566738
289,00000000	0,28658174
289,20000000	0,35493900
289,40000000	0,34870508
289,60000000	0,31812655
289,80000000	0,37221794
290,00000000	0,33265230
290,20000000	0,29111726
290,40000000	0,30923337
290,60000000	0,30169044
290,80000000	0,29912838
291,00000000	0,28960182
291,20000000	0,34110886
291,40000000	0,30935740
291,60000000	0,28807190
291,80000000	0,30947439
292,00000000	0,29927214
292,20000000	0,31404374
292,40000000	0,32121772
292,60000000	0,24022150
292,80000000	0,27958602
293,00000000	0,29120027
293,20000000	0,24436666
293,40000000	0,31248372
293,60000000	0,24596879
293,80000000	0,23024399
294,00000000	0,26222745
294,20000000	0,30349901
294,40000000	0,27766678
294,60000000	0,24114875
294,80000000	0,28754957
295,00000000	0,29539072
295,20000000	0,27202354
295,40000000	0,26757116
295,60000000	0,28261533
295,80000000	0,26610882
296,00000000	0,24639389
296,20000000	0,25501979
296,40000000	0,28929229
296,60000000	0,26551641
296,80000000	0,25648325
297,00000000	0,23836536
297,20000000	0,26408997
297,40000000	0,24098503
297,60000000	0,26197208
297,80000000	0,24730569
298,00000000	0,26932111
298,20000000	0,23998676
298,40000000	0,25018218
298,60000000	0,30036356
298,80000000	0,23398270
299,00000000	0,21773264
299,20000000	0,23395106
299,40000000	0,26738226
299,60000000	0,22526920
299,80000000	0,22170905
300,00000000	0,24784605
300,20000000	0,20160811
300,40000000	0,24483229
300,60000000	0,24395386
300,80000000	0,21351165
301,00000000	0,24366997
301,20000000	0,23765700
301,40000000	0,21965599
301,60000000	0,21259605
301,80000000	0,24153130
302,00000000	0,25386147
302,20000000	0,23490699
302,40000000	0,23626627
302,60000000	0,22570744
302,80000000	0,25599966
303,00000000	0,22926607
303,20000000	0,19503953
303,40000000	0,23040362
303,60000000	0,23117923
303,80000000	0,24071086
304,00000000	0,24623602
304,20000000	0,20995577
304,40000000	0,21986182
304,60000000	0,21884527
304,80000000	0,24284908
305,00000000	0,22862688
305,20000000	0,20674642
305,40000000	0,22934471
305,60000000	0,22338031
305,80000000	0,22682432
306,00000000	0,23654952
306,20000000	0,23223280
306,40000000	0,22633119
306,60000000	0,21781773
306,80000000	0,21911980
307,00000000	0,21385778
307,20000000	0,22810912
307,40000000	0,22077323
307,60000000	0,22434128
307,80000000	0,24018254
308,00000000	0,22140171
308,20000000	0,23618915
308,40000000	0,22808703
308,60000000	0,21489536
308,80000000	0,20936019
309,00000000	0,22119782
309,20000000	0,20436859
309,40000000	0,21577435
309,60000000	0,21162485
309,80000000	0,21524745
310,00000000	0,21893005
310,20000000	0,21106144
310,40000000	0,20447543
310,60000000	0,21322674
310,80000000	0,20963495
311,00000000	0,22283637
311,20000000	0,20610675
311,40000000	0,21831114
311,60000000	0,21860002
311,80000000	0,21326073
312,00000000	0,22813904
312,20000000	0,23258748
312,40000000	0,20983126
312,60000000	0,21803292
312,80000000	0,22372145
313,00000000	0,21368058
313,20000000	0,20805854
313,40000000	0,20307137
313,60000000	0,21251526
313,80000000	0,20780205
314,00000000	0,21095072
314,20000000	0,19460699
314,40000000	0,21146737
314,60000000	0,20928951
314,80000000	0,20339932
315,00000000	0,19791157
315,20000000	0,21309139
315,40000000	0,19806932
315,60000000	0,20087929
315,80000000	0,20507477
316,00000000	0,20490449
316,20000000	0,20109903
316,40000000	0,20418331
316,60000000	0,21064984
316,80000000	0,19814514
317,00000000	0,21245869
317,20000000	0,20389982
317,40000000	0,20263740
317,60000000	0,20628083
317,80000000	0,20305556
318,00000000	0,19634861
318,20000000	0,20070983
318,40000000	0,20297702
318,60000000	0,19782670
318,80000000	0,20680469
319,00000000	0,20627418
319,20000000	0,20108893
319,40000000	0,20424342
319,60000000	0,21103552
319,80000000	0,19396981
320,00000000	0,19553300
320,20000000	0,20082575
320,40000000	0,20624329
320,60000000	0,19486809
320,80000000	0,20193781
321,00000000	0,20724786
321,20000000	0,20762545
321,40000000	0,18749984
321,60000000	0,20286076
321,80000000	0,19930750
322,00000000	0,20719031
322,20000000	0,19996922
322,40000000	0,20408111
322,60000000	0,19652431
322,80000000	0,19829057
323,00000000	0,19388720
323,20000000	0,20185354
323,40000000	0,20371623
323,60000000	0,20252958
323,80000000	0,20433385
324,00000000	0,19739952
324,20000000	0,19622666
324,40000000	0,19668467
324,60000000	0,20208983
324,80000000	0,20066448
325,00000000	0,19804180
325,20000000	0,19699510
325,40000000	0,20161504
325,60000000	0,19540304
325,80000000	0,19514875
326,00000000	0,19996614
326,20000000	0,19262234
326,40000000	0,20271058
326,60000000	0,19490253
326,80000000	0,19553799
327,00000000	0,19399689
327,20000000	0,19834276
327,40000000	0,19233787
327,60000000	0,19850515
327,80000000	0,19434140
328,00000000	0,19369478
328,20000000	0,20018631
328,40000000	0,19504544
328,60000000	0,19168793
328,80000000	0,19239266
329,00000000	0,19954633
329,20000000	0,19443017
329,40000000	0,19436215
329,60000000	0,19111088
329,80000000	0,19549684
330,00000000	0,19286423
330,20000000	0,19425602
330,40000000	0,19207438
330,60000000	0,19400270
330,80000000	0,19526390
331,00000000	0,19276158
331,20000000	0,19318819
331,40000000	0,19087979
331,60000000	0,19250373
331,80000000	0,19175211
332,00000000	0,19318322
332,20000000	0,19319041
332,40000000	0,19037565
332,60000000	0,18996121
332,80000000	0,19275629
333,00000000	0,19167709
333,20000000	0,19136630
333,40000000	0,19104845
333,60000000	0,19000246
333,80000000	0,18871549
334,00000000	0,19019269
334,20000000	0,18996703
334,40000000	0,18959434
334,60000000	0,19119176
334,80000000	0,19214111
335,00000000	0,18874121
335,20000000	0,18862997
335,40000000	0,18930850
335,60000000	0,19246032
335,80000000	0,18881515
336,00000000	0,18897676
336,20000000	0,18952369
336,40000000	0,18901864
336,60000000	0,18809128
336,80000000	0,18932925
337,00000000	0,18745774
337,20000000	0,18837045
337,40000000	0,18866326
337,60000000	0,19009051
337,80000000	0,18879003
338,00000000	0,18884314
338,20000000	0,18824735
338,40000000	0,18755348
338,60000000	0,18978131
338,80000000	0,18716940
339,00000000	0,18990439
339,20000000	0,18734425
339,40000000	0,18758505
339,60000000	0,18686588
339,80000000	0,18814216
340,00000000	0,18677001
340,20000000	0,18835293
340,40000000	0,18746213
340,60000000	0,18654794
340,80000000	0,18772160
341,00000000	0,18767423
341,20000000	0,18749932
341,40000000	0,18681042
341,60000000	0,18724029
341,80000000	0,18592038
342,00000000	0,18742956
342,20000000	0,18593840
342,40000000	0,18575987
342,60000000	0,18617572
342,80000000	0,18606658
343,00000000	0,18486001
343,20000000	0,18498606
343,40000000	0,18511808
343,60000000	0,18488421
343,80000000	0,18540712
344,00000000	0,18409587
344,20000000	0,18477319
344,40000000	0,18384167
344,60000000	0,18384292
344,80000000	0,18421500
345,00000000	0,18364470
345,20000000	0,18378715
345,40000000	0,18364577
345,60000000	0,18391354
345,80000000	0,18331854
346,00000000	0,18360465
346,20000000	0,18335239
346,40000000	0,18312408
346,60000000	0,18264236
346,80000000	0,18245908
347,00000000	0,18313362
347,20000000	0,18242764
347,40000000	0,18234422
347,60000000	0,18238929
347,80000000	0,18253663
348,00000000	0,18228934
348,20000000	0,18226411
348,40000000	0,18229932
348,60000000	0,18164747
348,80000000	0,18211611
349,00000000	0,18155713
349,20000000	0,18162672
349,40000000	0,18149450
349,60000000	0,18152059
349,80000000	0,18121995
350,00000000	0,18102559
350,20000000	0,18111411
350,40000000	0,18058108
350,60000000	0,18087502
350,80000000	0,18084703
351,00000000	0,18053437
351,20000000	0,18079324
351,40000000	0,18008603
351,60000000	0,18011104
351,80000000	0,17996714
352,00000000	0,17989431
352,20000000	0,17984901
352,40000000	0,17977256
352,60000000	0,17971261
352,80000000	0,17942254
353,00000000	0,17927837
353,20000000	0,17908135
353,40000000	0,17866149
353,60000000	0,17902433
353,80000000	0,17901043
354,00000000	0,17867776
354,20000000	0,17852465
354,40000000	0,17853723
354,60000000	0,17803796
354,80000000	0,17842817
355,00000000	0,17786846
355,20000000	0,17757586
355,40000000	0,17797011
355,60000000	0,17717564
355,80000000	0,17738301
356,00000000	0,17723187
356,20000000	0,17704224
356,40000000	0,17661765
356,60000000	0,17646813
356,80000000	0,17631932
357,00000000	0,17632368
357,20000000	0,17622120
357,40000000	0,17583923
357,60000000	0,17627075
357,80000000	0,17561539
358,00000000	0,17534023
358,20000000	0,17575796
358,40000000	0,17475308
358,60000000	0,17548927
358,80000000	0,17481264
359,00000000	0,17431503
359,20000000	0,17418285
359,40000000	0,17543118
359,60000000	0,17410576
359,80000000	0,17381588
360,00000000	0,17470178
360,20000000	0,17346927
360,40000000	0,17419009
360,60000000	0,17330072
360,80000000	0,17387916
361,00000000	0,17270178
361,20000000	0,17285603
361,40000000	0,17248425
361,60000000	0,17325940
361,80000000	0,17350176
362,00000000	0,17198806
362,20000000	0,17286148
362,40000000	0,17260008
362,60000000	0,17350771
362,80000000	0,17234414
363,00000000	0,17206744
363,20000000	0,17130318
363,40000000	0,17225637
363,60000000	0,17291981
363,80000000	0,17085529
364,00000000	0,17113977
364,20000000	0,17042571
364,40000000	0,17167150
364,60000000	0,17089898
364,80000000	0,17091172
365,00000000	0,17103908
365,20000000	0,17026887
365,40000000	0,17072794
365,60000000	0,17093872
365,80000000	0,17058331
366,00000000	0,17030830
366,20000000	0,17093280
366,40000000	0,17095999
366,60000000	0,16988901
366,80000000	0,17010719
367,00000000	0,17040158
367,20000000	0,16915618
367,40000000	0,16892562
367,60000000	0,16893242
367,80000000	0,16931281
368,00000000	0,16838619
368,20000000	0,16822589
368,40000000	0,16907021
368,60000000	0,16803200
368,80000000	0,16690021
369,00000000	0,16899670
369,20000000	0,16871524
369,40000000	0,16868577
369,60000000	0,16977157
369,80000000	0,16839623
370,00000000	0,17019418
370,20000000	0,16919908
370,40000000	0,16691683
370,60000000	0,16694689
370,80000000	0,16919584
371,00000000	0,16872787
371,20000000	0,16753042
371,40000000	0,16671504
371,60000000	0,16639782
371,80000000	0,16780145
372,00000000	0,16915615
372,20000000	0,16623498
372,40000000	0,16641643
372,60000000	0,16626024
372,80000000	0,16530678
373,00000000	0,16878406
373,20000000	0,16849034
373,40000000	0,16602781
373,60000000	0,16854649
373,80000000	0,16704129
374,00000000	0,16666709
374,20000000	0,16684806
374,40000000	0,16720918
374,60000000	0,16754763
374,80000000	0,16564251
375,00000000	0,16564472
375,20000000	0,16319231
375,40000000	0,16564264
375,60000000	0,16645401
375,80000000	0,16449106
376,00000000	0,16648263
376,20000000	0,16485618
376,40000000	0,16788621
376,60000000	0,16974889
376,80000000	0,16479846
377,00000000	0,16362156
377,20000000	0,16344195
377,40000000	0,16817109
377,60000000	0,16437580
377,80000000	0,16308447
378,00000000	0,16413373
378,20000000	0,16512662
378,40000000	0,16606629
378,60000000	0,16481086
378,80000000	0,16593414
379,00000000	0,16458995
379,20000000	0,16470467
379,40000000	0,16694445
379,60000000	0,16523129
379,80000000	0,16842636
380,00000000	0,16765883
380,20000000	0,16813996
380,40000000	0,16455108
380,60000000	0,16533866
380,80000000	0,16903792
381,00000000	0,16499667
381,20000000	0,16648598
381,40000000	0,17091610
381,60000000	0,16875601
381,80000000	0,17059625
382,00000000	0,16883219
382,20000000	0,16839953
382,40000000	0,16581016
382,60000000	0,16708035
382,80000000	0,16438822
383,00000000	0,16516252
383,20000000	0,16670558
383,40000000	0,16454346
383,60000000	0,16540561
383,80000000	0,16728520
384,00000000	0,16718221
384,20000000	0,16781501
384,40000000	0,16560591
384,60000000	0,16255294
384,80000000	0,16368692
385,00000000	0,15867371
385,20000000	0,16203327
385,40000000	0,16068206
385,60000000	0,16037356
385,80000000	0,16306846
386,00000000	0,16221493
386,20000000	0,16858745
386,40000000	0,16915632
386,60000000	0,16916846
386,80000000	0,16485549
387,00000000	0,16450137
387,20000000	0,16918410
387,40000000	0,16456240
387,60000000	0,15748861
387,80000000	0,16217923
388,00000000	0,16389931
388,20000000	0,16226725
388,40000000	0,16587897
388,60000000	0,16988197
388,80000000	0,16360893
389,00000000	0,16319416
389,20000000	0,16504910
389,40000000	0,16424732
389,60000000	0,16718773
389,80000000	0,16802494
390,00000000	0,16737014
390,20000000	0,17505414
390,40000000	0,16711318
390,60000000	0,16948656
390,80000000	0,16638023
391,00000000	0,16397545
391,20000000	0,16595049
391,40000000	0,16693403
391,60000000	0,17003461
391,80000000	0,16891476
392,00000000	0,16574191
392,20000000	0,17266598
392,40000000	0,16607368
392,60000000	0,16337966
392,80000000	0,16526988
393,00000000	0,16690667
393,20000000	0,17127801
393,40000000	0,16925333
393,60000000	0,17137219
393,80000000	0,17054995
394,00000000	0,16275129
394,20000000	0,16420634
394,40000000	0,16636575
394,60000000	0,17424700
394,80000000	0,17195346
395,00000000	0,17173229
395,20000000	0,17306123
395,40000000	0,16849029
395,60000000	0,16151720
395,80000000	0,16547946
396,00000000	0,16751230
396,20000000	0,17551550
396,40000000	0,17421959
396,60000000	0,17629475
396,80000000	0,16843434
397,00000000	0,17807299
397,20000000	0,17789102
397,40000000	0,16278625
397,60000000	0,16175043
397,80000000	0,16713711
398,00000000	0,16577080
398,20000000	0,17788941
398,40000000	0,18117824
398,60000000	0,17136319
398,80000000	0,16987307
399,00000000	0,16521833
399,20000000	0,16770673
399,40000000	0,16568455
399,60000000	0,17228454
399,80000000	0,17457282
400,00000000	0,16977635
400,20000000	0,16801961
400,40000000	0,16113254
400,60000000	0,16584289
400,80000000	0,16939156
401,00000000	0,17249465
401,20000000	0,16438956
401,40000000	0,16466700
401,60000000	0,17196765
401,80000000	0,17050540
402,00000000	0,16308776
402,20000000	0,17538178
402,40000000	0,18029244
402,60000000	0,16999044
402,80000000	0,16128795
403,00000000	0,16623635
403,20000000	0,17402194
403,40000000	0,17475222
403,60000000	0,16689704
403,80000000	0,17264877
404,00000000	0,16661729
404,20000000	0,16818396
404,40000000	0,16498988
404,60000000	0,16347732
404,80000000	0,16225037
405,00000000	0,17128478
405,20000000	0,16876720
405,40000000	0,17577446
405,60000000	0,17182041
405,80000000	0,16773853
406,00000000	0,17841510
406,20000000	0,17211355
406,40000000	0,17394418
406,60000000	0,17744421
406,80000000	0,16751855
407,00000000	0,16855455
407,20000000	0,17014588
407,40000000	0,17616794
407,60000000	0,19430279
407,80000000	0,17653389
408,00000000	0,17911885
408,20000000	0,16790707
408,40000000	0,16904496
408,60000000	0,18680731
408,80000000	0,19050903
409,00000000	0,16520296
409,20000000	0,16576942
409,40000000	0,16883614
409,60000000	0,17881689
409,80000000	0,18990262
410,00000000	0,18637206
410,20000000	0,18098629
410,40000000	0,17939777
410,60000000	0,18149125
410,80000000	0,17818509
411,00000000	0,17672143
411,20000000	0,18012799
411,40000000	0,18841304
411,60000000	0,17554870
411,80000000	0,17573131
412,00000000	0,18729108
412,20000000	0,18983552
412,40000000	0,18531607
412,60000000	0,18206042
412,80000000	0,17498831
413,00000000	0,18129372
413,20000000	0,18427484
413,40000000	0,17986897
413,60000000	0,20171812
413,80000000	0,18216389
414,00000000	0,16474452
414,20000000	0,17307008
414,40000000	0,17237962
414,60000000	0,18998334
414,80000000	0,18185850
415,00000000	0,17815119
415,20000000	0,19727615
415,40000000	0,19990233
415,60000000	0,19423256
415,80000000	0,18327833
416,00000000	0,17944355
416,20000000	0,18397606
416,40000000	0,17460725
416,60000000	0,18962012
416,80000000	0,19869929
417,00000000	0,18604531
417,20000000	0,19380519
417,40000000	0,19493429
417,60000000	0,18960923
417,80000000	0,19344069
418,00000000	0,19037162
418,20000000	0,19414047
418,40000000	0,19887476
418,60000000	0,18778097
418,80000000	0,19132022
419,00000000	0,18962592
419,20000000	0,19421396
419,40000000	0,19006216
419,60000000	0,17450076
419,80000000	0,18257980
420,00000000	0,21102236
420,20000000	0,20423125
420,40000000	0,17865153
420,60000000	0,18865006
420,80000000	0,18983765
421,00000000	0,20538113
421,20000000	0,19609912
421,40000000	0,18569360
421,60000000	0,20409974
421,80000000	0,21709978
422,00000000	0,22073139
422,20000000	0,18382607
422,40000000	0,19896294
422,60000000	0,21518574
422,80000000	0,20493082
423,00000000	0,19718783
423,20000000	0,18986981
423,40000000	0,19520283
423,60000000	0,23799480
423,80000000	0,21421545
424,00000000	0,20736800
424,20000000	0,22396376
424,40000000	0,21366867
424,60000000	0,21821088
424,80000000	0,22908285
425,00000000	0,21523922
425,20000000	0,20886330
425,40000000	0,22076029
425,60000000	0,22118186
425,80000000	0,22948307
426,00000000	0,22922708
426,20000000	0,22753135
426,40000000	0,21835058
426,60000000	0,21579416
426,80000000	0,21974587
427,00000000	0,21865908
427,20000000	0,22978797
427,40000000	0,23970997
427,60000000	0,22961317
427,80000000	0,23420134
428,00000000	0,23261746
428,20000000	0,24357545
428,40000000	0,25987142
428,60000000	0,24494267
428,80000000	0,25096955
429,00000000	0,25582711
429,20000000	0,24458636
429,40000000	0,23753359
429,60000000	0,23573901
429,80000000	0,25542719
430,00000000	0,24763522
430,20000000	0,22292765
430,40000000	0,24799437
430,60000000	0,24732089
430,80000000	0,25865900
431,00000000	0,26173244
431,20000000	0,27259422
431,40000000	0,26807052
431,60000000	0,23067155
431,80000000	0,27238804
432,00000000	0,29688802
432,20000000	0,27854988
432,40000000	0,26602171
432,60000000	0,25954966
432,80000000	0,25259535
433,00000000	0,29211687
433,20000000	0,32534345
433,40000000	0,29906969
433,60000000	0,28991135
433,80000000	0,31900272
434,00000000	0,31287311
434,20000000	0,30569739
434,40000000	0,31010144
434,60000000	0,32901801
434,80000000	0,32044127
435,00000000	0,31838013
435,20000000	0,33377952
435,40000000	0,34386674
435,60000000	0,35179198
435,80000000	0,34991369
436,00000000	0,36703180
436,20000000	0,37241789
436,40000000	0,36464041
436,60000000	0,38619849
436,80000000	0,39277989
437,00000000	0,40081986
437,20000000	0,39596730
437,40000000	0,40480124
437,60000000	0,41407363
437,80000000	0,41045447
438,00000000	0,43543574
438,20000000	0,44480634
438,40000000	0,45306551
438,60000000	0,45510047
438,80000000	0,46067553
439,00000000	0,47289914
439,20000000	0,49389987
439,40000000	0,52309815
439,60000000	0,53143839
439,80000000	0,52876012
440,00000000	0,53293675
440,20000000	0,54009788
440,40000000	0,54720716
440,60000000	0,56140683
440,80000000	0,56675263
441,00000000	0,57349981
441,20000000	0,57106604
441,40000000	0,59023268
441,60000000	0,59860648
441,80000000	0,60911395
442,00000000	0,61181093
442,20000000	0,62221005
442,40000000	0,61875263
442,60000000	0,62578290
442,80000000	0,63765401
443,00000000	0,63299740
443,20000000	0,64869309
443,40000000	0,66114711
443,60000000	0,65040006
443,80000000	0,67287977
444,00000000	0,68767628
444,20000000	0,68389404
444,40000000	0,68462809
444,60000000	0,69777968
444,80000000	0,69607054
445,00000000	0,69550000
445,20000000	0,70138303
445,40000000	0,71918781
445,60000000	0,71379607
445,80000000	0,70649473
446,00000000	0,72585631
446,20000000	0,73931131
446,40000000	0,72897811
446,60000000	0,73326580
446,80000000	0,73457051
447,00000000	0,74181971
447,20000000	0,74199348
447,40000000	0,73662683
447,60000000	0,73268511
447,80000000	0,73281299
448,00000000	0,74589496
448,20000000	0,75167906
448,40000000	0,75342681
448,60000000	0,75921511
448,80000000	0,77606960
449,00000000	0,77873158
449,20000000	0,77934832
449,40000000	0,78084058
449,60000000	0,78370418
449,80000000	0,78747057
450,00000000	0,78693533
450,20000000	0,79051325
450,40000000	0,79665202
450,60000000	0,79290432
450,80000000	0,78376625
451,00000000	0,78750760
451,20000000	0,78864582
451,40000000	0,78299692
451,60000000	0,78683051
451,80000000	0,79509664
452,00000000	0,80100160
452,20000000	0,79019441
452,40000000	0,78546920
452,60000000	0,78509562
452,80000000	0,79538114
453,00000000	0,79097135
453,20000000	0,79005322
453,40000000	0,79824132
453,60000000	0,80482041
453,80000000	0,79622908
454,00000000	0,80520188
454,20000000	0,80370073
454,40000000	0,80161500
454,60000000	0,80642552
454,80000000	0,81196642
455,00000000	0,80999339
455,20000000	0,81817577
455,40000000	0,81826378
455,60000000	0,81889176
455,80000000	0,81903788
456,00000000	0,83205892
456,20000000	0,83534857
456,40000000	0,83109824
456,60000000	0,83021224
456,80000000	0,83436755
457,00000000	0,83144172
457,20000000	0,83015864
457,40000000	0,82703203
457,60000000	0,82305260
457,80000000	0,83059130
458,00000000	0,83179802
458,20000000	0,82709413
458,40000000	0,82941169
458,60000000	0,83142334
458,80000000	0,82935795
459,00000000	0,83380228
459,20000000	0,83223152
459,40000000	0,83070398
459,60000000	0,83205024
459,80000000	0,83138337
460,00000000	0,83513704
460,20000000	0,83047617
460,40000000	0,83358512
460,60000000	0,83920131
460,80000000	0,84422033
461,00000000	0,84541345
461,20000000	0,84739029
461,40000000	0,85270937
461,60000000	0,85602886
461,80000000	0,85877000
462,00000000	0,86625941
462,20000000	0,87306683
462,40000000	0,87287173
462,60000000	0,87790015
462,80000000	0,88186476
463,00000000	0,88723295
463,20000000	0,89031453
463,40000000	0,89228749
463,60000000	0,88998056
463,80000000	0,89310987
464,00000000	0,89533854
464,20000000	0,89529462
464,40000000	0,89580299
464,60000000	0,89603873
464,80000000	0,89725015
465,00000000	0,89854089
465,20000000	0,89646851
465,40000000	0,89453719
465,60000000	0,89065534
465,80000000	0,89446031
466,00000000	0,89736957
466,20000000	0,89325992
466,40000000	0,89220803
466,60000000	0,88533733
466,80000000	0,88244801
467,00000000	0,88160075
467,20000000	0,87753177
467,40000000	0,87698479
467,60000000	0,88131378
467,80000000	0,88357583
468,00000000	0,88372748
468,20000000	0,88684039
468,40000000	0,89057637
468,60000000	0,89060330
468,80000000	0,88967634
469,00000000	0,89123772
469,20000000	0,89318849
469,40000000	0,89613498
469,60000000	0,90069472
469,80000000	0,90808137
470,00000000	0,90892516
470,20000000	0,90953881
470,40000000	0,91425637
470,60000000	0,91727308
470,80000000	0,92008672
471,00000000	0,92168643
471,20000000	0,92514718
471,40000000	0,92805187
471,60000000	0,93253177
471,80000000	0,93499912
472,00000000	0,93275763
472,20000000	0,93846462
472,40000000	0,93876902
472,60000000	0,93847560
472,80000000	0,93791004
473,00000000	0,94022040
473,20000000	0,93648187
473,40000000	0,93751373
473,60000000	0,93813945
473,80000000	0,93601870
474,00000000	0,93540652
474,20000000	0,93094321
474,40000000	0,93027122
474,60000000	0,92671592
474,80000000	0,92475644
475,00000000	0,92236041
475,20000000	0,92593252
475,40000000	0,91880026
475,60000000	0,91921821
475,80000000	0,91946165
476,00000000	0,91560388
476,20000000	0,91629613
476,40000000	0,91527568
476,60000000	0,91403996
476,80000000	0,91052437
477,00000000	0,91250331
477,20000000	0,91127525
477,40000000	0,91321882
477,60000000	0,91122577
477,80000000	0,91091078
478,00000000	0,91136526
478,20000000	0,91205095
478,40000000	0,91306535
478,60000000	0,91530107
478,80000000	0,91722437
479,00000000	0,92037867
479,20000000	0,92591772
479,40000000	0,92570567
479,60000000	0,92650371
479,80000000	0,93017742
480,00000000	0,93231097
480,20000000	0,93443436
480,40000000	0,93465693
480,60000000	0,93958897
480,80000000	0,94177835
481,00000000	0,94887861
481,20000000	0,95123564
481,40000000	0,95480500
481,60000000	0,95395286
481,80000000	0,95057832
482,00000000	0,95336873
482,20000000	0,95960589
482,40000000	0,96186545
482,60000000	0,95873580
482,80000000	0,96252528
483,00000000	0,95765577
483,20000000	0,95727759
483,40000000	0,95894851
483,60000000	0,96069058
483,80000000	0,95871871
484,00000000	0,95783087
484,20000000	0,95755113
484,40000000	0,95429611
484,60000000	0,95448566
484,80000000	0,94889682
485,00000000	0,95040487
485,20000000	0,94889179
485,40000000	0,94718608
485,60000000	0,94416675
485,80000000	0,94368602
486,00000000	0,94114628
486,20000000	0,93604439
486,40000000	0,93708941
486,60000000	0,93418941
486,80000000	0,93415854
487,00000000	0,93119288
487,20000000	0,93331174
487,40000000	0,93049592
487,60000000	0,92872471
487,80000000	0,92771841
488,00000000	0,92384321
488,20000000	0,92335973
488,40000000	0,92382992
488,60000000	0,92574638
488,80000000	0,92059007
489,00000000	0,92108994
489,20000000	0,92184266
489,40000000	0,92529293
489,60000000	0,92646240
489,80000000	0,92747023
490,00000000	0,92830663
490,20000000	0,92632016
490,40000000	0,93247561
490,60000000	0,93298501
490,80000000	0,93346880
491,00000000	0,93240308
491,20000000	0,93536240
491,40000000	0,93978082
491,60000000	0,94058041
491,80000000	0,93856931
492,00000000	0,94059221
492,20000000	0,94543285
492,40000000	0,94765353
492,60000000	0,95353628
492,80000000	0,95185881
493,00000000	0,95207290
493,20000000	0,95416691
493,40000000	0,95520358
493,60000000	0,95533020
493,80000000	0,95819423
494,00000000	0,95942791
494,20000000	0,96044178
494,40000000	0,96203051
494,60000000	0,95772849
494,80000000	0,95989979
495,00000000	0,96158652
495,20000000	0,96157567
495,40000000	0,96098271
495,60000000	0,95867404
495,80000000	0,95782987
496,00000000	0,95700541
496,20000000	0,95774709
496,40000000	0,95710273
496,60000000	0,95700933
496,80000000	0,95488927
497,00000000	0,95634713
497,20000000	0,95482847
497,40000000	0,95261917
497,60000000	0,95128885
497,80000000	0,94887600
498,00000000	0,94875467
498,20000000	0,94448414
498,40000000	0,94459168
498,60000000	0,94255695
498,80000000	0,94411426
499,00000000	0,94365232
499,20000000	0,93862429
499,40000000	0,93936988
499,60000000	0,94108420
499,80000000	0,94163843
500,00000000	0,93696622
500,20000000	0,93835826
500,40000000	0,93712280
500,60000000	0,93547269
500,80000000	0,93780536
501,00000000	0,93682855
501,20000000	0,93863024
501,40000000	0,93887283
501,60000000	0,94045492
501,80000000	0,94117144
502,00000000	0,94315816
502,20000000	0,94531595
502,40000000	0,94469636
502,60000000	0,94730644
502,80000000	0,94638873
503,00000000	0,94511385
503,20000000	0,94808468
503,40000000	0,95128130
503,60000000	0,95202039
503,80000000	0,95417058
504,00000000	0,95779826
504,20000000	0,95707042
504,40000000	0,96191959
504,60000000	0,96277188
504,80000000	0,96315168
505,00000000	0,96628533
505,20000000	0,96762219
505,40000000	0,96851721
505,60000000	0,96774070
505,80000000	0,97066109
506,00000000	0,97393821
506,20000000	0,97324689
506,40000000	0,97477536
506,60000000	0,97474684
506,80000000	0,97618185
507,00000000	0,97639833
507,20000000	0,97900111
507,40000000	0,97910348
507,60000000	0,97726915
507,80000000	0,97813462
508,00000000	0,98010829
508,20000000	0,98049384
508,40000000	0,97829974
508,60000000	0,97867329
508,80000000	0,97840977
509,00000000	0,97424350
509,20000000	0,97257796
509,40000000	0,97178076
509,60000000	0,97223377
509,80000000	0,97207875
510,00000000	0,96985345
510,20000000	0,96803819
510,40000000	0,96922338
510,60000000	0,96826290
510,80000000	0,96556209
511,00000000	0,96563008
511,20000000	0,96318749
511,40000000	0,96015205
511,60000000	0,95913803
511,80000000	0,95724983
512,00000000	0,95732404
512,20000000	0,95676569
512,40000000	0,95688078
512,60000000	0,95254923
512,80000000	0,95145150
513,00000000	0,95198120
513,20000000	0,94808620
513,40000000	0,94661582
513,60000000	0,94461534
513,80000000	0,94496893
514,00000000	0,94474976
514,20000000	0,94485075
514,40000000	0,94779066
514,60000000	0,94583643
514,80000000	0,94452694
515,00000000	0,94422892
515,20000000	0,94295464
515,40000000	0,94322104
515,60000000	0,94584268
515,80000000	0,94615675
516,00000000	0,94739782
516,20000000	0,94769093
516,40000000	0,94762910
516,60000000	0,94997141
516,80000000	0,94842039
517,00000000	0,95138318
517,20000000	0,95435257
517,40000000	0,95465333
517,60000000	0,95491607
517,80000000	0,95578983
518,00000000	0,95741797
518,20000000	0,96122296
518,40000000	0,96542901
518,60000000	0,96748040
518,80000000	0,96676500
519,00000000	0,96812541
519,20000000	0,96980587
519,40000000	0,97200100
519,60000000	0,97306243
519,80000000	0,97621628
520,00000000	0,97874749
520,20000000	0,97919742
520,40000000	0,97999906
520,60000000	0,98129659
520,80000000	0,98353696
521,00000000	0,98555383
521,20000000	0,98589017
521,40000000	0,98649649
521,60000000	0,98766423
521,80000000	0,98920926
522,00000000	0,98968156
522,20000000	0,99012338
522,40000000	0,99057228
522,60000000	0,98985493
522,80000000	0,98985188
523,00000000	0,99130675
523,20000000	0,99051983
523,40000000	0,99025079
523,60000000	0,98981823
523,80000000	0,98824617
524,00000000	0,98813564
524,20000000	0,98731243
524,40000000	0,98563673
524,60000000	0,98444170
524,80000000	0,98456031
525,00000000	0,98457585
525,20000000	0,98136702
525,40000000	0,97982110
525,60000000	0,97948632
525,80000000	0,97701684
526,00000000	0,97545119
526,20000000	0,97456494
526,40000000	0,97323881
526,60000000	0,97027611
526,80000000	0,96930401
527,00000000	0,96934739
527,20000000	0,96868958
527,40000000	0,96601118
527,60000000	0,96370031
527,80000000	0,96229566
528,00000000	0,96109270
528,20000000	0,95945014
528,40000000	0,95920143
528,60000000	0,95796540
528,80000000	0,95835646
529,00000000	0,95565551
529,20000000	0,95528283
529,40000000	0,95434623
529,60000000	0,95508832
529,80000000	0,95460206
530,00000000	0,95201118
530,20000000	0,95060100
530,40000000	0,95029456
530,60000000	0,95099509
530,80000000	0,95335275
531,00000000	0,95047355
531,20000000	0,95219325
531,40000000	0,95465942
531,60000000	0,95305069
531,80000000	0,95349076
532,00000000	0,95414350
532,20000000	0,95624210
532,40000000	0,95594458
532,60000000	0,95582805
532,80000000	0,95875579
533,00000000	0,96053631
533,20000000	0,96331740
533,40000000	0,96311124
533,60000000	0,96198960
533,80000000	0,96397170
534,00000000	0,96503367
534,20000000	0,96763184
534,40000000	0,96759343
534,60000000	0,96943210
534,80000000	0,97058952
535,00000000	0,97053400
535,20000000	0,97274615
535,40000000	0,97406275
535,60000000	0,97598771
535,80000000	0,97801281
536,00000000	0,97826683
536,20000000	0,98003442
536,40000000	0,98102321
536,60000000	0,98349424
536,80000000	0,98562298
537,00000000	0,98576084
537,20000000	0,98619209
537,40000000	0,98602865
537,60000000	0,98778142
537,80000000	0,98914715
538,00000000	0,98985655
538,20000000	0,99062355
538,40000000	0,99064028
538,60000000	0,99059280
538,80000000	0,99048954
539,00000000	0,99091319
539,20000000	0,99173916
539,40000000	0,99106821
539,60000000	0,99093059
539,80000000	0,99016001
540,00000000	0,98935612
540,20000000	0,98876302
540,40000000	0,98786691
540,60000000	0,98719934
540,80000000	0,98673235
541,00000000	0,98564045
541,20000000	0,98595026
541,40000000	0,98460393
541,60000000	0,98313680
541,80000000	0,98136831
542,00000000	0,98079245
542,20000000	0,97972215
542,40000000	0,97958029
542,60000000	0,97888703
542,80000000	0,97663778
543,00000000	0,97434486
543,20000000	0,97444667
543,40000000	0,97419533
543,60000000	0,97171890
543,80000000	0,97106361
544,00000000	0,97096604
544,20000000	0,97054278
544,40000000	0,97003386
544,60000000	0,96803513
544,80000000	0,96558469
545,00000000	0,96552257
545,20000000	0,96721580
545,40000000	0,96747266
545,60000000	0,96287914
545,80000000	0,96110523
546,00000000	0,96357349
546,20000000	0,96480945
546,40000000	0,96259554
546,60000000	0,95889606
546,80000000	0,95937194
547,00000000	0,96288542
547,20000000	0,96216843
547,40000000	0,96142601
547,60000000	0,96172977
547,80000000	0,96124667
548,00000000	0,96392212
548,20000000	0,96401638
548,40000000	0,96282243
548,60000000	0,96187321
548,80000000	0,96444181
549,00000000	0,96846842
549,20000000	0,96656649
549,40000000	0,96446981
549,60000000	0,96542453
549,80000000	0,96644232
550,00000000	0,96996796
550,20000000	0,97066255
550,40000000	0,96935400
550,60000000	0,97159859
550,80000000	0,97208256
551,00000000	0,97422690
551,20000000	0,97404446
551,40000000	0,97458662
551,60000000	0,97767316
551,80000000	0,97810345
552,00000000	0,97892623
552,20000000	0,98028338
552,40000000	0,97942595
552,60000000	0,98117673
552,80000000	0,98208472
553,00000000	0,98363628
553,20000000	0,98559733
553,40000000	0,98456021
553,60000000	0,98557709
553,80000000	0,98557655
554,00000000	0,98619678
554,20000000	0,98878931
554,40000000	0,98921322
554,60000000	0,98811425
554,80000000	0,98913359
555,00000000	0,99024418
555,20000000	0,99144276
555,40000000	0,98972844
555,60000000	0,98846116
555,80000000	0,99053792
556,00000000	0,99066943
556,20000000	0,98992818
556,40000000	0,98933610
556,60000000	0,98781303
556,80000000	0,98914694
557,00000000	0,99043720
557,20000000	0,98902868
557,40000000	0,98752268
557,60000000	0,98573099
557,80000000	0,98743756
558,00000000	0,98844126
558,20000000	0,98547466
558,40000000	0,98399290
558,60000000	0,98331339
558,80000000	0,98441909
559,00000000	0,98505883
559,20000000	0,98100542
559,40000000	0,97930792
559,60000000	0,97969589
559,80000000	0,98027277
560,00000000	0,98052177
560,20000000	0,97653605
560,40000000	0,97526058
560,60000000	0,97711517
560,80000000	0,97693453
561,00000000	0,97609425
561,20000000	0,97229063
561,40000000	0,97162794
561,60000000	0,97329619
561,80000000	0,97329058
562,00000000	0,97346312
562,20000000	0,97006834
562,40000000	0,96918953
562,60000000	0,97178921
562,80000000	0,97176760
563,00000000	0,97019667
563,20000000	0,96762907
563,40000000	0,96679347
563,60000000	0,96852128
563,80000000	0,96730458
564,00000000	0,96795465
564,20000000	0,96857617
564,40000000	0,96654871
564,60000000	0,96740173
564,80000000	0,96814409
565,00000000	0,96963101
565,20000000	0,97009856
565,40000000	0,96856589
565,60000000	0,97027045
565,80000000	0,97180374
566,00000000	0,97180815
566,20000000	0,97220366
566,40000000	0,97169913
566,60000000	0,97161453
566,80000000	0,97171815
567,00000000	0,97290901
567,20000000	0,97616599
567,40000000	0,97674453
567,60000000	0,97575019
567,80000000	0,97623217
568,00000000	0,97672447
568,20000000	0,97891023
568,40000000	0,97995348
568,60000000	0,97948172
568,80000000	0,98009222
569,00000000	0,98075584
569,20000000	0,98322807
569,40000000	0,98550456
569,60000000	0,98466775
569,80000000	0,98373769
570,00000000	0,98495108
570,20000000	0,98624296
570,40000000	0,98912862
570,60000000	0,99005818
570,80000000	0,98847927
571,00000000	0,98803272
571,20000000	0,98935744
571,40000000	0,99222977
571,60000000	0,99327036
571,80000000	0,99210447
572,00000000	0,99119724
572,20000000	0,99232808
572,40000000	0,99415922
572,60000000	0,99562056
572,80000000	0,99531326
573,00000000	0,99419526
573,20000000	0,99416363
573,40000000	0,99514095
573,60000000	0,99654924
573,80000000	0,99618403
574,00000000	0,99479594
574,20000000	0,99493276
574,40000000	0,99611472
574,60000000	0,99639767
574,80000000	0,99550776
575,00000000	0,99448759
575,20000000	0,99473885
575,40000000	0,99527657
575,60000000	0,99502245
575,80000000	0,99464625
576,00000000	0,99409464
576,20000000	0,99330262
576,40000000	0,99307034
576,60000000	0,99357383
576,80000000	0,99300764
577,00000000	0,99168790
577,20000000	0,99090087
577,40000000	0,99073506
577,60000000	0,99147955
577,80000000	0,99154690
578,00000000	0,99057593
578,20000000	0,98979768
578,40000000	0,98878823
578,60000000	0,98796628
578,80000000	0,98721051
579,00000000	0,98640325
579,20000000	0,98686286
579,40000000	0,98711771
579,60000000	0,98559960
579,80000000	0,98461390
580,00000000	0,98499723
580,20000000	0,98566436
580,40000000	0,98566446
580,60000000	0,98336031
580,80000000	0,98180385
581,00000000	0,98288192
581,20000000	0,98322393
581,40000000	0,98322595
581,60000000	0,98310757
581,80000000	0,98172962
582,00000000	0,98114157
582,20000000	0,98153741
582,40000000	0,98285637
582,60000000	0,98415372
582,80000000	0,98191160
583,00000000	0,97948869
583,20000000	0,98148727
583,40000000	0,98335235
583,60000000	0,98384589
583,80000000	0,98316433
584,00000000	0,98021188
584,20000000	0,97990626
584,40000000	0,98273491
584,60000000	0,98420620
584,80000000	0,98467136
585,00000000	0,98332536
585,20000000	0,98111024
585,40000000	0,98189874
585,60000000	0,98485654
585,80000000	0,98696644
586,00000000	0,98668209
586,20000000	0,98381037
586,40000000	0,98243455
586,60000000	0,98483868
586,80000000	0,98690404
587,00000000	0,98791999
587,20000000	0,98757382
587,40000000	0,98626355
587,60000000	0,98689543
587,80000000	0,98844184
588,00000000	0,98900130
588,20000000	0,98932612
588,40000000	0,98929376
588,60000000	0,98897032
588,80000000	0,99031475
589,00000000	0,99122386
589,20000000	0,99055373
589,40000000	0,99047515
589,60000000	0,99057447
589,80000000	0,99158471
590,00000000	0,99333835
590,20000000	0,99342855
590,40000000	0,99267664
590,60000000	0,99251056
590,80000000	0,99261390
591,00000000	0,99384110
591,20000000	0,99552571
591,40000000	0,99477579
591,60000000	0,99346135
591,80000000	0,99353298
592,00000000	0,99402422
592,20000000	0,99499681
592,40000000	0,99539420
592,60000000	0,99482550
592,80000000	0,99439253
593,00000000	0,99426731
593,20000000	0,99420236
593,40000000	0,99506674
593,60000000	0,99513231
593,80000000	0,99356215
594,00000000	0,99333809
594,20000000	0,99392443
594,40000000	0,99437262
594,60000000	0,99472585
594,80000000	0,99367218
595,00000000	0,99240314
595,20000000	0,99210694
595,40000000	0,99224439
595,60000000	0,99264299
595,80000000	0,99275746
596,00000000	0,99194173
596,20000000	0,99122173
596,40000000	0,99116748
596,60000000	0,99099018
596,80000000	0,99140801
597,00000000	0,99146017
597,20000000	0,99071882
597,40000000	0,98977032
597,60000000	0,98934058
597,80000000	0,98975763
598,00000000	0,98932203
598,20000000	0,98893883
598,40000000	0,98846574
598,60000000	0,98841530
598,80000000	0,98867960
599,00000000	0,98692783
599,20000000	0,98644034
599,40000000	0,98772277
599,60000000	0,98768478
599,80000000	0,98750937
600,00000000	0,98778365
600,20000000	0,98589852
600,40000000	0,98412482
600,60000000	0,98597217
600,80000000	0,98784596
601,00000000	0,98834835
601,20000000	0,98706526
601,40000000	0,98450186
601,60000000	0,98365940
601,80000000	0,98462624
602,00000000	0,98722053
602,20000000	0,98920762
602,40000000	0,98755007
602,60000000	0,98378662
602,80000000	0,98259798
603,00000000	0,98461191
603,20000000	0,98775821
603,40000000	0,98963227
603,60000000	0,98725786
603,80000000	0,98309897
604,00000000	0,98194740
604,20000000	0,98411473
604,40000000	0,98770606
604,60000000	0,98955662
604,80000000	0,98802305
605,00000000	0,98541065
605,20000000	0,98361224
605,40000000	0,98417569
605,60000000	0,98791258
605,80000000	0,99093791
606,00000000	0,99023458
606,20000000	0,98751135
606,40000000	0,98523617
606,60000000	0,98551681
606,80000000	0,98872866
607,00000000	0,99119177
607,20000000	0,99069339
607,40000000	0,98875683
607,60000000	0,98701732
607,80000000	0,98707760
608,00000000	0,98951971
608,20000000	0,99194565
608,40000000	0,99237233
608,60000000	0,99051022
608,80000000	0,98816704
609,00000000	0,98888411
609,20000000	0,99168655
609,40000000	0,99377477
609,60000000	0,99410014
609,80000000	0,99212834
610,00000000	0,99044624
610,20000000	0,99122980
610,40000000	0,99269179
610,60000000	0,99456748
610,80000000	0,99544798
611,00000000	0,99366393
611,20000000	0,99196366
611,40000000	0,99253842
611,60000000	0,99425519
611,80000000	0,99602148
612,00000000	0,99677293
612,20000000	0,99525203
612,40000000	0,99335775
612,60000000	0,99349897
612,80000000	0,99462735
613,00000000	0,99628358
613,20000000	0,99731415
613,40000000	0,99630909
613,60000000	0,99489482
613,80000000	0,99403514
614,00000000	0,99441837
614,20000000	0,99639871
614,40000000	0,99749469
614,60000000	0,99620898
614,80000000	0,99482419
615,00000000	0,99425048
615,20000000	0,99428098
615,40000000	0,99589216
615,60000000	0,99697693
615,80000000	0,99612219
616,00000000	0,99497424
616,20000000	0,99350715
616,40000000	0,99292170
616,60000000	0,99489251
616,80000000	0,99652491
617,00000000	0,99621655
617,20000000	0,99467885
617,40000000	0,99251412
617,60000000	0,99150221
617,80000000	0,99289442
618,00000000	0,99448161
618,20000000	0,99478771
618,40000000	0,99403223
618,60000000	0,99191691
618,80000000	0,98989375
619,00000000	0,98986050
619,20000000	0,99139510
619,40000000	0,99276416
619,60000000	0,99204710
619,80000000	0,98972691
620,00000000	0,98805791
620,20000000	0,98803085
620,40000000	0,98944987
620,60000000	0,99041367
620,80000000	0,99015590
621,00000000	0,98943208
621,20000000	0,98723256
621,40000000	0,98485071
621,60000000	0,98518371
621,80000000	0,98725654
622,00000000	0,98805226
622,20000000	0,98716425
622,40000000	0,98496467
622,60000000	0,98193262
622,80000000	0,98201137
623,00000000	0,98431488
623,20000000	0,98495159
623,40000000	0,98521422
623,60000000	0,98441193
623,80000000	0,98135782
624,00000000	0,97953096
624,20000000	0,97992731
624,40000000	0,98092913
624,60000000	0,98292301
624,80000000	0,98392693
625,00000000	0,98161917
625,20000000	0,97917588
625,40000000	0,97894768
625,60000000	0,97918783
625,80000000	0,98047062
626,00000000	0,98203582
626,20000000	0,98080177
626,40000000	0,97870489
626,60000000	0,97819137
626,80000000	0,97799329
627,00000000	0,97858230
627,20000000	0,98059751
627,40000000	0,98157189
627,60000000	0,98074896
627,80000000	0,98010929
628,00000000	0,97891986
628,20000000	0,97796746
628,40000000	0,97960178
628,60000000	0,98083800
628,80000000	0,98128908
629,00000000	0,98198972
629,20000000	0,98089896
629,40000000	0,97957084
629,60000000	0,98011139
629,80000000	0,98097854
630,00000000	0,98169999
630,20000000	0,98296037
630,40000000	0,98363072
630,60000000	0,98342388
630,80000000	0,98388426
631,00000000	0,98411323
631,20000000	0,98393337
631,40000000	0,98552107
631,60000000	0,98647653
631,80000000	0,98569771
632,00000000	0,98613599
632,20000000	0,98695319
632,40000000	0,98715059
632,60000000	0,98811294
632,80000000	0,98964142
633,00000000	0,98985037
633,20000000	0,98891946
633,40000000	0,98918507
633,60000000	0,99014746
633,80000000	0,99119385
634,00000000	0,99278647
634,20000000	0,99316457
634,40000000	0,99286673
634,60000000	0,99318639
634,80000000	0,99337003
635,00000000	0,99364342
635,20000000	0,99397701
635,40000000	0,99490746
635,60000000	0,99621840
635,80000000	0,99663069
636,00000000	0,99625048
636,20000000	0,99598230
636,40000000	0,99640996
636,60000000	0,99700027
636,80000000	0,99748040
637,00000000	0,99802876
637,20000000	0,99837325
637,40000000	0,99852951
637,60000000	0,99844443
637,80000000	0,99813457
638,00000000	0,99821154
638,20000000	0,99860037
638,40000000	0,99884359
638,60000000	0,99886363
638,80000000	0,99862190
639,00000000	0,99844810
639,20000000	0,99843151
639,40000000	0,99830011
639,60000000	0,99804664
639,80000000	0,99792966
640,00000000	0,99786187
640,20000000	0,99725391
640,40000000	0,99649761
640,60000000	0,99617733
640,80000000	0,99576426
641,00000000	0,99566111
641,20000000	0,99569553
641,40000000	0,99498554
641,60000000	0,99438632
641,80000000	0,99438182
642,00000000	0,99398899
642,20000000	0,99301674
642,40000000	0,99229800
642,60000000	0,99124867
642,80000000	0,99018485
643,00000000	0,99039673
643,20000000	0,99021013
643,40000000	0,98931356
643,60000000	0,98926339
643,80000000	0,98903220
644,00000000	0,98802490
644,20000000	0,98711616
644,40000000	0,98582734
644,60000000	0,98502380
644,80000000	0,98532439
645,00000000	0,98553616
645,20000000	0,98533469
645,40000000	0,98496294
645,60000000	0,98422403
645,80000000	0,98243867
646,00000000	0,98095154
646,20000000	0,98081412
646,40000000	0,98027422
646,60000000	0,97990680
646,80000000	0,98085465
647,00000000	0,98026594
647,20000000	0,97872761
647,40000000	0,97887918
647,60000000	0,97878414
647,80000000	0,97778199
648,00000000	0,97717236
648,20000000	0,97729391
648,40000000	0,97738422
648,60000000	0,97823919
648,80000000	0,97963879
649,00000000	0,97942211
649,20000000	0,97718188
649,40000000	0,97599475
649,60000000	0,97672233
649,80000000	0,97710867
650,00000000	0,97687091
650,20000000	0,97695680
650,40000000	0,97797549
650,60000000	0,97873029
650,80000000	0,97960747
651,00000000	0,98098428
651,20000000	0,97991160
651,40000000	0,97785401
651,60000000	0,97823932
651,80000000	0,97916590
652,00000000	0,97940437
652,20000000	0,98072342
652,40000000	0,98269508
652,60000000	0,98390156
652,80000000	0,98433510
653,00000000	0,98475494
653,20000000	0,98391889
653,40000000	0,98281533
653,60000000	0,98403792
653,80000000	0,98560068
654,00000000	0,98598025
654,20000000	0,98674906
654,40000000	0,98807747
654,60000000	0,98843115
654,80000000	0,98872112
655,00000000	0,98998270
655,20000000	0,99053235
655,40000000	0,99000081
655,60000000	0,99042334
655,80000000	0,99165740
656,00000000	0,99222367
656,20000000	0,99231150
656,40000000	0,99304031
656,60000000	0,99373587
656,80000000	0,99396200
657,00000000	0,99442502
657,20000000	0,99473871
657,40000000	0,99471529
657,60000000	0,99488026
657,80000000	0,99572219
658,00000000	0,99648867
658,20000000	0,99666965
658,40000000	0,99691925
658,60000000	0,99701403
658,80000000	0,99662315
659,00000000	0,99662493
659,20000000	0,99691382
659,40000000	0,99698708
659,60000000	0,99705544
659,80000000	0,99716087
660,00000000	0,99700882
660,20000000	0,99670216
660,40000000	0,99658950
660,60000000	0,99621246
660,80000000	0,99532146
661,00000000	0,99499588
661,20000000	0,99522831
661,40000000	0,99494407
661,60000000	0,99465059
661,80000000	0,99479630
662,00000000	0,99422581
662,20000000	0,99293494
662,40000000	0,99173731
662,60000000	0,99088877
662,80000000	0,99008090
663,00000000	0,98955225
663,20000000	0,98969454
663,40000000	0,98987231
663,60000000	0,98959696
663,80000000	0,98866062
664,00000000	0,98780357
664,20000000	0,98694080
664,40000000	0,98524093
664,60000000	0,98369605
664,80000000	0,98349039
665,00000000	0,98338835
665,20000000	0,98246743
665,40000000	0,98230317
665,60000000	0,98245975
665,80000000	0,98154197
666,00000000	0,98097880
666,20000000	0,98052509
666,40000000	0,97920203
666,60000000	0,97738272
666,80000000	0,97648071
667,00000000	0,97634955
667,20000000	0,97535137
667,40000000	0,97506163
667,60000000	0,97584858
667,80000000	0,97588974
668,00000000	0,97489517
668,20000000	0,97418832
668,40000000	0,97419514
668,60000000	0,97320401
668,80000000	0,97184181
669,00000000	0,97166415
669,20000000	0,97185201
669,40000000	0,97210626
669,60000000	0,97265549
669,80000000	0,97310237
670,00000000	0,97237289
670,20000000	0,97070956
670,40000000	0,97101690
670,60000000	0,97231580
670,80000000	0,97256911
671,00000000	0,97221893
671,20000000	0,97231028
671,40000000	0,97270660
671,60000000	0,97305925
671,80000000	0,97401059
672,00000000	0,97447223
672,20000000	0,97409334
672,40000000	0,97435827
672,60000000	0,97524446
672,80000000	0,97598212
673,00000000	0,97568138
673,20000000	0,97507867
673,40000000	0,97658756
673,60000000	0,97799909
673,80000000	0,97848550
674,00000000	0,97980221
674,20000000	0,98087666
674,40000000	0,98102753
674,60000000	0,98118507
674,80000000	0,98224501
675,00000000	0,98293338
675,20000000	0,98295537
675,40000000	0,98356652
675,60000000	0,98473269
675,80000000	0,98534279
676,00000000	0,98537514
676,20000000	0,98656287
676,40000000	0,98805395
676,60000000	0,98857283
676,80000000	0,98911582
677,00000000	0,99042587
677,20000000	0,99111647
677,40000000	0,99092096
677,60000000	0,99127090
677,80000000	0,99240709
678,00000000	0,99307942
678,20000000	0,99338017
678,40000000	0,99436263
678,60000000	0,99514517
678,80000000	0,99531199
679,00000000	0,99576285
679,20000000	0,99649010
679,40000000	0,99672423
679,60000000	0,99676670
679,80000000	0,99698216
680,00000000	0,99712266
680,20000000	0,99717400
680,40000000	0,99738647
680,60000000	0,99770046
680,80000000	0,99778339
681,00000000	0,99764674
681,20000000	0,99770343
681,40000000	0,99768523
681,60000000	0,99745988
681,80000000	0,99734955
682,00000000	0,99690376
682,20000000	0,99616723
682,40000000	0,99605508
682,60000000	0,99609080
682,80000000	0,99577474
683,00000000	0,99555840
683,20000000	0,99522589
683,40000000	0,99443801
683,60000000	0,99380934
683,80000000	0,99313462
684,00000000	0,99305510
684,20000000	0,99266913
684,40000000	0,99141052
684,60000000	0,99099838
684,80000000	0,99053883
685,00000000	0,98975483
685,20000000	0,98944331
685,40000000	0,98906221
685,60000000	0,98803932
685,80000000	0,98693031
686,00000000	0,98609050
686,20000000	0,98511996
686,40000000	0,98479935
686,60000000	0,98464622
686,80000000	0,98409822
687,00000000	0,98352398
687,20000000	0,98322738
687,40000000	0,98219579
687,60000000	0,98113185
687,80000000	0,98019375
688,00000000	0,97893835
688,20000000	0,97843866
688,40000000	0,97822008
688,60000000	0,97790025
688,80000000	0,97794343
689,00000000	0,97820465
689,20000000	0,97791913
689,40000000	0,97699219
689,60000000	0,97660558
689,80000000	0,97669398
690,00000000	0,97607214
690,20000000	0,97509762
690,40000000	0,97526647
690,60000000	0,97548357
690,80000000	0,97440923
691,00000000	0,97401337
691,20000000	0,97421015
691,40000000	0,97431195
691,60000000	0,97480406
691,80000000	0,97513633
692,00000000	0,97580126
692,20000000	0,97614778
692,40000000	0,97605954
692,60000000	0,97642755
692,80000000	0,97683628
693,00000000	0,97686961
693,20000000	0,97651458
693,40000000	0,97676199
693,60000000	0,97709376
693,80000000	0,97689086
694,00000000	0,97621637
694,20000000	0,97601488
694,40000000	0,97731374
694,60000000	0,97917509
694,80000000	0,98028610
695,00000000	0,98113464
695,20000000	0,98217711
695,40000000	0,98213364
695,60000000	0,98159649
695,80000000	0,98147233
696,00000000	0,98263373
696,20000000	0,98386051
696,40000000	0,98374165
696,60000000	0,98394465
696,80000000	0,98559081
697,00000000	0,98628685
697,20000000	0,98570980
697,40000000	0,98657688
697,60000000	0,98823866
697,80000000	0,98888762
698,00000000	0,98889384
698,20000000	0,98973063
698,40000000	0,99122430
698,60000000	0,99152319
698,80000000	0,99128974
699,00000000	0,99195523
699,20000000	0,99284072
699,40000000	0,99291938
699,60000000	0,99269894
699,80000000	0,99351009
700,00000000	0,99426337
700,20000000	0,99415342
700,40000000	0,99411331
700,60000000	0,99494083
700,80000000	0,99563970
701,00000000	0,99548688
701,20000000	0,99554508
701,40000000	0,99588497
701,60000000	0,99555679
701,80000000	0,99504288
702,00000000	0,99532432
702,20000000	0,99587625
702,40000000	0,99571518
702,60000000	0,99562220
702,80000000	0,99577812
703,00000000	0,99564896
703,20000000	0,99558066
703,40000000	0,99548227
703,60000000	0,99511672
703,80000000	0,99465598
704,00000000	0,99410051
704,20000000	0,99341802
704,40000000	0,99303714
704,60000000	0,99261577
704,80000000	0,99233732
705,00000000	0,99199126
705,20000000	0,99156248
705,40000000	0,99164189
705,60000000	0,99151446
705,80000000	0,99085918
706,00000000	0,98985569
706,20000000	0,98931669
706,40000000	0,98937047
706,60000000	0,98875036
706,80000000	0,98736840
707,00000000	0,98706242
707,20000000	0,98721936
707,40000000	0,98657147
707,60000000	0,98556895
707,80000000	0,98486715
708,00000000	0,98436362
708,20000000	0,98306905
708,40000000	0,98213553
708,60000000	0,98238118
708,80000000	0,98238678
709,00000000	0,98139028
709,20000000	0,98097809
709,40000000	0,98153652
709,60000000	0,98110586
709,80000000	0,98022033
710,00000000	0,97976245
710,20000000	0,97948039
710,40000000	0,97915222
710,60000000	0,97773199
710,80000000	0,97624740
711,00000000	0,97676727
711,20000000	0,97668309
711,40000000	0,97570101
711,60000000	0,97524378
711,80000000	0,97631856
712,00000000	0,97682081
712,20000000	0,97578121
712,40000000	0,97632782
712,60000000	0,97748432
712,80000000	0,97788505
713,00000000	0,97682177
713,20000000	0,97580707
713,40000000	0,97598233
713,60000000	0,97541567
713,80000000	0,97537133
714,00000000	0,97521317
714,20000000	0,97562733
714,40000000	0,97611055
714,60000000	0,97577726
714,80000000	0,97602950
715,00000000	0,97652428
715,20000000	0,97746351
715,40000000	0,97819743
715,60000000	0,97809281
715,80000000	0,97779751
716,00000000	0,97774410
716,20000000	0,97820545
716,40000000	0,97888880
716,60000000	0,97904830
716,80000000	0,98010765
717,00000000	0,98094835
717,20000000	0,98065687
717,40000000	0,98159712
717,60000000	0,98226934
717,80000000	0,98252399
718,00000000	0,98323582
718,20000000	0,98373539
718,40000000	0,98420230
718,60000000	0,98419224
718,80000000	0,98424104
719,00000000	0,98468690
719,20000000	0,98523274
719,40000000	0,98658067
719,60000000	0,98728618
719,80000000	0,98744911
720,00000000	0,98773247
720,20000000	0,98803923
720,40000000	0,98846120
720,60000000	0,98844074
720,80000000	0,98869390
721,00000000	0,98961191
721,20000000	0,99004507
721,40000000	0,99004524
721,60000000	0,99030355
721,80000000	0,99027980
722,00000000	0,99068693
722,20000000	0,99159643
722,40000000	0,99195108
722,60000000	0,99226218
722,80000000	0,99260347
723,00000000	0,99301164
723,20000000	0,99276195
723,40000000	0,99297994
723,60000000	0,99342758
723,80000000	0,99339638
724,00000000	0,99346647
724,20000000	0,99392417
724,40000000	0,99417355
724,60000000	0,99386944
724,80000000	0,99363973
725,00000000	0,99389111
725,20000000	0,99423076
725,40000000	0,99415157
725,60000000	0,99375625
725,80000000	0,99362943
726,00000000	0,99378438
726,20000000	0,99368624
726,40000000	0,99319871
726,60000000	0,99257273
726,80000000	0,99287764
727,00000000	0,99326729
727,20000000	0,99323766
727,40000000	0,99311169
727,60000000	0,99300465
727,80000000	0,99291970
728,00000000	0,99289423
728,20000000	0,99230574
728,40000000	0,99151923
728,60000000	0,99122316
728,80000000	0,99101187
729,00000000	0,99048781
729,20000000	0,98995457
729,40000000	0,98965047
729,60000000	0,98976241
729,80000000	0,99006977
730,00000000	0,98960040
730,20000000	0,98956432
730,40000000	0,99028422
730,60000000	0,99071502
730,80000000	0,99008329
731,00000000	0,98971222
731,20000000	0,99024183
731,40000000	0,98997048
731,60000000	0,98892118
731,80000000	0,98848383
732,00000000	0,98816715
732,20000000	0,98828393
732,40000000	0,98820503
732,60000000	0,98793603
732,80000000	0,98758600
733,00000000	0,98807722
733,20000000	0,98805742
733,40000000	0,98738731
733,60000000	0,98729707
733,80000000	0,98775587
734,00000000	0,98822246
734,20000000	0,98802226
734,40000000	0,98724565
734,60000000	0,98734117
734,80000000	0,98808957
735,00000000	0,98749858
735,20000000	0,98690347
735,40000000	0,98679231
735,60000000	0,98773909
735,80000000	0,98859256
736,00000000	0,98825386
736,20000000	0,98789452
736,40000000	0,98886548
736,60000000	0,98972226
736,80000000	0,98943319
737,00000000	0,98816756
737,20000000	0,98854763
737,40000000	0,98941652
737,60000000	0,98932764
737,80000000	0,98825897
738,00000000	0,98778518
738,20000000	0,98793605
738,40000000	0,98832151
738,60000000	0,98771182
738,80000000	0,98727798
739,00000000	0,98787503
739,20000000	0,98845351
739,40000000	0,98838545
739,60000000	0,98856111
739,80000000	0,98868419
740,00000000	0,98962428
740,20000000	0,99025991
740,40000000	0,99056887
740,60000000	0,99060038
740,80000000	0,99076132
741,00000000	0,99047727
741,20000000	0,99035911
741,40000000	0,99025655
741,60000000	0,99045086
741,80000000	0,99093236
742,00000000	0,99115700
742,20000000	0,99110309
742,40000000	0,99130559
742,60000000	0,99130837
742,80000000	0,99130682
743,00000000	0,99157465
743,20000000	0,99160908
743,40000000	0,99130943
743,60000000	0,99174483
743,80000000	0,99171831
744,00000000	0,99178376
744,20000000	0,99143541
744,40000000	0,99095183
744,60000000	0,99108844
744,80000000	0,99150579
745,00000000	0,99099733
745,20000000	0,99054954
745,40000000	0,98995242
745,60000000	0,99013618
745,80000000	0,99039044
746,00000000	0,99064405
746,20000000	0,99081382
746,40000000	0,99134899
746,60000000	0,99157383
746,80000000	0,99164240
747,00000000	0,99138546
747,20000000	0,99152847
747,40000000	0,99166627
747,60000000	0,99219496
747,80000000	0,99248796
748,00000000	0,99194295
748,20000000	0,99188775
748,40000000	0,99251561
748,60000000	0,99242361
748,80000000	0,99260986
749,00000000	0,99200865
749,20000000	0,99188856
749,40000000	0,99217648
749,60000000	0,99178009
749,80000000	0,99162536
750,00000000	0,99140560
750,20000000	0,99122076
750,40000000	0,99180790
750,60000000	0,99220567
750,80000000	0,99183248
751,00000000	0,99141749
751,20000000	0,99153696
751,40000000	0,99171928
751,60000000	0,99148999
751,80000000	0,99105917
752,00000000	0,99101082
752,20000000	0,99181013
752,40000000	0,99222025
752,60000000	0,99205128
752,80000000	0,99118432
753,00000000	0,99087145
753,20000000	0,99085665
753,40000000	0,99057080
753,60000000	0,99055658
753,80000000	0,99033695
754,00000000	0,99065449
754,20000000	0,99107455
754,40000000	0,99101143
754,60000000	0,99091056
754,80000000	0,99073457
755,00000000	0,99140669
755,20000000	0,99184570
755,40000000	0,99124818
755,60000000	0,99088706
755,80000000	0,99078203
756,00000000	0,99108548
756,20000000	0,99091788
756,40000000	0,99056656
756,60000000	0,99038555
756,80000000	0,98994385
757,00000000	0,99001281
757,20000000	0,98998135
757,40000000	0,98984923
757,60000000	0,98971988
757,80000000	0,98935808
758,00000000	0,98903202
758,20000000	0,98861330
758,40000000	0,98829597
758,60000000	0,98834488
758,80000000	0,98882450
759,00000000	0,98847135
759,20000000	0,98792134
759,40000000	0,98743578
759,60000000	0,98748783
759,80000000	0,98754265
760,00000000	0,98720290
760,20000000	0,98672015
760,40000000	0,98632010
760,60000000	0,98650885
760,80000000	0,98656046
761,00000000	0,98582208
761,20000000	0,98579949
761,40000000	0,98573598
761,60000000	0,98550884
761,80000000	0,98576713
762,00000000	0,98546519
762,20000000	0,98429872
762,40000000	0,98383670
762,60000000	0,98439444
762,80000000	0,98404391
763,00000000	0,98267069
763,20000000	0,98223197
763,40000000	0,98285361
763,60000000	0,98422790
763,80000000	0,98424961
764,00000000	0,98330368
764,20000000	0,98194187
764,40000000	0,98172145
764,60000000	0,98193416
764,80000000	0,98183421
765,00000000	0,98163091
765,20000000	0,98184938
765,40000000	0,98217500
765,60000000	0,98315233
765,80000000	0,98330910
766,00000000	0,98219526
766,20000000	0,98106172
766,40000000	0,98140829
766,60000000	0,98215683
766,80000000	0,98206918
767,00000000	0,98096862
767,20000000	0,98068248
767,40000000	0,98131150
767,60000000	0,98175076
767,80000000	0,98160876
768,00000000	0,98169439
768,20000000	0,98159109
768,40000000	0,98145229
768,60000000	0,98266725
768,80000000	0,98278332
769,00000000	0,98270836
769,20000000	0,98257861
769,40000000	0,98227681
769,60000000	0,98247362
769,80000000	0,98322435
770,00000000	0,98362945
770,20000000	0,98344997
770,40000000	0,98326967
770,60000000	0,98388472
770,80000000	0,98440133
771,00000000	0,98444839
771,20000000	0,98482954
771,40000000	0,98561952
771,60000000	0,98611992
771,80000000	0,98618517
772,00000000	0,98677611
772,20000000	0,98683421
772,40000000	0,98702010
772,60000000	0,98763315
772,80000000	0,98810548
773,00000000	0,98853003
773,20000000	0,98867299
773,40000000	0,98956485
773,60000000	0,99008419
773,80000000	0,99056150
774,00000000	0,99074825
774,20000000	0,99151480
774,40000000	0,99204063
774,60000000	0,99232602
774,80000000	0,99215895
775,00000000	0,99223277
775,20000000	0,99268994
775,40000000	0,99320389
775,60000000	0,99353725
775,80000000	0,99384016
776,00000000	0,99438715
776,20000000	0,99496215
776,40000000	0,99524472
776,60000000	0,99525010
776,80000000	0,99524587
777,00000000	0,99533032
777,20000000	0,99549759
777,40000000	0,99591471
777,60000000	0,99629009
777,80000000	0,99621025
778,00000000	0,99598916
778,20000000	0,99600878
778,40000000	0,99626195
778,60000000	0,99648123
778,80000000	0,99664795
779,00000000	0,99651961
779,20000000	0,99643179
779,40000000	0,99659929
779,60000000	0,99680258
779,80000000	0,99655402
780,00000000	0,99638564
780,20000000	0,99618081
780,40000000	0,99595737
780,60000000	0,99618304
780,80000000	0,99584032
781,00000000	0,99503712
781,20000000	0,99473284
781,40000000	0,99441079
781,60000000	0,99469518
781,80000000	0,99476077
782,00000000	0,99412944
782,20000000	0,99380629
782,40000000	0,99312009
782,60000000	0,99310151
782,80000000	0,99251470
783,00000000	0,99171007
783,20000000	0,99100474
783,40000000	0,99024222
783,60000000	0,98953057
783,80000000	0,98969182
784,00000000	0,98958347
784,20000000	0,98905346
784,40000000	0,98902140
784,60000000	0,98845129
784,80000000	0,98783461
785,00000000	0,98723102
785,20000000	0,98717152
785,40000000	0,98698512
785,60000000	0,98662714
785,80000000	0,98599935
786,00000000	0,98517819
786,20000000	0,98492180
786,40000000	0,98478677
786,60000000	0,98427784
786,80000000	0,98397517
787,00000000	0,98349855
787,20000000	0,98295876
787,40000000	0,98250652
787,60000000	0,98218005
787,80000000	0,98236705
788,00000000	0,98253308
788,20000000	0,98164631
788,40000000	0,98103563
788,60000000	0,98119226
788,80000000	0,98201209
789,00000000	0,98182760
789,20000000	0,98166447
789,40000000	0,98156224
789,60000000	0,98172439
789,80000000	0,98174243
790,00000000	0,98168468
790,20000000	0,98170022
790,40000000	0,98208150
790,60000000	0,98140483
790,80000000	0,98204551
791,00000000	0,98308965
791,20000000	0,98310552
791,40000000	0,98346260
791,60000000	0,98305656
791,80000000	0,98340471
792,00000000	0,98393364
792,20000000	0,98455071
792,40000000	0,98539423
792,60000000	0,98533488
792,80000000	0,98497843
793,00000000	0,98543306
793,20000000	0,98629255
793,40000000	0,98715008
793,60000000	0,98773021
793,80000000	0,98741618
794,00000000	0,98770788
794,20000000	0,98859452
794,40000000	0,98862439
794,60000000	0,98957492
794,80000000	0,99024880
795,00000000	0,99092629
795,20000000	0,99102585
795,40000000	0,99151749
795,60000000	0,99227439
795,80000000	0,99223923
796,00000000	0,99220446
796,20000000	0,99294045
796,40000000	0,99328802
796,60000000	0,99409287
796,80000000	0,99467650
797,00000000	0,99476072
797,20000000	0,99502098
797,40000000	0,99535435
797,60000000	0,99580651
797,80000000	0,99613704
798,00000000	0,99611956
798,20000000	0,99634795
798,40000000	0,99688725
798,60000000	0,99703503
798,80000000	0,99732662
799,00000000	0,99736905
799,20000000	0,99737488
799,40000000	0,99763013
799,60000000	0,99797649
799,80000000	0,99798018
800,00000000	0,99797157
800,20000000	0,99786470
800,40000000	0,99785133
800,60000000	0,99773158
800,80000000	0,99783814
801,00000000	0,99782188
801,20000000	0,99743564
801,40000000	0,99697423
801,60000000	0,99682158
801,80000000	0,99701809
802,00000000	0,99678839
802,20000000	0,99654057
802,40000000	0,99631430
802,60000000	0,99579124
802,80000000	0,99541284
803,00000000	0,99491568
803,20000000	0,99493203
803,40000000	0,99472439
803,60000000	0,99411231
803,80000000	0,99313682
804,00000000	0,99239641
804,20000000	0,99220360
804,40000000	0,99216900
804,60000000	0,99152133
804,80000000	0,99036062
805,00000000	0,98932454
805,20000000	0,98868012
805,40000000	0,98908105
805,60000000	0,98901398
805,80000000	0,98888119
806,00000000	0,98779721
806,20000000	0,98678832
806,40000000	0,98555887
806,60000000	0,98575459
806,80000000	0,98582238
807,00000000	0,98553562
807,20000000	0,98477681
807,40000000	0,98404041
807,60000000	0,98399644
807,80000000	0,98360038
808,00000000	0,98305459
808,20000000	0,98285263
808,40000000	0,98261557
808,60000000	0,98205153
808,80000000	0,98095424
809,00000000	0,98135050
809,20000000	0,98100314
809,40000000	0,98120792
809,60000000	0,98117340
809,80000000	0,97953706
810,00000000	0,97947416
810,20000000	0,97888198
810,40000000	0,97877737
810,60000000	0,97910474
810,80000000	0,97869333
811,00000000	0,97885983
811,20000000	0,97962628
811,40000000	0,97921189
811,60000000	0,97919294
811,80000000	0,97935559
812,00000000	0,97946180
812,20000000	0,97972744
812,40000000	0,97950182
812,60000000	0,97976791
812,80000000	0,98019378
813,00000000	0,98005147
813,20000000	0,97963673
813,40000000	0,98002983
813,60000000	0,97991098
813,80000000	0,98070161
814,00000000	0,98062148
814,20000000	0,98126462
814,40000000	0,98267562
814,60000000	0,98310667
814,80000000	0,98338574
815,00000000	0,98450559
815,20000000	0,98465916
815,40000000	0,98447210
815,60000000	0,98594976
815,80000000	0,98677962
816,00000000	0,98742238
816,20000000	0,98730288
816,40000000	0,98769910
816,60000000	0,98821029
816,80000000	0,98900326
817,00000000	0,98980379
817,20000000	0,99049440
817,40000000	0,99091127
817,60000000	0,99114204
817,80000000	0,99116095
818,00000000	0,99103283
818,20000000	0,99153295
818,40000000	0,99227346
818,60000000	0,99284596
818,80000000	0,99296225
819,00000000	0,99315494
819,20000000	0,99342567
819,40000000	0,99412983
819,60000000	0,99423661
819,80000000	0,99468551
820,00000000	0,99544043
820,20000000	0,99525965
820,40000000	0,99527787
820,60000000	0,99514850
820,80000000	0,99513421
821,00000000	0,99577179
821,20000000	0,99658271
821,40000000	0,99656302
821,60000000	0,99667089
821,80000000	0,99662110
822,00000000	0,99641130
822,20000000	0,99673282
822,40000000	0,99729797
822,60000000	0,99718303
822,80000000	0,99656372
823,00000000	0,99609990
823,20000000	0,99621624
823,40000000	0,99610045
823,60000000	0,99582797
823,80000000	0,99516463
824,00000000	0,99432638
824,20000000	0,99390104
824,40000000	0,99354479
824,60000000	0,99318266
824,80000000	0,99279785
825,00000000	0,99262173
825,20000000	0,99153760
825,40000000	0,99082048
825,60000000	0,99038901
825,80000000	0,99051497
826,00000000	0,98981198
826,20000000	0,98896073
826,40000000	0,98833610
826,60000000	0,98842212
826,80000000	0,98781144
827,00000000	0,98678002
827,20000000	0,98667978
827,40000000	0,98657425
827,60000000	0,98653734
827,80000000	0,98615095
828,00000000	0,98513890
828,20000000	0,98486688
828,40000000	0,98498565
828,60000000	0,98470563
828,80000000	0,98413266
829,00000000	0,98445570
829,20000000	0,98346274
829,40000000	0,98190675
829,60000000	0,98099773
829,80000000	0,98121980
830,00000000	0,98063767
830,20000000	0,98055356
830,40000000	0,97974483
830,60000000	0,97885967
830,80000000	0,97868777
831,00000000	0,97785051
831,20000000	0,97860426
831,40000000	0,97909272
831,60000000	0,97881386
831,80000000	0,97862282
832,00000000	0,97874824
832,20000000	0,97845014
832,40000000	0,97846107
832,60000000	0,97903351
832,80000000	0,97970947
833,00000000	0,97924401
833,20000000	0,97938301
833,40000000	0,97830467
833,60000000	0,97745914
833,80000000	0,97780187
834,00000000	0,97773045
834,20000000	0,97873242
834,40000000	0,97940386
834,60000000	0,97926939
834,80000000	0,97907514
835,00000000	0,97937929
835,20000000	0,97938160
835,40000000	0,97959190
835,60000000	0,98133349
835,80000000	0,98206171
836,00000000	0,98255247
836,20000000	0,98366073
836,40000000	0,98437871
836,60000000	0,98491077
836,80000000	0,98522386
837,00000000	0,98605313
837,20000000	0,98630282
837,40000000	0,98638873
837,60000000	0,98685801
837,80000000	0,98678307
838,00000000	0,98693134
838,20000000	0,98777273
838,40000000	0,98780469
838,60000000	0,98856472
838,80000000	0,98972615
839,00000000	0,99015480
839,20000000	0,99087972
839,40000000	0,99148070
839,60000000	0,99161232
839,80000000	0,99272925
840,00000000	0,99325888
840,20000000	0,99375752
840,40000000	0,99456797
840,60000000	0,99522873
840,80000000	0,99502054
841,00000000	0,99504218
841,20000000	0,99486750
841,40000000	0,99538349
841,60000000	0,99588532
841,80000000	0,99607494
842,00000000	0,99628688
842,20000000	0,99597090
842,40000000	0,99599105
842,60000000	0,99607372
842,80000000	0,99608365
843,00000000	0,99631048
843,20000000	0,99629221
843,40000000	0,99601807
843,60000000	0,99604733
843,80000000	0,99602429
844,00000000	0,99626982
844,20000000	0,99600213
844,40000000	0,99628833
844,60000000	0,99566347
844,80000000	0,99489615
845,00000000	0,99522033
845,20000000	0,99508861
845,40000000	0,99464995
845,60000000	0,99459370
845,80000000	0,99399079
846,00000000	0,99346998
846,20000000	0,99371004
846,40000000	0,99321499
846,60000000	0,99244252
846,80000000	0,99194688
847,00000000	0,99095880
847,20000000	0,99015365
847,40000000	0,99020582
847,60000000	0,99007155
847,80000000	0,98961250
848,00000000	0,98933243
848,20000000	0,98903771
848,40000000	0,98816646
848,60000000	0,98813627
848,80000000	0,98716517
849,00000000	0,98684508
849,20000000	0,98686046
849,40000000	0,98605600
849,60000000	0,98605904
849,80000000	0,98547368
850,00000000	0,98398986
850,20000000	0,98340834
850,40000000	0,98329798
850,60000000	0,98228580
850,80000000	0,98122999
851,00000000	0,98129880
851,20000000	0,98037545
851,40000000	0,98003605
851,60000000	0,98020274
851,80000000	0,98092962
852,00000000	0,98055659
852,20000000	0,97914483
852,40000000	0,98018674
852,60000000	0,97969089
852,80000000	0,97939385
853,00000000	0,97972269
853,20000000	0,97861929
853,40000000	0,97907667
853,60000000	0,97875147
853,80000000	0,97874786
854,00000000	0,97900199
854,20000000	0,97862815
854,40000000	0,97970842
854,60000000	0,97957004
854,80000000	0,97886401
855,00000000	0,97905061
855,20000000	0,97970277
855,40000000	0,97864607
855,60000000	0,97819524
855,80000000	0,97895840
856,00000000	0,97924937
856,20000000	0,97986548
856,40000000	0,97959930
856,60000000	0,98005680
856,80000000	0,98073672
857,00000000	0,98035900
857,20000000	0,98064412
857,40000000	0,98028884
857,60000000	0,98058770
857,80000000	0,98155198
858,00000000	0,98120684
858,20000000	0,98296887
858,40000000	0,98454674
858,60000000	0,98425651
858,80000000	0,98492178
859,00000000	0,98594156
859,20000000	0,98616623
859,40000000	0,98625436
859,60000000	0,98647070
859,80000000	0,98636984
860,00000000	0,98704109
860,20000000	0,98749517
860,40000000	0,98712206
860,60000000	0,98685457
860,80000000	0,98696559
861,00000000	0,98782369
861,20000000	0,98872511
861,40000000	0,98886344
861,60000000	0,99025686
861,80000000	0,99096595
862,00000000	0,99151811
862,20000000	0,99119125
862,40000000	0,99107955
862,60000000	0,99091801
862,80000000	0,99118461
863,00000000	0,99123326
863,20000000	0,99196326
863,40000000	0,99228195
863,60000000	0,99250176
863,80000000	0,99327267
864,00000000	0,99313531
864,20000000	0,99320257
864,40000000	0,99317770
864,60000000	0,99356990
864,80000000	0,99340408
865,00000000	0,99301330
865,20000000	0,99334675
865,40000000	0,99309372
865,60000000	0,99249024
865,80000000	0,99227410
866,00000000	0,99230975
866,20000000	0,99149779
866,40000000	0,99150994
866,60000000	0,99173437
866,80000000	0,99165023
867,00000000	0,99144422
867,20000000	0,99163878
867,40000000	0,99163467
867,60000000	0,99160540
867,80000000	0,99104712
868,00000000	0,99079226
868,20000000	0,99060070
868,40000000	0,98977993
868,60000000	0,98937704
868,80000000	0,98878465
869,00000000	0,98806967
869,20000000	0,98770577
869,40000000	0,98706596
869,60000000	0,98699618
869,80000000	0,98662398
870,00000000	0,98607988
870,20000000	0,98647296
870,40000000	0,98635381
870,60000000	0,98612953
870,80000000	0,98576878
871,00000000	0,98499307
871,20000000	0,98363533
871,40000000	0,98210443
871,60000000	0,98265179
871,80000000	0,98255945
872,00000000	0,98284707
872,20000000	0,98320526
872,40000000	0,98271534
872,60000000	0,98299837
872,80000000	0,98370022
873,00000000	0,98197934
873,20000000	0,98175242
873,40000000	0,98154135
873,60000000	0,97996662
873,80000000	0,97880464
874,00000000	0,97725871
874,20000000	0,97762825
874,40000000	0,97775282
874,60000000	0,97816098
874,80000000	0,97937592
875,00000000	0,97977137
875,20000000	0,98005908
875,40000000	0,98087179
875,60000000	0,97957233
875,80000000	0,97869105
876,00000000	0,97871228
876,20000000	0,97885021
876,40000000	0,97913171
876,60000000	0,97902915
876,80000000	0,97898240
877,00000000	0,97938196
877,20000000	0,97931912
877,40000000	0,98050324
877,60000000	0,97993233
877,80000000	0,97950239
878,00000000	0,97858288
878,20000000	0,97840611
878,40000000	0,97870905
878,60000000	0,97928487
878,80000000	0,97979448
879,00000000	0,98039398
879,20000000	0,98137065
879,40000000	0,98201958
879,60000000	0,98229634
879,80000000	0,98200987
880,00000000	0,98213642
880,20000000	0,98218452
880,40000000	0,98163767
880,60000000	0,98186291
880,80000000	0,98307989
881,00000000	0,98289872
881,20000000	0,98308160
881,40000000	0,98252548
881,60000000	0,98286086
881,80000000	0,98349825
882,00000000	0,98377569
882,20000000	0,98456486
882,40000000	0,98579764
882,60000000	0,98725678
882,80000000	0,98718920
883,00000000	0,98689389
883,20000000	0,98646207
883,40000000	0,98629829
883,60000000	0,98537948
883,80000000	0,98504706
884,00000000	0,98473554
884,20000000	0,98574179
884,40000000	0,98701947
884,60000000	0,98806834
884,80000000	0,98884226
885,00000000	0,98892278
885,20000000	0,98881445
885,40000000	0,98805178
885,60000000	0,98814703
885,80000000	0,98836521
886,00000000	0,98859331
886,20000000	0,98983093
886,40000000	0,99070699
886,60000000	0,99006557
886,80000000	0,99034853
887,00000000	0,99059244
887,20000000	0,99036270
887,40000000	0,99026102
887,60000000	0,99021851
887,80000000	0,99004211
888,00000000	0,99005879
888,20000000	0,99021384
888,40000000	0,99030103
888,60000000	0,99077351
888,80000000	0,99163766
889,00000000	0,99195275
889,20000000	0,99231069
889,40000000	0,99217557
889,60000000	0,99167528
889,80000000	0,99138557
890,00000000	0,99060920
890,20000000	0,99061311
890,40000000	0,99135287
890,60000000	0,99194395
890,80000000	0,99197107
891,00000000	0,99207655
891,20000000	0,99246534
891,40000000	0,99190941
891,60000000	0,99293091
891,80000000	0,99286652
892,00000000	0,99240951
892,20000000	0,99279931
892,40000000	0,99221520
892,60000000	0,99210843
892,80000000	0,99247825
893,00000000	0,99251657
893,20000000	0,99273212
893,40000000	0,99282814
893,60000000	0,99307157
893,80000000	0,99322094
894,00000000	0,99256604
894,20000000	0,99274740
894,40000000	0,99225659
894,60000000	0,99252300
894,80000000	0,99211776
895,00000000	0,99261356
895,20000000	0,99332883
895,40000000	0,99305458
895,60000000	0,99330196
895,80000000	0,99377297
896,00000000	0,99340860
896,20000000	0,99327057
896,40000000	0,99349118
896,60000000	0,99311513
896,80000000	0,99284080
897,00000000	0,99212285
897,20000000	0,99260087
897,40000000	0,99271017
897,60000000	0,99265486
897,80000000	0,99348609
898,00000000	0,99382519
898,20000000	0,99358336
898,40000000	0,99336774
898,60000000	0,99363273
898,80000000	0,99305128
899,00000000	0,99216848
899,20000000	0,99141953
899,40000000	0,99151605
899,60000000	0,99127798
899,80000000	0,99230958
900,00000000	0,99256896
