200,00000000	0,92171719
200,20000000	0,99892860
200,40000000	0,84603730
200,60000000	0,91370723
200,80000000	0,97729888
201,00000000	0,94551827
201,20000000	0,99780100
201,40000000	0,96774387
201,60000000	0,72669564
201,80000000	0,88579261
202,00000000	0,92921149
202,20000000	0,83593638
202,40000000	0,98831364
202,60000000	0,82434224
202,80000000	0,97349110
203,00000000	0,72376790
203,20000000	0,90280888
203,40000000	-0,53025053
203,60000000	0,96474802
203,80000000	0,95521294
204,00000000	0,95480559
204,20000000	0,92131995
204,40000000	0,67154057
204,60000000	0,98570978
204,80000000	0,96414393
205,00000000	0,93598879
205,20000000	0,58262952
205,40000000	0,93476753
205,60000000	0,75430505
205,80000000	0,40170571
206,00000000	0,94206728
206,20000000	0,98898169
206,40000000	0,98137052
206,60000000	0,47922291
206,80000000	0,80023186
207,00000000	0,98528229
207,20000000	0,85150615
207,40000000	0,65759973
207,60000000	0,94870206
207,80000000	0,94953024
208,00000000	0,98664643
208,20000000	0,84931106
208,40000000	0,91446677
208,60000000	0,98426143
208,80000000	0,44520898
209,00000000	0,90756707
209,20000000	0,98144184
209,40000000	0,91991494
209,60000000	0,92474052
209,80000000	0,86445259
210,00000000	0,94976593
210,20000000	0,65885130
210,40000000	0,82753720
210,60000000	0,98959606
210,80000000	0,86832599
211,00000000	0,67111498
211,20000000	0,99409069
211,40000000	0,94817705
211,60000000	0,72521633
211,80000000	0,96592731
212,00000000	0,61449038
212,20000000	0,71982280
212,40000000	0,98814128
212,60000000	0,95741276
212,80000000	0,90713910
213,00000000	0,79592888
213,20000000	0,77398292
213,40000000	0,94119404
213,60000000	0,98848360
213,80000000	-0,42959652
214,00000000	0,83273704
214,20000000	0,99760884
214,40000000	0,89773153
214,60000000	0,75509252
214,80000000	0,90186413
215,00000000	0,91865311
215,20000000	0,95309969
215,40000000	0,66519777
215,60000000	0,96426776
215,80000000	0,87861972
216,00000000	0,96530094
216,20000000	0,56487329
216,40000000	0,93972201
216,60000000	0,74181788
216,80000000	0,78185873
217,00000000	0,99774993
217,20000000	0,75862827
217,40000000	0,68451407
217,60000000	0,98004739
217,80000000	0,80164839
218,00000000	0,97867293
218,20000000	0,71270423
218,40000000	0,74478354
218,60000000	0,94051730
218,80000000	0,85177584
219,00000000	0,82989644
219,20000000	0,87642641
219,40000000	0,79926848
219,60000000	0,61566301
219,80000000	0,90561620
220,00000000	0,91214419
220,20000000	0,67788855
220,40000000	0,64000209
220,60000000	0,91025500
220,80000000	0,96030215
221,00000000	0,80534148
221,20000000	0,20635571
221,40000000	0,92884421
221,60000000	0,77982851
221,80000000	0,92261290
222,00000000	0,67697388
222,20000000	0,71004912
222,40000000	0,51287412
222,60000000	0,89390131
222,80000000	0,91681243
223,00000000	0,45736154
223,20000000	0,57410908
223,40000000	0,80844476
223,60000000	0,91854647
223,80000000	0,80911710
224,00000000	0,77017082
224,20000000	0,75631228
224,40000000	0,75064912
224,60000000	0,92754329
224,80000000	0,66423105
225,00000000	0,75024430
225,20000000	0,61813154
225,40000000	0,79302789
225,60000000	0,79127575
225,80000000	0,75503397
226,00000000	0,70995623
226,20000000	0,64042503
226,40000000	0,85324946
226,60000000	0,66220333
226,80000000	0,58722550
227,00000000	0,76857285
227,20000000	0,80384874
227,40000000	0,78929767
227,60000000	0,61935200
227,80000000	0,86250010
228,00000000	0,57076306
228,20000000	0,85353226
228,40000000	0,71413349
228,60000000	0,65371342
228,80000000	0,67893663
229,00000000	0,71147870
229,20000000	0,75916134
229,40000000	0,70137880
229,60000000	0,72972627
229,80000000	0,73245768
230,00000000	0,71697101
230,20000000	0,65814988
230,40000000	0,56467325
230,60000000	0,73020938
230,80000000	0,72798593
231,00000000	0,66223351
231,20000000	0,73446398
231,40000000	0,60555455
231,60000000	0,65623208
231,80000000	0,67398440
232,00000000	0,72741106
232,20000000	0,71143837
232,40000000	0,68869103
232,60000000	0,60126336
232,80000000	0,65018262
233,00000000	0,71052791
233,20000000	0,70899712
233,40000000	0,63062682
233,60000000	0,65932247
233,80000000	0,61525365
234,00000000	0,61705859
234,20000000	0,65788541
234,40000000	0,69547437
234,60000000	0,60063460
234,80000000	0,70178635
235,00000000	0,67161531
235,20000000	0,55738573
235,40000000	0,59286447
235,60000000	0,73690337
235,80000000	0,60399284
236,00000000	0,62304225
236,20000000	0,65733856
236,40000000	0,64430478
236,60000000	0,61164660
236,80000000	0,68782154
237,00000000	0,66896724
237,20000000	0,58401884
237,40000000	0,65993986
237,60000000	0,60413117
237,80000000	0,57772250
238,00000000	0,60219657
238,20000000	0,66993461
238,40000000	0,57987817
238,60000000	0,65987095
238,80000000	0,56413040
239,00000000	0,59608060
239,20000000	0,53291472
239,40000000	0,67289746
239,60000000	0,62240831
239,80000000	0,69378480
240,00000000	0,57371691
240,20000000	0,58395401
240,40000000	0,51683288
240,60000000	0,70326540
240,80000000	0,61107382
241,00000000	0,68515280
241,20000000	0,56652496
241,40000000	0,69575824
241,60000000	0,53024082
241,80000000	0,63633360
242,00000000	0,64347810
242,20000000	0,63646450
242,40000000	0,63251223
242,60000000	0,65818071
242,80000000	0,62201419
243,00000000	0,63671156
243,20000000	0,67132464
243,40000000	0,68727084
243,60000000	0,63421420
243,80000000	0,61069629
244,00000000	0,56580887
244,20000000	0,59995031
244,40000000	0,66283867
244,60000000	0,64650532
244,80000000	0,64385003
245,00000000	0,61479969
245,20000000	0,53524211
245,40000000	0,69236862
245,60000000	0,55763150
245,80000000	0,74624953
246,00000000	0,57094130
246,20000000	0,61056957
246,40000000	0,67734349
246,60000000	0,58257572
246,80000000	0,63845373
247,00000000	0,54387545
247,20000000	0,71635066
247,40000000	0,62029956
247,60000000	0,60939836
247,80000000	0,65525131
248,00000000	0,61304952
248,20000000	0,64513387
248,40000000	0,66573123
248,60000000	0,75758902
248,80000000	0,58914782
249,00000000	0,67421106
249,20000000	0,66369731
249,40000000	0,68972276
249,60000000	0,70708321
249,80000000	0,63209320
250,00000000	0,73039523
250,20000000	0,64719906
250,40000000	0,70605369
250,60000000	0,66246201
250,80000000	0,68711293
251,00000000	0,69064085
251,20000000	0,65218261
251,40000000	0,72149315
251,60000000	0,70249266
251,80000000	0,73476235
252,00000000	0,71087194
252,20000000	0,67826920
252,40000000	0,74222386
252,60000000	0,68611711
252,80000000	0,74803691
253,00000000	0,73636885
253,20000000	0,74541220
253,40000000	0,73744559
253,60000000	0,74095490
253,80000000	0,75800808
254,00000000	0,72464141
254,20000000	0,74319445
254,40000000	0,73235938
254,60000000	0,76620581
254,80000000	0,78910315
255,00000000	0,79319408
255,20000000	0,76450211
255,40000000	0,76758184
255,60000000	0,78150537
255,80000000	0,78845980
256,00000000	0,79636028
256,20000000	0,80292871
256,40000000	0,81762700
256,60000000	0,80157345
256,80000000	0,82044522
257,00000000	0,81292050
257,20000000	0,84027321
257,40000000	0,80668319
257,60000000	0,85327019
257,80000000	0,85091333
258,00000000	0,87019427
258,20000000	0,84662621
258,40000000	0,84530560
258,60000000	0,85469177
258,80000000	0,85655021
259,00000000	0,87571932
259,20000000	0,88258835
259,40000000	0,89451897
259,60000000	0,89031905
259,80000000	0,89043356
260,00000000	0,90595784
260,20000000	0,90485140
260,40000000	0,89260869
260,60000000	0,91586077
260,80000000	0,91210283
261,00000000	0,91556079
261,20000000	0,92485823
261,40000000	0,91535952
261,60000000	0,92094818
261,80000000	0,91821554
262,00000000	0,92564644
262,20000000	0,91014446
262,40000000	0,91286660
262,60000000	0,91168516
262,80000000	0,92362141
263,00000000	0,91357368
263,20000000	0,90227258
263,40000000	0,90134836
263,60000000	0,88805019
263,80000000	0,86902901
264,00000000	0,87957502
264,20000000	0,85659740
264,40000000	0,89044264
264,60000000	0,81690837
264,80000000	0,86968587
265,00000000	0,83431162
265,20000000	0,83893567
265,40000000	0,80234368
265,60000000	0,82897972
265,80000000	0,77551899
266,00000000	0,79180497
266,20000000	0,74770515
266,40000000	0,77789646
266,60000000	0,77044037
266,80000000	0,73459395
267,00000000	0,74848213
267,20000000	0,69582533
267,40000000	0,68061902
267,60000000	0,71332341
267,80000000	0,68433899
268,00000000	0,64729654
268,20000000	0,69355473
268,40000000	0,64895227
268,60000000	0,66136916
268,80000000	0,56584816
269,00000000	0,64221236
269,20000000	0,59068561
269,40000000	0,57169904
269,60000000	0,61579252
269,80000000	0,57595421
270,00000000	0,59775092
270,20000000	0,59903231
270,40000000	0,49505270
270,60000000	0,60067138
270,80000000	0,51999409
271,00000000	0,52454155
271,20000000	0,58196447
271,40000000	0,49383526
271,60000000	0,53611554
271,80000000	0,48601397
272,00000000	0,50742287
272,20000000	0,52354394
272,40000000	0,49211213
272,60000000	0,50043222
272,80000000	0,46475347
273,00000000	0,50312113
273,20000000	0,46623291
273,40000000	0,45982636
273,60000000	0,48146552
273,80000000	0,46882283
274,00000000	0,51395797
274,20000000	0,47540202
274,40000000	0,48546649
274,60000000	0,47803147
274,80000000	0,46173711
275,00000000	0,45989821
275,20000000	0,46235439
275,40000000	0,44525937
275,60000000	0,49770970
275,80000000	0,46768525
276,00000000	0,48805750
276,20000000	0,48441841
276,40000000	0,47384497
276,60000000	0,49045963
276,80000000	0,53911559
277,00000000	0,50382853
277,20000000	0,50848396
277,40000000	0,52405714
277,60000000	0,52089699
277,80000000	0,54217562
278,00000000	0,53617175
278,20000000	0,55139145
278,40000000	0,56942227
278,60000000	0,57810561
278,80000000	0,56406663
279,00000000	0,58459804
279,20000000	0,59762838
279,40000000	0,58286437
279,60000000	0,60110759
279,80000000	0,59296075
280,00000000	0,59563715
280,20000000	0,59551237
280,40000000	0,59981366
280,60000000	0,59693340
280,80000000	0,59249230
281,00000000	0,58362586
281,20000000	0,55693047
281,40000000	0,58006702
281,60000000	0,54803409
281,80000000	0,53222378
282,00000000	0,53781373
282,20000000	0,53282470
282,40000000	0,53013152
282,60000000	0,48957437
282,80000000	0,49917553
283,00000000	0,49228956
283,20000000	0,50341956
283,40000000	0,45390317
283,60000000	0,49457118
283,80000000	0,44888796
284,00000000	0,46197178
284,20000000	0,46320998
284,40000000	0,47973874
284,60000000	0,42691635
284,80000000	0,44502623
285,00000000	0,42003776
285,20000000	0,42649876
285,40000000	0,42753351
285,60000000	0,42188072
285,80000000	0,40188884
286,00000000	0,41858895
286,20000000	0,39280300
286,40000000	0,40065559
286,60000000	0,38191887
286,80000000	0,38357704
287,00000000	0,38312779
287,20000000	0,34750639
287,40000000	0,35535773
287,60000000	0,34943457
287,80000000	0,36229387
288,00000000	0,32509612
288,20000000	0,35155498
288,40000000	0,29937407
288,60000000	0,31536515
288,80000000	0,32808172
289,00000000	0,31046564
289,20000000	0,28464097
289,40000000	0,27700658
289,60000000	0,28024482
289,80000000	0,28012101
290,00000000	0,27778347
290,20000000	0,26328924
290,40000000	0,29786917
290,60000000	0,26963133
290,80000000	0,26352156
291,00000000	0,24562443
291,20000000	0,26549097
291,40000000	0,24504975
291,60000000	0,25067031
291,80000000	0,26016373
292,00000000	0,23435837
292,20000000	0,24159550
292,40000000	0,23827013
292,60000000	0,24950556
292,80000000	0,23883889
293,00000000	0,24095300
293,20000000	0,26072902
293,40000000	0,25064066
293,60000000	0,20821349
293,80000000	0,23948709
294,00000000	0,23577801
294,20000000	0,25098234
294,40000000	0,22057454
294,60000000	0,23179654
294,80000000	0,22242663
295,00000000	0,22897137
295,20000000	0,23501167
295,40000000	0,22136782
295,60000000	0,22206385
295,80000000	0,23248924
296,00000000	0,21330056
296,20000000	0,21619935
296,40000000	0,22433146
296,60000000	0,22233934
296,80000000	0,22300075
297,00000000	0,20058586
297,20000000	0,21724817
297,40000000	0,20996492
297,60000000	0,21910974
297,80000000	0,19732705
298,00000000	0,21248498
298,20000000	0,22123214
298,40000000	0,21303215
298,60000000	0,20325313
298,80000000	0,19916903
299,00000000	0,20942677
299,20000000	0,21376558
299,40000000	0,21288366
299,60000000	0,19345293
299,80000000	0,20825040
300,00000000	0,20149580
300,20000000	0,18708969
300,40000000	0,20415718
300,60000000	0,20703817
300,80000000	0,20522930
301,00000000	0,18383573
301,20000000	0,20206311
301,40000000	0,20612016
301,60000000	0,19629829
301,80000000	0,21157244
302,00000000	0,19210342
302,20000000	0,18942387
302,40000000	0,18846173
302,60000000	0,19557750
302,80000000	0,19473530
303,00000000	0,19907823
303,20000000	0,19099511
303,40000000	0,18908941
303,60000000	0,18333564
303,80000000	0,19356541
304,00000000	0,20242759
304,20000000	0,19580425
304,40000000	0,18641806
304,60000000	0,18503229
304,80000000	0,18402299
305,00000000	0,19347871
305,20000000	0,19564347
305,40000000	0,18561948
305,60000000	0,17892241
305,80000000	0,18069057
306,00000000	0,18111293
306,20000000	0,19500856
306,40000000	0,19305611
306,60000000	0,18298222
306,80000000	0,17612330
307,00000000	0,19134246
307,20000000	0,18333580
307,40000000	0,18266219
307,60000000	0,17261009
307,80000000	0,17834304
308,00000000	0,18310452
308,20000000	0,17662841
308,40000000	0,18870824
308,60000000	0,18630303
308,80000000	0,18861544
309,00000000	0,17938800
309,20000000	0,17203958
309,40000000	0,16654073
309,60000000	0,17878211
309,80000000	0,18170560
310,00000000	0,18469122
310,20000000	0,17329565
310,40000000	0,18358435
310,60000000	0,17080729
310,80000000	0,17027060
311,00000000	0,18489938
311,20000000	0,19614575
311,40000000	0,19044418
311,60000000	0,17481067
311,80000000	0,17574361
312,00000000	0,17249194
312,20000000	0,16325794
312,40000000	0,17556728
312,60000000	0,19300600
312,80000000	0,19296211
313,00000000	0,18161636
313,20000000	0,17149633
313,40000000	0,17842985
313,60000000	0,17647197
313,80000000	0,17385875
314,00000000	0,17591967
314,20000000	0,17264961
314,40000000	0,17568082
314,60000000	0,17299199
314,80000000	0,17756365
315,00000000	0,17727197
315,20000000	0,17821985
315,40000000	0,17715973
315,60000000	0,18133830
315,80000000	0,17002452
316,00000000	0,17394055
316,20000000	0,17256420
316,40000000	0,18002428
316,60000000	0,16817202
316,80000000	0,16781123
317,00000000	0,18013215
317,20000000	0,17215770
317,40000000	0,18035122
317,60000000	0,16082356
317,80000000	0,17337390
318,00000000	0,17667737
318,20000000	0,17414027
318,40000000	0,15864771
318,60000000	0,16268179
318,80000000	0,17307231
319,00000000	0,18115614
319,20000000	0,16429218
319,40000000	0,17237775
319,60000000	0,17271964
319,80000000	0,17944483
320,00000000	0,16036517
320,20000000	0,16630692
320,40000000	0,17306885
320,60000000	0,17316556
320,80000000	0,17169438
321,00000000	0,16416066
321,20000000	0,17681544
321,40000000	0,17138815
321,60000000	0,16414371
321,80000000	0,16535390
322,00000000	0,16440141
322,20000000	0,17278580
322,40000000	0,17059466
322,60000000	0,16481452
322,80000000	0,17800615
323,00000000	0,16867523
323,20000000	0,16730387
323,40000000	0,15945961
323,60000000	0,17367111
323,80000000	0,16368355
324,00000000	0,16395795
324,20000000	0,16612887
324,40000000	0,16578962
324,60000000	0,17163963
324,80000000	0,16772771
325,00000000	0,16575240
325,20000000	0,16148623
325,40000000	0,16724208
325,60000000	0,16477598
325,80000000	0,16575736
326,00000000	0,16540085
326,20000000	0,16758195
326,40000000	0,16575823
326,60000000	0,16352853
326,80000000	0,16342968
327,00000000	0,16614872
327,20000000	0,16008340
327,40000000	0,16841953
327,60000000	0,16504870
327,80000000	0,16909313
328,00000000	0,17233460
328,20000000	0,15914146
328,40000000	0,16525036
328,60000000	0,16374218
328,80000000	0,16187324
329,00000000	0,15810549
329,20000000	0,16085868
329,40000000	0,16566753
329,60000000	0,16791086
329,80000000	0,16581248
330,00000000	0,16432393
330,20000000	0,15988606
330,40000000	0,16444858
330,60000000	0,15906054
330,80000000	0,15355195
331,00000000	0,16162697
331,20000000	0,16474171
331,40000000	0,16311484
331,60000000	0,16148105
331,80000000	0,16514195
332,00000000	0,16477456
332,20000000	0,16283364
332,40000000	0,15654869
332,60000000	0,15791621
332,80000000	0,15870614
333,00000000	0,16296064
333,20000000	0,16596537
333,40000000	0,16282226
333,60000000	0,16285001
333,80000000	0,16292055
334,00000000	0,16065375
334,20000000	0,15953556
334,40000000	0,15939188
334,60000000	0,15886003
334,80000000	0,16101297
335,00000000	0,16069851
335,20000000	0,16124315
335,40000000	0,15841478
335,60000000	0,16021406
335,80000000	0,16281431
336,00000000	0,16061092
336,20000000	0,16191684
336,40000000	0,16021403
336,60000000	0,16083264
336,80000000	0,15786414
337,00000000	0,16065656
337,20000000	0,16032622
337,40000000	0,15935522
337,60000000	0,15895393
337,80000000	0,15993069
338,00000000	0,16032123
338,20000000	0,16138658
338,40000000	0,15789974
338,60000000	0,15881762
338,80000000	0,16047514
339,00000000	0,15689463
339,20000000	0,15840336
339,40000000	0,15797035
339,60000000	0,15814359
339,80000000	0,16038070
340,00000000	0,16335812
340,20000000	0,15816313
340,40000000	0,15834083
340,60000000	0,15772032
340,80000000	0,15814088
341,00000000	0,15909170
341,20000000	0,16034929
341,40000000	0,15838630
341,60000000	0,15668407
341,80000000	0,15906185
342,00000000	0,15962661
342,20000000	0,15973887
342,40000000	0,15860959
342,60000000	0,15886969
342,80000000	0,15582778
343,00000000	0,15883856
343,20000000	0,15759541
343,40000000	0,15795004
343,60000000	0,15835203
343,80000000	0,15704560
344,00000000	0,15667973
344,20000000	0,15830337
344,40000000	0,15661327
344,60000000	0,15796378
344,80000000	0,15753878
345,00000000	0,15791233
345,20000000	0,15807943
345,40000000	0,15755922
345,60000000	0,15691301
345,80000000	0,15701059
346,00000000	0,15727156
346,20000000	0,15799375
346,40000000	0,15686863
346,60000000	0,15622736
346,80000000	0,15713225
347,00000000	0,15739356
347,20000000	0,15766781
347,40000000	0,15825049
347,60000000	0,15623471
347,80000000	0,15572597
348,00000000	0,15589340
348,20000000	0,15644557
348,40000000	0,15656274
348,60000000	0,15703437
348,80000000	0,15569213
349,00000000	0,15614448
349,20000000	0,15638655
349,40000000	0,15620738
349,60000000	0,15677534
349,80000000	0,15514235
350,00000000	0,15505012
350,20000000	0,15506727
350,40000000	0,15511229
350,60000000	0,15545254
350,80000000	0,15511214
351,00000000	0,15515547
351,20000000	0,15529381
351,40000000	0,15541440
351,60000000	0,15566675
351,80000000	0,15515136
352,00000000	0,15456765
352,20000000	0,15459441
352,40000000	0,15464750
352,60000000	0,15465759
352,80000000	0,15450960
353,00000000	0,15419597
353,20000000	0,15364348
353,40000000	0,15377743
353,60000000	0,15499260
353,80000000	0,15330374
354,00000000	0,15417197
354,20000000	0,15470224
354,40000000	0,15341283
354,60000000	0,15313039
354,80000000	0,15334471
355,00000000	0,15477557
355,20000000	0,15260195
355,40000000	0,15354869
355,60000000	0,15355785
355,80000000	0,15233930
356,00000000	0,15320773
356,20000000	0,15435351
356,40000000	0,15323611
356,60000000	0,15260941
356,80000000	0,15427346
357,00000000	0,15215560
357,20000000	0,15458762
357,40000000	0,15477080
357,60000000	0,15253846
357,80000000	0,15061748
358,00000000	0,15219159
358,20000000	0,15239025
358,40000000	0,15200961
358,60000000	0,15604219
358,80000000	0,15377842
359,00000000	0,15136571
359,20000000	0,14913182
359,40000000	0,15399395
359,60000000	0,15204635
359,80000000	0,15213716
360,00000000	0,15507887
360,20000000	0,14959298
360,40000000	0,14749770
360,60000000	0,15333551
360,80000000	0,15324517
361,00000000	0,14951177
361,20000000	0,15399844
361,40000000	0,15288697
361,60000000	0,15020989
361,80000000	0,15487242
362,00000000	0,15571439
362,20000000	0,15127568
362,40000000	0,15104891
362,60000000	0,15311362
362,80000000	0,15038904
363,00000000	0,15454930
363,20000000	0,15379199
363,40000000	0,15275344
363,60000000	0,15297516
363,80000000	0,15381108
364,00000000	0,15334030
364,20000000	0,14748057
364,40000000	0,15262152
364,60000000	0,15005293
364,80000000	0,14987800
365,00000000	0,15906229
365,20000000	0,15206222
365,40000000	0,14787725
365,60000000	0,15086743
365,80000000	0,14874954
366,00000000	0,15086196
366,20000000	0,15896271
366,40000000	0,15159579
366,60000000	0,15074457
366,80000000	0,15333614
367,00000000	0,15098868
367,20000000	0,15292482
367,40000000	0,15424040
367,60000000	0,15658238
367,80000000	0,15057830
368,00000000	0,14872565
368,20000000	0,15595364
368,40000000	0,15227318
368,60000000	0,15160264
368,80000000	0,15584861
369,00000000	0,15197816
369,20000000	0,14648736
369,40000000	0,15653849
369,60000000	0,15682129
369,80000000	0,14973378
370,00000000	0,15437243
370,20000000	0,15027145
370,40000000	0,14893249
370,60000000	0,15415065
370,80000000	0,15622041
371,00000000	0,14976727
371,20000000	0,15112131
371,40000000	0,15033926
371,60000000	0,15447627
371,80000000	0,15563529
372,00000000	0,14891882
372,20000000	0,15369325
372,40000000	0,15128396
372,60000000	0,14965527
372,80000000	0,15739765
373,00000000	0,15405242
373,20000000	0,14936589
373,40000000	0,15161265
373,60000000	0,14909657
373,80000000	0,15260238
374,00000000	0,15400281
374,20000000	0,15279734
374,40000000	0,15509700
374,60000000	0,14805972
374,80000000	0,14617654
375,00000000	0,15733499
375,20000000	0,15372840
375,40000000	0,14958309
375,60000000	0,15300266
375,80000000	0,15221270
376,00000000	0,15086294
376,20000000	0,15642443
376,40000000	0,15227594
376,60000000	0,15404783
376,80000000	0,15695739
377,00000000	0,15418892
377,20000000	0,15041712
377,40000000	0,14996265
377,60000000	0,14942043
377,80000000	0,15332459
378,00000000	0,15120072
378,20000000	0,14873758
378,40000000	0,15131495
378,60000000	0,14755386
378,80000000	0,15076150
379,00000000	0,14928244
379,20000000	0,14604899
379,40000000	0,14928897
379,60000000	0,15384077
379,80000000	0,14935483
380,00000000	0,15381592
380,20000000	0,15387102
380,40000000	0,15067378
380,60000000	0,15200648
380,80000000	0,15611763
381,00000000	0,15379948
381,20000000	0,15192732
381,40000000	0,15324296
381,60000000	0,15391943
381,80000000	0,15031865
382,00000000	0,14859436
382,20000000	0,15403157
382,40000000	0,15868170
382,60000000	0,15109120
382,80000000	0,15269890
383,00000000	0,15939276
383,20000000	0,15230218
383,40000000	0,15448927
383,60000000	0,15390489
383,80000000	0,15326189
384,00000000	0,15341469
384,20000000	0,14677146
384,40000000	0,15026277
384,60000000	0,15262828
384,80000000	0,15595346
385,00000000	0,15000390
385,20000000	0,15569771
385,40000000	0,15493227
385,60000000	0,15006452
385,80000000	0,15289960
386,00000000	0,15051467
386,20000000	0,15294533
386,40000000	0,15973493
386,60000000	0,16067438
386,80000000	0,15289931
387,00000000	0,14210530
387,20000000	0,15638003
387,40000000	0,15356487
387,60000000	0,15450280
387,80000000	0,15976101
388,00000000	0,15739966
388,20000000	0,15767714
388,40000000	0,15029932
388,60000000	0,15050718
388,80000000	0,15682782
389,00000000	0,15630833
389,20000000	0,16354460
389,40000000	0,16227036
389,60000000	0,15818986
389,80000000	0,15753814
390,00000000	0,15994529
390,20000000	0,16070544
390,40000000	0,15265374
390,60000000	0,15079651
390,80000000	0,14876060
391,00000000	0,15463341
391,20000000	0,15624229
391,40000000	0,14578799
391,60000000	0,15738973
391,80000000	0,16669705
392,00000000	0,16828280
392,20000000	0,16238471
392,40000000	0,16160715
392,60000000	0,17214107
392,80000000	0,15770095
393,00000000	0,15852465
393,20000000	0,15817321
393,40000000	0,15108888
393,60000000	0,15037328
393,80000000	0,16135825
394,00000000	0,15303758
394,20000000	0,14663465
394,40000000	0,15550292
394,60000000	0,16700967
394,80000000	0,17352438
395,00000000	0,16301674
395,20000000	0,16090486
395,40000000	0,17375779
395,60000000	0,16652257
395,80000000	0,16308847
396,00000000	0,16358087
396,20000000	0,16577517
396,40000000	0,16345600
396,60000000	0,15963562
396,80000000	0,17076394
397,00000000	0,16423386
397,20000000	0,16850446
397,40000000	0,15701632
397,60000000	0,16398978
397,80000000	0,17442575
398,00000000	0,16974778
398,20000000	0,17470088
398,40000000	0,16763914
398,60000000	0,17059678
398,80000000	0,15861024
399,00000000	0,16013062
399,20000000	0,16839165
399,40000000	0,16373542
399,60000000	0,16524308
399,80000000	0,17057542
400,00000000	0,17549066
400,20000000	0,16563266
400,40000000	0,16602753
400,60000000	0,17797610
400,80000000	0,18022510
401,00000000	0,17741616
401,20000000	0,17494939
401,40000000	0,16478352
401,60000000	0,16479274
401,80000000	0,17833132
402,00000000	0,16751849
402,20000000	0,17570917
402,40000000	0,19067959
402,60000000	0,17162510
402,80000000	0,16355572
403,00000000	0,17894383
403,20000000	0,17695043
403,40000000	0,17146106
403,60000000	0,16181987
403,80000000	0,17553795
404,00000000	0,17572118
404,20000000	0,17478657
404,40000000	0,17376745
404,60000000	0,18019563
404,80000000	0,18184475
405,00000000	0,17966038
405,20000000	0,18254153
405,40000000	0,19408886
405,60000000	0,18494048
405,80000000	0,17668565
406,00000000	0,17806609
406,20000000	0,17926740
406,40000000	0,18045229
406,60000000	0,17571056
406,80000000	0,17672290
407,00000000	0,18282388
407,20000000	0,17781309
407,40000000	0,18409331
407,60000000	0,18442649
407,80000000	0,18667115
408,00000000	0,19919854
408,20000000	0,19165300
408,40000000	0,18604929
408,60000000	0,18664009
408,80000000	0,18673155
409,00000000	0,18105129
409,20000000	0,18274367
409,40000000	0,18384217
409,60000000	0,18646213
409,80000000	0,18316805
410,00000000	0,18697710
410,20000000	0,18889499
410,40000000	0,19390913
410,60000000	0,17840140
410,80000000	0,18600233
411,00000000	0,18815319
411,20000000	0,18771312
411,40000000	0,19668720
411,60000000	0,19996220
411,80000000	0,19938586
412,00000000	0,19658191
412,20000000	0,19747434
412,40000000	0,19699583
412,60000000	0,19670483
412,80000000	0,19005142
413,00000000	0,19326550
413,20000000	0,19094841
413,40000000	0,19850139
413,60000000	0,20288293
413,80000000	0,18999526
414,00000000	0,21078335
414,20000000	0,21144086
414,40000000	0,20703967
414,60000000	0,19720634
414,80000000	0,19468637
415,00000000	0,19193129
415,20000000	0,19412451
415,40000000	0,20172504
415,60000000	0,20297661
415,80000000	0,20309013
416,00000000	0,20726063
416,20000000	0,18880945
416,40000000	0,21993229
416,60000000	0,23386938
416,80000000	0,22753367
417,00000000	0,22766462
417,20000000	0,23064500
417,40000000	0,19800815
417,60000000	0,20359538
417,80000000	0,21491370
418,00000000	0,22344140
418,20000000	0,22191543
418,40000000	0,21163693
418,60000000	0,23184405
418,80000000	0,19836686
419,00000000	0,21472974
419,20000000	0,23782497
419,40000000	0,23863057
419,60000000	0,23049503
419,80000000	0,23905050
420,00000000	0,21305176
420,20000000	0,22372953
420,40000000	0,21584426
420,60000000	0,21846944
420,80000000	0,26112024
421,00000000	0,23936094
421,20000000	0,20168159
421,40000000	0,23511992
421,60000000	0,23372219
421,80000000	0,25003648
422,00000000	0,25831669
422,20000000	0,26301725
422,40000000	0,24517874
422,60000000	0,24269628
422,80000000	0,22708412
423,00000000	0,24536011
423,20000000	0,24713007
423,40000000	0,23043850
423,60000000	0,27158432
423,80000000	0,25220892
424,00000000	0,26045824
424,20000000	0,26709959
424,40000000	0,26783009
424,60000000	0,24989000
424,80000000	0,26578593
425,00000000	0,27596468
425,20000000	0,26461138
425,40000000	0,25183746
425,60000000	0,22956962
425,80000000	0,25566090
426,00000000	0,26792917
426,20000000	0,25329964
426,40000000	0,25368725
426,60000000	0,28068285
426,80000000	0,29569782
427,00000000	0,28777110
427,20000000	0,29608467
427,40000000	0,29563599
427,60000000	0,27828759
427,80000000	0,27156858
428,00000000	0,29332485
428,20000000	0,27235121
428,40000000	0,28545666
428,60000000	0,31021487
428,80000000	0,29821308
429,00000000	0,28780136
429,20000000	0,29579926
429,40000000	0,30209158
429,60000000	0,29572200
429,80000000	0,28678288
430,00000000	0,28267987
430,20000000	0,29869041
430,40000000	0,29449414
430,60000000	0,26035728
430,80000000	0,28090822
431,00000000	0,29249682
431,20000000	0,29707003
431,40000000	0,29857587
431,60000000	0,28964181
431,80000000	0,29784566
432,00000000	0,30226821
432,20000000	0,30438128
432,40000000	0,30894919
432,60000000	0,31399381
432,80000000	0,30635977
433,00000000	0,31312036
433,20000000	0,32502258
433,40000000	0,32212392
433,60000000	0,31760385
433,80000000	0,32290159
434,00000000	0,32307835
434,20000000	0,31556176
434,40000000	0,32293326
434,60000000	0,34483855
434,80000000	0,33690052
435,00000000	0,32024988
435,20000000	0,32941287
435,40000000	0,33224630
435,60000000	0,33035007
435,80000000	0,33818000
436,00000000	0,34178880
436,20000000	0,33737822
436,40000000	0,33835592
436,60000000	0,34486880
436,80000000	0,34064484
437,00000000	0,33935278
437,20000000	0,34219854
437,40000000	0,33375337
437,60000000	0,34283555
437,80000000	0,35467891
438,00000000	0,35311472
438,20000000	0,35933904
438,40000000	0,35248477
438,60000000	0,35951075
438,80000000	0,35686643
439,00000000	0,37508997
439,20000000	0,36731330
439,40000000	0,36817553
439,60000000	0,35825561
439,80000000	0,37297840
440,00000000	0,39236510
440,20000000	0,38375307
440,40000000	0,38002660
440,60000000	0,38257210
440,80000000	0,39930827
441,00000000	0,39646991
441,20000000	0,39001977
441,40000000	0,38764804
441,60000000	0,38650705
441,80000000	0,40418114
442,00000000	0,40542162
442,20000000	0,39609795
442,40000000	0,39635448
442,60000000	0,38375167
442,80000000	0,41300183
443,00000000	0,42160727
443,20000000	0,41751517
443,40000000	0,40650226
443,60000000	0,40713204
443,80000000	0,40260015
444,00000000	0,42409404
444,20000000	0,42470614
444,40000000	0,42979898
444,60000000	0,42227163
444,80000000	0,43923957
445,00000000	0,43044226
445,20000000	0,41913691
445,40000000	0,43279811
445,60000000	0,45282433
445,80000000	0,45800390
446,00000000	0,45600374
446,20000000	0,43905735
446,40000000	0,45047573
446,60000000	0,46719957
446,80000000	0,45945832
447,00000000	0,48607267
447,20000000	0,46177234
447,40000000	0,46303575
447,60000000	0,48753483
447,80000000	0,47982334
448,00000000	0,45061481
448,20000000	0,46130363
448,40000000	0,47464828
448,60000000	0,46663947
448,80000000	0,46257531
449,00000000	0,47589174
449,20000000	0,46337357
449,40000000	0,47740732
449,60000000	0,49398453
449,80000000	0,48453129
450,00000000	0,49147337
450,20000000	0,49538583
450,40000000	0,49747524
450,60000000	0,48143231
450,80000000	0,50435573
451,00000000	0,51546802
451,20000000	0,50354825
451,40000000	0,51365263
451,60000000	0,53709298
451,80000000	0,51986241
452,00000000	0,52511809
452,20000000	0,53034240
452,40000000	0,52954999
452,60000000	0,52919958
452,80000000	0,53379818
453,00000000	0,53661413
453,20000000	0,56002319
453,40000000	0,54394968
453,60000000	0,54425323
453,80000000	0,54635214
454,00000000	0,52978948
454,20000000	0,55476933
454,40000000	0,56082458
454,60000000	0,55475222
454,80000000	0,54916310
455,00000000	0,56428578
455,20000000	0,57603526
455,40000000	0,56909844
455,60000000	0,56038726
455,80000000	0,55166295
456,00000000	0,53708019
456,20000000	0,54310457
456,40000000	0,55226691
456,60000000	0,56800666
456,80000000	0,57093055
457,00000000	0,57243423
457,20000000	0,56689656
457,40000000	0,58330254
457,60000000	0,59028517
457,80000000	0,56953567
458,00000000	0,55818575
458,20000000	0,56878944
458,40000000	0,57937753
458,60000000	0,56800354
458,80000000	0,57663435
459,00000000	0,58033504
459,20000000	0,58543747
459,40000000	0,59322616
459,60000000	0,58731555
459,80000000	0,57835910
460,00000000	0,60141891
460,20000000	0,60575856
460,40000000	0,59684971
460,60000000	0,59059286
460,80000000	0,59822444
461,00000000	0,61517354
461,20000000	0,60744661
461,40000000	0,61935014
461,60000000	0,62613976
461,80000000	0,62593223
462,00000000	0,61842221
462,20000000	0,62810183
462,40000000	0,62969425
462,60000000	0,63891173
462,80000000	0,64042200
463,00000000	0,63650850
463,20000000	0,63919195
463,40000000	0,64159171
463,60000000	0,65008584
463,80000000	0,65559633
464,00000000	0,64467032
464,20000000	0,64063642
464,40000000	0,64625433
464,60000000	0,63960626
464,80000000	0,65256402
465,00000000	0,66578114
465,20000000	0,66762785
465,40000000	0,67122324
465,60000000	0,66757114
465,80000000	0,66941297
466,00000000	0,66213565
466,20000000	0,67272557
466,40000000	0,68095757
466,60000000	0,68691001
466,80000000	0,67798817
467,00000000	0,68799426
467,20000000	0,69392522
467,40000000	0,69339680
467,60000000	0,69423921
467,80000000	0,71116927
468,00000000	0,71286895
468,20000000	0,71044928
468,40000000	0,71277484
468,60000000	0,70995975
468,80000000	0,72131380
469,00000000	0,72682038
469,20000000	0,73250925
469,40000000	0,71882060
469,60000000	0,71759861
469,80000000	0,73184865
470,00000000	0,73816352
470,20000000	0,74538270
470,40000000	0,75176799
470,60000000	0,74923533
470,80000000	0,74544619
471,00000000	0,74696954
471,20000000	0,74397508
471,40000000	0,75346949
471,60000000	0,77295339
471,80000000	0,78290513
472,00000000	0,77469813
472,20000000	0,76051311
472,40000000	0,76623889
472,60000000	0,76839298
472,80000000	0,77231934
473,00000000	0,77968534
473,20000000	0,78487201
473,40000000	0,78317886
473,60000000	0,78520093
473,80000000	0,79564083
474,00000000	0,79458957
474,20000000	0,78684561
474,40000000	0,79399628
474,60000000	0,79877789
474,80000000	0,80224415
475,00000000	0,81532224
475,20000000	0,81314761
475,40000000	0,81380859
475,60000000	0,80751351
475,80000000	0,81243681
476,00000000	0,81646616
476,20000000	0,82092903
476,40000000	0,83032451
476,60000000	0,82299461
476,80000000	0,81809642
477,00000000	0,82281392
477,20000000	0,82243800
477,40000000	0,83053848
477,60000000	0,84067397
477,80000000	0,85424750
478,00000000	0,84749335
478,20000000	0,83751802
478,40000000	0,84790880
478,60000000	0,85211565
478,80000000	0,85034940
479,00000000	0,85001550
479,20000000	0,85018572
479,40000000	0,84835957
479,60000000	0,85386379
479,80000000	0,85947475
480,00000000	0,86230168
480,20000000	0,85775082
480,40000000	0,86946185
480,60000000	0,87864480
480,80000000	0,87300338
481,00000000	0,87155907
481,20000000	0,86806073
481,40000000	0,86947945
481,60000000	0,87320724
481,80000000	0,87434520
482,00000000	0,88136501
482,20000000	0,88151944
482,40000000	0,88792901
482,60000000	0,88853073
482,80000000	0,88245710
483,00000000	0,88128001
483,20000000	0,88828574
483,40000000	0,89228700
483,60000000	0,88816813
483,80000000	0,89042794
484,00000000	0,89388682
484,20000000	0,89640075
484,40000000	0,89838254
484,60000000	0,89803717
484,80000000	0,89813140
485,00000000	0,90374638
485,20000000	0,90692036
485,40000000	0,90511793
485,60000000	0,89854051
485,80000000	0,89615103
486,00000000	0,90241461
486,20000000	0,90464774
486,40000000	0,90260405
486,60000000	0,90407052
486,80000000	0,90611843
487,00000000	0,91077278
487,20000000	0,91292318
487,40000000	0,91274111
487,60000000	0,91293131
487,80000000	0,91484940
488,00000000	0,91564075
488,20000000	0,91485887
488,40000000	0,91004311
488,60000000	0,90888571
488,80000000	0,91615340
489,00000000	0,91960586
489,20000000	0,91922338
489,40000000	0,92156065
489,60000000	0,92369333
489,80000000	0,92265636
490,00000000	0,92134894
490,20000000	0,92032289
490,40000000	0,92342631
490,60000000	0,92611655
490,80000000	0,92662504
491,00000000	0,92796766
491,20000000	0,92920581
491,40000000	0,92887191
491,60000000	0,93205690
491,80000000	0,93423511
492,00000000	0,93290017
492,20000000	0,93123371
492,40000000	0,93667853
492,60000000	0,93969223
492,80000000	0,93779331
493,00000000	0,93693790
493,20000000	0,94132064
493,40000000	0,94555408
493,60000000	0,94237518
493,80000000	0,93931366
494,00000000	0,94132006
494,20000000	0,94176013
494,40000000	0,94235967
494,60000000	0,94469288
494,80000000	0,94744972
495,00000000	0,95061868
495,20000000	0,94864454
495,40000000	0,94928294
495,60000000	0,94948943
495,80000000	0,94825225
496,00000000	0,95038224
496,20000000	0,95276803
496,40000000	0,95412289
496,60000000	0,95498176
496,80000000	0,95464812
497,00000000	0,95363309
497,20000000	0,95410865
497,40000000	0,95403012
497,60000000	0,95538913
497,80000000	0,95808253
498,00000000	0,95654244
498,20000000	0,95612472
498,40000000	0,95818613
498,60000000	0,95869608
498,80000000	0,96155325
499,00000000	0,96322126
499,20000000	0,96105302
499,40000000	0,96119993
499,60000000	0,96535214
499,80000000	0,96853925
500,00000000	0,96938259
500,20000000	0,96921093
500,40000000	0,96804617
500,60000000	0,96785311
500,80000000	0,96676687
501,00000000	0,96681170
501,20000000	0,96881658
501,40000000	0,96954238
501,60000000	0,96906722
501,80000000	0,96991416
502,00000000	0,97179255
502,20000000	0,97062083
502,40000000	0,97063819
502,60000000	0,97383064
502,80000000	0,97483857
503,00000000	0,97390442
503,20000000	0,97332547
503,40000000	0,97468209
503,60000000	0,97561409
503,80000000	0,97407069
504,00000000	0,97437057
504,20000000	0,97688951
504,40000000	0,97845042
504,60000000	0,97795383
504,80000000	0,97943127
505,00000000	0,98145384
505,20000000	0,98123296
505,40000000	0,97941203
505,60000000	0,97955947
505,80000000	0,98096214
506,00000000	0,98013140
506,20000000	0,97840214
506,40000000	0,98001355
506,60000000	0,98175737
506,80000000	0,98084142
507,00000000	0,97898807
507,20000000	0,97946352
507,40000000	0,98155700
507,60000000	0,98209138
507,80000000	0,98253434
508,00000000	0,98379432
508,20000000	0,98433702
508,40000000	0,98298429
508,60000000	0,98200890
508,80000000	0,98377985
509,00000000	0,98494109
509,20000000	0,98425773
509,40000000	0,98433532
509,60000000	0,98644794
509,80000000	0,98757351
510,00000000	0,98700710
510,20000000	0,98720662
510,40000000	0,98845009
510,60000000	0,98899289
510,80000000	0,98917314
511,00000000	0,98836531
511,20000000	0,98831236
511,40000000	0,98838663
511,60000000	0,98682123
511,80000000	0,98645301
512,00000000	0,98811295
512,20000000	0,98882642
512,40000000	0,98874008
512,60000000	0,98965154
512,80000000	0,99063086
513,00000000	0,99098227
513,20000000	0,99082570
513,40000000	0,99093531
513,60000000	0,99117482
513,80000000	0,99084746
514,00000000	0,99031488
514,20000000	0,99048837
514,40000000	0,99166911
514,60000000	0,99292540
514,80000000	0,99297351
515,00000000	0,99268723
515,20000000	0,99340549
515,40000000	0,99383115
515,60000000	0,99396329
515,80000000	0,99428996
516,00000000	0,99439501
516,20000000	0,99420425
516,40000000	0,99371594
516,60000000	0,99387185
516,80000000	0,99467412
517,00000000	0,99493121
517,20000000	0,99524508
517,40000000	0,99560936
517,60000000	0,99574777
517,80000000	0,99560655
518,00000000	0,99557079
518,20000000	0,99553874
518,40000000	0,99511614
518,60000000	0,99510861
518,80000000	0,99549718
519,00000000	0,99577361
519,20000000	0,99632254
519,40000000	0,99678324
519,60000000	0,99677534
519,80000000	0,99683584
520,00000000	0,99690644
520,20000000	0,99693819
520,40000000	0,99683491
520,60000000	0,99667470
520,80000000	0,99683535
521,00000000	0,99706301
521,20000000	0,99734357
521,40000000	0,99730607
521,60000000	0,99743276
521,80000000	0,99755460
522,00000000	0,99771414
522,20000000	0,99775720
522,40000000	0,99732918
522,60000000	0,99739507
522,80000000	0,99779901
523,00000000	0,99767394
523,20000000	0,99748240
523,40000000	0,99781932
523,60000000	0,99815010
523,80000000	0,99824754
524,00000000	0,99816868
524,20000000	0,99786041
524,40000000	0,99759189
524,60000000	0,99759457
524,80000000	0,99758508
525,00000000	0,99735212
525,20000000	0,99752877
525,40000000	0,99775496
525,60000000	0,99732228
525,80000000	0,99697680
526,00000000	0,99689163
526,20000000	0,99707117
526,40000000	0,99692779
526,60000000	0,99672008
526,80000000	0,99704762
527,00000000	0,99704151
527,20000000	0,99676319
527,40000000	0,99640294
527,60000000	0,99623920
527,80000000	0,99633310
528,00000000	0,99643919
528,20000000	0,99648639
528,40000000	0,99644529
528,60000000	0,99602581
528,80000000	0,99561910
529,00000000	0,99581775
529,20000000	0,99604535
529,40000000	0,99578312
529,60000000	0,99567525
529,80000000	0,99551798
530,00000000	0,99518494
530,20000000	0,99482062
530,40000000	0,99478052
530,60000000	0,99499939
530,80000000	0,99500356
531,00000000	0,99475109
531,20000000	0,99429259
531,40000000	0,99434149
531,60000000	0,99365535
531,80000000	0,99300902
532,00000000	0,99373620
532,20000000	0,99440847
532,40000000	0,99425407
532,60000000	0,99359053
532,80000000	0,99313357
533,00000000	0,99288250
533,20000000	0,99303444
533,40000000	0,99294286
533,60000000	0,99320298
533,80000000	0,99358452
534,00000000	0,99299895
534,20000000	0,99272994
534,40000000	0,99276886
534,60000000	0,99248865
534,80000000	0,99233731
535,00000000	0,99242091
535,20000000	0,99257421
535,40000000	0,99218795
535,60000000	0,99154575
535,80000000	0,99111360
536,00000000	0,99112988
536,20000000	0,99183787
536,40000000	0,99230806
536,60000000	0,99209429
536,80000000	0,99160950
537,00000000	0,99099927
537,20000000	0,99062596
537,40000000	0,99100537
537,60000000	0,99160439
537,80000000	0,99181795
538,00000000	0,99201359
538,20000000	0,99175429
538,40000000	0,99131587
538,60000000	0,99089445
538,80000000	0,99053263
539,00000000	0,99046135
539,20000000	0,99077123
539,40000000	0,99157386
539,60000000	0,99163955
539,80000000	0,99092262
540,00000000	0,99065354
540,20000000	0,99112753
540,40000000	0,99110075
540,60000000	0,99110935
540,80000000	0,99155422
541,00000000	0,99169603
541,20000000	0,99161920
541,40000000	0,99097298
541,60000000	0,99054745
541,80000000	0,99081692
542,00000000	0,99117424
542,20000000	0,99120616
542,40000000	0,99142201
542,60000000	0,99171709
542,80000000	0,99173496
543,00000000	0,99178963
543,20000000	0,99205764
543,40000000	0,99206552
543,60000000	0,99201629
543,80000000	0,99207388
544,00000000	0,99166758
544,20000000	0,99097317
544,40000000	0,99100365
544,60000000	0,99103620
544,80000000	0,99093044
545,00000000	0,99155212
545,20000000	0,99182517
545,40000000	0,99153318
545,60000000	0,99153649
545,80000000	0,99167932
546,00000000	0,99187867
546,20000000	0,99169103
546,40000000	0,99143328
546,60000000	0,99170265
546,80000000	0,99208879
547,00000000	0,99214513
547,20000000	0,99159943
547,40000000	0,99150127
547,60000000	0,99202669
547,80000000	0,99212504
548,00000000	0,99183786
548,20000000	0,99194265
548,40000000	0,99192804
548,60000000	0,99142667
548,80000000	0,99173823
549,00000000	0,99206213
549,20000000	0,99176246
549,40000000	0,99135456
549,60000000	0,99156384
549,80000000	0,99188981
550,00000000	0,99122357
550,20000000	0,99080617
550,40000000	0,99106135
550,60000000	0,99131575
550,80000000	0,99144639
551,00000000	0,99107644
551,20000000	0,99064889
551,40000000	0,99084244
551,60000000	0,99116204
551,80000000	0,99075981
552,00000000	0,99015028
552,20000000	0,99006606
552,40000000	0,98990334
552,60000000	0,98978169
552,80000000	0,98966595
553,00000000	0,98920274
553,20000000	0,98882612
553,40000000	0,98908355
553,60000000	0,98912973
553,80000000	0,98860741
554,00000000	0,98868877
554,20000000	0,98882001
554,40000000	0,98857121
554,60000000	0,98839258
554,80000000	0,98789790
555,00000000	0,98704347
555,20000000	0,98657491
555,40000000	0,98693754
555,60000000	0,98695683
555,80000000	0,98599697
556,00000000	0,98533125
556,20000000	0,98530619
556,40000000	0,98508105
556,60000000	0,98480189
556,80000000	0,98426878
557,00000000	0,98318946
557,20000000	0,98286410
557,40000000	0,98339003
557,60000000	0,98310410
557,80000000	0,98231385
558,00000000	0,98236404
558,20000000	0,98255589
558,40000000	0,98140903
558,60000000	0,98056180
558,80000000	0,98134585
559,00000000	0,98166231
559,20000000	0,98024524
559,40000000	0,97927916
559,60000000	0,97961069
559,80000000	0,97906514
560,00000000	0,97768509
560,20000000	0,97720003
560,40000000	0,97727852
560,60000000	0,97669697
560,80000000	0,97601894
561,00000000	0,97581065
561,20000000	0,97621626
561,40000000	0,97664265
561,60000000	0,97563294
561,80000000	0,97408586
562,00000000	0,97467639
562,20000000	0,97575035
562,40000000	0,97427594
562,60000000	0,97235223
562,80000000	0,97292910
563,00000000	0,97402584
563,20000000	0,97287722
563,40000000	0,97075457
563,60000000	0,97084568
563,80000000	0,97231647
564,00000000	0,97154056
564,20000000	0,96953794
564,40000000	0,96983081
564,60000000	0,97114413
564,80000000	0,97098953
565,00000000	0,96995696
565,20000000	0,96936616
565,40000000	0,96996940
565,60000000	0,97030669
565,80000000	0,96860012
566,00000000	0,96777365
566,20000000	0,96944328
566,40000000	0,97004730
566,60000000	0,96767790
566,80000000	0,96619157
567,00000000	0,96850995
567,20000000	0,96995125
567,40000000	0,96772140
567,60000000	0,96560488
567,80000000	0,96643999
568,00000000	0,96739516
568,20000000	0,96619822
568,40000000	0,96526194
568,60000000	0,96615319
568,80000000	0,96745743
569,00000000	0,96706260
569,20000000	0,96570586
569,40000000	0,96608684
569,60000000	0,96707243
569,80000000	0,96667025
570,00000000	0,96565309
570,20000000	0,96583058
570,40000000	0,96690612
570,60000000	0,96710230
570,80000000	0,96603131
571,00000000	0,96599959
571,20000000	0,96798311
571,40000000	0,96834590
571,60000000	0,96667740
571,80000000	0,96625149
572,00000000	0,96769226
572,20000000	0,96842025
572,40000000	0,96707170
572,60000000	0,96662520
572,80000000	0,96843633
573,00000000	0,96929602
573,20000000	0,96852899
573,40000000	0,96873070
573,60000000	0,96982174
573,80000000	0,97007688
574,00000000	0,96967616
574,20000000	0,96990787
574,40000000	0,97041973
574,60000000	0,97042002
574,80000000	0,97036808
575,00000000	0,97080414
575,20000000	0,97206663
575,40000000	0,97273507
575,60000000	0,97198306
575,80000000	0,97176991
576,00000000	0,97233197
576,20000000	0,97240400
576,40000000	0,97216326
576,60000000	0,97204201
576,80000000	0,97262385
577,00000000	0,97349116
577,20000000	0,97398552
577,40000000	0,97472901
577,60000000	0,97539971
577,80000000	0,97570406
578,00000000	0,97624935
578,20000000	0,97693988
578,40000000	0,97687453
578,60000000	0,97636319
578,80000000	0,97589906
579,00000000	0,97595145
579,20000000	0,97654733
579,40000000	0,97688618
579,60000000	0,97697749
579,80000000	0,97761373
580,00000000	0,97870206
580,20000000	0,97932044
580,40000000	0,97894112
580,60000000	0,97834297
580,80000000	0,97866724
581,00000000	0,97878963
581,20000000	0,97797055
581,40000000	0,97821823
581,60000000	0,97951346
581,80000000	0,98032987
582,00000000	0,98039314
582,20000000	0,98010525
582,40000000	0,97993006
582,60000000	0,97973043
582,80000000	0,97933445
583,00000000	0,97899034
583,20000000	0,97876410
583,40000000	0,97848121
583,60000000	0,97876166
583,80000000	0,97990659
584,00000000	0,98098803
584,20000000	0,98092928
584,40000000	0,98007391
584,60000000	0,97964720
584,80000000	0,97935935
585,00000000	0,97867020
585,20000000	0,97824878
585,40000000	0,97816875
585,60000000	0,97788406
585,80000000	0,97772482
586,00000000	0,97807234
586,20000000	0,97873473
586,40000000	0,97836148
586,60000000	0,97707377
586,80000000	0,97629074
587,00000000	0,97564644
587,20000000	0,97484702
587,40000000	0,97484741
587,60000000	0,97539828
587,80000000	0,97563220
588,00000000	0,97557236
588,20000000	0,97509008
588,40000000	0,97447976
588,60000000	0,97370063
588,80000000	0,97261007
589,00000000	0,97186971
589,20000000	0,97154053
589,40000000	0,97114870
589,60000000	0,97105252
589,80000000	0,97185977
590,00000000	0,97253096
590,20000000	0,97151026
590,40000000	0,96955003
590,60000000	0,96850624
590,80000000	0,96835340
591,00000000	0,96823666
591,20000000	0,96794369
591,40000000	0,96745671
591,60000000	0,96737900
591,80000000	0,96769451
592,00000000	0,96766124
592,20000000	0,96710341
592,40000000	0,96559804
592,60000000	0,96419851
592,80000000	0,96455874
593,00000000	0,96542976
593,20000000	0,96574591
593,40000000	0,96469009
593,60000000	0,96288438
593,80000000	0,96237342
594,00000000	0,96312019
594,20000000	0,96377073
594,40000000	0,96309963
594,60000000	0,96220744
594,80000000	0,96198649
595,00000000	0,96172779
595,20000000	0,96199502
595,40000000	0,96237478
595,60000000	0,96130126
595,80000000	0,95989129
596,00000000	0,95972686
596,20000000	0,96012098
596,40000000	0,96086212
596,60000000	0,96151077
596,80000000	0,96063667
597,00000000	0,95992287
597,20000000	0,96092087
597,40000000	0,96108739
597,60000000	0,95985924
597,80000000	0,95915437
598,00000000	0,95920775
598,20000000	0,95992909
598,40000000	0,96100677
598,60000000	0,96095293
598,80000000	0,96006662
599,00000000	0,96009122
599,20000000	0,96024690
599,40000000	0,96010370
599,60000000	0,96086301
599,80000000	0,96095582
600,00000000	0,96025801
600,20000000	0,96071583
600,40000000	0,96109972
600,60000000	0,96085767
600,80000000	0,96130170
601,00000000	0,96177333
601,20000000	0,96201131
601,40000000	0,96296715
601,60000000	0,96317761
601,80000000	0,96218116
602,00000000	0,96226302
602,20000000	0,96359449
602,40000000	0,96466224
602,60000000	0,96481127
602,80000000	0,96372965
603,00000000	0,96308237
603,20000000	0,96436624
603,40000000	0,96555847
603,60000000	0,96545305
603,80000000	0,96526582
604,00000000	0,96557047
604,20000000	0,96558731
604,40000000	0,96578554
604,60000000	0,96671384
604,80000000	0,96706525
605,00000000	0,96679651
605,20000000	0,96707878
605,40000000	0,96782698
605,60000000	0,96874833
605,80000000	0,96913739
606,00000000	0,96804485
606,20000000	0,96746394
606,40000000	0,96913242
606,60000000	0,97077131
606,80000000	0,97043431
607,00000000	0,96913285
607,20000000	0,96874247
607,40000000	0,97003099
607,60000000	0,97169568
607,80000000	0,97213561
608,00000000	0,97114635
608,20000000	0,96968784
608,40000000	0,96971509
608,60000000	0,97070424
608,80000000	0,97155042
609,00000000	0,97208239
609,20000000	0,97166477
609,40000000	0,97118619
609,60000000	0,97135458
609,80000000	0,97148119
610,00000000	0,97157417
610,20000000	0,97215916
610,40000000	0,97223974
610,60000000	0,97185064
610,80000000	0,97188935
611,00000000	0,97142899
611,20000000	0,97110670
611,40000000	0,97235418
611,60000000	0,97333659
611,80000000	0,97227624
612,00000000	0,97017705
612,20000000	0,96909714
612,40000000	0,96983729
612,60000000	0,97096769
612,80000000	0,97107120
613,00000000	0,96983260
613,20000000	0,96836096
613,40000000	0,96847503
613,60000000	0,96919723
613,80000000	0,96896875
614,00000000	0,96833936
614,20000000	0,96750441
614,40000000	0,96727879
614,60000000	0,96786927
614,80000000	0,96759322
615,00000000	0,96663629
615,20000000	0,96629930
615,40000000	0,96627459
615,60000000	0,96529562
615,80000000	0,96442638
616,00000000	0,96445588
616,20000000	0,96448479
616,40000000	0,96481933
616,60000000	0,96492031
616,80000000	0,96371878
617,00000000	0,96188693
617,20000000	0,96131142
617,40000000	0,96214446
617,60000000	0,96240141
617,80000000	0,96157035
618,00000000	0,96087219
618,20000000	0,96082800
618,40000000	0,96110883
618,60000000	0,96083813
618,80000000	0,96007016
619,00000000	0,95996857
619,20000000	0,95969964
619,40000000	0,95849192
619,60000000	0,95721315
619,80000000	0,95679431
620,00000000	0,95707532
620,20000000	0,95670320
620,40000000	0,95631560
620,60000000	0,95584400
620,80000000	0,95521996
621,00000000	0,95537132
621,20000000	0,95569007
621,40000000	0,95595831
621,60000000	0,95572291
621,80000000	0,95528445
622,00000000	0,95504461
622,20000000	0,95474586
622,40000000	0,95453886
622,60000000	0,95419449
622,80000000	0,95401008
623,00000000	0,95414076
623,20000000	0,95406620
623,40000000	0,95368406
623,60000000	0,95352491
623,80000000	0,95363598
624,00000000	0,95351213
624,20000000	0,95339307
624,40000000	0,95346958
624,60000000	0,95421608
624,80000000	0,95485631
625,00000000	0,95447060
625,20000000	0,95392684
625,40000000	0,95448030
625,60000000	0,95534923
625,80000000	0,95525471
626,00000000	0,95519001
626,20000000	0,95494231
626,40000000	0,95409735
626,60000000	0,95419193
626,80000000	0,95580460
627,00000000	0,95692412
627,20000000	0,95639985
627,40000000	0,95636900
627,60000000	0,95734785
627,80000000	0,95778415
628,00000000	0,95762755
628,20000000	0,95813359
628,40000000	0,95904775
628,60000000	0,95923364
628,80000000	0,95887742
629,00000000	0,95905655
629,20000000	0,96069932
629,40000000	0,96200101
629,60000000	0,96195898
629,80000000	0,96120475
630,00000000	0,96060900
630,20000000	0,96084675
630,40000000	0,96172918
630,60000000	0,96291487
630,80000000	0,96334146
631,00000000	0,96362937
631,20000000	0,96461330
631,40000000	0,96549226
631,60000000	0,96518403
631,80000000	0,96480285
632,00000000	0,96586526
632,20000000	0,96710440
632,40000000	0,96716591
632,60000000	0,96637951
632,80000000	0,96661881
633,00000000	0,96752736
633,20000000	0,96802531
633,40000000	0,96837627
633,60000000	0,96893775
633,80000000	0,96975941
634,00000000	0,97028916
634,20000000	0,97046865
634,40000000	0,97026635
634,60000000	0,97039078
634,80000000	0,97109295
635,00000000	0,97179739
635,20000000	0,97163919
635,40000000	0,97108606
635,60000000	0,97093802
635,80000000	0,97151045
636,00000000	0,97278783
636,20000000	0,97291758
636,40000000	0,97232571
636,60000000	0,97240833
636,80000000	0,97283991
637,00000000	0,97305106
637,20000000	0,97289778
637,40000000	0,97304516
637,60000000	0,97359370
637,80000000	0,97369249
638,00000000	0,97329772
638,20000000	0,97323742
638,40000000	0,97339514
638,60000000	0,97313817
638,80000000	0,97253007
639,00000000	0,97250579
639,20000000	0,97261624
639,40000000	0,97224817
639,60000000	0,97200222
639,80000000	0,97208613
640,00000000	0,97248999
640,20000000	0,97273381
640,40000000	0,97238622
640,60000000	0,97138145
640,80000000	0,97048516
641,00000000	0,97060639
641,20000000	0,97034811
641,40000000	0,96947940
641,60000000	0,96897573
641,80000000	0,96875141
642,00000000	0,96887620
642,20000000	0,96858776
642,40000000	0,96789095
642,60000000	0,96766422
642,80000000	0,96768588
643,00000000	0,96694928
643,20000000	0,96615078
643,40000000	0,96600921
643,60000000	0,96571708
643,80000000	0,96482074
644,00000000	0,96380983
644,20000000	0,96363290
644,40000000	0,96372104
644,60000000	0,96310090
644,80000000	0,96209177
645,00000000	0,96195063
645,20000000	0,96242994
645,40000000	0,96264568
645,60000000	0,96214163
645,80000000	0,96079106
646,00000000	0,96024295
646,20000000	0,96047614
646,40000000	0,96007099
646,60000000	0,95849967
646,80000000	0,95758113
647,00000000	0,95826675
647,20000000	0,95823540
647,40000000	0,95703175
647,60000000	0,95624328
647,80000000	0,95676542
648,00000000	0,95716596
648,20000000	0,95688232
648,40000000	0,95639021
648,60000000	0,95610051
648,80000000	0,95606044
649,00000000	0,95545617
649,20000000	0,95471133
649,40000000	0,95490004
649,60000000	0,95551538
649,80000000	0,95528019
650,00000000	0,95471313
650,20000000	0,95415470
650,40000000	0,95433258
650,60000000	0,95459369
650,80000000	0,95415538
651,00000000	0,95363932
651,20000000	0,95380480
651,40000000	0,95418197
651,60000000	0,95365894
651,80000000	0,95313801
652,00000000	0,95381374
652,20000000	0,95451445
652,40000000	0,95376823
652,60000000	0,95307201
652,80000000	0,95318173
653,00000000	0,95356289
653,20000000	0,95395184
653,40000000	0,95428460
653,60000000	0,95452685
653,80000000	0,95411038
654,00000000	0,95374627
654,20000000	0,95396497
654,40000000	0,95445141
654,60000000	0,95513694
654,80000000	0,95549797
655,00000000	0,95545106
655,20000000	0,95569783
655,40000000	0,95627665
655,60000000	0,95653668
655,80000000	0,95664062
656,00000000	0,95709056
656,20000000	0,95756020
656,40000000	0,95778886
656,60000000	0,95782387
656,80000000	0,95796768
657,00000000	0,95847436
657,20000000	0,95861352
657,40000000	0,95866064
657,60000000	0,95927775
657,80000000	0,96011078
658,00000000	0,96058193
658,20000000	0,96079138
658,40000000	0,96131443
658,60000000	0,96183842
658,80000000	0,96191958
659,00000000	0,96187256
659,20000000	0,96235025
659,40000000	0,96331592
659,60000000	0,96379442
659,80000000	0,96375827
660,00000000	0,96408375
660,20000000	0,96501829
660,40000000	0,96560510
660,60000000	0,96575279
660,80000000	0,96574179
661,00000000	0,96578658
661,20000000	0,96643450
661,40000000	0,96699272
661,60000000	0,96732475
661,80000000	0,96746108
662,00000000	0,96744616
662,20000000	0,96760790
662,40000000	0,96806049
662,60000000	0,96897417
662,80000000	0,96943855
663,00000000	0,96961942
663,20000000	0,96956125
663,40000000	0,96962936
663,60000000	0,97001665
663,80000000	0,97034873
664,00000000	0,97052822
664,20000000	0,97010845
664,40000000	0,97056027
664,60000000	0,97119942
664,80000000	0,97128443
665,00000000	0,97175564
665,20000000	0,97189939
665,40000000	0,97164412
665,60000000	0,97194578
665,80000000	0,97266707
666,00000000	0,97255674
666,20000000	0,97239716
666,40000000	0,97251466
666,60000000	0,97252294
666,80000000	0,97249562
667,00000000	0,97213386
667,20000000	0,97209660
667,40000000	0,97224812
667,60000000	0,97218226
667,80000000	0,97195294
668,00000000	0,97220750
668,20000000	0,97259252
668,40000000	0,97252319
668,60000000	0,97230486
668,80000000	0,97202382
669,00000000	0,97176623
669,20000000	0,97153886
669,40000000	0,97206914
669,60000000	0,97228727
669,80000000	0,97188433
670,00000000	0,97158723
670,20000000	0,97142709
670,40000000	0,97154873
670,60000000	0,97151216
670,80000000	0,97105551
671,00000000	0,97102511
671,20000000	0,97182182
671,40000000	0,97193891
671,60000000	0,97157163
671,80000000	0,97128700
672,00000000	0,97099264
672,20000000	0,97086014
672,40000000	0,97067801
672,60000000	0,97048189
672,80000000	0,97036792
673,00000000	0,97030113
673,20000000	0,96986185
673,40000000	0,97005021
673,60000000	0,97043169
673,80000000	0,97019049
674,00000000	0,96982054
674,20000000	0,96967913
674,40000000	0,96950769
674,60000000	0,96944469
674,80000000	0,96967517
675,00000000	0,96967564
675,20000000	0,96986418
675,40000000	0,96989507
675,60000000	0,96968819
675,80000000	0,96965109
676,00000000	0,96950244
676,20000000	0,96926792
676,40000000	0,96947091
676,60000000	0,96995397
676,80000000	0,96997548
677,00000000	0,96975346
677,20000000	0,97007034
677,40000000	0,97023457
677,60000000	0,97006429
677,80000000	0,97014281
678,00000000	0,97038504
678,20000000	0,97024055
678,40000000	0,97024922
678,60000000	0,97075909
678,80000000	0,97085902
679,00000000	0,97103713
679,20000000	0,97127946
679,40000000	0,97137777
679,60000000	0,97147765
679,80000000	0,97187569
680,00000000	0,97198511
680,20000000	0,97211409
680,40000000	0,97264839
680,60000000	0,97277727
680,80000000	0,97271706
681,00000000	0,97298582
681,20000000	0,97349742
681,40000000	0,97349294
681,60000000	0,97361256
681,80000000	0,97397140
682,00000000	0,97433790
682,20000000	0,97429370
682,40000000	0,97434403
682,60000000	0,97492939
682,80000000	0,97520337
683,00000000	0,97554327
683,20000000	0,97592601
683,40000000	0,97616133
683,60000000	0,97645125
683,80000000	0,97671823
684,00000000	0,97681113
684,20000000	0,97707469
684,40000000	0,97728594
684,60000000	0,97726207
684,80000000	0,97759756
685,00000000	0,97793745
685,20000000	0,97838821
685,40000000	0,97872986
685,60000000	0,97893370
685,80000000	0,97917298
686,00000000	0,97932050
686,20000000	0,97963179
686,40000000	0,97974336
686,60000000	0,97971627
686,80000000	0,97996443
687,00000000	0,98025961
687,20000000	0,98047627
687,40000000	0,98064837
687,60000000	0,98111266
687,80000000	0,98137135
688,00000000	0,98130704
688,20000000	0,98142422
688,40000000	0,98156542
688,60000000	0,98169329
688,80000000	0,98196315
689,00000000	0,98214542
689,20000000	0,98248450
689,40000000	0,98264431
689,60000000	0,98263216
689,80000000	0,98270482
690,00000000	0,98285374
690,20000000	0,98298695
690,40000000	0,98265141
690,60000000	0,98247746
690,80000000	0,98256207
691,00000000	0,98251036
691,20000000	0,98271126
691,40000000	0,98307985
691,60000000	0,98288424
691,80000000	0,98281984
692,00000000	0,98311879
692,20000000	0,98316372
692,40000000	0,98280967
692,60000000	0,98253636
692,80000000	0,98264758
693,00000000	0,98247405
693,20000000	0,98239338
693,40000000	0,98239582
693,60000000	0,98223758
693,80000000	0,98226366
694,00000000	0,98249855
694,20000000	0,98241431
694,40000000	0,98188154
694,60000000	0,98153983
694,80000000	0,98150237
695,00000000	0,98122396
695,20000000	0,98115448
695,40000000	0,98133606
695,60000000	0,98124896
695,80000000	0,98103837
696,00000000	0,98078327
696,20000000	0,98078153
696,40000000	0,98071729
696,60000000	0,98042804
696,80000000	0,97997606
697,00000000	0,97976454
697,20000000	0,97971685
697,40000000	0,97978445
697,60000000	0,97977726
697,80000000	0,97954130
698,00000000	0,97971584
698,20000000	0,97974868
698,40000000	0,97974553
698,60000000	0,97940123
698,80000000	0,97880395
699,00000000	0,97852403
699,20000000	0,97873232
699,40000000	0,97881314
699,60000000	0,97836219
699,80000000	0,97769784
700,00000000	0,97799240
700,20000000	0,97834331
700,40000000	0,97804116
700,60000000	0,97817581
700,80000000	0,97818225
701,00000000	0,97798987
701,20000000	0,97808617
701,40000000	0,97822477
701,60000000	0,97766465
701,80000000	0,97701789
702,00000000	0,97708500
702,20000000	0,97752332
702,40000000	0,97751880
702,60000000	0,97756287
702,80000000	0,97778772
703,00000000	0,97776550
703,20000000	0,97777488
703,40000000	0,97778571
703,60000000	0,97730780
703,80000000	0,97705232
704,00000000	0,97742433
704,20000000	0,97771453
704,40000000	0,97752404
704,60000000	0,97773044
704,80000000	0,97799564
705,00000000	0,97770080
705,20000000	0,97796271
705,40000000	0,97814611
705,60000000	0,97779275
705,80000000	0,97764749
706,00000000	0,97784775
706,20000000	0,97811261
706,40000000	0,97825145
706,60000000	0,97858612
706,80000000	0,97854335
707,00000000	0,97850393
707,20000000	0,97888435
707,40000000	0,97910265
707,60000000	0,97915061
707,80000000	0,97937520
708,00000000	0,98000597
708,20000000	0,98000197
708,40000000	0,97982033
708,60000000	0,97977347
708,80000000	0,97983033
709,00000000	0,97986637
709,20000000	0,98009877
709,40000000	0,98050111
709,60000000	0,98087409
709,80000000	0,98113953
710,00000000	0,98149232
710,20000000	0,98148678
710,40000000	0,98146217
710,60000000	0,98182276
710,80000000	0,98168304
711,00000000	0,98186499
711,20000000	0,98216096
711,40000000	0,98231342
711,60000000	0,98243765
711,80000000	0,98256084
712,00000000	0,98277915
712,20000000	0,98296668
712,40000000	0,98337543
712,60000000	0,98362125
712,80000000	0,98371889
713,00000000	0,98395373
713,20000000	0,98422165
713,40000000	0,98398653
713,60000000	0,98374892
713,80000000	0,98391176
714,00000000	0,98409848
714,20000000	0,98440516
714,40000000	0,98470765
714,60000000	0,98500863
714,80000000	0,98504656
715,00000000	0,98529034
715,20000000	0,98550801
715,40000000	0,98550646
715,60000000	0,98567049
715,80000000	0,98555989
716,00000000	0,98545102
716,20000000	0,98569458
716,40000000	0,98589167
716,60000000	0,98590187
716,80000000	0,98630689
717,00000000	0,98661170
717,20000000	0,98666151
717,40000000	0,98670583
717,60000000	0,98674247
717,80000000	0,98699525
718,00000000	0,98720961
718,20000000	0,98689651
718,40000000	0,98677565
718,60000000	0,98688637
718,80000000	0,98684805
719,00000000	0,98701092
719,20000000	0,98704937
719,40000000	0,98721690
719,60000000	0,98748167
719,80000000	0,98772096
720,00000000	0,98765896
720,20000000	0,98798447
720,40000000	0,98814731
720,60000000	0,98791297
720,80000000	0,98803366
721,00000000	0,98777646
721,20000000	0,98758222
721,40000000	0,98764297
721,60000000	0,98788448
721,80000000	0,98810371
722,00000000	0,98820644
722,20000000	0,98836192
722,40000000	0,98819196
722,60000000	0,98846827
722,80000000	0,98851293
723,00000000	0,98859700
723,20000000	0,98884891
723,40000000	0,98881726
723,60000000	0,98892987
723,80000000	0,98854670
724,00000000	0,98863753
724,20000000	0,98894991
724,40000000	0,98897971
724,60000000	0,98896794
724,80000000	0,98877841
725,00000000	0,98883392
725,20000000	0,98903203
725,40000000	0,98921365
725,60000000	0,98912147
725,80000000	0,98924629
726,00000000	0,98961840
726,20000000	0,98967639
726,40000000	0,98964454
726,60000000	0,98966698
726,80000000	0,98966404
727,00000000	0,98969296
727,20000000	0,98980003
727,40000000	0,98982953
727,60000000	0,98976221
727,80000000	0,98966127
728,00000000	0,98978166
728,20000000	0,98985620
728,40000000	0,98996762
728,60000000	0,99021056
728,80000000	0,99036384
729,00000000	0,99044494
729,20000000	0,99032953
729,40000000	0,99008621
729,60000000	0,99026433
729,80000000	0,99073204
730,00000000	0,99067139
730,20000000	0,99058859
730,40000000	0,99084594
730,60000000	0,99083908
730,80000000	0,99072066
731,00000000	0,99081182
731,20000000	0,99079628
731,40000000	0,99069125
731,60000000	0,99079109
731,80000000	0,99105068
732,00000000	0,99132025
732,20000000	0,99136051
732,40000000	0,99114727
732,60000000	0,99100685
732,80000000	0,99115706
733,00000000	0,99130074
733,20000000	0,99117688
733,40000000	0,99127147
733,60000000	0,99160082
733,80000000	0,99159631
734,00000000	0,99140056
734,20000000	0,99136966
734,40000000	0,99146088
734,60000000	0,99145019
734,80000000	0,99152669
735,00000000	0,99162468
735,20000000	0,99144565
735,40000000	0,99131380
735,60000000	0,99135554
735,80000000	0,99139585
736,00000000	0,99141553
736,20000000	0,99137444
736,40000000	0,99134151
736,60000000	0,99143238
736,80000000	0,99132385
737,00000000	0,99108170
737,20000000	0,99097545
737,40000000	0,99111042
737,60000000	0,99126765
737,80000000	0,99131788
738,00000000	0,99109301
738,20000000	0,99107222
738,40000000	0,99104467
738,60000000	0,99083212
738,80000000	0,99078801
739,00000000	0,99076986
739,20000000	0,99058341
739,40000000	0,99064625
739,60000000	0,99062722
739,80000000	0,99046015
740,00000000	0,99041045
740,20000000	0,99027612
740,40000000	0,99016016
740,60000000	0,99003392
740,80000000	0,99015561
741,00000000	0,99050822
741,20000000	0,99038165
741,40000000	0,99005343
741,60000000	0,99012097
741,80000000	0,99020950
742,00000000	0,99009004
742,20000000	0,99013542
742,40000000	0,98996204
742,60000000	0,98986359
742,80000000	0,98963443
743,00000000	0,98946508
743,20000000	0,98942031
743,40000000	0,98930760
743,60000000	0,98932524
743,80000000	0,98948623
744,00000000	0,98957823
744,20000000	0,98931174
744,40000000	0,98910305
744,60000000	0,98921606
744,80000000	0,98936903
745,00000000	0,98937728
745,20000000	0,98920516
745,40000000	0,98936477
745,60000000	0,98931531
745,80000000	0,98918040
746,00000000	0,98943981
746,20000000	0,98942310
746,40000000	0,98940547
746,60000000	0,98949569
746,80000000	0,98947881
747,00000000	0,98953055
747,20000000	0,98963126
747,40000000	0,98953506
747,60000000	0,98942275
747,80000000	0,98931583
748,00000000	0,98943460
748,20000000	0,98949304
748,40000000	0,98977875
748,60000000	0,98989146
748,80000000	0,98995568
749,00000000	0,98996193
749,20000000	0,98985492
749,40000000	0,98996645
749,60000000	0,99020764
749,80000000	0,99033752
750,00000000	0,99035426
750,20000000	0,99046854
750,40000000	0,99052875
750,60000000	0,99062916
750,80000000	0,99081244
751,00000000	0,99099173
751,20000000	0,99095173
751,40000000	0,99098859
751,60000000	0,99110426
751,80000000	0,99125794
752,00000000	0,99158503
752,20000000	0,99168090
752,40000000	0,99177478
752,60000000	0,99209741
752,80000000	0,99211274
753,00000000	0,99198621
753,20000000	0,99233138
753,40000000	0,99263040
753,60000000	0,99252826
753,80000000	0,99249066
754,00000000	0,99272614
754,20000000	0,99287463
754,40000000	0,99298895
754,60000000	0,99309110
754,80000000	0,99310153
755,00000000	0,99341290
755,20000000	0,99351284
755,40000000	0,99351124
755,60000000	0,99382568
755,80000000	0,99396814
756,00000000	0,99400207
756,20000000	0,99408486
756,40000000	0,99423248
756,60000000	0,99448006
756,80000000	0,99460597
757,00000000	0,99461072
757,20000000	0,99474105
757,40000000	0,99506463
757,60000000	0,99511660
757,80000000	0,99495233
758,00000000	0,99509791
758,20000000	0,99520833
758,40000000	0,99527352
758,60000000	0,99532087
758,80000000	0,99543184
759,00000000	0,99551369
759,20000000	0,99547857
759,40000000	0,99546814
759,60000000	0,99548698
759,80000000	0,99562714
760,00000000	0,99565336
760,20000000	0,99556650
760,40000000	0,99564263
760,60000000	0,99571599
760,80000000	0,99579459
761,00000000	0,99575605
761,20000000	0,99582954
761,40000000	0,99594287
761,60000000	0,99584656
761,80000000	0,99590084
762,00000000	0,99590106
762,20000000	0,99601027
762,40000000	0,99596532
762,60000000	0,99586092
762,80000000	0,99593866
763,00000000	0,99597638
763,20000000	0,99581344
763,40000000	0,99582145
763,60000000	0,99599684
763,80000000	0,99584318
764,00000000	0,99568573
764,20000000	0,99569195
764,40000000	0,99553914
764,60000000	0,99552580
764,80000000	0,99556760
765,00000000	0,99548814
765,20000000	0,99542149
765,40000000	0,99549390
765,60000000	0,99546080
765,80000000	0,99522641
766,00000000	0,99518769
766,20000000	0,99521592
766,40000000	0,99507027
766,60000000	0,99504698
766,80000000	0,99502913
767,00000000	0,99502851
767,20000000	0,99493589
767,40000000	0,99479520
767,60000000	0,99495091
767,80000000	0,99486045
768,00000000	0,99478610
768,20000000	0,99488568
768,40000000	0,99473665
768,60000000	0,99469061
768,80000000	0,99480166
769,00000000	0,99475193
769,20000000	0,99477416
769,40000000	0,99481036
769,60000000	0,99484935
769,80000000	0,99478089
770,00000000	0,99478124
770,20000000	0,99484478
770,40000000	0,99474259
770,60000000	0,99487654
770,80000000	0,99496231
771,00000000	0,99503015
771,20000000	0,99503371
771,40000000	0,99504765
771,60000000	0,99508443
771,80000000	0,99511900
772,00000000	0,99520520
772,20000000	0,99521279
772,40000000	0,99516615
772,60000000	0,99526329
772,80000000	0,99540137
773,00000000	0,99547123
773,20000000	0,99550465
773,40000000	0,99573688
773,60000000	0,99583522
773,80000000	0,99578379
774,00000000	0,99599612
774,20000000	0,99615095
774,40000000	0,99610833
774,60000000	0,99625905
774,80000000	0,99641028
775,00000000	0,99638050
775,20000000	0,99657736
775,40000000	0,99671021
775,60000000	0,99683137
775,80000000	0,99690075
776,00000000	0,99699937
776,20000000	0,99723044
776,40000000	0,99735180
776,60000000	0,99742327
776,80000000	0,99758693
777,00000000	0,99759495
777,20000000	0,99766065
777,40000000	0,99788202
777,60000000	0,99799706
777,80000000	0,99812710
778,00000000	0,99818608
778,20000000	0,99829736
778,40000000	0,99850581
778,60000000	0,99870214
778,80000000	0,99872335
779,00000000	0,99885923
779,20000000	0,99894821
779,40000000	0,99905589
779,60000000	0,99915785
779,80000000	0,99918160
780,00000000	0,99925907
780,20000000	0,99938186
780,40000000	0,99947056
780,60000000	0,99958803
780,80000000	0,99965750
781,00000000	0,99967064
781,20000000	0,99973903
781,40000000	0,99978153
781,60000000	0,99981874
781,80000000	0,99987021
782,00000000	0,99990577
782,20000000	0,99993103
782,40000000	0,99996294
782,60000000	0,99999153
782,80000000	0,99999667
783,00000000	0,99999824
783,20000000	0,99999778
783,40000000	0,99999062
783,60000000	0,99998020
783,80000000	0,99996566
784,00000000	0,99994622
784,20000000	0,99991445
784,40000000	0,99989769
784,60000000	0,99984976
784,80000000	0,99978691
785,00000000	0,99973291
785,20000000	0,99965879
785,40000000	0,99959691
785,60000000	0,99955747
785,80000000	0,99949085
786,00000000	0,99939984
786,20000000	0,99932375
786,40000000	0,99921852
786,60000000	0,99913384
786,80000000	0,99900316
787,00000000	0,99895481
787,20000000	0,99889552
787,40000000	0,99877226
787,60000000	0,99862976
787,80000000	0,99859067
788,00000000	0,99852137
788,20000000	0,99851454
788,40000000	0,99838630
788,60000000	0,99817784
788,80000000	0,99795812
789,00000000	0,99784967
789,20000000	0,99792604
789,40000000	0,99778636
789,60000000	0,99754882
789,80000000	0,99756810
790,00000000	0,99748872
790,20000000	0,99727202
790,40000000	0,99715040
790,60000000	0,99710859
790,80000000	0,99706452
791,00000000	0,99691179
791,20000000	0,99670546
791,40000000	0,99665548
791,60000000	0,99658838
791,80000000	0,99634085
792,00000000	0,99627669
792,20000000	0,99635868
792,40000000	0,99625687
792,60000000	0,99624767
792,80000000	0,99626337
793,00000000	0,99607452
793,20000000	0,99605709
793,40000000	0,99605419
793,60000000	0,99589825
793,80000000	0,99591573
794,00000000	0,99586264
794,20000000	0,99569211
794,40000000	0,99578392
794,60000000	0,99587680
794,80000000	0,99570040
795,00000000	0,99575237
795,20000000	0,99583319
795,40000000	0,99564299
795,60000000	0,99565909
795,80000000	0,99576625
796,00000000	0,99584185
796,20000000	0,99588045
796,40000000	0,99578505
796,60000000	0,99586945
796,80000000	0,99576649
797,00000000	0,99590559
797,20000000	0,99603539
797,40000000	0,99604796
797,60000000	0,99606257
797,80000000	0,99604263
798,00000000	0,99623847
798,20000000	0,99638165
798,40000000	0,99632255
798,60000000	0,99631036
798,80000000	0,99642141
799,00000000	0,99653001
799,20000000	0,99656225
799,40000000	0,99660340
799,60000000	0,99660642
799,80000000	0,99672645
800,00000000	0,99690044
800,20000000	0,99705256
800,40000000	0,99699046
800,60000000	0,99708340
800,80000000	0,99715290
801,00000000	0,99730541
801,20000000	0,99738039
801,40000000	0,99744448
801,60000000	0,99754095
801,80000000	0,99764403
802,00000000	0,99774293
802,20000000	0,99777992
802,40000000	0,99780654
802,60000000	0,99784348
802,80000000	0,99790406
803,00000000	0,99802639
803,20000000	0,99795241
803,40000000	0,99798686
803,60000000	0,99808353
803,80000000	0,99807486
804,00000000	0,99811496
804,20000000	0,99822291
804,40000000	0,99811220
804,60000000	0,99810543
804,80000000	0,99817762
805,00000000	0,99815534
805,20000000	0,99805839
805,40000000	0,99805188
805,60000000	0,99798239
805,80000000	0,99802694
806,00000000	0,99799700
806,20000000	0,99792975
806,40000000	0,99788443
806,60000000	0,99788725
806,80000000	0,99789650
807,00000000	0,99778304
807,20000000	0,99765860
807,40000000	0,99751729
807,60000000	0,99745828
807,80000000	0,99738733
808,00000000	0,99723846
808,20000000	0,99713679
808,40000000	0,99704220
808,60000000	0,99688104
808,80000000	0,99682114
809,00000000	0,99663335
809,20000000	0,99649386
809,40000000	0,99645765
809,60000000	0,99626908
809,80000000	0,99612507
810,00000000	0,99591404
810,20000000	0,99575253
810,40000000	0,99563632
810,60000000	0,99542272
810,80000000	0,99512891
811,00000000	0,99498183
811,20000000	0,99466328
811,40000000	0,99465381
811,60000000	0,99462976
811,80000000	0,99427200
812,00000000	0,99415587
812,20000000	0,99405872
812,40000000	0,99399205
812,60000000	0,99387946
812,80000000	0,99352291
813,00000000	0,99323053
813,20000000	0,99303993
813,40000000	0,99295077
813,60000000	0,99278936
813,80000000	0,99283709
814,00000000	0,99245646
814,20000000	0,99226805
814,40000000	0,99212183
814,60000000	0,99183276
814,80000000	0,99159870
815,00000000	0,99169878
815,20000000	0,99130559
815,40000000	0,99117516
815,60000000	0,99104757
815,80000000	0,99097751
816,00000000	0,99087633
816,20000000	0,99071075
816,40000000	0,99050115
816,60000000	0,99035054
816,80000000	0,99035920
817,00000000	0,99015608
817,20000000	0,99016654
817,40000000	0,98992885
817,60000000	0,98981405
817,80000000	0,98964488
818,00000000	0,98950732
818,20000000	0,98952618
818,40000000	0,98946682
818,60000000	0,98909033
818,80000000	0,98915786
819,00000000	0,98926110
819,20000000	0,98907873
819,40000000	0,98886448
819,60000000	0,98887661
819,80000000	0,98864642
820,00000000	0,98871815
820,20000000	0,98841667
820,40000000	0,98834035
820,60000000	0,98821450
820,80000000	0,98826603
821,00000000	0,98833580
821,20000000	0,98826127
821,40000000	0,98794320
821,60000000	0,98799202
821,80000000	0,98804704
822,00000000	0,98787544
822,20000000	0,98797461
822,40000000	0,98780325
822,60000000	0,98743533
822,80000000	0,98757202
823,00000000	0,98740472
823,20000000	0,98721362
823,40000000	0,98756345
823,60000000	0,98744790
823,80000000	0,98718591
824,00000000	0,98717153
824,20000000	0,98713645
824,40000000	0,98701109
824,60000000	0,98700527
824,80000000	0,98706515
825,00000000	0,98676746
825,20000000	0,98671977
825,40000000	0,98664998
825,60000000	0,98661219
825,80000000	0,98647463
826,00000000	0,98590502
826,20000000	0,98594102
826,40000000	0,98594616
826,60000000	0,98565205
826,80000000	0,98559990
827,00000000	0,98538227
827,20000000	0,98529202
827,40000000	0,98507523
827,60000000	0,98469223
827,80000000	0,98452073
828,00000000	0,98414745
828,20000000	0,98401542
828,40000000	0,98395377
828,60000000	0,98369539
828,80000000	0,98330295
829,00000000	0,98305391
829,20000000	0,98279012
829,40000000	0,98266034
829,60000000	0,98238139
829,80000000	0,98197739
830,00000000	0,98167429
830,20000000	0,98129176
830,40000000	0,98080507
830,60000000	0,98035672
830,80000000	0,98034686
831,00000000	0,98002464
831,20000000	0,97962398
831,40000000	0,97932275
831,60000000	0,97890351
831,80000000	0,97869288
832,00000000	0,97842625
832,20000000	0,97788635
832,40000000	0,97732740
832,60000000	0,97703602
832,80000000	0,97715348
833,00000000	0,97646533
833,20000000	0,97569497
833,40000000	0,97554990
833,60000000	0,97554455
833,80000000	0,97512675
834,00000000	0,97486653
834,20000000	0,97403565
834,40000000	0,97378141
834,60000000	0,97345567
834,80000000	0,97301022
835,00000000	0,97247369
835,20000000	0,97212994
835,40000000	0,97166617
835,60000000	0,97175156
835,80000000	0,97137338
836,00000000	0,97097397
836,20000000	0,97068290
836,40000000	0,97036841
836,60000000	0,96991383
836,80000000	0,96958626
837,00000000	0,96937732
837,20000000	0,96907153
837,40000000	0,96879154
837,60000000	0,96835591
837,80000000	0,96831980
838,00000000	0,96796405
838,20000000	0,96796044
838,40000000	0,96767330
838,60000000	0,96758035
838,80000000	0,96715490
839,00000000	0,96714718
839,20000000	0,96703764
839,40000000	0,96692500
839,60000000	0,96637085
839,80000000	0,96635534
840,00000000	0,96675832
840,20000000	0,96650719
840,40000000	0,96662763
840,60000000	0,96655796
840,80000000	0,96666656
841,00000000	0,96681751
841,20000000	0,96660677
841,40000000	0,96634192
841,60000000	0,96674780
841,80000000	0,96668278
842,00000000	0,96688209
842,20000000	0,96738656
842,40000000	0,96708225
842,60000000	0,96742883
842,80000000	0,96772417
843,00000000	0,96782020
843,20000000	0,96808470
843,40000000	0,96805314
843,60000000	0,96848552
843,80000000	0,96874381
844,00000000	0,96900091
844,20000000	0,96936600
844,40000000	0,96966006
844,60000000	0,96967980
844,80000000	0,97062539
845,00000000	0,97086843
845,20000000	0,97110061
845,40000000	0,97160940
845,60000000	0,97190030
845,80000000	0,97255849
846,00000000	0,97315856
846,20000000	0,97338208
846,40000000	0,97405272
846,60000000	0,97462734
846,80000000	0,97497267
847,00000000	0,97584605
847,20000000	0,97611946
847,40000000	0,97670093
847,60000000	0,97740015
847,80000000	0,97776628
848,00000000	0,97808731
848,20000000	0,97879085
848,40000000	0,97944129
848,60000000	0,98015800
848,80000000	0,98055450
849,00000000	0,98102079
849,20000000	0,98168740
849,40000000	0,98211977
849,60000000	0,98277551
849,80000000	0,98344843
850,00000000	0,98396803
850,20000000	0,98427803
850,40000000	0,98486266
850,60000000	0,98536033
850,80000000	0,98629990
851,00000000	0,98682669
851,20000000	0,98698752
851,40000000	0,98770350
851,60000000	0,98842344
851,80000000	0,98887010
852,00000000	0,98946202
852,20000000	0,98987544
852,40000000	0,99046766
852,60000000	0,99106345
852,80000000	0,99138224
853,00000000	0,99175994
853,20000000	0,99229760
853,40000000	0,99270235
853,60000000	0,99303144
853,80000000	0,99329239
854,00000000	0,99378111
854,20000000	0,99422704
854,40000000	0,99447448
854,60000000	0,99484201
854,80000000	0,99507254
855,00000000	0,99545524
855,20000000	0,99577530
855,40000000	0,99594167
855,60000000	0,99629840
855,80000000	0,99649526
856,00000000	0,99676852
856,20000000	0,99707882
856,40000000	0,99730103
856,60000000	0,99749352
856,80000000	0,99767912
857,00000000	0,99771392
857,20000000	0,99775757
857,40000000	0,99794860
857,60000000	0,99810076
857,80000000	0,99810637
858,00000000	0,99816539
858,20000000	0,99816655
858,40000000	0,99830800
858,60000000	0,99828410
858,80000000	0,99833256
859,00000000	0,99829198
859,20000000	0,99822173
859,40000000	0,99824310
859,60000000	0,99817573
859,80000000	0,99809288
860,00000000	0,99811496
860,20000000	0,99795639
860,40000000	0,99787430
860,60000000	0,99770083
860,80000000	0,99760710
861,00000000	0,99746623
861,20000000	0,99739759
861,40000000	0,99715603
861,60000000	0,99701341
861,80000000	0,99688098
862,00000000	0,99681820
862,20000000	0,99670625
862,40000000	0,99643035
862,60000000	0,99627238
862,80000000	0,99615966
863,00000000	0,99583209
863,20000000	0,99575262
863,40000000	0,99548644
863,60000000	0,99523103
863,80000000	0,99497731
864,00000000	0,99486596
864,20000000	0,99467407
864,40000000	0,99458229
864,60000000	0,99429327
864,80000000	0,99410198
865,00000000	0,99405013
865,20000000	0,99374413
865,40000000	0,99356830
865,60000000	0,99325106
865,80000000	0,99308383
866,00000000	0,99329379
866,20000000	0,99269976
866,40000000	0,99247772
866,60000000	0,99235785
866,80000000	0,99237943
867,00000000	0,99222824
867,20000000	0,99215791
867,40000000	0,99188381
867,60000000	0,99159720
867,80000000	0,99159270
868,00000000	0,99151866
868,20000000	0,99112572
868,40000000	0,99108092
868,60000000	0,99102218
868,80000000	0,99079196
869,00000000	0,99078224
869,20000000	0,99063939
869,40000000	0,99044375
869,60000000	0,99038538
869,80000000	0,99028790
870,00000000	0,99043071
870,20000000	0,99034036
870,40000000	0,98996551
870,60000000	0,99002775
870,80000000	0,99019834
871,00000000	0,98985884
871,20000000	0,98985798
871,40000000	0,98972184
871,60000000	0,98980614
871,80000000	0,98977943
872,00000000	0,98953574
872,20000000	0,98945058
872,40000000	0,98929344
872,60000000	0,98943543
872,80000000	0,98953013
873,00000000	0,98911408
873,20000000	0,98911624
873,40000000	0,98919447
873,60000000	0,98876579
873,80000000	0,98908314
874,00000000	0,98891741
874,20000000	0,98893675
874,40000000	0,98879405
874,60000000	0,98875040
874,80000000	0,98868997
875,00000000	0,98854199
875,20000000	0,98838885
875,40000000	0,98822423
875,60000000	0,98813900
875,80000000	0,98805393
876,00000000	0,98799573
876,20000000	0,98794495
876,40000000	0,98787929
876,60000000	0,98746689
876,80000000	0,98738070
877,00000000	0,98743791
877,20000000	0,98706052
877,40000000	0,98702959
877,60000000	0,98704378
877,80000000	0,98664636
878,00000000	0,98649317
878,20000000	0,98622134
878,40000000	0,98607857
878,60000000	0,98604513
878,80000000	0,98578739
879,00000000	0,98567497
879,20000000	0,98526015
879,40000000	0,98509495
879,60000000	0,98496310
879,80000000	0,98450384
880,00000000	0,98450026
880,20000000	0,98422071
880,40000000	0,98398750
880,60000000	0,98359742
880,80000000	0,98316564
881,00000000	0,98281084
881,20000000	0,98293201
881,40000000	0,98251400
881,60000000	0,98223684
881,80000000	0,98175423
882,00000000	0,98174647
882,20000000	0,98120592
882,40000000	0,98089318
882,60000000	0,98055953
882,80000000	0,98013422
883,00000000	0,97974711
883,20000000	0,97963989
883,40000000	0,97924811
883,60000000	0,97886294
883,80000000	0,97883323
884,00000000	0,97869675
884,20000000	0,97807491
884,40000000	0,97795384
884,60000000	0,97739601
884,80000000	0,97740703
885,00000000	0,97690628
885,20000000	0,97651033
885,40000000	0,97624640
885,60000000	0,97596602
885,80000000	0,97590366
886,00000000	0,97560694
886,20000000	0,97532291
886,40000000	0,97496911
886,60000000	0,97470298
886,80000000	0,97466881
887,00000000	0,97462383
887,20000000	0,97420038
887,40000000	0,97398737
887,60000000	0,97376985
887,80000000	0,97328417
888,00000000	0,97336694
888,20000000	0,97300585
888,40000000	0,97305217
888,60000000	0,97246957
888,80000000	0,97247535
889,00000000	0,97276329
889,20000000	0,97214637
889,40000000	0,97243788
889,60000000	0,97227038
889,80000000	0,97223622
890,00000000	0,97233131
890,20000000	0,97197300
890,40000000	0,97195197
890,60000000	0,97205139
890,80000000	0,97205063
891,00000000	0,97197094
891,20000000	0,97208775
891,40000000	0,97184042
891,60000000	0,97178181
891,80000000	0,97206361
892,00000000	0,97228718
892,20000000	0,97211521
892,40000000	0,97243398
892,60000000	0,97257416
892,80000000	0,97250889
893,00000000	0,97270907
893,20000000	0,97257955
893,40000000	0,97237294
893,60000000	0,97308351
893,80000000	0,97321562
894,00000000	0,97330725
894,20000000	0,97364042
894,40000000	0,97410007
894,60000000	0,97424803
894,80000000	0,97400342
895,00000000	0,97420767
895,20000000	0,97440931
895,40000000	0,97480291
895,60000000	0,97527141
895,80000000	0,97509105
896,00000000	0,97553625
896,20000000	0,97584997
896,40000000	0,97605688
896,60000000	0,97640842
896,80000000	0,97642454
897,00000000	0,97670296
897,20000000	0,97688852
897,40000000	0,97723134
897,60000000	0,97760994
897,80000000	0,97782857
898,00000000	0,97821265
898,20000000	0,97846397
898,40000000	0,97858658
898,60000000	0,97872895
898,80000000	0,97906876
899,00000000	0,97900638
899,20000000	0,97952603
899,40000000	0,97968441
899,60000000	0,97982627
899,80000000	0,98027225
900,00000000	0,98057532
