200,00000000	0,97313475
200,20000000	0,97481088
200,40000000	0,97031211
200,60000000	0,97161992
200,80000000	0,97473126
201,00000000	0,97138864
201,20000000	0,97651553
201,40000000	0,97598436
201,60000000	0,97467162
201,80000000	0,97490405
202,00000000	0,97425372
202,20000000	0,97270694
202,40000000	0,97229710
202,60000000	0,97680023
202,80000000	0,97624574
203,00000000	0,97475917
203,20000000	0,97101720
203,40000000	0,97182783
203,60000000	0,96855702
203,80000000	0,97114716
204,00000000	0,96943036
204,20000000	0,96646349
204,40000000	0,96917776
204,60000000	0,96702244
204,80000000	0,96616850
205,00000000	0,96681748
205,20000000	0,96516477
205,40000000	0,96148843
205,60000000	0,96259938
205,80000000	0,95936699
206,00000000	0,95794506
206,20000000	0,96171780
206,40000000	0,95592658
206,60000000	0,95261894
206,80000000	0,95668614
207,00000000	0,94980543
207,20000000	0,94652356
207,40000000	0,94861407
207,60000000	0,94172256
207,80000000	0,94768272
208,00000000	0,93805914
208,20000000	0,93811406
208,40000000	0,93987963
208,60000000	0,92999905
208,80000000	0,92849285
209,00000000	0,92898353
209,20000000	0,92554764
209,40000000	0,93085717
209,60000000	0,92356333
209,80000000	0,91882710
210,00000000	0,91607634
210,20000000	0,91622263
210,40000000	0,91694587
210,60000000	0,90985709
210,80000000	0,90317623
211,00000000	0,90900041
211,20000000	0,90894292
211,40000000	0,89656061
211,60000000	0,89310270
211,80000000	0,88354670
212,00000000	0,88589549
212,20000000	0,88017376
212,40000000	0,88363284
212,60000000	0,88295686
212,80000000	0,87265523
213,00000000	0,86941555
213,20000000	0,86931972
213,40000000	0,85288375
213,60000000	0,86265207
213,80000000	0,86530274
214,00000000	0,86433865
214,20000000	0,85453055
214,40000000	0,85388178
214,60000000	0,84616220
214,80000000	0,84581479
215,00000000	0,81942379
215,20000000	0,83999852
215,40000000	0,83565779
215,60000000	0,83575335
215,80000000	0,82251283
216,00000000	0,81120363
216,20000000	0,82921608
216,40000000	0,81624152
216,60000000	0,80752170
216,80000000	0,80947787
217,00000000	0,80978544
217,20000000	0,80488283
217,40000000	0,80781521
217,60000000	0,80479405
217,80000000	0,79593929
218,00000000	0,79105049
218,20000000	0,79768739
218,40000000	0,77433728
218,60000000	0,79525740
218,80000000	0,79619741
219,00000000	0,78975229
219,20000000	0,76971734
219,40000000	0,77357436
219,60000000	0,79496754
219,80000000	0,77734088
220,00000000	0,77629874
220,20000000	0,76753800
220,40000000	0,77595351
220,60000000	0,77451785
220,80000000	0,76553429
221,00000000	0,78240039
221,20000000	0,77390971
221,40000000	0,76950081
221,60000000	0,76513301
221,80000000	0,76672516
222,00000000	0,75855096
222,20000000	0,76812955
222,40000000	0,77186703
222,60000000	0,76196465
222,80000000	0,76562826
223,00000000	0,76512197
223,20000000	0,77120525
223,40000000	0,76962146
223,60000000	0,76444075
223,80000000	0,76364709
224,00000000	0,77135159
224,20000000	0,77077387
224,40000000	0,75905641
224,60000000	0,76825213
224,80000000	0,77338936
225,00000000	0,76775491
225,20000000	0,76245335
225,40000000	0,76718670
225,60000000	0,76544877
225,80000000	0,77302139
226,00000000	0,76778660
226,20000000	0,77424030
226,40000000	0,77312392
226,60000000	0,78134832
226,80000000	0,78656716
227,00000000	0,78403186
227,20000000	0,78533179
227,40000000	0,78791512
227,60000000	0,78939391
227,80000000	0,79353171
228,00000000	0,79057444
228,20000000	0,78893861
228,40000000	0,79614777
228,60000000	0,79843862
228,80000000	0,80169274
229,00000000	0,81044515
229,20000000	0,81149766
229,40000000	0,81156780
229,60000000	0,81714635
229,80000000	0,82245748
230,00000000	0,82041436
230,20000000	0,82472614
230,40000000	0,83336789
230,60000000	0,83942408
230,80000000	0,83771342
231,00000000	0,84141264
231,20000000	0,84763779
231,40000000	0,84897606
231,60000000	0,85042019
231,80000000	0,85822952
232,00000000	0,86164818
232,20000000	0,86589004
232,40000000	0,87141807
232,60000000	0,87281082
232,80000000	0,87717762
233,00000000	0,88438400
233,20000000	0,88325256
233,40000000	0,89158288
233,60000000	0,89454222
233,80000000	0,89709326
234,00000000	0,90403547
234,20000000	0,90916857
234,40000000	0,91016571
234,60000000	0,91514771
234,80000000	0,92201086
235,00000000	0,92590709
235,20000000	0,92944165
235,40000000	0,93283170
235,60000000	0,93758540
235,80000000	0,94169890
236,00000000	0,94529738
236,20000000	0,94744356
236,40000000	0,95271554
236,60000000	0,95646415
236,80000000	0,96138087
237,00000000	0,96471471
237,20000000	0,96776502
237,40000000	0,97158120
237,60000000	0,97392081
237,80000000	0,97662721
238,00000000	0,97995180
238,20000000	0,98388351
238,40000000	0,98592259
238,60000000	0,98757734
238,80000000	0,98987823
239,00000000	0,99248312
239,20000000	0,99328155
239,40000000	0,99536167
239,60000000	0,99703076
239,80000000	0,99803104
240,00000000	0,99845116
240,20000000	0,99894854
240,40000000	0,99941662
240,60000000	0,99927310
240,80000000	0,99930640
241,00000000	0,99829692
241,20000000	0,99691595
241,40000000	0,99568779
241,60000000	0,99320994
241,80000000	0,99203332
242,00000000	0,99053508
242,20000000	0,98586340
242,40000000	0,98395534
242,60000000	0,98247551
242,80000000	0,97847166
243,00000000	0,97238319
243,20000000	0,96773123
243,40000000	0,96409217
243,60000000	0,95995993
243,80000000	0,95235396
244,00000000	0,94713027
244,20000000	0,94271827
244,40000000	0,93717732
244,60000000	0,93085867
244,80000000	0,92111277
245,00000000	0,90741504
245,20000000	0,90763077
245,40000000	0,89874810
245,60000000	0,89099445
245,80000000	0,88845320
246,00000000	0,87351136
246,20000000	0,85975964
246,40000000	0,85711802
246,60000000	0,85581592
246,80000000	0,84009750
247,00000000	0,82571223
247,20000000	0,82380458
247,40000000	0,81148957
247,60000000	0,81291896
247,80000000	0,80364488
248,00000000	0,78727937
248,20000000	0,77284925
248,40000000	0,75464360
248,60000000	0,75352508
248,80000000	0,75646376
249,00000000	0,73462785
249,20000000	0,72692215
249,40000000	0,70900365
249,60000000	0,70097454
249,80000000	0,70639594
250,00000000	0,71987419
250,20000000	0,69107359
250,40000000	0,66981301
250,60000000	0,67535908
250,80000000	0,67175818
251,00000000	0,65896513
251,20000000	0,64646080
251,40000000	0,65535025
251,60000000	0,64434197
251,80000000	0,61211720
252,00000000	0,62674100
252,20000000	0,62516549
252,40000000	0,60978711
252,60000000	0,60502830
252,80000000	0,59259878
253,00000000	0,59293825
253,20000000	0,60712393
253,40000000	0,58730762
253,60000000	0,56200350
253,80000000	0,55929701
254,00000000	0,55827740
254,20000000	0,57040026
254,40000000	0,56534450
254,60000000	0,53951674
254,80000000	0,54007445
255,00000000	0,53938941
255,20000000	0,54309270
255,40000000	0,54991021
255,60000000	0,54019031
255,80000000	0,52207197
256,00000000	0,53978971
256,20000000	0,52744436
256,40000000	0,53194395
256,60000000	0,53816281
256,80000000	0,52391973
257,00000000	0,51937173
257,20000000	0,52921625
257,40000000	0,51168489
257,60000000	0,50341876
257,80000000	0,53071711
258,00000000	0,52627577
258,20000000	0,51848006
258,40000000	0,52460169
258,60000000	0,52657361
258,80000000	0,51742472
259,00000000	0,52277606
259,20000000	0,53280279
259,40000000	0,54161271
259,60000000	0,53275651
259,80000000	0,53067259
260,00000000	0,53520166
260,20000000	0,54514192
260,40000000	0,54075273
260,60000000	0,54667765
260,80000000	0,55051772
261,00000000	0,54160184
261,20000000	0,55522052
261,40000000	0,56063332
261,60000000	0,55379094
261,80000000	0,56602097
262,00000000	0,56909655
262,20000000	0,57899658
262,40000000	0,57856475
262,60000000	0,58020234
262,80000000	0,57782078
263,00000000	0,57973643
263,20000000	0,59250500
263,40000000	0,59697177
263,60000000	0,59553209
263,80000000	0,59318605
264,00000000	0,60323086
264,20000000	0,60380519
264,40000000	0,60034077
264,60000000	0,59990149
264,80000000	0,60227964
265,00000000	0,60130917
265,20000000	0,59161065
265,40000000	0,59134129
265,60000000	0,59563618
265,80000000	0,60258903
266,00000000	0,59900085
266,20000000	0,58840976
266,40000000	0,58693921
266,60000000	0,57734347
266,80000000	0,57175489
267,00000000	0,56969303
267,20000000	0,56717606
267,40000000	0,56062929
267,60000000	0,55746475
267,80000000	0,55527833
268,00000000	0,55300344
268,20000000	0,55272717
268,40000000	0,55200469
268,60000000	0,54191482
268,80000000	0,54247428
269,00000000	0,54515342
269,20000000	0,54338607
269,40000000	0,53970213
269,60000000	0,53954093
269,80000000	0,54601165
270,00000000	0,54641500
270,20000000	0,54127621
270,40000000	0,54148058
270,60000000	0,55348515
270,80000000	0,55427538
271,00000000	0,55289818
271,20000000	0,56216416
271,40000000	0,56805867
271,60000000	0,57517583
271,80000000	0,58757558
272,00000000	0,59582497
272,20000000	0,60489032
272,40000000	0,62032061
272,60000000	0,62931223
272,80000000	0,64180033
273,00000000	0,65689192
273,20000000	0,66859904
273,40000000	0,68271888
273,60000000	0,70083409
273,80000000	0,71207292
274,00000000	0,72469995
274,20000000	0,73754602
274,40000000	0,74952903
274,60000000	0,76093318
274,80000000	0,76909860
275,00000000	0,77703968
275,20000000	0,77964001
275,40000000	0,78052737
275,60000000	0,78072337
275,80000000	0,77743230
276,00000000	0,77285858
276,20000000	0,76443691
276,40000000	0,75254554
276,60000000	0,73915140
276,80000000	0,72394361
277,00000000	0,71094253
277,20000000	0,69972553
277,40000000	0,68573840
277,60000000	0,66834623
277,80000000	0,64871539
278,00000000	0,62728653
278,20000000	0,61001002
278,40000000	0,59457723
278,60000000	0,58362946
278,80000000	0,56760737
279,00000000	0,55035807
279,20000000	0,53598902
279,40000000	0,52114334
279,60000000	0,51387269
279,80000000	0,50472636
280,00000000	0,49386408
280,20000000	0,48804266
280,40000000	0,47275312
280,60000000	0,46468224
280,80000000	0,46263828
281,00000000	0,45834947
281,20000000	0,45242341
281,40000000	0,44822530
281,60000000	0,44185954
281,80000000	0,43340585
282,00000000	0,43282790
282,20000000	0,43206361
282,40000000	0,42491369
282,60000000	0,42849271
282,80000000	0,43940993
283,00000000	0,43419180
283,20000000	0,42476676
283,40000000	0,42298415
283,60000000	0,42357177
283,80000000	0,42700327
284,00000000	0,43157585
284,20000000	0,43877583
284,40000000	0,43944679
284,60000000	0,43985618
284,80000000	0,43445733
285,00000000	0,42931836
285,20000000	0,42612720
285,40000000	0,41353027
285,60000000	0,41660386
285,80000000	0,41968146
286,00000000	0,40679956
286,20000000	0,39190450
286,40000000	0,37832586
286,60000000	0,36971525
286,80000000	0,37138664
287,00000000	0,37035953
287,20000000	0,35232764
287,40000000	0,34573114
287,60000000	0,35146632
287,80000000	0,33674495
288,00000000	0,32239833
288,20000000	0,31576354
288,40000000	0,31116463
288,60000000	0,30931832
288,80000000	0,29951398
289,00000000	0,29806481
289,20000000	0,29570321
289,40000000	0,28381333
289,60000000	0,27582170
289,80000000	0,27725845
290,00000000	0,27514644
290,20000000	0,26956406
290,40000000	0,26727776
290,60000000	0,26670139
290,80000000	0,26238937
291,00000000	0,25269058
291,20000000	0,24851393
291,40000000	0,24328008
291,60000000	0,24820044
291,80000000	0,24650300
292,00000000	0,24454675
292,20000000	0,23885910
292,40000000	0,23420337
292,60000000	0,23573989
292,80000000	0,23727660
293,00000000	0,23078698
293,20000000	0,22887567
293,40000000	0,23487141
293,60000000	0,22936607
293,80000000	0,22515773
294,00000000	0,22827791
294,20000000	0,22628280
294,40000000	0,22463667
294,60000000	0,22392939
294,80000000	0,21808100
295,00000000	0,21725743
295,20000000	0,21730762
295,40000000	0,22027169
295,60000000	0,21269045
295,80000000	0,20587000
296,00000000	0,20728221
296,20000000	0,21128124
296,40000000	0,20759260
296,60000000	0,20698126
296,80000000	0,20598304
297,00000000	0,20919679
297,20000000	0,20745557
297,40000000	0,20412442
297,60000000	0,20304396
297,80000000	0,20162818
298,00000000	0,20103471
298,20000000	0,20087230
298,40000000	0,20373924
298,60000000	0,20209589
298,80000000	0,20229064
299,00000000	0,20233523
299,20000000	0,19754983
299,40000000	0,19682484
299,60000000	0,19862786
299,80000000	0,19561064
300,00000000	0,19749182
300,20000000	0,19888298
300,40000000	0,19007772
300,60000000	0,19136541
300,80000000	0,19310643
301,00000000	0,19042772
301,20000000	0,18913639
301,40000000	0,19206225
301,60000000	0,19292877
301,80000000	0,19445858
302,00000000	0,19212321
302,20000000	0,18920181
302,40000000	0,19088122
302,60000000	0,18789839
302,80000000	0,18693362
303,00000000	0,18660063
303,20000000	0,18554465
303,40000000	0,18463750
303,60000000	0,18793995
303,80000000	0,18353087
304,00000000	0,18343656
304,20000000	0,18612447
304,40000000	0,18588042
304,60000000	0,18403260
304,80000000	0,18114259
305,00000000	0,18165210
305,20000000	0,18035913
305,40000000	0,17781223
305,60000000	0,17838264
305,80000000	0,18357005
306,00000000	0,18446843
306,20000000	0,17788175
306,40000000	0,17626101
306,60000000	0,17863613
306,80000000	0,17843284
307,00000000	0,17770012
307,20000000	0,17839244
307,40000000	0,17887877
307,60000000	0,17885712
307,80000000	0,17754190
308,00000000	0,17752401
308,20000000	0,17903468
308,40000000	0,17606877
308,60000000	0,17480934
308,80000000	0,17526892
309,00000000	0,17460611
309,20000000	0,17442527
309,40000000	0,17612158
309,60000000	0,17528614
309,80000000	0,17353100
310,00000000	0,17436053
310,20000000	0,17350608
310,40000000	0,17612352
310,60000000	0,17818878
310,80000000	0,17673266
311,00000000	0,17588540
311,20000000	0,17256480
311,40000000	0,17251621
311,60000000	0,17391777
311,80000000	0,17255401
312,00000000	0,17304938
312,20000000	0,17438546
312,40000000	0,17426379
312,60000000	0,17252124
312,80000000	0,17133776
313,00000000	0,17095446
313,20000000	0,17090678
313,40000000	0,17182460
313,60000000	0,17181241
313,80000000	0,17050120
314,00000000	0,17033917
314,20000000	0,16994046
314,40000000	0,16962779
314,60000000	0,16875217
314,80000000	0,16779344
315,00000000	0,16860536
315,20000000	0,16912632
315,40000000	0,16733249
315,60000000	0,16733294
315,80000000	0,16875604
316,00000000	0,16861424
316,20000000	0,16630883
316,40000000	0,16608292
316,60000000	0,16800906
316,80000000	0,16648893
317,00000000	0,16674457
317,20000000	0,16694917
317,40000000	0,16623584
317,60000000	0,16549517
317,80000000	0,16512380
318,00000000	0,16618322
318,20000000	0,16652067
318,40000000	0,16647624
318,60000000	0,16595993
318,80000000	0,16439936
319,00000000	0,16377436
319,20000000	0,16412805
319,40000000	0,16473348
319,60000000	0,16558629
319,80000000	0,16480324
320,00000000	0,16432852
320,20000000	0,16405008
320,40000000	0,16461822
320,60000000	0,16405406
320,80000000	0,16260879
321,00000000	0,16325838
321,20000000	0,16203053
321,40000000	0,16115994
321,60000000	0,16206889
321,80000000	0,16254415
322,00000000	0,16211380
322,20000000	0,16194371
322,40000000	0,16200250
322,60000000	0,16159361
322,80000000	0,16021212
323,00000000	0,16000725
323,20000000	0,16062872
323,40000000	0,15975864
323,60000000	0,15945967
323,80000000	0,15999628
324,00000000	0,16019764
324,20000000	0,15951163
324,40000000	0,15924446
324,60000000	0,15969219
324,80000000	0,15931797
325,00000000	0,15917996
325,20000000	0,15950632
325,40000000	0,15917892
325,60000000	0,15910411
325,80000000	0,15870299
326,00000000	0,15789829
326,20000000	0,15817319
326,40000000	0,15843778
326,60000000	0,15801175
326,80000000	0,15767767
327,00000000	0,15787269
327,20000000	0,15728578
327,40000000	0,15691308
327,60000000	0,15734509
327,80000000	0,15701875
328,00000000	0,15692576
328,20000000	0,15694659
328,40000000	0,15686684
328,60000000	0,15653584
328,80000000	0,15643214
329,00000000	0,15676250
329,20000000	0,15672071
329,40000000	0,15641325
329,60000000	0,15633303
329,80000000	0,15565195
330,00000000	0,15571899
330,20000000	0,15579942
330,40000000	0,15517465
330,60000000	0,15481498
330,80000000	0,15460659
331,00000000	0,15492941
331,20000000	0,15515389
331,40000000	0,15513339
331,60000000	0,15478059
331,80000000	0,15441710
332,00000000	0,15436376
332,20000000	0,15389435
332,40000000	0,15364854
332,60000000	0,15391046
332,80000000	0,15393010
333,00000000	0,15380654
333,20000000	0,15384915
333,40000000	0,15371651
333,60000000	0,15349722
333,80000000	0,15352322
334,00000000	0,15336003
334,20000000	0,15302481
334,40000000	0,15301610
334,60000000	0,15306856
334,80000000	0,15296454
335,00000000	0,15286122
335,20000000	0,15266697
335,40000000	0,15233388
335,60000000	0,15230834
335,80000000	0,15250200
336,00000000	0,15221919
336,20000000	0,15200133
336,40000000	0,15200869
336,60000000	0,15181779
336,80000000	0,15156592
337,00000000	0,15155845
337,20000000	0,15156236
337,40000000	0,15156922
337,60000000	0,15138676
337,80000000	0,15135162
338,00000000	0,15137420
338,20000000	0,15124346
338,40000000	0,15129809
338,60000000	0,15123266
338,80000000	0,15107153
339,00000000	0,15105038
339,20000000	0,15097937
339,40000000	0,15082206
339,60000000	0,15074150
339,80000000	0,15062616
340,00000000	0,15063543
340,20000000	0,15065091
340,40000000	0,15041329
340,60000000	0,15036184
340,80000000	0,15034578
341,00000000	0,15028181
341,20000000	0,15021262
341,40000000	0,15005448
341,60000000	0,14999837
341,80000000	0,15005474
342,00000000	0,15000048
342,20000000	0,14994813
342,40000000	0,14994561
342,60000000	0,14986817
342,80000000	0,14978743
343,00000000	0,14977739
343,20000000	0,14971984
343,40000000	0,14967388
343,60000000	0,14962486
343,80000000	0,14950132
344,00000000	0,14946154
344,20000000	0,14946235
344,40000000	0,14944884
344,60000000	0,14936503
344,80000000	0,14928009
345,00000000	0,14925253
345,20000000	0,14921597
345,40000000	0,14916344
345,60000000	0,14913360
345,80000000	0,14916300
346,00000000	0,14909597
346,20000000	0,14896825
346,40000000	0,14899868
346,60000000	0,14896032
346,80000000	0,14887622
347,00000000	0,14892315
347,20000000	0,14885233
347,40000000	0,14880660
347,60000000	0,14884905
347,80000000	0,14874576
348,00000000	0,14864084
348,20000000	0,14867812
348,40000000	0,14858853
348,60000000	0,14851313
348,80000000	0,14853243
349,00000000	0,14848675
349,20000000	0,14843347
349,40000000	0,14833866
349,60000000	0,14831366
349,80000000	0,14828735
350,00000000	0,14828313
350,20000000	0,14825725
350,40000000	0,14823072
350,60000000	0,14818650
350,80000000	0,14812260
351,00000000	0,14814221
351,20000000	0,14810419
351,40000000	0,14803558
351,60000000	0,14799038
351,80000000	0,14789572
352,00000000	0,14790689
352,20000000	0,14797816
352,40000000	0,14795905
352,60000000	0,14791611
352,80000000	0,14790266
353,00000000	0,14788513
353,20000000	0,14780246
353,40000000	0,14778667
353,60000000	0,14789587
353,80000000	0,14792906
354,00000000	0,14792659
354,20000000	0,14791444
354,40000000	0,14793497
354,60000000	0,14799938
354,80000000	0,14795155
355,00000000	0,14798111
355,20000000	0,14816333
355,40000000	0,14835276
355,60000000	0,14839370
355,80000000	0,14839987
356,00000000	0,14849130
356,20000000	0,14860547
356,40000000	0,14873159
356,60000000	0,14877616
356,80000000	0,14886277
357,00000000	0,14905346
357,20000000	0,14907501
357,40000000	0,14915019
357,60000000	0,14929827
357,80000000	0,14957984
358,00000000	0,14994074
358,20000000	0,14979412
358,40000000	0,14959080
358,60000000	0,15014320
358,80000000	0,15078885
359,00000000	0,15089853
359,20000000	0,15091872
359,40000000	0,15117413
359,60000000	0,15171781
359,80000000	0,15196642
360,00000000	0,15216391
360,20000000	0,15256412
360,40000000	0,15307179
360,60000000	0,15372794
360,80000000	0,15401655
361,00000000	0,15443841
361,20000000	0,15525328
361,40000000	0,15609698
361,60000000	0,15657137
361,80000000	0,15671897
362,00000000	0,15730591
362,20000000	0,15822487
362,40000000	0,15902955
362,60000000	0,15972527
362,80000000	0,16044687
363,00000000	0,16144525
363,20000000	0,16239009
363,40000000	0,16312889
363,60000000	0,16391935
363,80000000	0,16504436
364,00000000	0,16655342
364,20000000	0,16772953
364,40000000	0,16879562
364,60000000	0,17043151
364,80000000	0,17204107
365,00000000	0,17347266
365,20000000	0,17506084
365,40000000	0,17696705
365,60000000	0,17881986
365,80000000	0,18084915
366,00000000	0,18257924
366,20000000	0,18450793
366,40000000	0,18688597
366,60000000	0,18895085
366,80000000	0,19159122
367,00000000	0,19404157
367,20000000	0,19616849
367,40000000	0,19874512
367,60000000	0,20152200
367,80000000	0,20413931
368,00000000	0,20640762
368,20000000	0,20894971
368,40000000	0,21172313
368,60000000	0,21423281
368,80000000	0,21666491
369,00000000	0,21877442
369,20000000	0,22078156
369,40000000	0,22259103
369,60000000	0,22421760
369,80000000	0,22576628
370,00000000	0,22673842
370,20000000	0,22757999
370,40000000	0,22853515
370,60000000	0,22843360
370,80000000	0,22780237
371,00000000	0,22786429
371,20000000	0,22718229
371,40000000	0,22574068
371,60000000	0,22445794
371,80000000	0,22293829
372,00000000	0,22093533
372,20000000	0,21881958
372,40000000	0,21695941
372,60000000	0,21519228
372,80000000	0,21310357
373,00000000	0,21053522
373,20000000	0,20786756
373,40000000	0,20511305
373,60000000	0,20277778
373,80000000	0,20042969
374,00000000	0,19837581
374,20000000	0,19673273
374,40000000	0,19446779
374,60000000	0,19148354
374,80000000	0,18942763
375,00000000	0,18848915
375,20000000	0,18656377
375,40000000	0,18384022
375,60000000	0,18175890
375,80000000	0,18059150
376,00000000	0,17920041
376,20000000	0,17742930
376,40000000	0,17554575
376,60000000	0,17395900
376,80000000	0,17268325
377,00000000	0,17115710
377,20000000	0,16975595
377,40000000	0,16872404
377,60000000	0,16765260
377,80000000	0,16660836
378,00000000	0,16594472
378,20000000	0,16545487
378,40000000	0,16468892
378,60000000	0,16331229
378,80000000	0,16222728
379,00000000	0,16139310
379,20000000	0,16097793
379,40000000	0,16070805
379,60000000	0,15933256
379,80000000	0,15866471
380,00000000	0,15795253
380,20000000	0,15633808
380,40000000	0,15546117
380,60000000	0,15553241
380,80000000	0,15545620
381,00000000	0,15439291
381,20000000	0,15378711
381,40000000	0,15375400
381,60000000	0,15352661
381,80000000	0,15286003
382,00000000	0,15208633
382,20000000	0,15225959
382,40000000	0,15224591
382,60000000	0,15134338
382,80000000	0,15095326
383,00000000	0,15050327
383,20000000	0,14982653
383,40000000	0,15021229
383,60000000	0,15042465
383,80000000	0,14980224
384,00000000	0,14986207
384,20000000	0,14957607
384,40000000	0,14858439
384,60000000	0,14873958
384,80000000	0,14903611
385,00000000	0,14818334
385,20000000	0,14689667
385,40000000	0,14691212
385,60000000	0,14788451
385,80000000	0,14789072
386,00000000	0,14748114
386,20000000	0,14695695
386,40000000	0,14514268
386,60000000	0,14492372
386,80000000	0,14559771
387,00000000	0,14516354
387,20000000	0,14521913
387,40000000	0,14538004
387,60000000	0,14463670
387,80000000	0,14403507
388,00000000	0,14455325
388,20000000	0,14519389
388,40000000	0,14507289
388,60000000	0,14472386
388,80000000	0,14463586
389,00000000	0,14400254
389,20000000	0,14390471
389,40000000	0,14285590
389,60000000	0,14089030
389,80000000	0,14210166
390,00000000	0,14342975
390,20000000	0,14288503
390,40000000	0,14302602
390,60000000	0,14178527
390,80000000	0,14070526
391,00000000	0,14218646
391,20000000	0,14314050
391,40000000	0,14335878
391,60000000	0,14300900
391,80000000	0,14204003
392,00000000	0,14184855
392,20000000	0,14083371
392,40000000	0,14024878
392,60000000	0,14186258
392,80000000	0,14314214
393,00000000	0,14224232
393,20000000	0,14147948
393,40000000	0,14182107
393,60000000	0,14154395
393,80000000	0,14143822
394,00000000	0,14169428
394,20000000	0,14147661
394,40000000	0,14106451
394,60000000	0,14038413
394,80000000	0,13940799
395,00000000	0,13867578
395,20000000	0,13946803
395,40000000	0,14077637
395,60000000	0,14169503
395,80000000	0,14239760
396,00000000	0,14125705
396,20000000	0,14092973
396,40000000	0,14140218
396,60000000	0,14081718
396,80000000	0,14045840
397,00000000	0,14067361
397,20000000	0,14208317
397,40000000	0,14217039
397,60000000	0,14128380
397,80000000	0,14207829
398,00000000	0,14191560
398,20000000	0,14048230
398,40000000	0,14166033
398,60000000	0,14330337
398,80000000	0,14318989
399,00000000	0,14180132
399,20000000	0,14087532
399,40000000	0,14046908
399,60000000	0,14038097
399,80000000	0,14006254
400,00000000	0,13910728
400,20000000	0,13962345
400,40000000	0,14040095
400,60000000	0,14273300
400,80000000	0,14435804
401,00000000	0,14237884
401,20000000	0,14089391
401,40000000	0,14023239
401,60000000	0,13832847
401,80000000	0,13832991
402,00000000	0,14119706
402,20000000	0,14135898
402,40000000	0,14081370
402,60000000	0,14095647
402,80000000	0,13971001
403,00000000	0,14077344
403,20000000	0,14216889
403,40000000	0,14218720
403,60000000	0,14167986
403,80000000	0,14280837
404,00000000	0,14341769
404,20000000	0,14194162
404,40000000	0,14317026
404,60000000	0,14446598
404,80000000	0,14396184
405,00000000	0,14426679
405,20000000	0,14557035
405,40000000	0,14582297
405,60000000	0,14624395
405,80000000	0,14656439
406,00000000	0,14542011
406,20000000	0,14380439
406,40000000	0,14047572
406,60000000	0,14079662
406,80000000	0,14739804
407,00000000	0,15005259
407,20000000	0,14639203
407,40000000	0,14329023
407,60000000	0,14332232
407,80000000	0,14510151
408,00000000	0,14457714
408,20000000	0,14340148
408,40000000	0,14423930
408,60000000	0,14405098
408,80000000	0,14405515
409,00000000	0,14626749
409,20000000	0,14787211
409,40000000	0,14807943
409,60000000	0,14692600
409,80000000	0,14609091
410,00000000	0,14731965
410,20000000	0,14552833
410,40000000	0,14218197
410,60000000	0,14096110
410,80000000	0,14187421
411,00000000	0,14379674
411,20000000	0,14517216
411,40000000	0,14790032
411,60000000	0,14589090
411,80000000	0,14115014
412,00000000	0,14213931
412,20000000	0,14399803
412,40000000	0,14406238
412,60000000	0,14453663
412,80000000	0,14570434
413,00000000	0,14666249
413,20000000	0,14773270
413,40000000	0,14866112
413,60000000	0,14871854
413,80000000	0,14716848
414,00000000	0,14860559
414,20000000	0,15185101
414,40000000	0,14910582
414,60000000	0,14635860
414,80000000	0,14850134
415,00000000	0,15123031
415,20000000	0,15015368
415,40000000	0,14747214
415,60000000	0,14672989
415,80000000	0,14542872
416,00000000	0,14364403
416,20000000	0,14463525
416,40000000	0,14935752
416,60000000	0,15209001
416,80000000	0,15000599
417,00000000	0,14974273
417,20000000	0,15039074
417,40000000	0,14842306
417,60000000	0,14762555
417,80000000	0,14862501
418,00000000	0,14838886
418,20000000	0,14696352
418,40000000	0,14749700
418,60000000	0,14993638
418,80000000	0,15050418
419,00000000	0,14804643
419,20000000	0,14678474
419,40000000	0,14875485
419,60000000	0,15094823
419,80000000	0,14957525
420,00000000	0,14704056
420,20000000	0,14807814
420,40000000	0,15069955
420,60000000	0,15163068
420,80000000	0,15387324
421,00000000	0,15825958
421,20000000	0,15903607
421,40000000	0,15386495
421,60000000	0,14712325
421,80000000	0,14823928
422,00000000	0,15415923
422,20000000	0,15571959
422,40000000	0,15549476
422,60000000	0,15752429
422,80000000	0,15937520
423,00000000	0,15921192
423,20000000	0,15797376
423,40000000	0,15481730
423,60000000	0,15238299
423,80000000	0,15165657
424,00000000	0,15518093
424,20000000	0,16002239
424,40000000	0,16019004
424,60000000	0,15979269
424,80000000	0,15933286
425,00000000	0,15922343
425,20000000	0,16015130
425,40000000	0,15907307
425,60000000	0,15656542
425,80000000	0,15683463
426,00000000	0,15901903
426,20000000	0,15877786
426,40000000	0,15650175
426,60000000	0,15390170
426,80000000	0,15473910
427,00000000	0,16003576
427,20000000	0,16131972
427,40000000	0,15708386
427,60000000	0,15298221
427,80000000	0,15342292
428,00000000	0,15723603
428,20000000	0,15678755
428,40000000	0,15706070
428,60000000	0,16182660
428,80000000	0,16434882
429,00000000	0,16394491
429,20000000	0,16265008
429,40000000	0,16094327
429,60000000	0,16182616
429,80000000	0,16590510
430,00000000	0,17055349
430,20000000	0,17255360
430,40000000	0,16882965
430,60000000	0,16403980
430,80000000	0,16398452
431,00000000	0,16595051
431,20000000	0,16720556
431,40000000	0,16875612
431,60000000	0,16822356
431,80000000	0,16775288
432,00000000	0,16557417
432,20000000	0,15913589
432,40000000	0,15586669
432,60000000	0,15683535
432,80000000	0,15955850
433,00000000	0,16274518
433,20000000	0,16583996
433,40000000	0,17044242
433,60000000	0,17216151
433,80000000	0,17117168
434,00000000	0,17297738
434,20000000	0,17332965
434,40000000	0,17308904
434,60000000	0,17427061
434,80000000	0,17470974
435,00000000	0,17246055
435,20000000	0,16770318
435,40000000	0,17001622
435,60000000	0,17448068
435,80000000	0,16956012
436,00000000	0,16686484
436,20000000	0,17114393
436,40000000	0,17598896
436,60000000	0,17990051
436,80000000	0,18321566
437,00000000	0,18347509
437,20000000	0,17721868
437,40000000	0,17208751
437,60000000	0,17055414
437,80000000	0,17377042
438,00000000	0,17548483
438,20000000	0,17374896
438,40000000	0,17833645
438,60000000	0,18220449
438,80000000	0,17835331
439,00000000	0,17346512
439,20000000	0,17437924
439,40000000	0,17664886
439,60000000	0,17861292
439,80000000	0,18271900
440,00000000	0,18395705
440,20000000	0,18481750
440,40000000	0,18627683
440,60000000	0,18223757
440,80000000	0,17952283
441,00000000	0,17902587
441,20000000	0,17733972
441,40000000	0,17855664
441,60000000	0,17594150
441,80000000	0,17484698
442,00000000	0,17744215
442,20000000	0,17545617
442,40000000	0,17914333
442,60000000	0,18387547
442,80000000	0,18819718
443,00000000	0,19582733
443,20000000	0,19336777
443,40000000	0,18636090
443,60000000	0,18517381
443,80000000	0,18579596
444,00000000	0,18934699
444,20000000	0,19403905
444,40000000	0,19446816
444,60000000	0,19097641
444,80000000	0,19016763
445,00000000	0,19135910
445,20000000	0,19028612
445,40000000	0,19044042
445,60000000	0,18839198
445,80000000	0,18436603
446,00000000	0,18491076
446,20000000	0,18815056
446,40000000	0,19361668
446,60000000	0,19250708
446,80000000	0,18750394
447,00000000	0,19001186
447,20000000	0,19154380
447,40000000	0,19754675
447,60000000	0,20383619
447,80000000	0,20051786
448,00000000	0,20089894
448,20000000	0,20422444
448,40000000	0,20577453
448,60000000	0,20469932
448,80000000	0,20037571
449,00000000	0,20346592
449,20000000	0,20541098
449,40000000	0,20060330
449,60000000	0,20168150
449,80000000	0,20481862
450,00000000	0,20731021
450,20000000	0,21204653
450,40000000	0,21441307
450,60000000	0,20641251
450,80000000	0,20099469
451,00000000	0,20494974
451,20000000	0,20593652
451,40000000	0,20670966
451,60000000	0,21008021
451,80000000	0,21177945
452,00000000	0,21334870
452,20000000	0,21414491
452,40000000	0,21323624
452,60000000	0,20787005
452,80000000	0,20512607
453,00000000	0,21227871
453,20000000	0,21735260
453,40000000	0,21698775
453,60000000	0,21662329
453,80000000	0,21203289
454,00000000	0,20941948
454,20000000	0,21535639
454,40000000	0,21867307
454,60000000	0,21885850
454,80000000	0,22284922
455,00000000	0,22935929
455,20000000	0,23218086
455,40000000	0,22716444
455,60000000	0,22198176
455,80000000	0,21829555
456,00000000	0,21703029
456,20000000	0,21833463
456,40000000	0,22044892
456,60000000	0,22735415
456,80000000	0,22915546
457,00000000	0,22426983
457,20000000	0,22528679
457,40000000	0,23199053
457,60000000	0,23321468
457,80000000	0,22764130
458,00000000	0,22631478
458,20000000	0,22846288
458,40000000	0,22957611
458,60000000	0,23131347
458,80000000	0,23325502
459,00000000	0,23855631
459,20000000	0,23477194
459,40000000	0,22797611
459,60000000	0,23161155
459,80000000	0,23344432
460,00000000	0,23344107
460,20000000	0,23197844
460,40000000	0,22746745
460,60000000	0,22990590
460,80000000	0,24021148
461,00000000	0,24614855
461,20000000	0,24648447
461,40000000	0,24048905
461,60000000	0,23737276
461,80000000	0,24546523
462,00000000	0,24785286
462,20000000	0,24614259
462,40000000	0,24474051
462,60000000	0,24230871
462,80000000	0,24481063
463,00000000	0,25011921
463,20000000	0,25215525
463,40000000	0,24994851
463,60000000	0,25376869
463,80000000	0,25488487
464,00000000	0,24546835
464,20000000	0,24456018
464,40000000	0,25087871
464,60000000	0,25359882
464,80000000	0,25623367
465,00000000	0,25839518
465,20000000	0,25705436
465,40000000	0,25489767
465,60000000	0,25507815
465,80000000	0,25561111
466,00000000	0,25416637
466,20000000	0,25913299
466,40000000	0,26274484
466,60000000	0,25936297
466,80000000	0,26403178
467,00000000	0,26728247
467,20000000	0,25803874
467,40000000	0,25486280
467,60000000	0,26303701
467,80000000	0,26747176
468,00000000	0,26451497
468,20000000	0,26387995
468,40000000	0,26840550
468,60000000	0,26929061
468,80000000	0,26728012
469,00000000	0,27110570
469,20000000	0,27713614
469,40000000	0,27460882
469,60000000	0,27615334
469,80000000	0,28070478
470,00000000	0,27311098
470,20000000	0,26990000
470,40000000	0,27335091
470,60000000	0,27033568
470,80000000	0,26685762
471,00000000	0,26771632
471,20000000	0,27334441
471,40000000	0,27464389
471,60000000	0,27851385
471,80000000	0,28818237
472,00000000	0,28608249
472,20000000	0,28032683
472,40000000	0,28248393
472,60000000	0,28804766
472,80000000	0,29421596
473,00000000	0,29499643
473,20000000	0,29062744
473,40000000	0,28715699
473,60000000	0,28522884
473,80000000	0,28757531
474,00000000	0,28918558
474,20000000	0,28868386
474,40000000	0,29036716
474,60000000	0,29384700
474,80000000	0,29732626
475,00000000	0,29933154
475,20000000	0,29423662
475,40000000	0,28631522
475,60000000	0,29035846
475,80000000	0,29251684
476,00000000	0,29388963
476,20000000	0,29456055
476,40000000	0,28961349
476,60000000	0,29137162
476,80000000	0,29691619
477,00000000	0,30222608
477,20000000	0,30341402
477,40000000	0,30619542
477,60000000	0,30880837
477,80000000	0,30939231
478,00000000	0,30953091
478,20000000	0,30811504
478,40000000	0,31040271
478,60000000	0,30819478
478,80000000	0,30742129
479,00000000	0,31457312
479,20000000	0,31811055
479,40000000	0,31320391
479,60000000	0,30900526
479,80000000	0,30829454
480,00000000	0,31190175
480,20000000	0,31664672
480,40000000	0,32050106
480,60000000	0,31994200
480,80000000	0,31315735
481,00000000	0,31414197
481,20000000	0,32243822
481,40000000	0,32601850
481,60000000	0,32331101
481,80000000	0,32087430
482,00000000	0,31868809
482,20000000	0,32390474
482,40000000	0,33076841
482,60000000	0,33221039
482,80000000	0,33230007
483,00000000	0,32994790
483,20000000	0,32956913
483,40000000	0,33011786
483,60000000	0,32826303
483,80000000	0,32732233
484,00000000	0,33583972
484,20000000	0,33815015
484,40000000	0,33153825
484,60000000	0,33424687
484,80000000	0,34144672
485,00000000	0,34430631
485,20000000	0,34916529
485,40000000	0,34761560
485,60000000	0,33670383
485,80000000	0,33506577
486,00000000	0,34350958
486,20000000	0,35084061
486,40000000	0,35350864
486,60000000	0,35063647
486,80000000	0,34690150
487,00000000	0,34895279
487,20000000	0,35023516
487,40000000	0,35018951
487,60000000	0,35547214
487,80000000	0,35288702
488,00000000	0,34828442
488,20000000	0,35445820
488,40000000	0,35428752
488,60000000	0,34981149
488,80000000	0,35016753
489,00000000	0,35396006
489,20000000	0,36541116
489,40000000	0,36961666
489,60000000	0,36746490
489,80000000	0,37134851
490,00000000	0,37182848
490,20000000	0,36533278
490,40000000	0,36697699
490,60000000	0,37255280
490,80000000	0,37251704
491,00000000	0,37554051
491,20000000	0,37843736
491,40000000	0,38160583
491,60000000	0,38711061
491,80000000	0,38764487
492,00000000	0,38071286
492,20000000	0,37859633
492,40000000	0,38282187
492,60000000	0,38382797
492,80000000	0,38341579
493,00000000	0,38663871
493,20000000	0,39046733
493,40000000	0,39327756
493,60000000	0,39689014
493,80000000	0,39713010
494,00000000	0,39702070
494,20000000	0,39766184
494,40000000	0,39413233
494,60000000	0,39169858
494,80000000	0,39237289
495,00000000	0,38886036
495,20000000	0,38806380
495,40000000	0,39662564
495,60000000	0,40272807
495,80000000	0,40636837
496,00000000	0,40816970
496,20000000	0,40462912
496,40000000	0,40604697
496,60000000	0,41169162
496,80000000	0,41128982
497,00000000	0,41171237
497,20000000	0,41346078
497,40000000	0,41475515
497,60000000	0,41558772
497,80000000	0,41773133
498,00000000	0,42305396
498,20000000	0,42216089
498,40000000	0,41757139
498,60000000	0,41648258
498,80000000	0,41830648
499,00000000	0,42339394
499,20000000	0,42773222
499,40000000	0,42916012
499,60000000	0,43156447
499,80000000	0,43250678
500,00000000	0,43247365
500,20000000	0,43367467
500,40000000	0,43575916
500,60000000	0,43840638
500,80000000	0,43839882
501,00000000	0,43643081
501,20000000	0,43697537
501,40000000	0,43999331
501,60000000	0,44351102
501,80000000	0,44578372
502,00000000	0,44793442
502,20000000	0,44960916
502,40000000	0,44758207
502,60000000	0,44676715
502,80000000	0,44807457
503,00000000	0,45140640
503,20000000	0,45530446
503,40000000	0,45409485
503,60000000	0,45387639
503,80000000	0,45642361
504,00000000	0,45796076
504,20000000	0,45893038
504,40000000	0,46164367
504,60000000	0,46517803
504,80000000	0,46706032
505,00000000	0,46558463
505,20000000	0,46561989
505,40000000	0,46623115
505,60000000	0,46624210
505,80000000	0,46958182
506,00000000	0,47223165
506,20000000	0,47404223
506,40000000	0,47445297
506,60000000	0,47544741
506,80000000	0,47647654
507,00000000	0,47729481
507,20000000	0,48172199
507,40000000	0,48358964
507,60000000	0,48340592
507,80000000	0,48361204
508,00000000	0,48564497
508,20000000	0,48653819
508,40000000	0,48722483
508,60000000	0,48879345
508,80000000	0,48817608
509,00000000	0,48939882
509,20000000	0,49357509
509,40000000	0,49358689
509,60000000	0,49204766
509,80000000	0,49156116
510,00000000	0,49428031
510,20000000	0,49711151
510,40000000	0,49825139
510,60000000	0,49878850
510,80000000	0,49986285
511,00000000	0,50301554
511,20000000	0,50599215
511,40000000	0,50623538
511,60000000	0,50584369
511,80000000	0,50535112
512,00000000	0,50548472
512,20000000	0,50720312
512,40000000	0,50871178
512,60000000	0,51023459
512,80000000	0,51242759
513,00000000	0,51415442
513,20000000	0,51441668
513,40000000	0,51469591
513,60000000	0,51615403
513,80000000	0,51767589
514,00000000	0,51867651
514,20000000	0,52024144
514,40000000	0,52088788
514,60000000	0,52206195
514,80000000	0,52364879
515,00000000	0,52410973
515,20000000	0,52593058
515,40000000	0,52820167
515,60000000	0,52867414
515,80000000	0,53020462
516,00000000	0,53115314
516,20000000	0,53100090
516,40000000	0,53203367
516,60000000	0,53307579
516,80000000	0,53367738
517,00000000	0,53522185
517,20000000	0,53628531
517,40000000	0,53776409
517,60000000	0,53994559
517,80000000	0,54070315
518,00000000	0,54093745
518,20000000	0,54208361
518,40000000	0,54360704
518,60000000	0,54469221
518,80000000	0,54573294
519,00000000	0,54671920
519,20000000	0,54764663
519,40000000	0,54880223
519,60000000	0,54996651
519,80000000	0,55106564
520,00000000	0,55256370
520,20000000	0,55328802
520,40000000	0,55406359
520,60000000	0,55508630
520,80000000	0,55633343
521,00000000	0,55761540
521,20000000	0,55851511
521,40000000	0,55926767
521,60000000	0,56049668
521,80000000	0,56138417
522,00000000	0,56185017
522,20000000	0,56360757
522,40000000	0,56535229
522,60000000	0,56607365
522,80000000	0,56688112
523,00000000	0,56808872
523,20000000	0,56933148
523,40000000	0,57004561
523,60000000	0,57087774
523,80000000	0,57198011
524,00000000	0,57318888
524,20000000	0,57417775
524,40000000	0,57482583
524,60000000	0,57597238
524,80000000	0,57719786
525,00000000	0,57815695
525,20000000	0,57899282
525,40000000	0,57984015
525,60000000	0,58105147
525,80000000	0,58188289
526,00000000	0,58246021
526,20000000	0,58340076
526,40000000	0,58474937
526,60000000	0,58587848
526,80000000	0,58658940
527,00000000	0,58759522
527,20000000	0,58857117
527,40000000	0,58922909
527,60000000	0,58978658
527,80000000	0,59077104
528,00000000	0,59180245
528,20000000	0,59276118
528,40000000	0,59334921
528,60000000	0,59414538
528,80000000	0,59518588
529,00000000	0,59587651
529,20000000	0,59650959
529,40000000	0,59733949
529,60000000	0,59830735
529,80000000	0,59906127
530,00000000	0,59956685
530,20000000	0,60029626
530,40000000	0,60137997
530,60000000	0,60180500
530,80000000	0,60226985
531,00000000	0,60303937
531,20000000	0,60362263
531,40000000	0,60450156
531,60000000	0,60510050
531,80000000	0,60570895
532,00000000	0,60616680
532,20000000	0,60649478
532,40000000	0,60716252
532,60000000	0,60744051
532,80000000	0,60809449
533,00000000	0,60855590
533,20000000	0,60885147
533,40000000	0,60955098
533,60000000	0,61011445
533,80000000	0,61087396
534,00000000	0,61115161
534,20000000	0,61120442
534,40000000	0,61195964
534,60000000	0,61241920
534,80000000	0,61257784
535,00000000	0,61274855
535,20000000	0,61290015
535,40000000	0,61343107
535,60000000	0,61388787
535,80000000	0,61435821
536,00000000	0,61496489
536,20000000	0,61525923
536,40000000	0,61546284
536,60000000	0,61523855
536,80000000	0,61535692
537,00000000	0,61600178
537,20000000	0,61596600
537,40000000	0,61562298
537,60000000	0,61600075
537,80000000	0,61677055
538,00000000	0,61692091
538,20000000	0,61647877
538,40000000	0,61657012
538,60000000	0,61746743
538,80000000	0,61755308
539,00000000	0,61717872
539,20000000	0,61700018
539,40000000	0,61754738
539,60000000	0,61744667
539,80000000	0,61739824
540,00000000	0,61769189
540,20000000	0,61770132
540,40000000	0,61782553
540,60000000	0,61844018
540,80000000	0,61873562
541,00000000	0,61853288
541,20000000	0,61809620
541,40000000	0,61840111
541,60000000	0,61856107
541,80000000	0,61867929
542,00000000	0,61910499
542,20000000	0,61891496
542,40000000	0,61868304
542,60000000	0,61988507
542,80000000	0,62019892
543,00000000	0,61924235
543,20000000	0,61949085
543,40000000	0,61962436
543,60000000	0,61908320
543,80000000	0,61962974
544,00000000	0,62043460
544,20000000	0,62007674
544,40000000	0,61904998
544,60000000	0,61954051
544,80000000	0,62081915
545,00000000	0,62015974
545,20000000	0,61963473
545,40000000	0,62032466
545,60000000	0,62006100
545,80000000	0,62024470
546,00000000	0,62165225
546,20000000	0,62208266
546,40000000	0,62218227
546,60000000	0,62145084
546,80000000	0,62093907
547,00000000	0,62194368
547,20000000	0,62317965
547,40000000	0,62308738
547,60000000	0,62422856
547,80000000	0,62423836
548,00000000	0,62534495
548,20000000	0,62550749
548,40000000	0,62304296
548,60000000	0,62314053
548,80000000	0,62476250
549,00000000	0,62608990
549,20000000	0,62571736
549,40000000	0,62535074
549,60000000	0,62543631
549,80000000	0,62787907
550,00000000	0,62923055
550,20000000	0,62852038
550,40000000	0,62863336
550,60000000	0,62886123
550,80000000	0,63094465
551,00000000	0,63160937
551,20000000	0,63138321
551,40000000	0,63143989
551,60000000	0,63312181
551,80000000	0,63350277
552,00000000	0,63176648
552,20000000	0,63238194
552,40000000	0,63296601
552,60000000	0,63158137
552,80000000	0,63437967
553,00000000	0,63697442
553,20000000	0,63783585
553,40000000	0,63839648
553,60000000	0,63985953
553,80000000	0,64084451
554,00000000	0,63940243
554,20000000	0,63886994
554,40000000	0,63962699
554,60000000	0,64193806
554,80000000	0,64411427
555,00000000	0,64201934
555,20000000	0,64344553
555,40000000	0,64369432
555,60000000	0,64459553
555,80000000	0,64669064
556,00000000	0,64497231
556,20000000	0,64825363
556,40000000	0,65071522
556,60000000	0,64897363
556,80000000	0,64855907
557,00000000	0,64969321
557,20000000	0,65257185
557,40000000	0,65476764
557,60000000	0,65489116
557,80000000	0,65476438
558,00000000	0,65587337
558,20000000	0,65582437
558,40000000	0,65653309
558,60000000	0,66107255
558,80000000	0,66113432
559,00000000	0,66035112
559,20000000	0,66349679
559,40000000	0,66417159
559,60000000	0,66396124
559,80000000	0,66362065
560,00000000	0,66532376
560,20000000	0,66628046
560,40000000	0,66613686
560,60000000	0,66709799
560,80000000	0,66825680
561,00000000	0,66857077
561,20000000	0,67050835
561,40000000	0,67467998
561,60000000	0,67554041
561,80000000	0,67453730
562,00000000	0,67397344
562,20000000	0,67693759
562,40000000	0,67701125
562,60000000	0,67536732
562,80000000	0,67638101
563,00000000	0,67794528
563,20000000	0,68016223
563,40000000	0,68115440
563,60000000	0,68043590
563,80000000	0,68054278
564,00000000	0,68238398
564,20000000	0,68562292
564,40000000	0,68766607
564,60000000	0,68650306
564,80000000	0,68398466
565,00000000	0,68476825
565,20000000	0,68842588
565,40000000	0,68890757
565,60000000	0,68742430
565,80000000	0,68828442
566,00000000	0,69220374
566,20000000	0,69510977
566,40000000	0,69533425
566,60000000	0,69304433
566,80000000	0,69021492
567,00000000	0,69317668
567,20000000	0,69403085
567,40000000	0,69550520
567,60000000	0,69789474
567,80000000	0,69849979
568,00000000	0,69838168
568,20000000	0,69641380
568,40000000	0,69597676
568,60000000	0,69636351
568,80000000	0,69625688
569,00000000	0,69986951
569,20000000	0,70064413
569,40000000	0,70030656
569,60000000	0,70218327
569,80000000	0,70348619
570,00000000	0,70377702
570,20000000	0,70415578
570,40000000	0,70689140
570,60000000	0,70650467
570,80000000	0,70312479
571,00000000	0,70388953
571,20000000	0,70818735
571,40000000	0,70967875
571,60000000	0,70780685
571,80000000	0,70663148
572,00000000	0,70625716
572,20000000	0,70713643
572,40000000	0,70754206
572,60000000	0,70691176
572,80000000	0,70722662
573,00000000	0,70551488
573,20000000	0,70623583
573,40000000	0,71053862
573,60000000	0,70864546
573,80000000	0,70740661
574,00000000	0,70871514
574,20000000	0,70943627
574,40000000	0,71156827
574,60000000	0,71228566
574,80000000	0,71130466
575,00000000	0,71153111
575,20000000	0,71184670
575,40000000	0,71088393
575,60000000	0,71078873
575,80000000	0,71032715
576,00000000	0,71158638
576,20000000	0,71201466
576,40000000	0,71243125
576,60000000	0,71362728
576,80000000	0,71224604
577,00000000	0,71103621
577,20000000	0,71114373
577,40000000	0,71186957
577,60000000	0,71090869
577,80000000	0,71183712
578,00000000	0,71459951
578,20000000	0,71622212
578,40000000	0,71420931
578,60000000	0,71553434
578,80000000	0,71686104
579,00000000	0,71588249
579,20000000	0,71587562
579,40000000	0,71687963
579,60000000	0,71741059
579,80000000	0,71921397
580,00000000	0,72081811
580,20000000	0,72147788
580,40000000	0,72021362
580,60000000	0,71834139
580,80000000	0,72373130
581,00000000	0,72526681
581,20000000	0,72302663
581,40000000	0,72431831
581,60000000	0,72293838
581,80000000	0,72176808
582,00000000	0,72627689
582,20000000	0,72733740
582,40000000	0,72598902
582,60000000	0,72488442
582,80000000	0,72569324
583,00000000	0,72665101
583,20000000	0,72718189
583,40000000	0,72724773
583,60000000	0,72831814
583,80000000	0,72861507
584,00000000	0,73243521
584,20000000	0,73291736
584,40000000	0,72906757
584,60000000	0,73397698
584,80000000	0,73557467
585,00000000	0,73528426
585,20000000	0,73706886
585,40000000	0,73490196
585,60000000	0,73692231
585,80000000	0,73804687
586,00000000	0,73737634
586,20000000	0,73953373
586,40000000	0,74070409
586,60000000	0,73816630
586,80000000	0,73765815
587,00000000	0,74310837
587,20000000	0,74581602
587,40000000	0,74526227
587,60000000	0,74479883
587,80000000	0,74647346
588,00000000	0,74692937
588,20000000	0,74961585
588,40000000	0,75350047
588,60000000	0,74971908
588,80000000	0,75121883
589,00000000	0,75554252
589,20000000	0,75420152
589,40000000	0,75299253
589,60000000	0,75624296
589,80000000	0,75976306
590,00000000	0,75990542
590,20000000	0,75736159
590,40000000	0,76031705
590,60000000	0,76047918
590,80000000	0,76111862
591,00000000	0,76363946
591,20000000	0,76250259
591,40000000	0,76424203
591,60000000	0,76702411
591,80000000	0,76746399
592,00000000	0,76958896
592,20000000	0,77116307
592,40000000	0,77167316
592,60000000	0,77215214
592,80000000	0,77387718
593,00000000	0,77659773
593,20000000	0,77394478
593,40000000	0,77200528
593,60000000	0,77577624
593,80000000	0,77859687
594,00000000	0,78058458
594,20000000	0,77976927
594,40000000	0,78023023
594,60000000	0,78216156
594,80000000	0,78211311
595,00000000	0,78301215
595,20000000	0,78672796
595,40000000	0,78416288
595,60000000	0,78494802
595,80000000	0,78841020
596,00000000	0,78748512
596,20000000	0,78653633
596,40000000	0,78910345
596,60000000	0,79267784
596,80000000	0,79389837
597,00000000	0,79421281
597,20000000	0,79474479
597,40000000	0,79348767
597,60000000	0,79580903
597,80000000	0,79640318
598,00000000	0,79734336
598,20000000	0,80132433
598,40000000	0,80178480
598,60000000	0,80148125
598,80000000	0,80189136
599,00000000	0,80280876
599,20000000	0,80605361
599,40000000	0,80511399
599,60000000	0,80494010
599,80000000	0,80745202
600,00000000	0,80799831
600,20000000	0,80852234
600,40000000	0,80672786
600,60000000	0,80857900
600,80000000	0,80855601
601,00000000	0,80719107
601,20000000	0,80943394
601,40000000	0,81132138
601,60000000	0,81321377
601,80000000	0,81499102
602,00000000	0,81523755
602,20000000	0,81542916
602,40000000	0,81635143
602,60000000	0,81696875
602,80000000	0,81685257
603,00000000	0,81689330
603,20000000	0,81861181
603,40000000	0,81819408
603,60000000	0,81845238
603,80000000	0,82012020
604,00000000	0,81993066
604,20000000	0,82139106
604,40000000	0,82447072
604,60000000	0,82486527
604,80000000	0,82331784
605,00000000	0,82346087
605,20000000	0,82329635
605,40000000	0,82626313
605,60000000	0,82784069
605,80000000	0,82677844
606,00000000	0,82886461
606,20000000	0,82911307
606,40000000	0,82809751
606,60000000	0,82929781
606,80000000	0,82981800
607,00000000	0,83107090
607,20000000	0,83051277
607,40000000	0,83072507
607,60000000	0,83339177
607,80000000	0,83544905
608,00000000	0,83567524
608,20000000	0,83598926
608,40000000	0,83517292
608,60000000	0,83608246
608,80000000	0,83755889
609,00000000	0,83780036
609,20000000	0,83933451
609,40000000	0,84046175
609,60000000	0,84017657
609,80000000	0,84050033
610,00000000	0,84164395
610,20000000	0,84166863
610,40000000	0,83992566
610,60000000	0,84013896
610,80000000	0,84221920
611,00000000	0,84319713
611,20000000	0,84348937
611,40000000	0,84552058
611,60000000	0,84670208
611,80000000	0,84733098
612,00000000	0,84657440
612,20000000	0,84786370
612,40000000	0,84852479
612,60000000	0,84877408
612,80000000	0,85054956
613,00000000	0,85232787
613,20000000	0,84995417
613,40000000	0,85338337
613,60000000	0,85434380
613,80000000	0,85180879
614,00000000	0,85303094
614,20000000	0,85643180
614,40000000	0,85817220
614,60000000	0,85647225
614,80000000	0,85636612
615,00000000	0,85910567
615,20000000	0,86031684
615,40000000	0,85967738
615,60000000	0,86001953
615,80000000	0,86306906
616,00000000	0,86299393
616,20000000	0,86257002
616,40000000	0,86381950
616,60000000	0,86505531
616,80000000	0,86566614
617,00000000	0,86711460
617,20000000	0,86900540
617,40000000	0,86889379
617,60000000	0,86936738
617,80000000	0,87064704
618,00000000	0,87111121
618,20000000	0,87056603
618,40000000	0,87123715
618,60000000	0,87192780
618,80000000	0,87282537
619,00000000	0,87494861
619,20000000	0,87660091
619,40000000	0,87558813
619,60000000	0,87759780
619,80000000	0,87929455
620,00000000	0,87771434
620,20000000	0,87946743
620,40000000	0,88006550
620,60000000	0,88035130
620,80000000	0,88104923
621,00000000	0,88223649
621,20000000	0,88325731
621,40000000	0,88460286
621,60000000	0,88572645
621,80000000	0,88506805
622,00000000	0,88658573
622,20000000	0,88822429
622,40000000	0,88714423
622,60000000	0,88595328
622,80000000	0,88774851
623,00000000	0,89000894
623,20000000	0,89034203
623,40000000	0,89010591
623,60000000	0,89148153
623,80000000	0,89278476
624,00000000	0,89318126
624,20000000	0,89411194
624,40000000	0,89513412
624,60000000	0,89568802
624,80000000	0,89649873
625,00000000	0,89710576
625,20000000	0,89745518
625,40000000	0,89752975
625,60000000	0,89905428
625,80000000	0,90045452
626,00000000	0,89902337
626,20000000	0,90013794
626,40000000	0,90056584
626,60000000	0,90070094
626,80000000	0,90317873
627,00000000	0,90357292
627,20000000	0,90369368
627,40000000	0,90326729
627,60000000	0,90415869
627,80000000	0,90516380
628,00000000	0,90443263
628,20000000	0,90538015
628,40000000	0,90609873
628,60000000	0,90653065
628,80000000	0,90757943
629,00000000	0,90711734
629,20000000	0,90714909
629,40000000	0,90767574
629,60000000	0,90930149
629,80000000	0,90945682
630,00000000	0,90855408
630,20000000	0,90860926
630,40000000	0,90970339
630,60000000	0,90941963
630,80000000	0,91083722
631,00000000	0,91157679
631,20000000	0,91213632
631,40000000	0,91319266
631,60000000	0,91305160
631,80000000	0,91260934
632,00000000	0,91234253
632,20000000	0,91252481
632,40000000	0,91243479
632,60000000	0,91365283
632,80000000	0,91357114
633,00000000	0,91341196
633,20000000	0,91361940
633,40000000	0,91410640
633,60000000	0,91449896
633,80000000	0,91379256
634,00000000	0,91470089
634,20000000	0,91581683
634,40000000	0,91574971
634,60000000	0,91527207
634,80000000	0,91629876
635,00000000	0,91673614
635,20000000	0,91665932
635,40000000	0,91654784
635,60000000	0,91743429
635,80000000	0,91802896
636,00000000	0,91750205
636,20000000	0,91756583
636,40000000	0,91842938
636,60000000	0,91863335
636,80000000	0,91896336
637,00000000	0,91932303
637,20000000	0,91980985
637,40000000	0,92008245
637,60000000	0,92103396
637,80000000	0,92080889
638,00000000	0,92045641
638,20000000	0,92221898
638,40000000	0,92140346
638,60000000	0,92137499
638,80000000	0,92206206
639,00000000	0,92251353
639,20000000	0,92332024
639,40000000	0,92283843
639,60000000	0,92243352
639,80000000	0,92355901
640,00000000	0,92418236
640,20000000	0,92392572
640,40000000	0,92468538
640,60000000	0,92513879
640,80000000	0,92570902
641,00000000	0,92672064
641,20000000	0,92695455
641,40000000	0,92819122
641,60000000	0,92782239
641,80000000	0,92784647
642,00000000	0,92842088
642,20000000	0,92796259
642,40000000	0,92770469
642,60000000	0,92934134
642,80000000	0,93068428
643,00000000	0,93073376
643,20000000	0,93152903
643,40000000	0,93191281
643,60000000	0,93239495
643,80000000	0,93367263
644,00000000	0,93429610
644,20000000	0,93468628
644,40000000	0,93460027
644,60000000	0,93430310
644,80000000	0,93443327
645,00000000	0,93530537
645,20000000	0,93633213
645,40000000	0,93673689
645,60000000	0,93688536
645,80000000	0,93783205
646,00000000	0,93839358
646,20000000	0,93890033
646,40000000	0,93894283
646,60000000	0,93988860
646,80000000	0,94049684
647,00000000	0,94012034
647,20000000	0,94057683
647,40000000	0,94157514
647,60000000	0,94203467
647,80000000	0,94286190
648,00000000	0,94298290
648,20000000	0,94321091
648,40000000	0,94311211
648,60000000	0,94397721
648,80000000	0,94498131
649,00000000	0,94516291
649,20000000	0,94551374
649,40000000	0,94645411
649,60000000	0,94701493
649,80000000	0,94692373
650,00000000	0,94733846
650,20000000	0,94831483
650,40000000	0,94833345
650,60000000	0,94778485
650,80000000	0,94818107
651,00000000	0,94911069
651,20000000	0,94866186
651,40000000	0,94908533
651,60000000	0,94989750
651,80000000	0,94975486
652,00000000	0,95002088
652,20000000	0,95062288
652,40000000	0,95064776
652,60000000	0,95088457
652,80000000	0,95085235
653,00000000	0,95061595
653,20000000	0,95151875
653,40000000	0,95212398
653,60000000	0,95172842
653,80000000	0,95159894
654,00000000	0,95243366
654,20000000	0,95232496
654,40000000	0,95193973
654,60000000	0,95214636
654,80000000	0,95294813
655,00000000	0,95244259
655,20000000	0,95182375
655,40000000	0,95210565
655,60000000	0,95230509
655,80000000	0,95232860
656,00000000	0,95174284
656,20000000	0,95135011
656,40000000	0,95186717
656,60000000	0,95236228
656,80000000	0,95151961
657,00000000	0,95121401
657,20000000	0,95075301
657,40000000	0,95099219
657,60000000	0,95131716
657,80000000	0,95078998
658,00000000	0,95041394
658,20000000	0,95055882
658,40000000	0,95047162
658,60000000	0,94995787
658,80000000	0,95018056
659,00000000	0,94984002
659,20000000	0,94944153
659,40000000	0,94966768
659,60000000	0,94926902
659,80000000	0,94832440
660,00000000	0,94832277
660,20000000	0,94827036
660,40000000	0,94724005
660,60000000	0,94739409
660,80000000	0,94787720
661,00000000	0,94686868
661,20000000	0,94631650
661,40000000	0,94645972
661,60000000	0,94637866
661,80000000	0,94593325
662,00000000	0,94579517
662,20000000	0,94568005
662,40000000	0,94476111
662,60000000	0,94434394
662,80000000	0,94453552
663,00000000	0,94398985
663,20000000	0,94385289
663,40000000	0,94432861
663,60000000	0,94393901
663,80000000	0,94337976
664,00000000	0,94333945
664,20000000	0,94271320
664,40000000	0,94227708
664,60000000	0,94235319
664,80000000	0,94243801
665,00000000	0,94252571
665,20000000	0,94066378
665,40000000	0,94139569
665,60000000	0,94171437
665,80000000	0,94094575
666,00000000	0,94076276
666,20000000	0,94048386
666,40000000	0,93969154
666,60000000	0,94013295
666,80000000	0,94038445
667,00000000	0,94047951
667,20000000	0,94017128
667,40000000	0,93923737
667,60000000	0,93923770
667,80000000	0,93928713
668,00000000	0,93956293
668,20000000	0,93922183
668,40000000	0,93901568
668,60000000	0,93921066
668,80000000	0,93879401
669,00000000	0,93809683
669,20000000	0,93832658
669,40000000	0,93893003
669,60000000	0,93868486
669,80000000	0,93856566
670,00000000	0,93863786
670,20000000	0,93859761
670,40000000	0,93862340
670,60000000	0,93853630
670,80000000	0,93811257
671,00000000	0,93851783
671,20000000	0,93911074
671,40000000	0,93953246
671,60000000	0,93956615
671,80000000	0,93853898
672,00000000	0,93816714
672,20000000	0,93812636
672,40000000	0,93891877
672,60000000	0,93925231
672,80000000	0,93858903
673,00000000	0,93841912
673,20000000	0,93869165
673,40000000	0,94007348
673,60000000	0,93923250
673,80000000	0,93963513
674,00000000	0,93947545
674,20000000	0,93943588
674,40000000	0,93967778
674,60000000	0,93992922
674,80000000	0,93999490
675,00000000	0,94021542
675,20000000	0,93945531
675,40000000	0,94003028
675,60000000	0,93938227
675,80000000	0,94018046
676,00000000	0,94077806
676,20000000	0,94066436
676,40000000	0,94081085
676,60000000	0,94052536
676,80000000	0,94097537
677,00000000	0,94150297
677,20000000	0,94122634
677,40000000	0,94072704
677,60000000	0,94187411
677,80000000	0,94152212
678,00000000	0,94023403
678,20000000	0,94093763
678,40000000	0,94172704
678,60000000	0,94188979
678,80000000	0,94210577
679,00000000	0,94200693
679,20000000	0,94212622
679,40000000	0,94216763
679,60000000	0,94194158
679,80000000	0,94182064
680,00000000	0,94192003
680,20000000	0,94279394
680,40000000	0,94306692
680,60000000	0,94296085
680,80000000	0,94244862
681,00000000	0,94290770
681,20000000	0,94228843
681,40000000	0,94246764
681,60000000	0,94260401
681,80000000	0,94251461
682,00000000	0,94212746
682,20000000	0,94187472
682,40000000	0,94294439
682,60000000	0,94314540
682,80000000	0,94298017
683,00000000	0,94245676
683,20000000	0,94297385
683,40000000	0,94320358
683,60000000	0,94277219
683,80000000	0,94261434
684,00000000	0,94289906
684,20000000	0,94269934
684,40000000	0,94278430
684,60000000	0,94312466
684,80000000	0,94283347
685,00000000	0,94277186
685,20000000	0,94300062
685,40000000	0,94284934
685,60000000	0,94255376
685,80000000	0,94310795
686,00000000	0,94296489
686,20000000	0,94242496
686,40000000	0,94224813
686,60000000	0,94201937
686,80000000	0,94184529
687,00000000	0,94162266
687,20000000	0,94208140
687,40000000	0,94233585
687,60000000	0,94167091
687,80000000	0,94168707
688,00000000	0,94178716
688,20000000	0,94204796
688,40000000	0,94172082
688,60000000	0,94149823
688,80000000	0,94151407
689,00000000	0,94175547
689,20000000	0,94182621
689,40000000	0,94129282
689,60000000	0,94076806
689,80000000	0,94080343
690,00000000	0,94043600
690,20000000	0,94081886
690,40000000	0,94053519
690,60000000	0,94121836
690,80000000	0,94112362
691,00000000	0,94090695
691,20000000	0,94071052
691,40000000	0,94098595
691,60000000	0,94110191
691,80000000	0,94078273
692,00000000	0,94041497
692,20000000	0,94073663
692,40000000	0,94139947
692,60000000	0,94088700
692,80000000	0,94079585
693,00000000	0,94145890
693,20000000	0,94176691
693,40000000	0,94121591
693,60000000	0,94053725
693,80000000	0,94076710
694,00000000	0,94145495
694,20000000	0,94150113
694,40000000	0,94117357
694,60000000	0,94102385
694,80000000	0,94175218
695,00000000	0,94209801
695,20000000	0,94133617
695,40000000	0,94117082
695,60000000	0,94183777
695,80000000	0,94221622
696,00000000	0,94170905
696,20000000	0,94176513
696,40000000	0,94273190
696,60000000	0,94266608
696,80000000	0,94211379
697,00000000	0,94207996
697,20000000	0,94344039
697,40000000	0,94323669
697,60000000	0,94256303
697,80000000	0,94271770
698,00000000	0,94324542
698,20000000	0,94433279
698,40000000	0,94374458
698,60000000	0,94396788
698,80000000	0,94451725
699,00000000	0,94523955
699,20000000	0,94484198
699,40000000	0,94441465
699,60000000	0,94548332
699,80000000	0,94653515
700,00000000	0,94583477
700,20000000	0,94527327
700,40000000	0,94573701
700,60000000	0,94672125
700,80000000	0,94644101
701,00000000	0,94637445
701,20000000	0,94715223
701,40000000	0,94798917
701,60000000	0,94725889
701,80000000	0,94689627
702,00000000	0,94700525
702,20000000	0,94832942
702,40000000	0,94825207
702,60000000	0,94795625
702,80000000	0,94837248
703,00000000	0,94859310
703,20000000	0,94880859
703,40000000	0,94865797
703,60000000	0,94795330
703,80000000	0,94952175
704,00000000	0,94991267
704,20000000	0,94931677
704,40000000	0,94951758
704,60000000	0,94998857
704,80000000	0,94997057
705,00000000	0,95008512
705,20000000	0,95021608
705,40000000	0,95079155
705,60000000	0,95079088
705,80000000	0,95053971
706,00000000	0,95023607
706,20000000	0,95088131
706,40000000	0,95149427
706,60000000	0,95119359
706,80000000	0,95059801
707,00000000	0,95086440
707,20000000	0,95124782
707,40000000	0,95151944
707,60000000	0,95143057
707,80000000	0,95139033
708,00000000	0,95167334
708,20000000	0,95189441
708,40000000	0,95150626
708,60000000	0,95167966
708,80000000	0,95174448
709,00000000	0,95178848
709,20000000	0,95061618
709,40000000	0,95120477
709,60000000	0,95186510
709,80000000	0,95180545
710,00000000	0,95171313
710,20000000	0,95100392
710,40000000	0,95165995
710,60000000	0,95164331
710,80000000	0,95154739
711,00000000	0,95124093
711,20000000	0,95132796
711,40000000	0,95135757
711,60000000	0,95092960
711,80000000	0,95027221
712,00000000	0,95092310
712,20000000	0,95154596
712,40000000	0,95062916
712,60000000	0,95025658
712,80000000	0,95079563
713,00000000	0,95014692
713,20000000	0,95000996
713,40000000	0,94982673
713,60000000	0,95002724
713,80000000	0,95061839
714,00000000	0,95037757
714,20000000	0,94983988
714,40000000	0,94936117
714,60000000	0,94996089
714,80000000	0,94959113
715,00000000	0,94928485
715,20000000	0,94927135
715,40000000	0,94960402
715,60000000	0,94995863
715,80000000	0,94920336
716,00000000	0,94886457
716,20000000	0,94911297
716,40000000	0,94868427
716,60000000	0,94833079
716,80000000	0,94909402
717,00000000	0,94892964
717,20000000	0,94856765
717,40000000	0,94833246
717,60000000	0,94827054
717,80000000	0,94880737
718,00000000	0,94910075
718,20000000	0,94891934
718,40000000	0,94850684
718,60000000	0,94866464
718,80000000	0,94834021
719,00000000	0,94862606
719,20000000	0,94832933
719,40000000	0,94855952
719,60000000	0,94892333
719,80000000	0,94852597
720,00000000	0,94873671
720,20000000	0,94911726
720,40000000	0,94927920
720,60000000	0,94911531
720,80000000	0,94870639
721,00000000	0,94917498
721,20000000	0,94925999
721,40000000	0,94934961
721,60000000	0,94945909
721,80000000	0,94966527
722,00000000	0,94939673
722,20000000	0,94957188
722,40000000	0,94988571
722,60000000	0,95028734
722,80000000	0,95044917
723,00000000	0,95016634
723,20000000	0,95042886
723,40000000	0,95125276
723,60000000	0,95168325
723,80000000	0,95100602
724,00000000	0,95149069
724,20000000	0,95170895
724,40000000	0,95200547
724,60000000	0,95245191
724,80000000	0,95261939
725,00000000	0,95274048
725,20000000	0,95293109
725,40000000	0,95322882
725,60000000	0,95350199
725,80000000	0,95356780
726,00000000	0,95386325
726,20000000	0,95422122
726,40000000	0,95489231
726,60000000	0,95500836
726,80000000	0,95589923
727,00000000	0,95591042
727,20000000	0,95586105
727,40000000	0,95621487
727,60000000	0,95684236
727,80000000	0,95732073
728,00000000	0,95725556
728,20000000	0,95787167
728,40000000	0,95829447
728,60000000	0,95843555
728,80000000	0,95906467
729,00000000	0,95942483
729,20000000	0,95984747
729,40000000	0,96008308
729,60000000	0,96037637
729,80000000	0,96087314
730,00000000	0,96159931
730,20000000	0,96181593
730,40000000	0,96183509
730,60000000	0,96233540
730,80000000	0,96314861
731,00000000	0,96312570
731,20000000	0,96342127
731,40000000	0,96389172
731,60000000	0,96432732
731,80000000	0,96506795
732,00000000	0,96529659
732,20000000	0,96548808
732,40000000	0,96632709
732,60000000	0,96688580
732,80000000	0,96657729
733,00000000	0,96657024
733,20000000	0,96763558
733,40000000	0,96812874
733,60000000	0,96802583
733,80000000	0,96842850
734,00000000	0,96956908
734,20000000	0,96958238
734,40000000	0,96958704
734,60000000	0,97027089
734,80000000	0,97091530
735,00000000	0,97069721
735,20000000	0,97153519
735,40000000	0,97179042
735,60000000	0,97202626
735,80000000	0,97217889
736,00000000	0,97252173
736,20000000	0,97283649
736,40000000	0,97330307
736,60000000	0,97350929
736,80000000	0,97383328
737,00000000	0,97448761
737,20000000	0,97451983
737,40000000	0,97502188
737,60000000	0,97484643
737,80000000	0,97503976
738,00000000	0,97517672
738,20000000	0,97544660
738,40000000	0,97611895
738,60000000	0,97606739
738,80000000	0,97673043
739,00000000	0,97697845
739,20000000	0,97703408
739,40000000	0,97726158
739,60000000	0,97727150
739,80000000	0,97776780
740,00000000	0,97797587
740,20000000	0,97792814
740,40000000	0,97832374
740,60000000	0,97828457
740,80000000	0,97844687
741,00000000	0,97873259
741,20000000	0,97920637
741,40000000	0,97948935
741,60000000	0,97929009
741,80000000	0,97935672
742,00000000	0,97963305
742,20000000	0,97955655
742,40000000	0,97985093
742,60000000	0,98018801
742,80000000	0,98022582
743,00000000	0,98017288
743,20000000	0,98015829
743,40000000	0,98036074
743,60000000	0,98051219
743,80000000	0,98062791
744,00000000	0,98107190
744,20000000	0,98082127
744,40000000	0,98114799
744,60000000	0,98129443
744,80000000	0,98118716
745,00000000	0,98138156
745,20000000	0,98159132
745,40000000	0,98171477
745,60000000	0,98163776
745,80000000	0,98171779
746,00000000	0,98192187
746,20000000	0,98209172
746,40000000	0,98213713
746,60000000	0,98233343
746,80000000	0,98238651
747,00000000	0,98236463
747,20000000	0,98228182
747,40000000	0,98224442
747,60000000	0,98267755
747,80000000	0,98256996
748,00000000	0,98269404
748,20000000	0,98265845
748,40000000	0,98259815
748,60000000	0,98289034
748,80000000	0,98306117
749,00000000	0,98320355
749,20000000	0,98311166
749,40000000	0,98322890
749,60000000	0,98336879
749,80000000	0,98335412
750,00000000	0,98349352
750,20000000	0,98378678
750,40000000	0,98368295
750,60000000	0,98360339
750,80000000	0,98395164
751,00000000	0,98392310
751,20000000	0,98420885
751,40000000	0,98419472
751,60000000	0,98413731
751,80000000	0,98443472
752,00000000	0,98444561
752,20000000	0,98441944
752,40000000	0,98467389
752,60000000	0,98495985
752,80000000	0,98497410
753,00000000	0,98501019
753,20000000	0,98497882
753,40000000	0,98530900
753,60000000	0,98568021
753,80000000	0,98547833
754,00000000	0,98584909
754,20000000	0,98586576
754,40000000	0,98607254
754,60000000	0,98577476
754,80000000	0,98618874
755,00000000	0,98676905
755,20000000	0,98688556
755,40000000	0,98659362
755,60000000	0,98649603
755,80000000	0,98669855
756,00000000	0,98708330
756,20000000	0,98729160
756,40000000	0,98759357
756,60000000	0,98771247
756,80000000	0,98798833
757,00000000	0,98808566
757,20000000	0,98769492
757,40000000	0,98838373
757,60000000	0,98866967
757,80000000	0,98865311
758,00000000	0,98879490
758,20000000	0,98893719
758,40000000	0,98946081
758,60000000	0,98941016
758,80000000	0,98932944
759,00000000	0,98944792
759,20000000	0,98983142
759,40000000	0,98995729
759,60000000	0,99012072
759,80000000	0,99031033
760,00000000	0,99057241
760,20000000	0,99062826
760,40000000	0,99073265
760,60000000	0,99076055
760,80000000	0,99107731
761,00000000	0,99140051
761,20000000	0,99126485
761,40000000	0,99159371
761,60000000	0,99183653
761,80000000	0,99207797
762,00000000	0,99204598
762,20000000	0,99203999
762,40000000	0,99233606
762,60000000	0,99245234
762,80000000	0,99252392
763,00000000	0,99280033
763,20000000	0,99304895
763,40000000	0,99317377
763,60000000	0,99322886
763,80000000	0,99315229
764,00000000	0,99348394
764,20000000	0,99360437
764,40000000	0,99366438
764,60000000	0,99383767
764,80000000	0,99398201
765,00000000	0,99399383
765,20000000	0,99405006
765,40000000	0,99423739
765,60000000	0,99442233
765,80000000	0,99430503
766,00000000	0,99448848
766,20000000	0,99460086
766,40000000	0,99483170
766,60000000	0,99479919
766,80000000	0,99488488
767,00000000	0,99496924
767,20000000	0,99523177
767,40000000	0,99527529
767,60000000	0,99535925
767,80000000	0,99532832
768,00000000	0,99544000
768,20000000	0,99564741
768,40000000	0,99563995
768,60000000	0,99547915
768,80000000	0,99576474
769,00000000	0,99586966
769,20000000	0,99587300
769,40000000	0,99595438
769,60000000	0,99608438
769,80000000	0,99605479
770,00000000	0,99600292
770,20000000	0,99611125
770,40000000	0,99592709
770,60000000	0,99618816
770,80000000	0,99616826
771,00000000	0,99638501
771,20000000	0,99622411
771,40000000	0,99627768
771,60000000	0,99634865
771,80000000	0,99639844
772,00000000	0,99643033
772,20000000	0,99659678
772,40000000	0,99639984
772,60000000	0,99642428
772,80000000	0,99626815
773,00000000	0,99655194
773,20000000	0,99654352
773,40000000	0,99627936
773,60000000	0,99630735
773,80000000	0,99646643
774,00000000	0,99649321
774,20000000	0,99630869
774,40000000	0,99631374
774,60000000	0,99639615
774,80000000	0,99656643
775,00000000	0,99642659
775,20000000	0,99619730
775,40000000	0,99636015
775,60000000	0,99651421
775,80000000	0,99626655
776,00000000	0,99627261
776,20000000	0,99637088
776,40000000	0,99616042
776,60000000	0,99611588
776,80000000	0,99598620
777,00000000	0,99622315
777,20000000	0,99615980
777,40000000	0,99598051
777,60000000	0,99600815
777,80000000	0,99608180
778,00000000	0,99614777
778,20000000	0,99605729
778,40000000	0,99598983
778,60000000	0,99595391
778,80000000	0,99579400
779,00000000	0,99569582
779,20000000	0,99573641
779,40000000	0,99575563
779,60000000	0,99551118
779,80000000	0,99553959
780,00000000	0,99553741
780,20000000	0,99544530
780,40000000	0,99546260
780,60000000	0,99544374
780,80000000	0,99533023
781,00000000	0,99510978
781,20000000	0,99513378
781,40000000	0,99525607
781,60000000	0,99485979
781,80000000	0,99482517
782,00000000	0,99496307
782,20000000	0,99470638
782,40000000	0,99464610
782,60000000	0,99466738
782,80000000	0,99472930
783,00000000	0,99439557
783,20000000	0,99433370
783,40000000	0,99423643
783,60000000	0,99425902
783,80000000	0,99436568
784,00000000	0,99411606
784,20000000	0,99388420
784,40000000	0,99416142
784,60000000	0,99414561
784,80000000	0,99384935
785,00000000	0,99364244
785,20000000	0,99345915
785,40000000	0,99357855
785,60000000	0,99350026
785,80000000	0,99339093
786,00000000	0,99344524
786,20000000	0,99314168
786,40000000	0,99285228
786,60000000	0,99278023
786,80000000	0,99308562
787,00000000	0,99287802
787,20000000	0,99286620
787,40000000	0,99259864
787,60000000	0,99258065
787,80000000	0,99240071
788,00000000	0,99258446
788,20000000	0,99246307
788,40000000	0,99238495
788,60000000	0,99231905
788,80000000	0,99221727
789,00000000	0,99195832
789,20000000	0,99205040
789,40000000	0,99203070
789,60000000	0,99180128
789,80000000	0,99190722
790,00000000	0,99172450
790,20000000	0,99146680
790,40000000	0,99108403
790,60000000	0,99120719
790,80000000	0,99146843
791,00000000	0,99123752
791,20000000	0,99095360
791,40000000	0,99101419
791,60000000	0,99101374
791,80000000	0,99078634
792,00000000	0,99055656
792,20000000	0,99056229
792,40000000	0,99048665
792,60000000	0,99040936
792,80000000	0,99040973
793,00000000	0,99061590
793,20000000	0,99053622
793,40000000	0,99045846
793,60000000	0,99001414
793,80000000	0,98984961
794,00000000	0,99010049
794,20000000	0,99000608
794,40000000	0,98990058
794,60000000	0,98975951
794,80000000	0,98979101
795,00000000	0,98971179
795,20000000	0,98953759
795,40000000	0,98975641
795,60000000	0,98941002
795,80000000	0,98947164
796,00000000	0,98887070
796,20000000	0,98892018
796,40000000	0,98947227
796,60000000	0,98921434
796,80000000	0,98930884
797,00000000	0,98907979
797,20000000	0,98868664
797,40000000	0,98896215
797,60000000	0,98894557
797,80000000	0,98849942
798,00000000	0,98876116
798,20000000	0,98895006
798,40000000	0,98850675
798,60000000	0,98861505
798,80000000	0,98888292
799,00000000	0,98870294
799,20000000	0,98829068
799,40000000	0,98868916
799,60000000	0,98855227
799,80000000	0,98830613
800,00000000	0,98797858
800,20000000	0,98801831
800,40000000	0,98775581
800,60000000	0,98798825
800,80000000	0,98826240
801,00000000	0,98820429
801,20000000	0,98784507
801,40000000	0,98794398
801,60000000	0,98807787
801,80000000	0,98779184
802,00000000	0,98773724
802,20000000	0,98807749
802,40000000	0,98797380
802,60000000	0,98801976
802,80000000	0,98764757
803,00000000	0,98782389
803,20000000	0,98779902
803,40000000	0,98752393
803,60000000	0,98743758
803,80000000	0,98789009
804,00000000	0,98762214
804,20000000	0,98739139
804,40000000	0,98712312
804,60000000	0,98740709
804,80000000	0,98714669
805,00000000	0,98720774
805,20000000	0,98691200
805,40000000	0,98725217
805,60000000	0,98739222
805,80000000	0,98679618
806,00000000	0,98657699
806,20000000	0,98637798
806,40000000	0,98663138
806,60000000	0,98613179
806,80000000	0,98620363
807,00000000	0,98662237
807,20000000	0,98643194
807,40000000	0,98634319
807,60000000	0,98612460
807,80000000	0,98640873
808,00000000	0,98585912
808,20000000	0,98595503
808,40000000	0,98607382
808,60000000	0,98588537
808,80000000	0,98631886
809,00000000	0,98591557
809,20000000	0,98547890
809,40000000	0,98561966
809,60000000	0,98528063
809,80000000	0,98561631
810,00000000	0,98545872
810,20000000	0,98525339
810,40000000	0,98522169
810,60000000	0,98526999
810,80000000	0,98453362
811,00000000	0,98487035
811,20000000	0,98492143
811,40000000	0,98475496
811,60000000	0,98448380
811,80000000	0,98441074
812,00000000	0,98485079
812,20000000	0,98403636
812,40000000	0,98390522
812,60000000	0,98460870
812,80000000	0,98390295
813,00000000	0,98410258
813,20000000	0,98361612
813,40000000	0,98418468
813,60000000	0,98383073
813,80000000	0,98360041
814,00000000	0,98343482
814,20000000	0,98330264
814,40000000	0,98367911
814,60000000	0,98320709
814,80000000	0,98242873
815,00000000	0,98290179
815,20000000	0,98306850
815,40000000	0,98320334
815,60000000	0,98254610
815,80000000	0,98277563
816,00000000	0,98321525
816,20000000	0,98226733
816,40000000	0,98194926
816,60000000	0,98227298
816,80000000	0,98198018
817,00000000	0,98194774
817,20000000	0,98170175
817,40000000	0,98156316
817,60000000	0,98117243
817,80000000	0,98131570
818,00000000	0,98150688
818,20000000	0,98127299
818,40000000	0,98097648
818,60000000	0,98106198
818,80000000	0,98083675
819,00000000	0,98094811
819,20000000	0,98021555
819,40000000	0,97989827
819,60000000	0,98011100
819,80000000	0,97961208
820,00000000	0,97973186
820,20000000	0,97942352
820,40000000	0,97910656
820,60000000	0,97875467
820,80000000	0,97864486
821,00000000	0,97800906
821,20000000	0,97844240
821,40000000	0,97797178
821,60000000	0,97785245
821,80000000	0,97787620
822,00000000	0,97704032
822,20000000	0,97648185
822,40000000	0,97626642
822,60000000	0,97691813
822,80000000	0,97662151
823,00000000	0,97608500
823,20000000	0,97567686
823,40000000	0,97563369
823,60000000	0,97461162
823,80000000	0,97389999
824,00000000	0,97516347
824,20000000	0,97429132
824,40000000	0,97311581
824,60000000	0,97340652
824,80000000	0,97274484
825,00000000	0,97325301
825,20000000	0,97277509
825,40000000	0,97156195
825,60000000	0,97083050
825,80000000	0,97194295
826,00000000	0,97142445
826,20000000	0,97013499
826,40000000	0,96990142
826,60000000	0,97011905
826,80000000	0,96924070
827,00000000	0,96839528
827,20000000	0,96783214
827,40000000	0,96814363
827,60000000	0,96779253
827,80000000	0,96602897
828,00000000	0,96579863
828,20000000	0,96583679
828,40000000	0,96451591
828,60000000	0,96449413
828,80000000	0,96420250
829,00000000	0,96346983
829,20000000	0,96364765
829,40000000	0,96258912
829,60000000	0,96246696
829,80000000	0,96159144
830,00000000	0,96142511
830,20000000	0,96167448
830,40000000	0,95980235
830,60000000	0,95974642
830,80000000	0,95969399
831,00000000	0,95797181
831,20000000	0,95659245
831,40000000	0,95695388
831,60000000	0,95735003
831,80000000	0,95633654
832,00000000	0,95428701
832,20000000	0,95442708
832,40000000	0,95412151
832,60000000	0,95409843
832,80000000	0,95239641
833,00000000	0,95154537
833,20000000	0,95083263
833,40000000	0,95117139
833,60000000	0,94907638
833,80000000	0,94903893
834,00000000	0,95071679
834,20000000	0,94796702
834,40000000	0,94666163
834,60000000	0,94798778
834,80000000	0,94714858
835,00000000	0,94579530
835,20000000	0,94593455
835,40000000	0,94585161
835,60000000	0,94537770
835,80000000	0,94369470
836,00000000	0,94365012
836,20000000	0,94245740
836,40000000	0,94245332
836,60000000	0,94242258
836,80000000	0,94080547
837,00000000	0,94055602
837,20000000	0,94071066
837,40000000	0,93942575
837,60000000	0,93860803
837,80000000	0,93842001
838,00000000	0,93870035
838,20000000	0,93803469
838,40000000	0,93641340
838,60000000	0,93748213
838,80000000	0,93664716
839,00000000	0,93601038
839,20000000	0,93566643
839,40000000	0,93573035
839,60000000	0,93519970
839,80000000	0,93537079
840,00000000	0,93339479
840,20000000	0,93421429
840,40000000	0,93452748
840,60000000	0,93332851
840,80000000	0,93349156
841,00000000	0,93377178
841,20000000	0,93210321
841,40000000	0,93216959
841,60000000	0,93192782
841,80000000	0,93210550
842,00000000	0,93236061
842,20000000	0,93362078
842,40000000	0,93175777
842,60000000	0,93078653
842,80000000	0,93233184
843,00000000	0,93108565
843,20000000	0,93117514
843,40000000	0,93098309
843,60000000	0,93160389
843,80000000	0,93255189
844,00000000	0,93274931
844,20000000	0,93043937
844,40000000	0,93184349
844,60000000	0,93242505
844,80000000	0,93079821
845,00000000	0,93120314
845,20000000	0,93269234
845,40000000	0,93263744
845,60000000	0,93232793
845,80000000	0,93239906
846,00000000	0,93294430
846,20000000	0,93357881
846,40000000	0,93353249
846,60000000	0,93270631
846,80000000	0,93395952
847,00000000	0,93392631
847,20000000	0,93409995
847,40000000	0,93454535
847,60000000	0,93404151
847,80000000	0,93655705
848,00000000	0,93664174
848,20000000	0,93593282
848,40000000	0,93717489
848,60000000	0,93741390
848,80000000	0,93751226
849,00000000	0,93795733
849,20000000	0,93869070
849,40000000	0,94018811
849,60000000	0,93970661
849,80000000	0,93905205
850,00000000	0,94069727
850,20000000	0,94142481
850,40000000	0,94139403
850,60000000	0,94229211
850,80000000	0,94311721
851,00000000	0,94365484
851,20000000	0,94390842
851,40000000	0,94448725
851,60000000	0,94484098
851,80000000	0,94554967
852,00000000	0,94686360
852,20000000	0,94712659
852,40000000	0,94795915
852,60000000	0,94792923
852,80000000	0,94921887
853,00000000	0,94987550
853,20000000	0,95023696
853,40000000	0,95069471
853,60000000	0,95237415
853,80000000	0,95232987
854,00000000	0,95258080
854,20000000	0,95290660
854,40000000	0,95426263
854,60000000	0,95527397
854,80000000	0,95541432
855,00000000	0,95637059
855,20000000	0,95693440
855,40000000	0,95733304
855,60000000	0,95860745
855,80000000	0,95869589
856,00000000	0,95976979
856,20000000	0,95939139
856,40000000	0,96049477
856,60000000	0,96178930
856,80000000	0,96226952
857,00000000	0,96277938
857,20000000	0,96227829
857,40000000	0,96298627
857,60000000	0,96429873
857,80000000	0,96540768
858,00000000	0,96484969
858,20000000	0,96558107
858,40000000	0,96680215
858,60000000	0,96736783
858,80000000	0,96752054
859,00000000	0,96790846
859,20000000	0,96854648
859,40000000	0,96894284
859,60000000	0,96948431
859,80000000	0,96992034
860,00000000	0,97092138
860,20000000	0,97102083
860,40000000	0,97139959
860,60000000	0,97173403
860,80000000	0,97246510
861,00000000	0,97302862
861,20000000	0,97298035
861,40000000	0,97369586
861,60000000	0,97375370
861,80000000	0,97474713
862,00000000	0,97459205
862,20000000	0,97434528
862,40000000	0,97521726
862,60000000	0,97569248
862,80000000	0,97574380
863,00000000	0,97626001
863,20000000	0,97660272
863,40000000	0,97686724
863,60000000	0,97678120
863,80000000	0,97737829
864,00000000	0,97714715
864,20000000	0,97763950
864,40000000	0,97846119
864,60000000	0,97768000
864,80000000	0,97882174
865,00000000	0,97850711
865,20000000	0,97885835
865,40000000	0,97893246
865,60000000	0,97940443
865,80000000	0,97977332
866,00000000	0,97986310
866,20000000	0,97961165
866,40000000	0,97976553
866,60000000	0,98054350
866,80000000	0,98060756
867,00000000	0,98008258
867,20000000	0,98030142
867,40000000	0,98084817
867,60000000	0,98078667
867,80000000	0,98077308
868,00000000	0,98074954
868,20000000	0,98115608
868,40000000	0,98106091
868,60000000	0,98140685
868,80000000	0,98148921
869,00000000	0,98118967
869,20000000	0,98140236
869,40000000	0,98166207
869,60000000	0,98145281
869,80000000	0,98121944
870,00000000	0,98211349
870,20000000	0,98189791
870,40000000	0,98160462
870,60000000	0,98190646
870,80000000	0,98209437
871,00000000	0,98191355
871,20000000	0,98205086
871,40000000	0,98182586
871,60000000	0,98194743
871,80000000	0,98203555
872,00000000	0,98230957
872,20000000	0,98227290
872,40000000	0,98233100
872,60000000	0,98252531
872,80000000	0,98259800
873,00000000	0,98241333
873,20000000	0,98261526
873,40000000	0,98236135
873,60000000	0,98245723
873,80000000	0,98288108
874,00000000	0,98275981
874,20000000	0,98265840
874,40000000	0,98294006
874,60000000	0,98290687
874,80000000	0,98304812
875,00000000	0,98259961
875,20000000	0,98208170
875,40000000	0,98251893
875,60000000	0,98270659
875,80000000	0,98252848
876,00000000	0,98270696
876,20000000	0,98266969
876,40000000	0,98230472
876,60000000	0,98225119
876,80000000	0,98226984
877,00000000	0,98193734
877,20000000	0,98305087
877,40000000	0,98214350
877,60000000	0,98244399
877,80000000	0,98215914
878,00000000	0,98190636
878,20000000	0,98224807
878,40000000	0,98187169
878,60000000	0,98179478
878,80000000	0,98205607
879,00000000	0,98167142
879,20000000	0,98129962
879,40000000	0,98135788
879,60000000	0,98152659
879,80000000	0,98134449
880,00000000	0,98113378
880,20000000	0,98070298
880,40000000	0,98102494
880,60000000	0,98138655
880,80000000	0,98086211
881,00000000	0,98073642
881,20000000	0,98074326
881,40000000	0,98039477
881,60000000	0,97978272
881,80000000	0,98004639
882,00000000	0,97964155
882,20000000	0,97977765
882,40000000	0,97923728
882,60000000	0,97895246
882,80000000	0,97878183
883,00000000	0,97863037
883,20000000	0,97846308
883,40000000	0,97831641
883,60000000	0,97771590
883,80000000	0,97795430
884,00000000	0,97801850
884,20000000	0,97654250
884,40000000	0,97660277
884,60000000	0,97735678
884,80000000	0,97602357
885,00000000	0,97691651
885,20000000	0,97545732
885,40000000	0,97592365
885,60000000	0,97573289
885,80000000	0,97495519
886,00000000	0,97443341
886,20000000	0,97518155
886,40000000	0,97495448
886,60000000	0,97333320
886,80000000	0,97341775
887,00000000	0,97323322
887,20000000	0,97225323
887,40000000	0,97250165
887,60000000	0,97241453
887,80000000	0,97236733
888,00000000	0,97208919
888,20000000	0,97143862
888,40000000	0,97120561
888,60000000	0,97093402
888,80000000	0,97118075
889,00000000	0,97031476
889,20000000	0,96998842
889,40000000	0,96974896
889,60000000	0,96973616
889,80000000	0,96902042
890,00000000	0,96810981
890,20000000	0,96867368
890,40000000	0,96828968
890,60000000	0,96827976
890,80000000	0,96678864
891,00000000	0,96697815
891,20000000	0,96722135
891,40000000	0,96643035
891,60000000	0,96665584
891,80000000	0,96634594
892,00000000	0,96646461
892,20000000	0,96591273
892,40000000	0,96536474
892,60000000	0,96539685
892,80000000	0,96624363
893,00000000	0,96525587
893,20000000	0,96458191
893,40000000	0,96391969
893,60000000	0,96468648
893,80000000	0,96414884
894,00000000	0,96426812
894,20000000	0,96368129
894,40000000	0,96433457
894,60000000	0,96381327
894,80000000	0,96346186
895,00000000	0,96431481
895,20000000	0,96387568
895,40000000	0,96334811
895,60000000	0,96382311
895,80000000	0,96328148
896,00000000	0,96356820
896,20000000	0,96299511
896,40000000	0,96286356
896,60000000	0,96303264
896,80000000	0,96390577
897,00000000	0,96305091
897,20000000	0,96347961
897,40000000	0,96361924
897,60000000	0,96367308
897,80000000	0,96372295
898,00000000	0,96408123
898,20000000	0,96361590
898,40000000	0,96431329
898,60000000	0,96429790
898,80000000	0,96444725
899,00000000	0,96404198
899,20000000	0,96514281
899,40000000	0,96455199
899,60000000	0,96390243
899,80000000	0,96419691
900,00000000	0,96462027
