150,00000000	0,89955340
150,20000000	0,89518849
150,40000000	0,91465265
150,60000000	0,90515881
150,80000000	0,89903630
151,00000000	0,89296131
151,20000000	0,90771812
151,40000000	0,90534612
151,60000000	0,91097454
151,80000000	0,89830657
152,00000000	0,90810553
152,20000000	0,91754988
152,40000000	0,90972654
152,60000000	0,89823974
152,80000000	0,90105771
153,00000000	0,90508267
153,20000000	0,89969162
153,40000000	0,90744765
153,60000000	0,90857078
153,80000000	0,91316026
154,00000000	0,90062298
154,20000000	0,90820219
154,40000000	0,91377396
154,60000000	0,90300139
154,80000000	0,91018230
155,00000000	0,90731714
155,20000000	0,91470848
155,40000000	0,89822468
155,60000000	0,89243993
155,80000000	0,89898729
156,00000000	0,90874490
156,20000000	0,91378157
156,40000000	0,90513669
156,60000000	0,90177133
156,80000000	0,90695573
157,00000000	0,90683007
157,20000000	0,90379271
157,40000000	0,90391402
157,60000000	0,90498796
157,80000000	0,90202658
158,00000000	0,91151880
158,20000000	0,90169914
158,40000000	0,90269792
158,60000000	0,90014698
158,80000000	0,90746358
159,00000000	0,90631173
159,20000000	0,90475960
159,40000000	0,89810089
159,60000000	0,90651319
159,80000000	0,91218690
160,00000000	0,90762654
160,20000000	0,89276942
160,40000000	0,89351552
160,60000000	0,89676505
160,80000000	0,90722160
161,00000000	0,89779741
161,20000000	0,89348968
161,40000000	0,90118934
161,60000000	0,90293394
161,80000000	0,90134678
162,00000000	0,90260440
162,20000000	0,90835464
162,40000000	0,89339691
162,60000000	0,89204858
162,80000000	0,90308592
163,00000000	0,90977974
163,20000000	0,90014635
163,40000000	0,88980223
163,60000000	0,89625425
163,80000000	0,90828943
164,00000000	0,90439754
164,20000000	0,90743720
164,40000000	0,89197447
164,60000000	0,90440823
164,80000000	0,90028948
165,00000000	0,90153745
165,20000000	0,90723225
165,40000000	0,90901974
165,60000000	0,90816005
165,80000000	0,90366239
166,00000000	0,89823114
166,20000000	0,89986412
166,40000000	0,90901552
166,60000000	0,90526562
166,80000000	0,90201695
167,00000000	0,90857061
167,20000000	0,91178771
167,40000000	0,90860773
167,60000000	0,91401360
167,80000000	0,91840266
168,00000000	0,91819216
168,20000000	0,91986204
168,40000000	0,91385005
168,60000000	0,92052658
168,80000000	0,92049555
169,00000000	0,92018991
169,20000000	0,92736140
169,40000000	0,92093776
169,60000000	0,92242761
169,80000000	0,92610538
170,00000000	0,92487832
170,20000000	0,92112535
170,40000000	0,92249281
170,60000000	0,92806707
170,80000000	0,92971071
171,00000000	0,92592318
171,20000000	0,93110023
171,40000000	0,93503617
171,60000000	0,92915558
171,80000000	0,93384715
172,00000000	0,93532323
172,20000000	0,93489171
172,40000000	0,93278910
172,60000000	0,93738707
172,80000000	0,93954375
173,00000000	0,94326756
173,20000000	0,93662573
173,40000000	0,93734927
173,60000000	0,94644144
173,80000000	0,94677618
174,00000000	0,95302150
174,20000000	0,95000092
174,40000000	0,94578086
174,60000000	0,94766028
174,80000000	0,94496769
175,00000000	0,94973875
175,20000000	0,95453393
175,40000000	0,95615592
175,60000000	0,95551158
175,80000000	0,95366212
176,00000000	0,95680172
176,20000000	0,96134235
176,40000000	0,95838777
176,60000000	0,95965516
176,80000000	0,96436591
177,00000000	0,96343217
177,20000000	0,96427220
177,40000000	0,96536452
177,60000000	0,96812533
177,80000000	0,96687324
178,00000000	0,96693130
178,20000000	0,97092063
178,40000000	0,96940273
178,60000000	0,97254987
178,80000000	0,96843618
179,00000000	0,97091322
179,20000000	0,97490104
179,40000000	0,97327424
179,60000000	0,97475511
179,80000000	0,97662966
180,00000000	0,97812987
180,20000000	0,97740595
180,40000000	0,97870595
180,60000000	0,97987656
180,80000000	0,98027254
181,00000000	0,97922777
181,20000000	0,98127766
181,40000000	0,98109520
181,60000000	0,98153918
181,80000000	0,98142985
182,00000000	0,98587736
182,20000000	0,98480660
182,40000000	0,98666377
182,60000000	0,98495644
182,80000000	0,98501501
183,00000000	0,98539831
183,20000000	0,98356682
183,40000000	0,98660890
183,60000000	0,98463147
183,80000000	0,98637476
184,00000000	0,98774040
184,20000000	0,98714478
184,40000000	0,98745574
184,60000000	0,98696372
184,80000000	0,98955119
185,00000000	0,99155759
185,20000000	0,98809783
185,40000000	0,99068776
185,60000000	0,99052107
185,80000000	0,99199065
186,00000000	0,99352039
186,20000000	0,99189461
186,40000000	0,99126896
186,60000000	0,99243420
186,80000000	0,99279064
187,00000000	0,99200475
187,20000000	0,99174310
187,40000000	0,99282077
187,60000000	0,99392137
187,80000000	0,99328349
188,00000000	0,99380441
188,20000000	0,99413134
188,40000000	0,99417636
188,60000000	0,99345189
188,80000000	0,99234455
189,00000000	0,99415087
189,20000000	0,99431565
189,40000000	0,99320105
189,60000000	0,99460739
189,80000000	0,99471393
190,00000000	0,99541584
190,20000000	0,99566421
190,40000000	0,99534115
190,60000000	0,99624827
190,80000000	0,99441682
191,00000000	0,99602325
191,20000000	0,99496947
191,40000000	0,99450559
191,60000000	0,99547622
191,80000000	0,99628850
192,00000000	0,99527140
192,20000000	0,99696143
192,40000000	0,99748235
192,60000000	0,99771183
192,80000000	0,99683301
193,00000000	0,99563403
193,20000000	0,99583280
193,40000000	0,99458636
193,60000000	0,99504150
193,80000000	0,99595162
194,00000000	0,99601628
194,20000000	0,99623294
194,40000000	0,99700949
194,60000000	0,99675222
194,80000000	0,99686767
195,00000000	0,99662044
195,20000000	0,99681383
195,40000000	0,99648306
195,60000000	0,99662543
195,80000000	0,99626519
196,00000000	0,99470823
196,20000000	0,99417569
196,40000000	0,99449908
196,60000000	0,99466904
196,80000000	0,99393550
197,00000000	0,99439037
197,20000000	0,99487662
197,40000000	0,99363169
197,60000000	0,99377973
197,80000000	0,99288544
198,00000000	0,99085683
198,20000000	0,99227773
198,40000000	0,99366116
198,60000000	0,99323274
198,80000000	0,99280310
199,00000000	0,99126612
199,20000000	0,99048210
199,40000000	0,99120927
199,60000000	0,98870929
199,80000000	0,98860854
200,00000000	0,98879683
200,20000000	0,98975688
200,40000000	0,99041595
200,60000000	0,98779476
200,80000000	0,98879155
201,00000000	0,98535726
201,20000000	0,98641048
201,40000000	0,98670266
201,60000000	0,98681245
201,80000000	0,98336682
202,00000000	0,98388572
202,20000000	0,98011551
202,40000000	0,98356047
202,60000000	0,97904299
202,80000000	0,97871106
203,00000000	0,97770495
203,20000000	0,97832931
203,40000000	0,97749551
203,60000000	0,97808048
203,80000000	0,97432026
204,00000000	0,97466624
204,20000000	0,97296063
204,40000000	0,97103791
204,60000000	0,97198286
204,80000000	0,97108473
205,00000000	0,97171279
205,20000000	0,97067904
205,40000000	0,96717630
205,60000000	0,96774026
205,80000000	0,96824322
206,00000000	0,96546937
206,20000000	0,96311660
206,40000000	0,96260489
206,60000000	0,96433016
206,80000000	0,96293539
207,00000000	0,96042044
207,20000000	0,95705027
207,40000000	0,95766436
207,60000000	0,95788889
207,80000000	0,95469217
208,00000000	0,95254850
208,20000000	0,95363169
208,40000000	0,95061278
208,60000000	0,94496734
208,80000000	0,94671229
209,00000000	0,94484748
209,20000000	0,94542610
209,40000000	0,94562259
209,60000000	0,94476172
209,80000000	0,94168693
210,00000000	0,94401985
210,20000000	0,94150947
210,40000000	0,94015394
210,60000000	0,93640318
210,80000000	0,93329125
211,00000000	0,93268460
211,20000000	0,93274419
211,40000000	0,92878205
211,60000000	0,92685111
211,80000000	0,93117235
212,00000000	0,93150644
212,20000000	0,92899256
212,40000000	0,92740473
212,60000000	0,92463136
212,80000000	0,91972864
213,00000000	0,91510268
213,20000000	0,91612882
213,40000000	0,91843646
213,60000000	0,92195485
213,80000000	0,91851171
214,00000000	0,91114300
214,20000000	0,90786448
214,40000000	0,90801875
214,60000000	0,90896648
214,80000000	0,90300726
215,00000000	0,89830709
215,20000000	0,89669627
215,40000000	0,89798584
215,60000000	0,90194910
215,80000000	0,89958498
216,00000000	0,89960577
216,20000000	0,89519866
216,40000000	0,89569818
216,60000000	0,89309477
216,80000000	0,88678886
217,00000000	0,88764752
217,20000000	0,88076040
217,40000000	0,87454486
217,60000000	0,87551470
217,80000000	0,87239085
218,00000000	0,87460921
218,20000000	0,87708237
218,40000000	0,87166163
218,60000000	0,86739652
218,80000000	0,86134032
219,00000000	0,86546383
219,20000000	0,86900214
219,40000000	0,86130102
219,60000000	0,85748054
219,80000000	0,85436300
220,00000000	0,86275937
220,20000000	0,86065294
220,40000000	0,84524943
220,60000000	0,84722037
220,80000000	0,84811164
221,00000000	0,84348683
221,20000000	0,84295699
221,40000000	0,84351306
221,60000000	0,84260321
221,80000000	0,83530524
222,00000000	0,82940397
222,20000000	0,82182450
222,40000000	0,81785417
222,60000000	0,81651628
222,80000000	0,82008556
223,00000000	0,81752962
223,20000000	0,81398646
223,40000000	0,81791426
223,60000000	0,80909982
223,80000000	0,80515777
224,00000000	0,80499863
224,20000000	0,79730395
224,40000000	0,80173165
224,60000000	0,79631347
224,80000000	0,78386027
225,00000000	0,78927075
225,20000000	0,78567165
225,40000000	0,77792397
225,60000000	0,78806532
225,80000000	0,78905923
226,00000000	0,77448728
226,20000000	0,76698989
226,40000000	0,76595625
226,60000000	0,77160071
226,80000000	0,76759797
227,00000000	0,75453762
227,20000000	0,75378989
227,40000000	0,74993854
227,60000000	0,74718669
227,80000000	0,74433778
228,00000000	0,74053815
228,20000000	0,73767348
228,40000000	0,74264785
228,60000000	0,74567753
228,80000000	0,73953440
229,00000000	0,73677210
229,20000000	0,72820998
229,40000000	0,72239360
229,60000000	0,71569123
229,80000000	0,71644748
230,00000000	0,71770844
230,20000000	0,71423231
230,40000000	0,70796211
230,60000000	0,70604063
230,80000000	0,70574010
231,00000000	0,70754624
231,20000000	0,70834948
231,40000000	0,70342065
231,60000000	0,69704804
231,80000000	0,68370700
232,00000000	0,68167509
232,20000000	0,69080896
232,40000000	0,68626768
232,60000000	0,68481569
232,80000000	0,67944575
233,00000000	0,67916223
233,20000000	0,68375190
233,40000000	0,68177760
233,60000000	0,67144296
233,80000000	0,66982670
234,00000000	0,66958749
234,20000000	0,66616464
234,40000000	0,67065252
234,60000000	0,67517737
234,80000000	0,67555850
235,00000000	0,66876689
235,20000000	0,66663118
235,40000000	0,66704841
235,60000000	0,66639835
235,80000000	0,66850064
236,00000000	0,66774454
236,20000000	0,66428395
236,40000000	0,66012914
236,60000000	0,65870085
236,80000000	0,65485782
237,00000000	0,65424196
237,20000000	0,65328243
237,40000000	0,64591300
237,60000000	0,64955912
237,80000000	0,64636506
238,00000000	0,64219563
238,20000000	0,64915299
238,40000000	0,64674272
238,60000000	0,64705577
238,80000000	0,65119593
239,00000000	0,64215911
239,20000000	0,64310200
239,40000000	0,63595465
239,60000000	0,63705666
239,80000000	0,64347779
240,00000000	0,63860038
240,20000000	0,63453837
240,40000000	0,63349583
240,60000000	0,63576665
240,80000000	0,63751851
241,00000000	0,63822571
241,20000000	0,63747015
241,40000000	0,63721174
241,60000000	0,64243042
241,80000000	0,64492545
242,00000000	0,63825386
242,20000000	0,64327259
242,40000000	0,64607930
242,60000000	0,63607909
242,80000000	0,63226440
243,00000000	0,63588839
243,20000000	0,64312758
243,40000000	0,63864623
243,60000000	0,63747598
243,80000000	0,64136117
244,00000000	0,64372781
244,20000000	0,64353435
244,40000000	0,64286581
244,60000000	0,64204171
244,80000000	0,64301847
245,00000000	0,64390705
245,20000000	0,64623986
245,40000000	0,64608590
245,60000000	0,64420163
245,80000000	0,64931747
246,00000000	0,65278787
246,20000000	0,65381188
246,40000000	0,65337942
246,60000000	0,65263950
246,80000000	0,65777315
247,00000000	0,65947662
247,20000000	0,65656210
247,40000000	0,65885246
247,60000000	0,66514334
247,80000000	0,66267041
248,00000000	0,66808695
248,20000000	0,67310294
248,40000000	0,67146577
248,60000000	0,67548305
248,80000000	0,67595342
249,00000000	0,67732149
249,20000000	0,67682542
249,40000000	0,67868807
249,60000000	0,67604687
249,80000000	0,67843896
250,00000000	0,68653082
250,20000000	0,69105490
250,40000000	0,69349636
250,60000000	0,69546608
250,80000000	0,69996258
251,00000000	0,70405886
251,20000000	0,70434508
251,40000000	0,70514330
251,60000000	0,70891913
251,80000000	0,71031268
252,00000000	0,71328987
252,20000000	0,72060741
252,40000000	0,72399585
252,60000000	0,72708715
252,80000000	0,73154324
253,00000000	0,73553347
253,20000000	0,73958078
253,40000000	0,74210555
253,60000000	0,74445350
253,80000000	0,75319683
254,00000000	0,75766786
254,20000000	0,75843429
254,40000000	0,76487255
254,60000000	0,77244142
254,80000000	0,77690917
255,00000000	0,78172104
255,20000000	0,78599293
255,40000000	0,79138506
255,60000000	0,79503774
255,80000000	0,79820479
256,00000000	0,80312217
256,20000000	0,81066659
256,40000000	0,81733460
256,60000000	0,82291685
256,80000000	0,82831063
257,00000000	0,83276682
257,20000000	0,83847854
257,40000000	0,84462215
257,60000000	0,85026143
257,80000000	0,85593600
258,00000000	0,86180121
258,20000000	0,86487607
258,40000000	0,87029952
258,60000000	0,87622371
258,80000000	0,88237923
259,00000000	0,88834088
259,20000000	0,89096348
259,40000000	0,89366513
259,60000000	0,89920681
259,80000000	0,90521702
260,00000000	0,90823286
260,20000000	0,91200755
260,40000000	0,91667140
260,60000000	0,91806623
260,80000000	0,92045137
261,00000000	0,92362549
261,20000000	0,92511185
261,40000000	0,92619541
261,60000000	0,92751926
261,80000000	0,92831273
262,00000000	0,92677925
262,20000000	0,92653515
262,40000000	0,92715812
262,60000000	0,92600304
262,80000000	0,92440772
263,00000000	0,92227164
263,20000000	0,91960689
263,40000000	0,91561724
263,60000000	0,91274498
263,80000000	0,90971125
264,00000000	0,90411746
264,20000000	0,89635346
264,40000000	0,89292632
264,60000000	0,88902336
264,80000000	0,88304034
265,00000000	0,87547580
265,20000000	0,86660798
265,40000000	0,85927108
265,60000000	0,85041895
265,80000000	0,84198993
266,00000000	0,83678544
266,20000000	0,82515216
266,40000000	0,81377051
266,60000000	0,80373430
266,80000000	0,79383743
267,00000000	0,78721799
267,20000000	0,77499662
267,40000000	0,76616941
267,60000000	0,76070178
267,80000000	0,75286354
268,00000000	0,74441793
268,20000000	0,73200671
268,40000000	0,71958826
268,60000000	0,70892429
268,80000000	0,69726940
269,00000000	0,68644789
269,20000000	0,67277012
269,40000000	0,66352146
269,60000000	0,65732392
269,80000000	0,65011322
270,00000000	0,64357771
270,20000000	0,63687047
270,40000000	0,62971205
270,60000000	0,61604097
270,80000000	0,60888013
271,00000000	0,60580488
271,20000000	0,59517833
271,40000000	0,58903388
271,60000000	0,58154593
271,80000000	0,57246713
272,00000000	0,56552258
272,20000000	0,56700400
272,40000000	0,56474215
272,60000000	0,55414678
272,80000000	0,54682804
273,00000000	0,54513658
273,20000000	0,53943901
273,40000000	0,53464470
273,60000000	0,53227424
273,80000000	0,52654807
274,00000000	0,52440698
274,20000000	0,52690778
274,40000000	0,52710550
274,60000000	0,51978597
274,80000000	0,51598564
275,00000000	0,51961817
275,20000000	0,51573887
275,40000000	0,51422013
275,60000000	0,51802665
275,80000000	0,51838478
276,00000000	0,51736174
276,20000000	0,52196507
276,40000000	0,52369874
276,60000000	0,52093436
276,80000000	0,52301040
277,00000000	0,52539973
277,20000000	0,53116061
277,40000000	0,53534422
277,60000000	0,53928301
277,80000000	0,54396263
278,00000000	0,55032277
278,20000000	0,55657258
278,40000000	0,56147403
278,60000000	0,56102300
278,80000000	0,56398290
279,00000000	0,57134807
279,20000000	0,57286554
279,40000000	0,57621764
279,60000000	0,57776110
279,80000000	0,58088031
280,00000000	0,58340319
280,20000000	0,58545522
280,40000000	0,58555890
280,60000000	0,58078094
280,80000000	0,57729671
281,00000000	0,57565565
281,20000000	0,57196571
281,40000000	0,56465216
281,60000000	0,56149243
281,80000000	0,55562464
282,00000000	0,55245833
282,20000000	0,54559886
282,40000000	0,53630955
282,60000000	0,53186738
282,80000000	0,52577386
283,00000000	0,51859616
283,20000000	0,51467736
283,40000000	0,51029580
283,60000000	0,50290771
283,80000000	0,49476383
284,00000000	0,48920511
284,20000000	0,48249651
284,40000000	0,47893366
284,60000000	0,47837030
284,80000000	0,46986331
285,00000000	0,46198700
285,20000000	0,45783369
285,40000000	0,45008872
285,60000000	0,44349138
285,80000000	0,44109126
286,00000000	0,43507366
286,20000000	0,42690955
286,40000000	0,42102936
286,60000000	0,41216378
286,80000000	0,40567051
287,00000000	0,39808273
287,20000000	0,38852849
287,40000000	0,37862384
287,60000000	0,37020757
287,80000000	0,36470922
288,00000000	0,35437882
288,20000000	0,34357118
288,40000000	0,33782535
288,60000000	0,33504484
288,80000000	0,33058017
289,00000000	0,32817014
289,20000000	0,32367049
289,40000000	0,31205634
289,60000000	0,30671284
289,80000000	0,30317670
290,00000000	0,29957582
290,20000000	0,29287925
290,40000000	0,28821272
290,60000000	0,28610645
290,80000000	0,27967532
291,00000000	0,27269491
291,20000000	0,26519221
291,40000000	0,26134860
291,60000000	0,26310847
291,80000000	0,26060004
292,00000000	0,25727898
292,20000000	0,25217185
292,40000000	0,24539789
292,60000000	0,24376372
292,80000000	0,24101393
293,00000000	0,23849727
293,20000000	0,23882490
293,40000000	0,23823904
293,60000000	0,23279868
293,80000000	0,22958523
294,00000000	0,22918348
294,20000000	0,22390819
294,40000000	0,22233043
294,60000000	0,22213575
294,80000000	0,22092958
295,00000000	0,22165881
295,20000000	0,22261678
295,40000000	0,21648174
295,60000000	0,20852522
295,80000000	0,20824650
296,00000000	0,21012182
296,20000000	0,20913108
296,40000000	0,20963052
296,60000000	0,20791534
296,80000000	0,20441253
297,00000000	0,20225807
297,20000000	0,20071410
297,40000000	0,19960513
297,60000000	0,19744593
297,80000000	0,19498505
298,00000000	0,19331978
298,20000000	0,19530485
298,40000000	0,19558980
298,60000000	0,19178642
298,80000000	0,18866229
299,00000000	0,18911616
299,20000000	0,19106085
299,40000000	0,19050477
299,60000000	0,18876813
299,80000000	0,18627838
300,00000000	0,18513932
300,20000000	0,18227193
300,40000000	0,18156737
300,60000000	0,18015839
300,80000000	0,17800741
301,00000000	0,17754787
301,20000000	0,17473497
301,40000000	0,17349521
301,60000000	0,17467612
301,80000000	0,17435358
302,00000000	0,17389992
302,20000000	0,17356829
302,40000000	0,17258352
302,60000000	0,17127198
302,80000000	0,17206173
303,00000000	0,17063409
303,20000000	0,16794191
303,40000000	0,16986579
303,60000000	0,17036275
303,80000000	0,16914366
304,00000000	0,16626012
304,20000000	0,16316052
304,40000000	0,16433406
304,60000000	0,16573132
304,80000000	0,16658035
305,00000000	0,16594088
305,20000000	0,16158184
305,40000000	0,15923632
305,60000000	0,15933567
305,80000000	0,15885163
306,00000000	0,15838751
306,20000000	0,15924555
306,40000000	0,15883998
306,60000000	0,15715074
306,80000000	0,15584163
307,00000000	0,15539380
307,20000000	0,15639580
307,40000000	0,15611465
307,60000000	0,15498994
307,80000000	0,15451234
308,00000000	0,15267939
308,20000000	0,15135547
308,40000000	0,15082271
308,60000000	0,15171843
308,80000000	0,15320252
309,00000000	0,15149900
309,20000000	0,14867815
309,40000000	0,14767326
309,60000000	0,14815993
309,80000000	0,14818030
310,00000000	0,14731007
310,20000000	0,14797245
310,40000000	0,14741727
310,60000000	0,14568332
310,80000000	0,14624820
311,00000000	0,14574213
311,20000000	0,14426559
311,40000000	0,14390067
311,60000000	0,14428219
311,80000000	0,14360219
312,00000000	0,14289544
312,20000000	0,14438277
312,40000000	0,14479503
312,60000000	0,14304910
312,80000000	0,14266712
313,00000000	0,14207515
313,20000000	0,14125532
313,40000000	0,14087893
313,60000000	0,14014700
313,80000000	0,14004026
314,00000000	0,14002335
314,20000000	0,14051048
314,40000000	0,14093358
314,60000000	0,14016576
314,80000000	0,13850469
315,00000000	0,13754628
315,20000000	0,13727730
315,40000000	0,13701835
315,60000000	0,13709088
315,80000000	0,13688015
316,00000000	0,13599454
316,20000000	0,13592086
316,40000000	0,13554288
316,60000000	0,13407236
316,80000000	0,13397330
317,00000000	0,13401676
317,20000000	0,13380257
317,40000000	0,13397493
317,60000000	0,13429764
317,80000000	0,13413184
318,00000000	0,13385182
318,20000000	0,13426159
318,40000000	0,13360647
318,60000000	0,13287842
318,80000000	0,13261969
319,00000000	0,13216559
319,20000000	0,13109124
319,40000000	0,13060462
319,60000000	0,13042700
319,80000000	0,13022741
320,00000000	0,13072743
320,20000000	0,13064156
320,40000000	0,13023678
320,60000000	0,12992644
320,80000000	0,12949316
321,00000000	0,12910993
321,20000000	0,12881885
321,40000000	0,12823685
321,60000000	0,12760821
321,80000000	0,12751000
322,00000000	0,12728596
322,20000000	0,12654785
322,40000000	0,12619423
322,60000000	0,12604957
322,80000000	0,12545118
323,00000000	0,12528349
323,20000000	0,12551645
323,40000000	0,12569663
323,60000000	0,12596766
323,80000000	0,12566538
324,00000000	0,12485472
324,20000000	0,12463541
324,40000000	0,12456360
324,60000000	0,12394161
324,80000000	0,12359769
325,00000000	0,12360417
325,20000000	0,12357926
325,40000000	0,12322147
325,60000000	0,12221348
325,80000000	0,12167713
326,00000000	0,12198280
326,20000000	0,12214145
326,40000000	0,12194877
326,60000000	0,12161252
326,80000000	0,12144700
327,00000000	0,12106350
327,20000000	0,12075713
327,40000000	0,12081462
327,60000000	0,12066623
327,80000000	0,12036924
328,00000000	0,12017336
328,20000000	0,12012734
328,40000000	0,11994662
328,60000000	0,11947995
328,80000000	0,11904570
329,00000000	0,11892545
329,20000000	0,11906958
329,40000000	0,11919521
329,60000000	0,11910064
329,80000000	0,11871503
330,00000000	0,11824840
330,20000000	0,11795489
330,40000000	0,11775006
330,60000000	0,11757626
330,80000000	0,11735717
331,00000000	0,11703065
331,20000000	0,11666557
331,40000000	0,11651577
331,60000000	0,11648230
331,80000000	0,11623957
332,00000000	0,11610451
332,20000000	0,11599252
332,40000000	0,11562598
332,60000000	0,11537893
332,80000000	0,11535049
333,00000000	0,11521534
333,20000000	0,11489922
333,40000000	0,11461704
333,60000000	0,11452593
333,80000000	0,11445777
334,00000000	0,11426949
334,20000000	0,11385278
334,40000000	0,11359527
334,60000000	0,11358670
334,80000000	0,11351370
335,00000000	0,11329980
335,20000000	0,11295530
335,40000000	0,11284160
335,60000000	0,11291673
335,80000000	0,11284783
336,00000000	0,11262988
336,20000000	0,11232509
336,40000000	0,11213037
336,60000000	0,11198519
336,80000000	0,11174390
337,00000000	0,11152012
337,20000000	0,11137894
337,40000000	0,11129762
337,60000000	0,11121316
337,80000000	0,11099287
338,00000000	0,11074911
338,20000000	0,11059511
338,40000000	0,11048473
338,60000000	0,11035194
338,80000000	0,11009463
339,00000000	0,10981649
339,20000000	0,10962800
339,40000000	0,10950549
339,60000000	0,10942307
339,80000000	0,10930474
340,00000000	0,10918189
340,20000000	0,10909511
340,40000000	0,10891625
340,60000000	0,10866911
340,80000000	0,10847503
341,00000000	0,10834802
341,20000000	0,10825059
341,40000000	0,10814386
341,60000000	0,10798206
341,80000000	0,10780311
342,00000000	0,10766059
342,20000000	0,10750697
342,40000000	0,10731853
342,60000000	0,10717349
342,80000000	0,10709909
343,00000000	0,10699369
343,20000000	0,10683181
343,40000000	0,10668074
343,60000000	0,10657164
343,80000000	0,10646742
344,00000000	0,10631816
344,20000000	0,10615227
344,40000000	0,10601901
344,60000000	0,10590423
344,80000000	0,10578410
345,00000000	0,10565198
345,20000000	0,10550920
345,40000000	0,10539341
345,60000000	0,10530593
345,80000000	0,10519513
346,00000000	0,10506898
346,20000000	0,10496590
346,40000000	0,10487940
346,60000000	0,10478582
346,80000000	0,10465302
347,00000000	0,10450430
347,20000000	0,10439855
347,40000000	0,10429595
347,60000000	0,10415697
347,80000000	0,10402060
348,00000000	0,10389955
348,20000000	0,10378199
348,40000000	0,10366437
348,60000000	0,10352940
348,80000000	0,10340291
349,00000000	0,10332439
349,20000000	0,10323621
349,40000000	0,10311238
349,60000000	0,10300762
349,80000000	0,10291109
350,00000000	0,10281540
350,20000000	0,10270468
350,40000000	0,10254702
350,60000000	0,10242457
350,80000000	0,10236510
351,00000000	0,10227259
351,20000000	0,10215436
351,40000000	0,10205791
351,60000000	0,10194498
351,80000000	0,10185362
352,00000000	0,10180385
352,20000000	0,10171344
352,40000000	0,10159555
352,60000000	0,10152799
352,80000000	0,10148286
353,00000000	0,10139645
353,20000000	0,10129529
353,40000000	0,10121685
353,60000000	0,10118356
353,80000000	0,10115048
354,00000000	0,10099266
354,20000000	0,10080568
354,40000000	0,10078042
354,60000000	0,10081951
354,80000000	0,10075368
355,00000000	0,10060520
355,20000000	0,10052931
355,40000000	0,10051677
355,60000000	0,10041399
355,80000000	0,10029589
356,00000000	0,10023686
356,20000000	0,10025642
356,40000000	0,10032399
356,60000000	0,10027688
356,80000000	0,10014373
357,00000000	0,10000219
357,20000000	0,09991016
357,40000000	0,09989560
357,60000000	0,09981336
357,80000000	0,09963772
358,00000000	0,09955624
358,20000000	0,09969004
358,40000000	0,09979462
358,60000000	0,09959695
358,80000000	0,09938588
359,00000000	0,09943751
359,20000000	0,09951654
359,40000000	0,09943213
359,60000000	0,09942329
359,80000000	0,09950955
360,00000000	0,09947442
360,20000000	0,09938503
360,40000000	0,09920797
360,60000000	0,09901811
360,80000000	0,09906007
361,00000000	0,09920653
361,20000000	0,09914859
361,40000000	0,09901722
361,60000000	0,09895276
361,80000000	0,09895230
362,00000000	0,09897554
362,20000000	0,09886835
362,40000000	0,09878520
362,60000000	0,09888481
362,80000000	0,09904570
363,00000000	0,09916088
363,20000000	0,09905142
363,40000000	0,09879728
363,60000000	0,09892526
363,80000000	0,09912269
364,00000000	0,09897576
364,20000000	0,09886528
364,40000000	0,09891899
364,60000000	0,09871104
364,80000000	0,09854101
365,00000000	0,09868471
365,20000000	0,09857591
365,40000000	0,09860869
365,60000000	0,09905869
365,80000000	0,09925850
366,00000000	0,09904477
366,20000000	0,09862787
366,40000000	0,09845369
366,60000000	0,09864844
366,80000000	0,09866313
367,00000000	0,09852853
367,20000000	0,09878416
367,40000000	0,09906501
367,60000000	0,09875315
367,80000000	0,09832814
368,00000000	0,09863797
368,20000000	0,09948092
368,40000000	0,09956438
368,60000000	0,09898567
368,80000000	0,09858837
369,00000000	0,09845177
369,20000000	0,09879537
369,40000000	0,09907028
369,60000000	0,09872636
369,80000000	0,09853217
370,00000000	0,09905626
370,20000000	0,09948813
370,40000000	0,09934445
370,60000000	0,09897839
370,80000000	0,09905337
371,00000000	0,09962849
371,20000000	0,09966814
371,40000000	0,09944683
371,60000000	0,09956611
371,80000000	0,09969278
372,00000000	0,09969952
372,20000000	0,09972168
372,40000000	0,09985584
372,60000000	0,10005118
372,80000000	0,10022891
373,00000000	0,10041662
373,20000000	0,10037035
373,40000000	0,10028885
373,60000000	0,10057149
373,80000000	0,10097260
374,00000000	0,10092545
374,20000000	0,10035037
374,40000000	0,09991253
374,60000000	0,09982857
374,80000000	0,10003009
375,00000000	0,10000979
375,20000000	0,09968558
375,40000000	0,10003495
375,60000000	0,10046518
375,80000000	0,10092655
376,00000000	0,10173779
376,20000000	0,10191036
376,40000000	0,10224802
376,60000000	0,10310506
376,80000000	0,10355190
377,00000000	0,10271105
377,20000000	0,10155941
377,40000000	0,10206412
377,60000000	0,10266998
377,80000000	0,10216040
378,00000000	0,10148562
378,20000000	0,10164347
378,40000000	0,10275720
378,60000000	0,10336963
378,80000000	0,10327718
379,00000000	0,10344586
379,20000000	0,10345160
379,40000000	0,10377715
379,60000000	0,10416307
379,80000000	0,10341049
380,00000000	0,10399082
380,20000000	0,10538388
380,40000000	0,10485183
380,60000000	0,10474881
380,80000000	0,10527937
381,00000000	0,10464969
381,20000000	0,10501241
381,40000000	0,10607347
381,60000000	0,10605787
381,80000000	0,10591227
382,00000000	0,10685039
382,20000000	0,10732078
382,40000000	0,10680937
382,60000000	0,10644438
382,80000000	0,10632112
383,00000000	0,10719718
383,20000000	0,10822247
383,40000000	0,10821978
383,60000000	0,10761078
383,80000000	0,10810501
384,00000000	0,10887695
384,20000000	0,10850704
384,40000000	0,10884094
384,60000000	0,10939414
384,80000000	0,10997808
385,00000000	0,11096346
385,20000000	0,11090492
385,40000000	0,11041558
385,60000000	0,11064072
385,80000000	0,11129760
386,00000000	0,11121937
386,20000000	0,11059665
386,40000000	0,11106372
386,60000000	0,11163670
386,80000000	0,11135833
387,00000000	0,11155027
387,20000000	0,11251728
387,40000000	0,11303907
387,60000000	0,11321150
387,80000000	0,11391688
388,00000000	0,11433705
388,20000000	0,11417019
388,40000000	0,11396030
388,60000000	0,11526020
388,80000000	0,11687100
389,00000000	0,11520102
389,20000000	0,11368543
389,40000000	0,11405179
389,60000000	0,11309259
389,80000000	0,11356270
390,00000000	0,11537065
390,20000000	0,11661300
390,40000000	0,11651498
390,60000000	0,11544722
390,80000000	0,11550698
391,00000000	0,11516534
391,20000000	0,11453588
391,40000000	0,11498816
391,60000000	0,11576281
391,80000000	0,11636716
392,00000000	0,11594679
392,20000000	0,11521363
392,40000000	0,11618577
392,60000000	0,11594901
392,80000000	0,11386195
393,00000000	0,11472892
393,20000000	0,11647675
393,40000000	0,11497155
393,60000000	0,11463188
393,80000000	0,11672055
394,00000000	0,11761420
394,20000000	0,11839039
394,40000000	0,11878535
394,60000000	0,11767889
394,80000000	0,11722015
395,00000000	0,11846668
395,20000000	0,12006136
395,40000000	0,11936691
395,60000000	0,11973669
395,80000000	0,12147397
396,00000000	0,12090277
396,20000000	0,12106684
396,40000000	0,12224400
396,60000000	0,12223268
396,80000000	0,12276849
397,00000000	0,12376413
397,20000000	0,12328904
397,40000000	0,12171753
397,60000000	0,12054731
397,80000000	0,12182728
398,00000000	0,12357281
398,20000000	0,12179280
398,40000000	0,12055457
398,60000000	0,12308388
398,80000000	0,12535037
399,00000000	0,12552408
399,20000000	0,12564861
399,40000000	0,12355000
399,60000000	0,12177035
399,80000000	0,12503237
400,00000000	0,12753420
400,20000000	0,12852981
400,40000000	0,12922582
400,60000000	0,12789353
400,80000000	0,12732073
401,00000000	0,12956152
401,20000000	0,13118582
401,40000000	0,13149471
401,60000000	0,13112874
401,80000000	0,12952898
402,00000000	0,13113615
402,20000000	0,13525357
402,40000000	0,13684752
402,60000000	0,13604479
402,80000000	0,13512421
403,00000000	0,13582081
403,20000000	0,13665084
403,40000000	0,13793124
403,60000000	0,14049651
403,80000000	0,14088096
404,00000000	0,13974313
404,20000000	0,13911328
404,40000000	0,13824677
404,60000000	0,13774136
404,80000000	0,13918338
405,00000000	0,14095591
405,20000000	0,14256215
405,40000000	0,14401399
405,60000000	0,14305927
405,80000000	0,14133593
406,00000000	0,14271100
406,20000000	0,14421531
406,40000000	0,14244903
406,60000000	0,14248750
406,80000000	0,14449285
407,00000000	0,14624754
407,20000000	0,14737120
407,40000000	0,14709425
407,60000000	0,14656847
407,80000000	0,14589065
408,00000000	0,14589032
408,20000000	0,14936320
408,40000000	0,15249542
408,60000000	0,14959795
408,80000000	0,14706479
409,00000000	0,14790542
409,20000000	0,15087772
409,40000000	0,15478702
409,60000000	0,15561201
409,80000000	0,15571777
410,00000000	0,15773292
410,20000000	0,15799409
410,40000000	0,15700432
410,60000000	0,15707412
410,80000000	0,15653856
411,00000000	0,15533762
411,20000000	0,15722908
411,40000000	0,16161787
411,60000000	0,16272506
411,80000000	0,16273051
412,00000000	0,16298481
412,20000000	0,16456382
412,40000000	0,16832489
412,60000000	0,16790868
412,80000000	0,16642609
413,00000000	0,16797386
413,20000000	0,16977837
413,40000000	0,17094825
413,60000000	0,16991338
413,80000000	0,16940794
414,00000000	0,16895218
414,20000000	0,16737674
414,40000000	0,17099175
414,60000000	0,17441903
414,80000000	0,17134752
415,00000000	0,16801098
415,20000000	0,17011841
415,40000000	0,17234631
415,60000000	0,17221937
415,80000000	0,17192746
416,00000000	0,17336661
416,20000000	0,17752207
416,40000000	0,18126880
416,60000000	0,18288682
416,80000000	0,18241623
417,00000000	0,18345019
417,20000000	0,18601642
417,40000000	0,18430136
417,60000000	0,18174044
417,80000000	0,18378512
418,00000000	0,18905778
418,20000000	0,19260527
418,40000000	0,19463839
418,60000000	0,19411554
418,80000000	0,19152007
419,00000000	0,19366113
419,20000000	0,19433663
419,40000000	0,19567554
419,60000000	0,20193787
419,80000000	0,20325543
420,00000000	0,20021029
420,20000000	0,19956493
420,40000000	0,20513828
420,60000000	0,20786585
420,80000000	0,20564641
421,00000000	0,20450591
421,20000000	0,20643044
421,40000000	0,20871513
421,60000000	0,20901543
421,80000000	0,20906801
422,00000000	0,20940097
422,20000000	0,21032541
422,40000000	0,21191886
422,60000000	0,21120179
422,80000000	0,21436413
423,00000000	0,21898138
423,20000000	0,22215695
423,40000000	0,22431687
423,60000000	0,22268474
423,80000000	0,22313039
424,00000000	0,22360805
424,20000000	0,22265209
424,40000000	0,22300392
424,60000000	0,22684806
424,80000000	0,23073844
425,00000000	0,23101127
425,20000000	0,23052629
425,40000000	0,22904852
425,60000000	0,23058237
425,80000000	0,23732398
426,00000000	0,23899294
426,20000000	0,23929899
426,40000000	0,24129589
426,60000000	0,24059343
426,80000000	0,23891101
427,00000000	0,23971212
427,20000000	0,24351461
427,40000000	0,24630598
427,60000000	0,24714137
427,80000000	0,24840491
428,00000000	0,25236107
428,20000000	0,25261378
428,40000000	0,25222534
428,60000000	0,25383394
428,80000000	0,25238196
429,00000000	0,25240667
429,20000000	0,25577459
429,40000000	0,26119929
429,60000000	0,26371257
429,80000000	0,26193627
430,00000000	0,26110782
430,20000000	0,26389882
430,40000000	0,26558438
430,60000000	0,26811365
430,80000000	0,27081716
431,00000000	0,26853735
431,20000000	0,27017315
431,40000000	0,27496104
431,60000000	0,27863354
431,80000000	0,28370239
432,00000000	0,28713542
432,20000000	0,28510346
432,40000000	0,28541202
432,60000000	0,28704576
432,80000000	0,28808031
433,00000000	0,29295082
433,20000000	0,29521100
433,40000000	0,29463479
433,60000000	0,29271901
433,80000000	0,29387814
434,00000000	0,30074452
434,20000000	0,30475784
434,40000000	0,30422019
434,60000000	0,30263830
434,80000000	0,29997054
435,00000000	0,30094590
435,20000000	0,30699584
435,40000000	0,31002842
435,60000000	0,30652638
435,80000000	0,30777533
436,00000000	0,31483160
436,20000000	0,31489666
436,40000000	0,31634352
436,60000000	0,32133597
436,80000000	0,32165500
437,00000000	0,32258427
437,20000000	0,32471003
437,40000000	0,32605598
437,60000000	0,32724558
437,80000000	0,32992786
438,00000000	0,33402688
438,20000000	0,33762859
438,40000000	0,33903501
438,60000000	0,33956442
438,80000000	0,34236353
439,00000000	0,34332559
439,20000000	0,34208281
439,40000000	0,34135187
439,60000000	0,34607189
439,80000000	0,35432374
440,00000000	0,35532803
440,20000000	0,34965696
440,40000000	0,34986382
440,60000000	0,35680413
440,80000000	0,36103074
441,00000000	0,36348897
441,20000000	0,36170472
441,40000000	0,36187419
441,60000000	0,36579377
441,80000000	0,36954064
442,00000000	0,37139912
442,20000000	0,37148056
442,40000000	0,37156059
442,60000000	0,37670947
442,80000000	0,38515749
443,00000000	0,38833925
443,20000000	0,38897216
443,40000000	0,38840257
443,60000000	0,38672358
443,80000000	0,38938942
444,00000000	0,39341518
444,20000000	0,39119172
444,40000000	0,38932754
444,60000000	0,39446397
444,80000000	0,39878845
445,00000000	0,39722289
445,20000000	0,40046597
445,40000000	0,40795246
445,60000000	0,41086014
445,80000000	0,41361811
446,00000000	0,41825896
446,20000000	0,41857524
446,40000000	0,41930607
446,60000000	0,41893508
446,80000000	0,41727623
447,00000000	0,41997861
447,20000000	0,42424309
447,40000000	0,42628837
447,60000000	0,43031452
447,80000000	0,43636147
448,00000000	0,44046502
448,20000000	0,44131244
448,40000000	0,43950840
448,60000000	0,43887030
448,80000000	0,44702424
449,00000000	0,45557095
449,20000000	0,45353856
449,40000000	0,45534872
449,60000000	0,45556996
449,80000000	0,45425369
450,00000000	0,46218806
450,20000000	0,46879009
450,40000000	0,47010780
450,60000000	0,47054911
450,80000000	0,47209947
451,00000000	0,47269612
451,20000000	0,47347164
451,40000000	0,47642704
451,60000000	0,47912566
451,80000000	0,48360892
452,00000000	0,49214699
452,20000000	0,49004093
452,40000000	0,48791617
452,60000000	0,49123612
452,80000000	0,49466548
453,00000000	0,49694291
453,20000000	0,49988456
453,40000000	0,50469365
453,60000000	0,50647271
453,80000000	0,50789916
454,00000000	0,51059151
454,20000000	0,51008451
454,40000000	0,51240446
454,60000000	0,51656460
454,80000000	0,51777564
455,00000000	0,51837222
455,20000000	0,52058379
455,40000000	0,52397645
455,60000000	0,52640408
455,80000000	0,52962530
456,00000000	0,53145673
456,20000000	0,53364494
456,40000000	0,53710546
456,60000000	0,54110811
456,80000000	0,54417658
457,00000000	0,54344220
457,20000000	0,54447120
457,40000000	0,54554384
457,60000000	0,54763508
457,80000000	0,54685147
458,00000000	0,54530369
458,20000000	0,55106190
458,40000000	0,56091133
458,60000000	0,56437090
458,80000000	0,55921557
459,00000000	0,56031949
459,20000000	0,56489541
459,40000000	0,56551419
459,60000000	0,56510958
459,80000000	0,56920556
460,00000000	0,57427169
460,20000000	0,57369145
460,40000000	0,57357693
460,60000000	0,57372344
460,80000000	0,57851701
461,00000000	0,58368071
461,20000000	0,58668257
461,40000000	0,59000666
461,60000000	0,59375668
461,80000000	0,59550959
462,00000000	0,59840352
462,20000000	0,59875735
462,40000000	0,59987862
462,60000000	0,60351033
462,80000000	0,60313263
463,00000000	0,60592975
463,20000000	0,60853827
463,40000000	0,61058473
463,60000000	0,61346315
463,80000000	0,61608753
464,00000000	0,61955314
464,20000000	0,61972650
464,40000000	0,62285156
464,60000000	0,62836121
464,80000000	0,63060180
465,00000000	0,63197845
465,20000000	0,63003841
465,40000000	0,63155794
465,60000000	0,63851899
465,80000000	0,64048040
466,00000000	0,63812225
466,20000000	0,63703829
466,40000000	0,64284879
466,60000000	0,64796312
466,80000000	0,64584828
467,00000000	0,64903773
467,20000000	0,65642611
467,40000000	0,66116911
467,60000000	0,66227422
467,80000000	0,66369205
468,00000000	0,66421181
468,20000000	0,66513414
468,40000000	0,66932871
468,60000000	0,67106941
468,80000000	0,67228740
469,00000000	0,67764810
469,20000000	0,68262473
469,40000000	0,68109723
469,60000000	0,68054514
469,80000000	0,68589270
470,00000000	0,68842810
470,20000000	0,68742507
470,40000000	0,69265276
470,60000000	0,69791879
470,80000000	0,69691069
471,00000000	0,70297800
471,20000000	0,70960299
471,40000000	0,70858091
471,60000000	0,70948936
471,80000000	0,71600337
472,00000000	0,72146339
472,20000000	0,72136930
472,40000000	0,72166411
472,60000000	0,72636661
472,80000000	0,73045869
473,00000000	0,73317570
473,20000000	0,73456626
473,40000000	0,73306286
473,60000000	0,73537043
473,80000000	0,73901856
474,00000000	0,74180121
474,20000000	0,74587536
474,40000000	0,74983450
474,60000000	0,75100002
474,80000000	0,75483374
475,00000000	0,75752819
475,20000000	0,75851158
475,40000000	0,76337458
475,60000000	0,76575347
475,80000000	0,76640225
476,00000000	0,76793028
476,20000000	0,77199176
476,40000000	0,77622533
476,60000000	0,77891665
476,80000000	0,78103666
477,00000000	0,78398999
477,20000000	0,78482523
477,40000000	0,78666221
477,60000000	0,79179267
477,80000000	0,79558486
478,00000000	0,79942535
478,20000000	0,80113229
478,40000000	0,80292845
478,60000000	0,80641833
478,80000000	0,80915225
479,00000000	0,80956984
479,20000000	0,81045409
479,40000000	0,81393743
479,60000000	0,81791442
479,80000000	0,81950811
480,00000000	0,82137377
480,20000000	0,82638119
480,40000000	0,82864873
480,60000000	0,82941647
480,80000000	0,83026046
481,00000000	0,83352128
481,20000000	0,83634490
481,40000000	0,83896932
481,60000000	0,84159877
481,80000000	0,84249274
482,00000000	0,84317513
482,20000000	0,84597160
482,40000000	0,85093741
482,60000000	0,85174754
482,80000000	0,85265232
483,00000000	0,85597915
483,20000000	0,85910882
483,40000000	0,86118894
483,60000000	0,86234982
483,80000000	0,86485189
484,00000000	0,86588372
484,20000000	0,86760344
484,40000000	0,87085096
484,60000000	0,87235215
484,80000000	0,87311642
485,00000000	0,87620512
485,20000000	0,87794853
485,40000000	0,87891340
485,60000000	0,88015398
485,80000000	0,88162379
486,00000000	0,88354685
486,20000000	0,88436422
486,40000000	0,88560187
486,60000000	0,88759924
486,80000000	0,88910805
487,00000000	0,89123484
487,20000000	0,89330772
487,40000000	0,89613018
487,60000000	0,89780787
487,80000000	0,89836724
488,00000000	0,89945820
488,20000000	0,90164303
488,40000000	0,90220338
488,60000000	0,90350801
488,80000000	0,90652250
489,00000000	0,90786925
489,20000000	0,90757369
489,40000000	0,90785205
489,60000000	0,91016712
489,80000000	0,91241856
490,00000000	0,91268068
490,20000000	0,91323554
490,40000000	0,91536567
490,60000000	0,91745227
490,80000000	0,91687752
491,00000000	0,91695161
491,20000000	0,91856144
491,40000000	0,92060131
491,60000000	0,92206372
491,80000000	0,92321443
492,00000000	0,92404866
492,20000000	0,92465524
492,40000000	0,92563973
492,60000000	0,92639198
492,80000000	0,92780581
493,00000000	0,92955930
493,20000000	0,93037686
493,40000000	0,93135011
493,60000000	0,93271796
493,80000000	0,93321261
494,00000000	0,93467131
494,20000000	0,93539782
494,40000000	0,93667980
494,60000000	0,93817332
494,80000000	0,93787236
495,00000000	0,93918515
495,20000000	0,93996658
495,40000000	0,94002486
495,60000000	0,94131531
495,80000000	0,94244486
496,00000000	0,94327217
496,20000000	0,94440017
496,40000000	0,94579562
496,60000000	0,94641792
496,80000000	0,94686524
497,00000000	0,94782970
497,20000000	0,94811036
497,40000000	0,94890580
497,60000000	0,95057024
497,80000000	0,95160955
498,00000000	0,95165911
498,20000000	0,95249589
498,40000000	0,95357522
498,60000000	0,95457191
498,80000000	0,95556793
499,00000000	0,95569626
499,20000000	0,95623694
499,40000000	0,95743532
499,60000000	0,95797432
499,80000000	0,95877016
500,00000000	0,95942585
500,20000000	0,96020303
500,40000000	0,96116948
500,60000000	0,96168596
500,80000000	0,96261684
501,00000000	0,96339982
501,20000000	0,96421646
501,40000000	0,96582680
501,60000000	0,96616802
501,80000000	0,96679906
502,00000000	0,96728111
502,20000000	0,96768342
502,40000000	0,96883998
502,60000000	0,97010228
502,80000000	0,97072345
503,00000000	0,97153530
503,20000000	0,97192009
503,40000000	0,97285449
503,60000000	0,97366144
503,80000000	0,97428207
504,00000000	0,97489233
504,20000000	0,97533589
504,40000000	0,97581540
504,60000000	0,97649673
504,80000000	0,97758729
505,00000000	0,97828246
505,20000000	0,97891984
505,40000000	0,97950568
505,60000000	0,98008056
505,80000000	0,98059917
506,00000000	0,98126197
506,20000000	0,98177503
506,40000000	0,98222774
506,60000000	0,98301920
506,80000000	0,98364946
507,00000000	0,98403917
507,20000000	0,98462835
507,40000000	0,98548830
507,60000000	0,98588016
507,80000000	0,98616556
508,00000000	0,98682773
508,20000000	0,98746025
508,40000000	0,98775840
508,60000000	0,98828635
508,80000000	0,98884378
509,00000000	0,98935548
509,20000000	0,98963645
509,40000000	0,99013639
509,60000000	0,99057905
509,80000000	0,99079484
510,00000000	0,99119304
510,20000000	0,99154900
510,40000000	0,99207165
510,60000000	0,99243679
510,80000000	0,99289664
511,00000000	0,99326270
511,20000000	0,99348100
511,40000000	0,99393646
511,60000000	0,99423130
511,80000000	0,99462181
512,00000000	0,99488505
512,20000000	0,99515883
512,40000000	0,99556580
512,60000000	0,99587359
512,80000000	0,99578455
513,00000000	0,99621384
513,20000000	0,99663268
513,40000000	0,99687766
513,60000000	0,99710018
513,80000000	0,99725061
514,00000000	0,99744126
514,20000000	0,99768473
514,40000000	0,99786626
514,60000000	0,99806084
514,80000000	0,99817702
515,00000000	0,99839369
515,20000000	0,99866389
515,40000000	0,99882423
515,60000000	0,99885139
515,80000000	0,99894937
516,00000000	0,99911790
516,20000000	0,99925811
516,40000000	0,99937486
516,60000000	0,99945098
516,80000000	0,99950795
517,00000000	0,99961296
517,20000000	0,99968055
517,40000000	0,99970925
517,60000000	0,99975717
517,80000000	0,99980999
518,00000000	0,99985622
518,20000000	0,99987171
518,40000000	0,99991068
518,60000000	0,99993197
518,80000000	0,99995278
519,00000000	0,99994481
519,20000000	0,99992316
519,40000000	0,99995782
519,60000000	0,99991820
519,80000000	0,99985771
520,00000000	0,99983871
520,20000000	0,99979102
520,40000000	0,99981142
520,60000000	0,99978549
520,80000000	0,99971774
521,00000000	0,99962396
521,20000000	0,99948357
521,40000000	0,99943503
521,60000000	0,99942703
521,80000000	0,99932241
522,00000000	0,99927559
522,20000000	0,99921243
522,40000000	0,99904524
522,60000000	0,99897909
522,80000000	0,99885604
523,00000000	0,99875373
523,20000000	0,99871952
523,40000000	0,99855916
523,60000000	0,99832851
523,80000000	0,99827156
524,00000000	0,99822021
524,20000000	0,99798911
524,40000000	0,99767534
524,60000000	0,99759646
524,80000000	0,99751433
525,00000000	0,99739762
525,20000000	0,99725693
525,40000000	0,99713207
525,60000000	0,99696995
525,80000000	0,99685655
526,00000000	0,99654998
526,20000000	0,99649424
526,40000000	0,99639739
526,60000000	0,99616350
526,80000000	0,99582550
527,00000000	0,99563205
527,20000000	0,99564712
527,40000000	0,99532487
527,60000000	0,99518016
527,80000000	0,99501918
528,00000000	0,99470069
528,20000000	0,99457261
528,40000000	0,99461668
528,60000000	0,99442372
528,80000000	0,99401420
529,00000000	0,99375827
529,20000000	0,99365685
529,40000000	0,99343759
529,60000000	0,99318246
529,80000000	0,99285929
530,00000000	0,99269293
530,20000000	0,99264764
530,40000000	0,99238628
530,60000000	0,99218859
530,80000000	0,99204219
531,00000000	0,99161727
531,20000000	0,99173665
531,40000000	0,99172769
531,60000000	0,99130730
531,80000000	0,99098065
532,00000000	0,99102563
532,20000000	0,99090723
532,40000000	0,99038934
532,60000000	0,99010406
532,80000000	0,98987299
533,00000000	0,98979234
533,20000000	0,98995916
533,40000000	0,98986738
533,60000000	0,98953673
533,80000000	0,98935474
534,00000000	0,98940072
534,20000000	0,98919354
534,40000000	0,98874048
534,60000000	0,98861889
534,80000000	0,98863480
535,00000000	0,98828153
535,20000000	0,98816012
535,40000000	0,98800479
535,60000000	0,98760756
535,80000000	0,98760938
536,00000000	0,98743088
536,20000000	0,98718593
536,40000000	0,98721842
536,60000000	0,98700811
536,80000000	0,98695175
537,00000000	0,98687562
537,20000000	0,98645372
537,40000000	0,98648807
537,60000000	0,98656748
537,80000000	0,98640072
538,00000000	0,98605076
538,20000000	0,98598567
538,40000000	0,98596709
538,60000000	0,98579039
538,80000000	0,98582577
539,00000000	0,98556679
539,20000000	0,98547754
539,40000000	0,98536944
539,60000000	0,98561031
539,80000000	0,98539428
540,00000000	0,98529253
540,20000000	0,98536263
540,40000000	0,98527413
540,60000000	0,98506655
540,80000000	0,98474257
541,00000000	0,98489205
541,20000000	0,98521335
541,40000000	0,98501966
541,60000000	0,98456297
541,80000000	0,98456472
542,00000000	0,98460560
542,20000000	0,98475263
542,40000000	0,98462415
542,60000000	0,98452235
542,80000000	0,98457831
543,00000000	0,98443269
543,20000000	0,98451134
543,40000000	0,98441684
543,60000000	0,98425207
543,80000000	0,98433556
544,00000000	0,98429399
544,20000000	0,98439698
544,40000000	0,98422970
544,60000000	0,98404496
544,80000000	0,98416335
545,00000000	0,98437513
545,20000000	0,98417945
545,40000000	0,98387773
545,60000000	0,98405797
545,80000000	0,98418448
546,00000000	0,98440835
546,20000000	0,98434377
546,40000000	0,98364115
546,60000000	0,98380334
546,80000000	0,98418358
547,00000000	0,98436462
547,20000000	0,98442335
547,40000000	0,98399551
547,60000000	0,98401943
547,80000000	0,98403004
548,00000000	0,98384291
548,20000000	0,98340414
548,40000000	0,98381489
548,60000000	0,98388370
548,80000000	0,98344530
549,00000000	0,98347813
549,20000000	0,98335682
549,40000000	0,98315388
549,60000000	0,98305068
549,80000000	0,98282649
550,00000000	0,98265714
550,20000000	0,98276997
550,40000000	0,98246130
550,60000000	0,98229940
550,80000000	0,98226197
551,00000000	0,98221396
551,20000000	0,98218726
551,40000000	0,98218740
551,60000000	0,98191516
551,80000000	0,98169747
552,00000000	0,98162331
552,20000000	0,98190271
552,40000000	0,98191188
552,60000000	0,98155182
552,80000000	0,98143368
553,00000000	0,98126690
553,20000000	0,98079079
553,40000000	0,98037246
553,60000000	0,98030800
553,80000000	0,98015824
554,00000000	0,97978635
554,20000000	0,97950859
554,40000000	0,97943822
554,60000000	0,97917097
554,80000000	0,97874078
555,00000000	0,97888859
555,20000000	0,97856662
555,40000000	0,97797199
555,60000000	0,97795610
555,80000000	0,97749928
556,00000000	0,97753276
556,20000000	0,97735265
556,40000000	0,97692670
556,60000000	0,97688071
556,80000000	0,97682782
557,00000000	0,97645778
557,20000000	0,97589921
557,40000000	0,97528428
557,60000000	0,97481632
557,80000000	0,97452616
558,00000000	0,97448394
558,20000000	0,97441362
558,40000000	0,97409215
558,60000000	0,97339240
558,80000000	0,97314251
559,00000000	0,97324821
559,20000000	0,97287111
559,40000000	0,97219944
559,60000000	0,97200993
559,80000000	0,97176186
560,00000000	0,97087055
560,20000000	0,97033847
560,40000000	0,96975261
560,60000000	0,96982041
560,80000000	0,96997711
561,00000000	0,96979444
561,20000000	0,96950245
561,40000000	0,96852340
561,60000000	0,96824703
561,80000000	0,96773072
562,00000000	0,96706154
562,20000000	0,96775643
562,40000000	0,96715977
562,60000000	0,96675384
562,80000000	0,96638435
563,00000000	0,96576520
563,20000000	0,96600292
563,40000000	0,96525334
563,60000000	0,96451376
563,80000000	0,96414253
564,00000000	0,96359790
564,20000000	0,96321761
564,40000000	0,96326553
564,60000000	0,96345084
564,80000000	0,96237906
565,00000000	0,96207040
565,20000000	0,96234946
565,40000000	0,96165219
565,60000000	0,96126800
565,80000000	0,96145020
566,00000000	0,96096549
566,20000000	0,96018487
566,40000000	0,96011167
566,60000000	0,95946607
566,80000000	0,95899370
567,00000000	0,95912011
567,20000000	0,95894084
567,40000000	0,95831241
567,60000000	0,95784215
567,80000000	0,95755523
568,00000000	0,95804471
568,20000000	0,95801459
568,40000000	0,95736979
568,60000000	0,95690102
568,80000000	0,95731654
569,00000000	0,95732645
569,20000000	0,95595891
569,40000000	0,95559219
569,60000000	0,95568112
569,80000000	0,95603297
570,00000000	0,95576663
570,20000000	0,95526726
570,40000000	0,95458266
570,60000000	0,95454233
570,80000000	0,95461165
571,00000000	0,95422964
571,20000000	0,95437524
571,40000000	0,95421878
571,60000000	0,95396789
571,80000000	0,95404823
572,00000000	0,95374072
572,20000000	0,95306949
572,40000000	0,95326735
572,60000000	0,95245903
572,80000000	0,95241888
573,00000000	0,95264211
573,20000000	0,95192297
573,40000000	0,95228175
573,60000000	0,95228218
573,80000000	0,95208403
574,00000000	0,95194010
574,20000000	0,95236728
574,40000000	0,95278275
574,60000000	0,95196991
574,80000000	0,95118169
575,00000000	0,95168830
575,20000000	0,95162111
575,40000000	0,95137533
575,60000000	0,95155559
575,80000000	0,95107066
576,00000000	0,95144661
576,20000000	0,95174121
576,40000000	0,95167566
576,60000000	0,95089060
576,80000000	0,95062682
577,00000000	0,95136911
577,20000000	0,95148622
577,40000000	0,95083531
577,60000000	0,95207434
577,80000000	0,95133690
578,00000000	0,95106138
578,20000000	0,95126764
578,40000000	0,95084520
578,60000000	0,95066677
578,80000000	0,95086506
579,00000000	0,95099786
579,20000000	0,95119743
579,40000000	0,95103439
579,60000000	0,95053833
579,80000000	0,95098242
580,00000000	0,95160956
580,20000000	0,95113087
580,40000000	0,95112398
580,60000000	0,95162451
580,80000000	0,95156005
581,00000000	0,95106157
581,20000000	0,95103730
581,40000000	0,95055940
581,60000000	0,95121324
581,80000000	0,95136827
582,00000000	0,95100748
582,20000000	0,95143407
582,40000000	0,95127110
582,60000000	0,95054856
582,80000000	0,95063752
583,00000000	0,95101075
583,20000000	0,95142277
583,40000000	0,95142855
583,60000000	0,95088070
583,80000000	0,95094303
584,00000000	0,95098615
584,20000000	0,95106608
584,40000000	0,95059273
584,60000000	0,95127536
584,80000000	0,95101597
585,00000000	0,95135413
585,20000000	0,95175997
585,40000000	0,95144286
585,60000000	0,95129733
585,80000000	0,95145000
586,00000000	0,95166044
586,20000000	0,95205955
586,40000000	0,95120377
586,60000000	0,95092506
586,80000000	0,95183866
587,00000000	0,95202555
587,20000000	0,95185907
587,40000000	0,95223842
587,60000000	0,95181885
587,80000000	0,95160447
588,00000000	0,95158549
588,20000000	0,95189778
588,40000000	0,95266601
588,60000000	0,95222083
588,80000000	0,95223625
589,00000000	0,95265082
589,20000000	0,95201231
589,40000000	0,95200911
589,60000000	0,95144756
589,80000000	0,95225696
590,00000000	0,95294399
590,20000000	0,95192507
590,40000000	0,95166326
590,60000000	0,95205630
590,80000000	0,95275006
591,00000000	0,95314527
591,20000000	0,95270954
591,40000000	0,95205141
591,60000000	0,95191261
591,80000000	0,95237904
592,00000000	0,95312208
592,20000000	0,95368144
592,40000000	0,95312111
592,60000000	0,95264307
592,80000000	0,95330505
593,00000000	0,95368044
593,20000000	0,95404613
593,40000000	0,95366840
593,60000000	0,95399457
593,80000000	0,95350939
594,00000000	0,95334967
594,20000000	0,95421281
594,40000000	0,95421099
594,60000000	0,95458208
594,80000000	0,95433379
595,00000000	0,95379553
595,20000000	0,95406050
595,40000000	0,95353796
595,60000000	0,95360838
595,80000000	0,95424729
596,00000000	0,95488893
596,20000000	0,95433952
596,40000000	0,95450965
596,60000000	0,95503047
596,80000000	0,95489551
597,00000000	0,95489142
597,20000000	0,95501652
597,40000000	0,95552589
597,60000000	0,95528809
597,80000000	0,95465365
598,00000000	0,95468355
598,20000000	0,95554603
598,40000000	0,95585665
598,60000000	0,95524117
598,80000000	0,95569071
599,00000000	0,95579536
599,20000000	0,95688636
599,40000000	0,95653865
599,60000000	0,95601116
599,80000000	0,95681347
600,00000000	0,95698481
600,20000000	0,95702997
600,40000000	0,95617060
600,60000000	0,95661637
600,80000000	0,95727741
601,00000000	0,95704699
601,20000000	0,95804084
601,40000000	0,95782846
601,60000000	0,95755559
601,80000000	0,95841215
602,00000000	0,95887745
602,20000000	0,95851596
602,40000000	0,95833776
602,60000000	0,95852705
602,80000000	0,95805391
603,00000000	0,95825972
603,20000000	0,95885793
603,40000000	0,95850195
603,60000000	0,95894974
603,80000000	0,95954303
604,00000000	0,95970367
604,20000000	0,95904907
604,40000000	0,95981694
604,60000000	0,95970530
604,80000000	0,96069500
605,00000000	0,96030710
605,20000000	0,95953689
605,40000000	0,96091630
605,60000000	0,96117235
605,80000000	0,96079383
606,00000000	0,96048866
606,20000000	0,96090752
606,40000000	0,96197142
606,60000000	0,96208108
606,80000000	0,96187619
607,00000000	0,96174706
607,20000000	0,96205302
607,40000000	0,96339346
607,60000000	0,96308718
607,80000000	0,96223558
608,00000000	0,96219093
608,20000000	0,96286191
608,40000000	0,96315475
608,60000000	0,96294798
608,80000000	0,96270642
609,00000000	0,96282519
609,20000000	0,96285374
609,40000000	0,96267062
609,60000000	0,96333792
609,80000000	0,96314743
610,00000000	0,96304330
610,20000000	0,96365844
610,40000000	0,96446172
610,60000000	0,96401319
610,80000000	0,96407232
611,00000000	0,96439056
611,20000000	0,96495994
611,40000000	0,96444860
611,60000000	0,96385421
611,80000000	0,96445585
612,00000000	0,96456274
612,20000000	0,96406730
612,40000000	0,96511052
612,60000000	0,96500109
612,80000000	0,96487673
613,00000000	0,96543127
613,20000000	0,96534483
613,40000000	0,96555704
613,60000000	0,96521137
613,80000000	0,96525491
614,00000000	0,96580246
614,20000000	0,96604989
614,40000000	0,96550025
614,60000000	0,96536505
614,80000000	0,96644632
615,00000000	0,96630413
615,20000000	0,96568215
615,40000000	0,96584635
615,60000000	0,96653418
615,80000000	0,96687530
616,00000000	0,96632815
616,20000000	0,96606951
616,40000000	0,96674402
616,60000000	0,96655115
616,80000000	0,96678499
617,00000000	0,96655254
617,20000000	0,96594242
617,40000000	0,96655880
617,60000000	0,96740848
617,80000000	0,96702244
618,00000000	0,96673770
618,20000000	0,96674063
618,40000000	0,96726135
618,60000000	0,96767307
618,80000000	0,96703301
619,00000000	0,96722350
619,20000000	0,96761575
619,40000000	0,96750215
619,60000000	0,96769754
619,80000000	0,96721449
620,00000000	0,96699264
620,20000000	0,96738831
620,40000000	0,96774914
620,60000000	0,96724270
620,80000000	0,96709858
621,00000000	0,96743955
621,20000000	0,96800142
621,40000000	0,96731076
621,60000000	0,96741158
621,80000000	0,96769312
622,00000000	0,96792200
622,20000000	0,96836887
622,40000000	0,96714463
622,60000000	0,96701723
622,80000000	0,96800067
623,00000000	0,96837447
623,20000000	0,96816420
623,40000000	0,96767124
623,60000000	0,96757468
623,80000000	0,96801099
624,00000000	0,96830395
624,20000000	0,96792792
624,40000000	0,96790498
624,60000000	0,96783752
624,80000000	0,96786654
625,00000000	0,96741501
625,20000000	0,96800862
625,40000000	0,96801941
625,60000000	0,96759841
625,80000000	0,96761528
626,00000000	0,96786605
626,20000000	0,96744379
626,40000000	0,96798915
626,60000000	0,96747293
626,80000000	0,96705908
627,00000000	0,96733391
627,20000000	0,96710271
627,40000000	0,96729583
627,60000000	0,96707294
627,80000000	0,96726051
628,00000000	0,96718075
628,20000000	0,96674522
628,40000000	0,96686683
628,60000000	0,96714822
628,80000000	0,96720205
629,00000000	0,96671861
629,20000000	0,96671729
629,40000000	0,96677955
629,60000000	0,96708669
629,80000000	0,96681917
630,00000000	0,96650604
630,20000000	0,96603648
630,40000000	0,96630287
630,60000000	0,96647870
630,80000000	0,96581233
631,00000000	0,96565939
631,20000000	0,96621661
631,40000000	0,96606265
631,60000000	0,96586529
631,80000000	0,96548291
632,00000000	0,96550702
632,20000000	0,96572576
632,40000000	0,96530690
632,60000000	0,96479121
632,80000000	0,96471169
633,00000000	0,96490190
633,20000000	0,96497308
633,40000000	0,96444409
633,60000000	0,96447540
633,80000000	0,96384100
634,00000000	0,96447793
634,20000000	0,96442434
634,40000000	0,96362625
634,60000000	0,96349856
634,80000000	0,96361484
635,00000000	0,96328057
635,20000000	0,96310786
635,40000000	0,96286573
635,60000000	0,96264461
635,80000000	0,96226762
636,00000000	0,96312536
636,20000000	0,96253851
636,40000000	0,96173421
636,60000000	0,96155375
636,80000000	0,96106973
637,00000000	0,96077159
637,20000000	0,96134996
637,40000000	0,96172849
637,60000000	0,96073578
637,80000000	0,96076329
638,00000000	0,96134689
638,20000000	0,96019595
638,40000000	0,96031519
638,60000000	0,96021243
638,80000000	0,96003601
639,00000000	0,95989691
639,20000000	0,95931208
639,40000000	0,95877525
639,60000000	0,95965070
639,80000000	0,95938675
640,00000000	0,95867811
640,20000000	0,95861901
640,40000000	0,95788699
640,60000000	0,95794795
640,80000000	0,95783537
641,00000000	0,95795943
641,20000000	0,95797388
641,40000000	0,95714000
641,60000000	0,95661042
641,80000000	0,95686689
642,00000000	0,95720960
642,20000000	0,95695471
642,40000000	0,95581154
642,60000000	0,95559819
642,80000000	0,95528171
643,00000000	0,95533071
643,20000000	0,95582816
643,40000000	0,95546790
643,60000000	0,95503308
643,80000000	0,95463003
644,00000000	0,95439312
644,20000000	0,95444213
644,40000000	0,95451544
644,60000000	0,95442305
644,80000000	0,95371443
645,00000000	0,95370768
645,20000000	0,95408512
645,40000000	0,95402779
645,60000000	0,95292684
645,80000000	0,95324849
646,00000000	0,95337713
646,20000000	0,95284322
646,40000000	0,95277166
646,60000000	0,95314823
646,80000000	0,95357732
647,00000000	0,95278040
647,20000000	0,95231065
647,40000000	0,95250985
647,60000000	0,95227113
647,80000000	0,95177801
648,00000000	0,95207820
648,20000000	0,95246511
648,40000000	0,95205481
648,60000000	0,95158349
648,80000000	0,95238380
649,00000000	0,95160407
649,20000000	0,95149296
649,40000000	0,95210003
649,60000000	0,95211361
649,80000000	0,95188302
650,00000000	0,95198014
650,20000000	0,95197822
650,40000000	0,95185711
650,60000000	0,95245203
650,80000000	0,95173157
651,00000000	0,95226322
651,20000000	0,95296550
651,40000000	0,95255231
651,60000000	0,95331142
651,80000000	0,95306150
652,00000000	0,95272258
652,20000000	0,95233699
652,40000000	0,95249973
652,60000000	0,95315029
652,80000000	0,95309444
653,00000000	0,95296098
653,20000000	0,95298011
653,40000000	0,95340796
653,60000000	0,95338010
653,80000000	0,95384563
654,00000000	0,95405652
654,20000000	0,95482498
654,40000000	0,95465623
654,60000000	0,95413069
654,80000000	0,95480128
655,00000000	0,95458627
655,20000000	0,95562696
655,40000000	0,95556933
655,60000000	0,95528974
655,80000000	0,95584210
656,00000000	0,95538339
656,20000000	0,95633080
656,40000000	0,95729312
656,60000000	0,95656405
656,80000000	0,95633388
657,00000000	0,95801141
657,20000000	0,95805815
657,40000000	0,95858500
657,60000000	0,95851266
657,80000000	0,95779764
658,00000000	0,95858496
658,20000000	0,95892197
658,40000000	0,95880940
658,60000000	0,95973044
658,80000000	0,95995721
659,00000000	0,96031167
659,20000000	0,96077977
659,40000000	0,96092705
659,60000000	0,96155474
659,80000000	0,96225955
660,00000000	0,96208833
660,20000000	0,96204738
660,40000000	0,96213123
660,60000000	0,96273528
660,80000000	0,96343081
661,00000000	0,96371462
661,20000000	0,96377132
661,40000000	0,96396055
661,60000000	0,96455588
661,80000000	0,96478030
662,00000000	0,96532832
662,20000000	0,96579880
662,40000000	0,96571599
662,60000000	0,96597033
662,80000000	0,96619468
663,00000000	0,96649751
663,20000000	0,96663646
663,40000000	0,96711248
663,60000000	0,96721058
663,80000000	0,96781091
664,00000000	0,96841176
664,20000000	0,96882571
664,40000000	0,96909580
664,60000000	0,96862329
664,80000000	0,96892219
665,00000000	0,96941213
665,20000000	0,96974411
665,40000000	0,97051284
665,60000000	0,97062632
665,80000000	0,97026690
666,00000000	0,97084801
666,20000000	0,97154949
666,40000000	0,97159929
666,60000000	0,97152912
666,80000000	0,97194957
667,00000000	0,97219927
667,20000000	0,97266335
667,40000000	0,97292089
667,60000000	0,97322398
667,80000000	0,97331142
668,00000000	0,97322566
668,20000000	0,97385462
668,40000000	0,97391455
668,60000000	0,97388846
668,80000000	0,97373083
669,00000000	0,97430530
669,20000000	0,97457039
669,40000000	0,97467532
669,60000000	0,97441840
669,80000000	0,97485851
670,00000000	0,97512160
670,20000000	0,97558391
670,40000000	0,97578218
670,60000000	0,97595688
670,80000000	0,97574667
671,00000000	0,97583189
671,20000000	0,97588439
671,40000000	0,97549413
671,60000000	0,97584563
671,80000000	0,97628299
672,00000000	0,97643418
672,20000000	0,97628499
672,40000000	0,97614335
672,60000000	0,97665445
672,80000000	0,97727545
673,00000000	0,97715730
673,20000000	0,97650667
673,40000000	0,97660217
673,60000000	0,97670082
673,80000000	0,97731942
674,00000000	0,97708876
674,20000000	0,97683280
674,40000000	0,97760850
674,60000000	0,97734741
674,80000000	0,97680201
675,00000000	0,97682998
675,20000000	0,97717599
675,40000000	0,97758399
675,60000000	0,97752712
675,80000000	0,97721932
676,00000000	0,97753021
676,20000000	0,97773169
676,40000000	0,97760476
676,60000000	0,97738895
676,80000000	0,97709051
677,00000000	0,97714807
677,20000000	0,97753689
677,40000000	0,97738422
677,60000000	0,97774936
677,80000000	0,97780308
678,00000000	0,97752430
678,20000000	0,97759705
678,40000000	0,97815517
678,60000000	0,97812569
678,80000000	0,97780070
679,00000000	0,97824455
679,20000000	0,97800959
679,40000000	0,97788337
679,60000000	0,97832213
679,80000000	0,97868653
680,00000000	0,97850025
680,20000000	0,97788221
680,40000000	0,97835089
680,60000000	0,97873305
680,80000000	0,97855791
681,00000000	0,97828377
681,20000000	0,97828100
681,40000000	0,97876700
681,60000000	0,97906417
681,80000000	0,97881466
682,00000000	0,97875452
682,20000000	0,97863776
682,40000000	0,97898112
682,60000000	0,97956894
682,80000000	0,97931199
683,00000000	0,97900279
683,20000000	0,97929380
683,40000000	0,97982116
683,60000000	0,97994803
683,80000000	0,97979617
684,00000000	0,97966321
684,20000000	0,97984109
684,40000000	0,98027641
684,60000000	0,98061636
684,80000000	0,98031022
685,00000000	0,98047915
685,20000000	0,98070210
685,40000000	0,98109738
685,60000000	0,98096386
685,80000000	0,98087698
686,00000000	0,98103351
686,20000000	0,98135201
686,40000000	0,98168424
686,60000000	0,98111470
686,80000000	0,98135258
687,00000000	0,98212402
687,20000000	0,98230212
687,40000000	0,98182560
687,60000000	0,98194094
687,80000000	0,98219645
688,00000000	0,98253333
688,20000000	0,98284206
688,40000000	0,98293616
688,60000000	0,98260999
688,80000000	0,98318693
689,00000000	0,98408373
689,20000000	0,98375437
689,40000000	0,98311353
689,60000000	0,98316428
689,80000000	0,98365844
690,00000000	0,98474614
690,20000000	0,98443835
690,40000000	0,98380295
690,60000000	0,98433688
690,80000000	0,98500164
691,00000000	0,98550201
691,20000000	0,98493593
691,40000000	0,98458377
691,60000000	0,98516069
691,80000000	0,98609808
692,00000000	0,98619390
692,20000000	0,98578444
692,40000000	0,98553436
692,60000000	0,98635703
692,80000000	0,98702135
693,00000000	0,98676174
693,20000000	0,98602065
693,40000000	0,98629057
693,60000000	0,98734008
693,80000000	0,98751883
694,00000000	0,98733095
694,20000000	0,98666364
694,40000000	0,98689898
694,60000000	0,98787071
694,80000000	0,98823282
695,00000000	0,98780274
695,20000000	0,98735353
695,40000000	0,98794663
695,60000000	0,98861302
695,80000000	0,98845233
696,00000000	0,98776193
696,20000000	0,98777168
696,40000000	0,98844673
696,60000000	0,98929872
696,80000000	0,98920107
697,00000000	0,98834165
697,20000000	0,98844133
697,40000000	0,98920116
697,60000000	0,98962047
697,80000000	0,98904808
698,00000000	0,98854126
698,20000000	0,98893018
698,40000000	0,98988251
698,60000000	0,98994925
698,80000000	0,98938336
699,00000000	0,98887242
699,20000000	0,98951708
699,40000000	0,98992928
699,60000000	0,98993214
699,80000000	0,98913225
700,00000000	0,98918644
700,20000000	0,98983177
700,40000000	0,99043552
700,60000000	0,98996356
700,80000000	0,98945118
701,00000000	0,98941891
701,20000000	0,99014577
701,40000000	0,99046103
701,60000000	0,98982559
701,80000000	0,98951177
702,00000000	0,98975780
702,20000000	0,99023956
702,40000000	0,99018587
702,60000000	0,98999396
702,80000000	0,98945148
703,00000000	0,98983839
703,20000000	0,99044883
703,40000000	0,99043650
703,60000000	0,98984338
703,80000000	0,98967764
704,00000000	0,99032706
704,20000000	0,99050238
704,40000000	0,99014489
704,60000000	0,98967963
704,80000000	0,99017447
705,00000000	0,99034921
705,20000000	0,99040334
705,40000000	0,98982297
705,60000000	0,98971023
705,80000000	0,99013209
706,00000000	0,99042534
706,20000000	0,99024678
706,40000000	0,98997778
706,60000000	0,98979356
706,80000000	0,99055038
707,00000000	0,99071001
707,20000000	0,98994632
707,40000000	0,98994956
707,60000000	0,99016997
707,80000000	0,99043252
708,00000000	0,99034398
708,20000000	0,98991855
708,40000000	0,99013771
708,60000000	0,99065044
708,80000000	0,99093036
709,00000000	0,99059441
709,20000000	0,99018018
709,40000000	0,99016496
709,60000000	0,99079079
709,80000000	0,99097112
710,00000000	0,99073669
710,20000000	0,99049178
710,40000000	0,99073086
710,60000000	0,99123598
710,80000000	0,99096153
711,00000000	0,99071307
711,20000000	0,99059225
711,40000000	0,99111592
711,60000000	0,99147020
711,80000000	0,99117285
712,00000000	0,99102496
712,20000000	0,99117101
712,40000000	0,99160290
712,60000000	0,99196050
712,80000000	0,99162390
713,00000000	0,99166891
713,20000000	0,99201657
713,40000000	0,99198643
713,60000000	0,99210552
713,80000000	0,99228401
714,00000000	0,99215524
714,20000000	0,99208724
714,40000000	0,99258131
714,60000000	0,99256411
714,80000000	0,99257174
715,00000000	0,99280212
715,20000000	0,99265609
715,40000000	0,99297339
715,60000000	0,99305107
715,80000000	0,99303397
716,00000000	0,99329223
716,20000000	0,99354988
716,40000000	0,99333176
716,60000000	0,99362412
716,80000000	0,99359868
717,00000000	0,99388670
717,20000000	0,99395122
717,40000000	0,99394451
717,60000000	0,99402616
717,80000000	0,99405350
718,00000000	0,99444124
718,20000000	0,99435969
718,40000000	0,99433661
718,60000000	0,99468004
718,80000000	0,99483543
719,00000000	0,99491744
719,20000000	0,99488475
719,40000000	0,99505522
719,60000000	0,99516665
719,80000000	0,99528131
720,00000000	0,99519285
720,20000000	0,99528232
720,40000000	0,99539525
720,60000000	0,99558543
720,80000000	0,99551345
721,00000000	0,99569818
721,20000000	0,99587068
721,40000000	0,99597791
721,60000000	0,99600803
721,80000000	0,99586347
722,00000000	0,99601912
722,20000000	0,99608558
722,40000000	0,99626555
722,60000000	0,99611195
722,80000000	0,99628014
723,00000000	0,99632453
723,20000000	0,99640476
723,40000000	0,99641883
723,60000000	0,99636266
723,80000000	0,99635902
724,00000000	0,99646492
724,20000000	0,99658154
724,40000000	0,99663827
724,60000000	0,99655633
724,80000000	0,99652111
725,00000000	0,99664168
725,20000000	0,99653800
725,40000000	0,99670847
725,60000000	0,99684529
725,80000000	0,99662103
726,00000000	0,99650017
726,20000000	0,99668787
726,40000000	0,99678355
726,60000000	0,99662706
726,80000000	0,99654536
727,00000000	0,99660580
727,20000000	0,99671519
727,40000000	0,99664627
727,60000000	0,99650467
727,80000000	0,99648016
728,00000000	0,99660228
728,20000000	0,99653674
728,40000000	0,99628709
728,60000000	0,99613145
728,80000000	0,99640209
729,00000000	0,99643415
729,20000000	0,99621453
729,40000000	0,99597988
729,60000000	0,99609649
729,80000000	0,99617952
730,00000000	0,99609361
730,20000000	0,99580445
730,40000000	0,99582819
730,60000000	0,99588376
730,80000000	0,99581100
731,00000000	0,99577970
731,20000000	0,99581721
731,40000000	0,99568044
731,60000000	0,99568649
731,80000000	0,99549148
732,00000000	0,99537891
732,20000000	0,99537268
732,40000000	0,99521327
732,60000000	0,99527308
732,80000000	0,99512309
733,00000000	0,99506232
733,20000000	0,99493250
733,40000000	0,99491992
733,60000000	0,99493769
733,80000000	0,99474279
734,00000000	0,99470595
734,20000000	0,99485334
734,40000000	0,99468691
734,60000000	0,99472483
734,80000000	0,99446262
735,00000000	0,99449321
735,20000000	0,99443091
735,40000000	0,99449647
735,60000000	0,99425659
735,80000000	0,99422842
736,00000000	0,99429635
736,20000000	0,99445769
736,40000000	0,99417322
736,60000000	0,99398233
736,80000000	0,99407292
737,00000000	0,99418889
737,20000000	0,99415604
737,40000000	0,99400773
737,60000000	0,99385995
737,80000000	0,99385869
738,00000000	0,99397087
738,20000000	0,99391907
738,40000000	0,99367748
738,60000000	0,99358251
738,80000000	0,99382001
739,00000000	0,99392934
739,20000000	0,99380516
739,40000000	0,99359684
739,60000000	0,99369805
739,80000000	0,99391327
740,00000000	0,99396886
740,20000000	0,99383414
740,40000000	0,99374773
740,60000000	0,99391942
740,80000000	0,99397015
741,00000000	0,99388310
741,20000000	0,99361675
741,40000000	0,99371407
741,60000000	0,99396597
741,80000000	0,99398479
742,00000000	0,99372774
742,20000000	0,99362385
742,40000000	0,99402948
742,60000000	0,99402013
742,80000000	0,99413175
743,00000000	0,99408658
743,20000000	0,99393502
743,40000000	0,99420669
743,60000000	0,99426333
743,80000000	0,99411845
744,00000000	0,99402212
744,20000000	0,99411621
744,40000000	0,99445229
744,60000000	0,99454434
744,80000000	0,99437483
745,00000000	0,99449442
745,20000000	0,99445342
745,40000000	0,99475388
745,60000000	0,99472510
745,80000000	0,99457747
746,00000000	0,99473831
746,20000000	0,99491435
746,40000000	0,99482103
746,60000000	0,99486714
746,80000000	0,99495015
747,00000000	0,99497137
747,20000000	0,99544365
747,40000000	0,99528379
747,60000000	0,99534084
747,80000000	0,99516270
748,00000000	0,99545468
748,20000000	0,99556019
748,40000000	0,99554866
748,60000000	0,99560512
748,80000000	0,99571424
749,00000000	0,99592852
749,20000000	0,99585077
749,40000000	0,99591891
749,60000000	0,99598033
749,80000000	0,99611263
750,00000000	0,99630565
750,20000000	0,99629900
750,40000000	0,99628754
750,60000000	0,99647097
750,80000000	0,99656326
751,00000000	0,99665864
751,20000000	0,99663787
751,40000000	0,99662369
751,60000000	0,99687001
751,80000000	0,99688832
752,00000000	0,99705074
752,20000000	0,99700341
752,40000000	0,99697810
752,60000000	0,99712893
752,80000000	0,99717422
753,00000000	0,99723813
753,20000000	0,99728177
753,40000000	0,99740664
753,60000000	0,99747962
753,80000000	0,99757665
754,00000000	0,99745617
754,20000000	0,99761396
754,40000000	0,99776399
754,60000000	0,99792142
754,80000000	0,99783907
755,00000000	0,99794594
755,20000000	0,99807107
755,40000000	0,99810015
755,60000000	0,99803956
755,80000000	0,99812884
756,00000000	0,99816133
756,20000000	0,99822277
756,40000000	0,99835258
756,60000000	0,99834537
756,80000000	0,99834951
757,00000000	0,99842349
757,20000000	0,99849478
757,40000000	0,99857591
757,60000000	0,99859228
757,80000000	0,99856143
758,00000000	0,99869277
758,20000000	0,99869627
758,40000000	0,99872920
758,60000000	0,99876987
758,80000000	0,99881101
759,00000000	0,99896142
759,20000000	0,99895982
759,40000000	0,99886844
759,60000000	0,99892006
759,80000000	0,99900593
760,00000000	0,99913270
760,20000000	0,99913046
760,40000000	0,99910092
760,60000000	0,99919908
760,80000000	0,99920269
761,00000000	0,99920708
761,20000000	0,99911981
761,40000000	0,99919545
761,60000000	0,99933036
761,80000000	0,99934236
762,00000000	0,99922323
762,20000000	0,99930169
762,40000000	0,99935381
762,60000000	0,99939941
762,80000000	0,99937083
763,00000000	0,99935483
763,20000000	0,99938428
763,40000000	0,99941191
763,60000000	0,99949804
763,80000000	0,99943238
764,00000000	0,99945747
764,20000000	0,99945061
764,40000000	0,99948403
764,60000000	0,99947175
764,80000000	0,99940801
765,00000000	0,99947937
765,20000000	0,99957099
765,40000000	0,99950153
765,60000000	0,99947415
765,80000000	0,99948632
766,00000000	0,99950655
766,20000000	0,99951455
766,40000000	0,99955286
766,60000000	0,99949585
766,80000000	0,99942641
767,00000000	0,99949144
767,20000000	0,99953956
767,40000000	0,99953482
767,60000000	0,99951578
767,80000000	0,99950417
768,00000000	0,99948844
768,20000000	0,99950796
768,40000000	0,99939616
768,60000000	0,99950398
768,80000000	0,99952152
769,00000000	0,99950630
769,20000000	0,99946088
769,40000000	0,99940830
769,60000000	0,99944430
769,80000000	0,99945960
770,00000000	0,99936207
770,20000000	0,99939630
770,40000000	0,99943469
770,60000000	0,99943300
770,80000000	0,99939721
771,00000000	0,99937837
771,20000000	0,99935940
771,40000000	0,99936674
771,60000000	0,99939966
771,80000000	0,99937665
772,00000000	0,99934252
772,20000000	0,99923647
772,40000000	0,99938364
772,60000000	0,99938529
772,80000000	0,99923225
773,00000000	0,99925510
773,20000000	0,99924856
773,40000000	0,99930677
773,60000000	0,99933367
773,80000000	0,99920554
774,00000000	0,99921152
774,20000000	0,99923848
774,40000000	0,99916053
774,60000000	0,99919402
774,80000000	0,99916780
775,00000000	0,99920368
775,20000000	0,99921811
775,40000000	0,99919209
775,60000000	0,99913275
775,80000000	0,99914155
776,00000000	0,99917848
776,20000000	0,99917268
776,40000000	0,99911532
776,60000000	0,99901203
776,80000000	0,99914178
777,00000000	0,99909349
777,20000000	0,99907162
777,40000000	0,99905121
777,60000000	0,99897490
777,80000000	0,99902381
778,00000000	0,99900264
778,20000000	0,99896876
778,40000000	0,99896175
778,60000000	0,99894959
778,80000000	0,99902554
779,00000000	0,99903258
779,20000000	0,99892502
779,40000000	0,99883644
779,60000000	0,99897675
779,80000000	0,99890500
780,00000000	0,99884973
780,20000000	0,99882282
780,40000000	0,99886430
780,60000000	0,99895826
780,80000000	0,99886228
781,00000000	0,99884870
781,20000000	0,99879546
781,40000000	0,99884348
781,60000000	0,99896200
781,80000000	0,99885950
782,00000000	0,99884662
782,20000000	0,99879730
782,40000000	0,99879959
782,60000000	0,99885819
782,80000000	0,99884796
783,00000000	0,99875830
783,20000000	0,99875308
783,40000000	0,99879362
783,60000000	0,99883462
783,80000000	0,99878661
784,00000000	0,99868458
784,20000000	0,99879165
784,40000000	0,99879641
784,60000000	0,99873615
784,80000000	0,99859622
785,00000000	0,99864578
785,20000000	0,99878167
785,40000000	0,99868824
785,60000000	0,99871808
785,80000000	0,99847797
786,00000000	0,99860964
786,20000000	0,99869721
786,40000000	0,99861166
786,60000000	0,99846627
786,80000000	0,99852033
787,00000000	0,99859293
787,20000000	0,99863818
787,40000000	0,99848442
787,60000000	0,99842723
787,80000000	0,99840995
788,00000000	0,99845616
788,20000000	0,99857462
788,40000000	0,99840923
788,60000000	0,99827812
788,80000000	0,99833619
789,00000000	0,99836282
789,20000000	0,99812353
789,40000000	0,99826363
789,60000000	0,99834759
789,80000000	0,99827031
790,00000000	0,99821957
790,20000000	0,99809155
790,40000000	0,99824284
790,60000000	0,99816189
790,80000000	0,99811818
791,00000000	0,99807914
791,20000000	0,99808934
791,40000000	0,99782574
791,60000000	0,99803553
791,80000000	0,99794069
792,00000000	0,99788232
792,20000000	0,99789660
792,40000000	0,99774415
792,60000000	0,99785702
792,80000000	0,99785418
793,00000000	0,99770201
793,20000000	0,99761213
793,40000000	0,99763964
793,60000000	0,99776578
793,80000000	0,99750057
794,00000000	0,99744917
794,20000000	0,99745584
794,40000000	0,99758580
794,60000000	0,99752794
794,80000000	0,99739534
795,00000000	0,99729902
795,20000000	0,99740384
795,40000000	0,99740159
795,60000000	0,99727167
795,80000000	0,99709297
796,00000000	0,99719902
796,20000000	0,99720479
796,40000000	0,99704658
796,60000000	0,99695701
796,80000000	0,99711549
797,00000000	0,99693392
797,20000000	0,99714536
797,40000000	0,99701872
797,60000000	0,99681378
797,80000000	0,99698496
798,00000000	0,99681705
798,20000000	0,99669019
798,40000000	0,99687126
798,60000000	0,99687258
798,80000000	0,99666008
799,00000000	0,99664365
799,20000000	0,99688886
799,40000000	0,99655656
799,60000000	0,99635440
799,80000000	0,99652801
800,00000000	0,99673756
800,20000000	0,99671598
800,40000000	0,99640904
800,60000000	0,99641726
800,80000000	0,99651607
801,00000000	0,99646120
801,20000000	0,99641796
801,40000000	0,99646396
801,60000000	0,99648260
801,80000000	0,99631636
802,00000000	0,99636075
802,20000000	0,99639396
802,40000000	0,99628668
802,60000000	0,99635502
802,80000000	0,99654407
803,00000000	0,99639481
803,20000000	0,99640085
803,40000000	0,99641115
803,60000000	0,99627675
803,80000000	0,99670030
804,00000000	0,99634615
804,20000000	0,99640072
804,40000000	0,99652703
804,60000000	0,99636207
804,80000000	0,99644007
805,00000000	0,99645624
805,20000000	0,99642698
805,40000000	0,99665157
805,60000000	0,99666760
805,80000000	0,99643161
806,00000000	0,99651110
806,20000000	0,99670516
806,40000000	0,99673209
806,60000000	0,99654899
806,80000000	0,99665195
807,00000000	0,99667035
807,20000000	0,99686756
807,40000000	0,99707747
807,60000000	0,99687547
807,80000000	0,99662555
808,00000000	0,99700578
808,20000000	0,99708559
808,40000000	0,99717165
808,60000000	0,99702772
808,80000000	0,99691862
809,00000000	0,99710656
809,20000000	0,99727871
809,40000000	0,99710525
809,60000000	0,99718554
809,80000000	0,99737243
810,00000000	0,99738231
810,20000000	0,99755411
810,40000000	0,99732216
810,60000000	0,99737564
810,80000000	0,99750399
811,00000000	0,99776389
811,20000000	0,99764320
811,40000000	0,99767238
811,60000000	0,99763986
811,80000000	0,99787572
812,00000000	0,99763246
812,20000000	0,99787650
812,40000000	0,99780985
812,60000000	0,99776810
812,80000000	0,99804286
813,00000000	0,99791132
813,20000000	0,99793167
813,40000000	0,99801952
813,60000000	0,99802354
813,80000000	0,99819848
814,00000000	0,99811247
814,20000000	0,99803911
814,40000000	0,99818772
814,60000000	0,99831408
814,80000000	0,99829041
815,00000000	0,99829492
815,20000000	0,99812761
815,40000000	0,99822211
815,60000000	0,99836464
815,80000000	0,99841086
816,00000000	0,99820876
816,20000000	0,99842692
816,40000000	0,99834761
816,60000000	0,99834572
816,80000000	0,99830701
817,00000000	0,99824448
817,20000000	0,99823200
817,40000000	0,99841914
817,60000000	0,99827324
817,80000000	0,99815145
818,00000000	0,99817045
818,20000000	0,99803721
818,40000000	0,99812404
818,60000000	0,99812923
818,80000000	0,99813921
819,00000000	0,99809999
819,20000000	0,99778768
819,40000000	0,99792187
819,60000000	0,99786253
819,80000000	0,99780869
820,00000000	0,99765907
820,20000000	0,99755014
820,40000000	0,99768631
820,60000000	0,99731097
820,80000000	0,99720374
821,00000000	0,99718953
821,20000000	0,99719477
821,40000000	0,99712423
821,60000000	0,99684947
821,80000000	0,99668426
822,00000000	0,99657826
822,20000000	0,99685527
822,40000000	0,99655846
822,60000000	0,99617556
822,80000000	0,99615810
823,00000000	0,99624067
823,20000000	0,99592841
823,40000000	0,99570364
823,60000000	0,99556330
823,80000000	0,99558367
824,00000000	0,99539853
824,20000000	0,99537520
824,40000000	0,99510006
824,60000000	0,99486567
824,80000000	0,99490856
825,00000000	0,99462085
825,20000000	0,99444522
825,40000000	0,99432012
825,60000000	0,99421909
825,80000000	0,99375601
826,00000000	0,99368222
826,20000000	0,99347491
826,40000000	0,99340979
826,60000000	0,99330653
826,80000000	0,99315911
827,00000000	0,99283399
827,20000000	0,99246686
827,40000000	0,99255377
827,60000000	0,99261938
827,80000000	0,99218120
828,00000000	0,99192790
828,20000000	0,99215469
828,40000000	0,99139012
828,60000000	0,99135735
828,80000000	0,99095372
829,00000000	0,99087958
829,20000000	0,99094746
829,40000000	0,99086158
829,60000000	0,99044964
829,80000000	0,99011561
830,00000000	0,99034007
830,20000000	0,98961240
830,40000000	0,98967280
830,60000000	0,98944961
830,80000000	0,98935802
831,00000000	0,98928287
831,20000000	0,98930459
831,40000000	0,98879883
831,60000000	0,98860197
831,80000000	0,98880559
832,00000000	0,98823198
832,20000000	0,98865443
832,40000000	0,98807341
832,60000000	0,98815332
832,80000000	0,98801650
833,00000000	0,98826254
833,20000000	0,98752166
833,40000000	0,98749958
833,60000000	0,98713005
833,80000000	0,98755199
834,00000000	0,98761842
834,20000000	0,98711871
834,40000000	0,98697161
834,60000000	0,98700510
834,80000000	0,98687312
835,00000000	0,98712628
835,20000000	0,98670289
835,40000000	0,98632670
835,60000000	0,98644530
835,80000000	0,98666777
836,00000000	0,98642665
836,20000000	0,98610334
836,40000000	0,98603308
836,60000000	0,98645329
836,80000000	0,98631243
837,00000000	0,98649613
837,20000000	0,98589851
837,40000000	0,98622124
837,60000000	0,98601209
837,80000000	0,98630688
838,00000000	0,98600398
838,20000000	0,98592394
838,40000000	0,98635862
838,60000000	0,98667676
838,80000000	0,98602789
839,00000000	0,98636623
839,20000000	0,98609682
839,40000000	0,98672517
839,60000000	0,98642635
839,80000000	0,98616283
840,00000000	0,98615844
840,20000000	0,98668798
840,40000000	0,98685638
840,60000000	0,98653752
840,80000000	0,98698721
841,00000000	0,98685189
841,20000000	0,98700143
841,40000000	0,98704023
841,60000000	0,98700536
841,80000000	0,98718064
842,00000000	0,98725575
842,20000000	0,98791265
842,40000000	0,98784453
842,60000000	0,98769756
842,80000000	0,98776421
843,00000000	0,98850134
843,20000000	0,98798931
843,40000000	0,98850236
843,60000000	0,98791838
843,80000000	0,98852587
844,00000000	0,98884302
844,20000000	0,98884859
844,40000000	0,98901976
844,60000000	0,98883952
844,80000000	0,98934966
845,00000000	0,98966636
845,20000000	0,98968071
845,40000000	0,98939839
845,60000000	0,98980021
845,80000000	0,99022999
846,00000000	0,99017846
846,20000000	0,99018620
846,40000000	0,99062636
846,60000000	0,99080950
846,80000000	0,99086841
847,00000000	0,99118824
847,20000000	0,99125728
847,40000000	0,99122525
847,60000000	0,99163966
847,80000000	0,99176309
848,00000000	0,99199171
848,20000000	0,99210737
848,40000000	0,99217969
848,60000000	0,99242051
848,80000000	0,99276928
849,00000000	0,99258836
849,20000000	0,99232498
849,40000000	0,99281026
849,60000000	0,99335853
849,80000000	0,99328231
850,00000000	0,99340684
850,20000000	0,99344415
850,40000000	0,99372000
850,60000000	0,99404236
850,80000000	0,99409127
851,00000000	0,99396525
851,20000000	0,99433645
851,40000000	0,99457133
851,60000000	0,99449942
851,80000000	0,99452088
852,00000000	0,99452635
852,20000000	0,99480520
852,40000000	0,99513846
852,60000000	0,99508630
852,80000000	0,99504639
853,00000000	0,99513037
853,20000000	0,99547371
853,40000000	0,99546909
853,60000000	0,99527842
853,80000000	0,99549303
854,00000000	0,99567077
854,20000000	0,99579330
854,40000000	0,99567218
854,60000000	0,99581384
854,80000000	0,99579970
855,00000000	0,99605837
855,20000000	0,99614141
855,40000000	0,99593970
855,60000000	0,99609790
855,80000000	0,99598718
856,00000000	0,99623549
856,20000000	0,99604726
856,40000000	0,99608854
856,60000000	0,99621050
856,80000000	0,99647551
857,00000000	0,99626212
857,20000000	0,99614517
857,40000000	0,99624221
857,60000000	0,99606886
857,80000000	0,99636707
858,00000000	0,99637414
858,20000000	0,99622893
858,40000000	0,99611957
858,60000000	0,99602776
858,80000000	0,99612845
859,00000000	0,99628367
859,20000000	0,99612653
859,40000000	0,99608677
859,60000000	0,99620039
859,80000000	0,99627204
860,00000000	0,99586899
860,20000000	0,99577140
860,40000000	0,99604494
860,60000000	0,99613392
860,80000000	0,99581605
861,00000000	0,99587920
861,20000000	0,99564709
861,40000000	0,99571415
861,60000000	0,99567330
861,80000000	0,99565927
862,00000000	0,99558882
862,20000000	0,99539510
862,40000000	0,99554150
862,60000000	0,99527939
862,80000000	0,99539903
863,00000000	0,99532675
863,20000000	0,99541235
863,40000000	0,99525330
863,60000000	0,99517502
863,80000000	0,99499679
864,00000000	0,99501243
864,20000000	0,99491017
864,40000000	0,99502641
864,60000000	0,99476513
864,80000000	0,99456885
865,00000000	0,99444493
865,20000000	0,99470011
865,40000000	0,99465525
865,60000000	0,99450777
865,80000000	0,99428465
866,00000000	0,99436453
866,20000000	0,99431696
866,40000000	0,99442959
866,60000000	0,99422815
866,80000000	0,99412464
867,00000000	0,99394749
867,20000000	0,99428782
867,40000000	0,99398740
867,60000000	0,99368286
867,80000000	0,99388227
868,00000000	0,99399666
868,20000000	0,99387821
868,40000000	0,99362939
868,60000000	0,99364813
868,80000000	0,99356844
869,00000000	0,99359601
869,20000000	0,99371627
869,40000000	0,99338618
869,60000000	0,99326945
869,80000000	0,99358512
870,00000000	0,99380031
870,20000000	0,99315818
870,40000000	0,99325989
870,60000000	0,99303469
870,80000000	0,99325725
871,00000000	0,99327308
871,20000000	0,99296487
871,40000000	0,99323610
871,60000000	0,99299369
871,80000000	0,99326904
872,00000000	0,99316366
872,20000000	0,99304773
872,40000000	0,99280841
872,60000000	0,99321396
872,80000000	0,99274948
873,00000000	0,99283669
873,20000000	0,99266138
873,40000000	0,99256730
873,60000000	0,99284774
873,80000000	0,99278451
874,00000000	0,99243086
874,20000000	0,99254536
874,40000000	0,99270165
874,60000000	0,99267149
874,80000000	0,99260725
875,00000000	0,99218144
875,20000000	0,99258393
875,40000000	0,99259561
875,60000000	0,99263130
875,80000000	0,99192851
876,00000000	0,99202368
876,20000000	0,99253028
876,40000000	0,99226399
876,60000000	0,99231727
876,80000000	0,99201289
877,00000000	0,99179186
877,20000000	0,99236175
877,40000000	0,99209331
877,60000000	0,99169854
877,80000000	0,99193395
878,00000000	0,99163888
878,20000000	0,99198982
878,40000000	0,99187350
878,60000000	0,99148485
878,80000000	0,99164785
879,00000000	0,99178196
879,20000000	0,99175246
879,40000000	0,99167588
879,60000000	0,99141113
879,80000000	0,99132992
880,00000000	0,99142895
880,20000000	0,99142758
880,40000000	0,99089741
880,60000000	0,99105196
880,80000000	0,99144527
881,00000000	0,99111012
881,20000000	0,99081280
881,40000000	0,99053512
881,60000000	0,99077576
881,80000000	0,99090098
882,00000000	0,99072923
882,20000000	0,99039881
882,40000000	0,99029286
882,60000000	0,99057064
882,80000000	0,99062890
883,00000000	0,99047060
883,20000000	0,98985915
883,40000000	0,99000332
883,60000000	0,99033990
883,80000000	0,99006413
884,00000000	0,98965005
884,20000000	0,98955750
884,40000000	0,98970843
884,60000000	0,98991996
884,80000000	0,98950349
885,00000000	0,98952572
885,20000000	0,98908038
885,40000000	0,98917697
885,60000000	0,98952848
885,80000000	0,98925185
886,00000000	0,98902711
886,20000000	0,98889337
886,40000000	0,98921085
886,60000000	0,98877577
886,80000000	0,98898699
887,00000000	0,98829278
887,20000000	0,98882692
887,40000000	0,98879718
887,60000000	0,98889148
887,80000000	0,98819680
888,00000000	0,98886756
888,20000000	0,98844863
888,40000000	0,98849149
888,60000000	0,98806496
888,80000000	0,98803636
889,00000000	0,98841687
889,20000000	0,98841804
889,40000000	0,98834863
889,60000000	0,98781009
889,80000000	0,98810216
890,00000000	0,98825825
890,20000000	0,98827462
890,40000000	0,98879930
890,60000000	0,98776999
890,80000000	0,98764706
891,00000000	0,98816849
891,20000000	0,98840911
891,40000000	0,98803545
891,60000000	0,98824975
891,80000000	0,98820231
892,00000000	0,98860968
892,20000000	0,98843507
892,40000000	0,98838947
892,60000000	0,98807148
892,80000000	0,98858306
893,00000000	0,98860520
893,20000000	0,98840707
893,40000000	0,98836287
893,60000000	0,98868429
893,80000000	0,98857249
894,00000000	0,98878623
894,20000000	0,98846374
894,40000000	0,98891041
894,60000000	0,98898270
894,80000000	0,98928529
895,00000000	0,98911560
895,20000000	0,98915160
895,40000000	0,98935709
895,60000000	0,98954773
895,80000000	0,98955971
896,00000000	0,98979635
896,20000000	0,98992448
896,40000000	0,99004843
896,60000000	0,99035061
896,80000000	0,99025568
897,00000000	0,99015076
897,20000000	0,99021034
897,40000000	0,99086530
897,60000000	0,99092941
897,80000000	0,99058341
898,00000000	0,99067545
898,20000000	0,99130863
898,40000000	0,99149912
898,60000000	0,99142639
898,80000000	0,99136575
899,00000000	0,99192094
899,20000000	0,99172759
899,40000000	0,99217361
899,60000000	0,99262706
899,80000000	0,99195758
900,00000000	0,99254286
