200,00000000	0,99551273
200,20000000	0,99597347
200,40000000	0,99629497
200,60000000	0,99786308
200,80000000	0,99731849
201,00000000	0,99849216
201,20000000	0,99919586
201,40000000	0,99933817
201,60000000	0,99960234
201,80000000	0,99987149
202,00000000	0,99981578
202,20000000	0,99951075
202,40000000	0,99919838
202,60000000	0,99882931
202,80000000	0,99963814
203,00000000	0,99899501
203,20000000	0,99816937
203,40000000	0,99906692
203,60000000	0,99855031
203,80000000	0,99521105
204,00000000	0,99673642
204,20000000	0,99689482
204,40000000	0,99751637
204,60000000	0,99499800
204,80000000	0,99406028
205,00000000	0,99340253
205,20000000	0,98969994
205,40000000	0,99168155
205,60000000	0,99271710
205,80000000	0,98605818
206,00000000	0,98708620
206,20000000	0,98093820
206,40000000	0,98512073
206,60000000	0,97628545
206,80000000	0,98429978
207,00000000	0,97598306
207,20000000	0,97006280
207,40000000	0,97754617
207,60000000	0,96988396
207,80000000	0,97160526
208,00000000	0,97608138
208,20000000	0,96281895
208,40000000	0,96437069
208,60000000	0,95926797
208,80000000	0,96143975
209,00000000	0,95319245
209,20000000	0,95632610
209,40000000	0,95630070
209,60000000	0,94227041
209,80000000	0,94858173
210,00000000	0,94660305
210,20000000	0,94698441
210,40000000	0,92633248
210,60000000	0,92029023
210,80000000	0,94410764
211,00000000	0,92598520
211,20000000	0,92944324
211,40000000	0,93383411
211,60000000	0,91003328
211,80000000	0,92615176
212,00000000	0,90615580
212,20000000	0,91954116
212,40000000	0,90968535
212,60000000	0,89608921
212,80000000	0,88185329
213,00000000	0,90907258
213,20000000	0,88667999
213,40000000	0,88640026
213,60000000	0,87923999
213,80000000	0,84674465
214,00000000	0,88734053
214,20000000	0,89711998
214,40000000	0,86303676
214,60000000	0,84748853
214,80000000	0,86653999
215,00000000	0,87372348
215,20000000	0,86747744
215,40000000	0,85738227
215,60000000	0,84691265
215,80000000	0,85048498
216,00000000	0,84679861
216,20000000	0,83494030
216,40000000	0,84068643
216,60000000	0,84505380
216,80000000	0,82563880
217,00000000	0,82329729
217,20000000	0,82824680
217,40000000	0,83536035
217,60000000	0,81217065
217,80000000	0,81864653
218,00000000	0,82711731
218,20000000	0,82423702
218,40000000	0,82938691
218,60000000	0,80470070
218,80000000	0,81725454
219,00000000	0,81111124
219,20000000	0,79421200
219,40000000	0,80264492
219,60000000	0,80782825
219,80000000	0,80658495
220,00000000	0,77954961
220,20000000	0,76629710
220,40000000	0,78280813
220,60000000	0,79885049
220,80000000	0,78822647
221,00000000	0,78629718
221,20000000	0,79011899
221,40000000	0,80306852
221,60000000	0,76831234
221,80000000	0,77203357
222,00000000	0,77838725
222,20000000	0,79412218
222,40000000	0,77950472
222,60000000	0,79855495
222,80000000	0,78060144
223,00000000	0,78351586
223,20000000	0,78337519
223,40000000	0,77996246
223,60000000	0,76151984
223,80000000	0,77629711
224,00000000	0,80675021
224,20000000	0,77768964
224,40000000	0,77167265
224,60000000	0,78260578
224,80000000	0,78579615
225,00000000	0,78680626
225,20000000	0,75463237
225,40000000	0,75762718
225,60000000	0,78376147
225,80000000	0,77875829
226,00000000	0,78076372
226,20000000	0,79173226
226,40000000	0,77457629
226,60000000	0,77183130
226,80000000	0,76934184
227,00000000	0,79328004
227,20000000	0,78408630
227,40000000	0,78798182
227,60000000	0,78511690
227,80000000	0,79486438
228,00000000	0,81795775
228,20000000	0,77640398
228,40000000	0,77703004
228,60000000	0,82003917
228,80000000	0,79422957
229,00000000	0,78628646
229,20000000	0,78759041
229,40000000	0,82017875
229,60000000	0,82682667
229,80000000	0,79693039
230,00000000	0,80273286
230,20000000	0,81026169
230,40000000	0,81984947
230,60000000	0,79885101
230,80000000	0,80558155
231,00000000	0,83742781
231,20000000	0,82763297
231,40000000	0,78694013
231,60000000	0,78800991
231,80000000	0,83139848
232,00000000	0,82973967
232,20000000	0,82880394
232,40000000	0,81766525
232,60000000	0,85163654
232,80000000	0,85481799
233,00000000	0,83084601
233,20000000	0,81561548
233,40000000	0,81842639
233,60000000	0,84117541
233,80000000	0,83135675
234,00000000	0,83847756
234,20000000	0,85447792
234,40000000	0,86756800
234,60000000	0,86871232
234,80000000	0,83822595
235,00000000	0,83857014
235,20000000	0,85521624
235,40000000	0,85954992
235,60000000	0,84453274
235,80000000	0,82977696
236,00000000	0,84454824
236,20000000	0,87422516
236,40000000	0,87741614
236,60000000	0,85792976
236,80000000	0,84543250
237,00000000	0,86449952
237,20000000	0,87055781
237,40000000	0,85383439
237,60000000	0,85660464
237,80000000	0,85615655
238,00000000	0,86264400
238,20000000	0,88854737
238,40000000	0,86729952
238,60000000	0,85879506
238,80000000	0,86181817
239,00000000	0,85986951
239,20000000	0,89038235
239,40000000	0,89727986
239,60000000	0,87178792
239,80000000	0,86662371
240,00000000	0,86320946
240,20000000	0,86474730
240,40000000	0,86977350
240,60000000	0,86061339
240,80000000	0,85841568
241,00000000	0,86306311
241,20000000	0,84995432
241,40000000	0,87245019
241,60000000	0,83911643
241,80000000	0,84470719
242,00000000	0,86121578
242,20000000	0,85729095
242,40000000	0,84998711
242,60000000	0,83722157
242,80000000	0,83786257
243,00000000	0,84435561
243,20000000	0,83610436
243,40000000	0,82556848
243,60000000	0,81590234
243,80000000	0,81974411
244,00000000	0,80851692
244,20000000	0,80926854
244,40000000	0,78991487
244,60000000	0,80097680
244,80000000	0,80510678
245,00000000	0,78492924
245,20000000	0,80153338
245,40000000	0,79027272
245,60000000	0,77343489
245,80000000	0,77506936
246,00000000	0,74764477
246,20000000	0,75150822
246,40000000	0,73332827
246,60000000	0,73583228
246,80000000	0,73721884
247,00000000	0,70889982
247,20000000	0,71572812
247,40000000	0,73324058
247,60000000	0,72474633
247,80000000	0,70388924
248,00000000	0,68182239
248,20000000	0,68077679
248,40000000	0,67085046
248,60000000	0,67384347
248,80000000	0,66672334
249,00000000	0,65987458
249,20000000	0,64370427
249,40000000	0,63808599
249,60000000	0,65278200
249,80000000	0,63462130
250,00000000	0,61639445
250,20000000	0,62249964
250,40000000	0,59924962
250,60000000	0,60682515
250,80000000	0,60433641
251,00000000	0,61451771
251,20000000	0,61878550
251,40000000	0,60197347
251,60000000	0,59744205
251,80000000	0,58290271
252,00000000	0,59134989
252,20000000	0,60445304
252,40000000	0,57472801
252,60000000	0,57518570
252,80000000	0,57584120
253,00000000	0,57085368
253,20000000	0,56492629
253,40000000	0,55286841
253,60000000	0,57112848
253,80000000	0,57149526
254,00000000	0,56610926
254,20000000	0,55930967
254,40000000	0,54301799
254,60000000	0,54439026
254,80000000	0,54836035
255,00000000	0,54294485
255,20000000	0,56359059
255,40000000	0,56765723
255,60000000	0,57776696
255,80000000	0,56081218
256,00000000	0,56770730
256,20000000	0,56640841
256,40000000	0,56768406
256,60000000	0,57364808
256,80000000	0,57430709
257,00000000	0,58257632
257,20000000	0,57909018
257,40000000	0,58345992
257,60000000	0,58527838
257,80000000	0,59429753
258,00000000	0,59751756
258,20000000	0,61194342
258,40000000	0,61205103
258,60000000	0,61667170
258,80000000	0,62295106
259,00000000	0,63839723
259,20000000	0,63480982
259,40000000	0,64288922
259,60000000	0,65452448
259,80000000	0,66335691
260,00000000	0,67738492
260,20000000	0,68138737
260,40000000	0,69428539
260,60000000	0,70716837
260,80000000	0,72076577
261,00000000	0,72672490
261,20000000	0,74597756
261,40000000	0,75417058
261,60000000	0,76639555
261,80000000	0,77451057
262,00000000	0,79468136
262,20000000	0,80857870
262,40000000	0,82128116
262,60000000	0,83792927
262,80000000	0,85331000
263,00000000	0,86089305
263,20000000	0,86962003
263,40000000	0,88465466
263,60000000	0,89469907
263,80000000	0,90399641
264,00000000	0,91335365
264,20000000	0,91961280
264,40000000	0,92720459
264,60000000	0,93273417
264,80000000	0,93236950
265,00000000	0,93472874
265,20000000	0,93637248
265,40000000	0,93056737
265,60000000	0,92786656
265,80000000	0,92510806
266,00000000	0,91813577
266,20000000	0,90868456
266,40000000	0,90167108
266,60000000	0,89216304
266,80000000	0,86818456
267,00000000	0,86192482
267,20000000	0,85998683
267,40000000	0,84636577
267,60000000	0,82805875
267,80000000	0,80907209
268,00000000	0,78964655
268,20000000	0,77435476
268,40000000	0,75995860
268,60000000	0,74049487
268,80000000	0,72197515
269,00000000	0,69095065
269,20000000	0,68131918
269,40000000	0,67621509
269,60000000	0,66454061
269,80000000	0,63853274
270,00000000	0,63093162
270,20000000	0,62108787
270,40000000	0,61247458
270,60000000	0,60112236
270,80000000	0,59191894
271,00000000	0,58799055
271,20000000	0,57245470
271,40000000	0,56975670
271,60000000	0,56351888
271,80000000	0,55945077
272,00000000	0,55334728
272,20000000	0,54652407
272,40000000	0,53485209
272,60000000	0,52905948
272,80000000	0,53588369
273,00000000	0,52738817
273,20000000	0,51463163
273,40000000	0,51357468
273,60000000	0,50251396
273,80000000	0,50418198
274,00000000	0,51095045
274,20000000	0,50896833
274,40000000	0,48705314
274,60000000	0,48520003
274,80000000	0,49122174
275,00000000	0,50156978
275,20000000	0,50041177
275,40000000	0,49339995
275,60000000	0,49272163
275,80000000	0,49630477
276,00000000	0,49145756
276,20000000	0,49059886
276,40000000	0,48847901
276,60000000	0,48171295
276,80000000	0,49479133
277,00000000	0,49845648
277,20000000	0,50315974
277,40000000	0,50790795
277,60000000	0,50616829
277,80000000	0,51197498
278,00000000	0,51144934
278,20000000	0,51694361
278,40000000	0,53100797
278,60000000	0,53638522
278,80000000	0,53622653
279,00000000	0,53557519
279,20000000	0,53872261
279,40000000	0,55296403
279,60000000	0,56021404
279,80000000	0,56761074
280,00000000	0,56294969
280,20000000	0,55719978
280,40000000	0,56319168
280,60000000	0,56612558
280,80000000	0,55789051
281,00000000	0,55125161
281,20000000	0,54611805
281,40000000	0,53473692
281,60000000	0,53890667
281,80000000	0,53242921
282,00000000	0,51797907
282,20000000	0,51399292
282,40000000	0,49540198
282,60000000	0,48659602
282,80000000	0,48763670
283,00000000	0,48287555
283,20000000	0,47779125
283,40000000	0,46073616
283,60000000	0,44570401
283,80000000	0,44197000
284,00000000	0,43638582
284,20000000	0,43816976
284,40000000	0,44392836
284,60000000	0,43796199
284,80000000	0,42558597
285,00000000	0,42161927
285,20000000	0,42812731
285,40000000	0,42354627
285,60000000	0,41177177
285,80000000	0,40686313
286,00000000	0,39142447
286,20000000	0,38040651
286,40000000	0,37898101
286,60000000	0,37194613
286,80000000	0,35968488
287,00000000	0,35508482
287,20000000	0,34554546
287,40000000	0,33836611
287,60000000	0,34061000
287,80000000	0,33317704
288,00000000	0,30949997
288,20000000	0,30617502
288,40000000	0,30816576
288,60000000	0,30084654
288,80000000	0,29397915
289,00000000	0,29543843
289,20000000	0,29775974
289,40000000	0,29108200
289,60000000	0,28395344
289,80000000	0,28082699
290,00000000	0,27841355
290,20000000	0,28149865
290,40000000	0,27690443
290,60000000	0,26712003
290,80000000	0,25730347
291,00000000	0,25003465
291,20000000	0,25142250
291,40000000	0,25144563
291,60000000	0,25181698
291,80000000	0,25061753
292,00000000	0,24026772
292,20000000	0,22897939
292,40000000	0,22383461
292,60000000	0,22885335
292,80000000	0,23112934
293,00000000	0,22457620
293,20000000	0,22554567
293,40000000	0,22258502
293,60000000	0,22447678
293,80000000	0,23356397
294,00000000	0,22331429
294,20000000	0,21880017
294,40000000	0,22962247
294,60000000	0,21984665
294,80000000	0,20936223
295,00000000	0,21741669
295,20000000	0,22587067
295,40000000	0,21383215
295,60000000	0,21293320
295,80000000	0,21511890
296,00000000	0,21382977
296,20000000	0,21338438
296,40000000	0,21371235
296,60000000	0,20895044
296,80000000	0,20915116
297,00000000	0,20657967
297,20000000	0,20460286
297,40000000	0,20450526
297,60000000	0,20885925
297,80000000	0,20995369
298,00000000	0,20301545
298,20000000	0,20266256
298,40000000	0,19810140
298,60000000	0,18929006
298,80000000	0,20025381
299,00000000	0,20026847
299,20000000	0,19043406
299,40000000	0,18885275
299,60000000	0,19292508
299,80000000	0,19332659
300,00000000	0,20377534
300,20000000	0,19905048
300,40000000	0,18256468
300,60000000	0,18763760
300,80000000	0,19927733
301,00000000	0,19818107
301,20000000	0,19226219
301,40000000	0,18613778
301,60000000	0,18992177
301,80000000	0,19443932
302,00000000	0,19439258
302,20000000	0,19362603
302,40000000	0,19372361
302,60000000	0,18148165
302,80000000	0,18059043
303,00000000	0,18106201
303,20000000	0,18867638
303,40000000	0,19482220
303,60000000	0,18634657
303,80000000	0,18354825
304,00000000	0,18607048
304,20000000	0,18515795
304,40000000	0,18282341
304,60000000	0,18806343
304,80000000	0,19037782
305,00000000	0,18389970
305,20000000	0,18066987
305,40000000	0,18124220
305,60000000	0,18870047
305,80000000	0,18945192
306,00000000	0,18333751
306,20000000	0,18230476
306,40000000	0,17632840
306,60000000	0,17503824
306,80000000	0,18063825
307,00000000	0,17931891
307,20000000	0,18555703
307,40000000	0,18471733
307,60000000	0,16670185
307,80000000	0,17131120
308,00000000	0,18050533
308,20000000	0,17901931
308,40000000	0,17497530
308,60000000	0,17114669
308,80000000	0,17109565
309,00000000	0,17750882
309,20000000	0,17392482
309,40000000	0,17157174
309,60000000	0,17578494
309,80000000	0,17524911
310,00000000	0,16945802
310,20000000	0,16285473
310,40000000	0,16851010
310,60000000	0,17919552
310,80000000	0,18041464
311,00000000	0,16811376
311,20000000	0,16747895
311,40000000	0,17199110
311,60000000	0,17066927
311,80000000	0,16905215
312,00000000	0,17495501
312,20000000	0,17930280
312,40000000	0,17360744
312,60000000	0,16879094
312,80000000	0,16853692
313,00000000	0,17078536
313,20000000	0,17387423
313,40000000	0,16887614
313,60000000	0,16715404
313,80000000	0,17042930
314,00000000	0,16855867
314,20000000	0,16306774
314,40000000	0,16625773
314,60000000	0,16752457
314,80000000	0,16522494
315,00000000	0,16570317
315,20000000	0,16858736
315,40000000	0,16970769
315,60000000	0,17000876
315,80000000	0,17170094
316,00000000	0,17132025
316,20000000	0,16412383
316,40000000	0,16619180
316,60000000	0,17209234
316,80000000	0,17269783
317,00000000	0,16537871
317,20000000	0,16528026
317,40000000	0,16925373
317,60000000	0,17068368
317,80000000	0,16826906
318,00000000	0,16903269
318,20000000	0,16978779
318,40000000	0,16588710
318,60000000	0,16259999
318,80000000	0,16601081
319,00000000	0,16706755
319,20000000	0,16663856
319,40000000	0,16661628
319,60000000	0,16577756
319,80000000	0,16387397
320,00000000	0,16646978
320,20000000	0,16762621
320,40000000	0,16185943
320,60000000	0,15908423
320,80000000	0,16043597
321,00000000	0,16246575
321,20000000	0,16327206
321,40000000	0,16245227
321,60000000	0,16369395
321,80000000	0,16170752
322,00000000	0,15907426
322,20000000	0,16047701
322,40000000	0,16120398
322,60000000	0,16024195
322,80000000	0,16186588
323,00000000	0,16201995
323,20000000	0,16119305
323,40000000	0,16072832
323,60000000	0,15942278
323,80000000	0,15884328
324,00000000	0,16100985
324,20000000	0,16073454
324,40000000	0,16466046
324,60000000	0,16446247
324,80000000	0,16149462
325,00000000	0,16237334
325,20000000	0,15926611
325,40000000	0,15760090
325,60000000	0,15905677
325,80000000	0,15863640
326,00000000	0,15869578
326,20000000	0,15848275
326,40000000	0,15931584
326,60000000	0,15977640
326,80000000	0,15803795
327,00000000	0,15719346
327,20000000	0,15821446
327,40000000	0,15850068
327,60000000	0,15847419
327,80000000	0,15796015
328,00000000	0,15751100
328,20000000	0,15764064
328,40000000	0,15685056
328,60000000	0,15424727
328,80000000	0,15705814
329,00000000	0,15870428
329,20000000	0,15664036
329,40000000	0,15441869
329,60000000	0,15326313
329,80000000	0,15335234
330,00000000	0,15476142
330,20000000	0,15609920
330,40000000	0,15733803
330,60000000	0,15688917
330,80000000	0,15621938
331,00000000	0,15584232
331,20000000	0,15372673
331,40000000	0,15488046
331,60000000	0,15371281
331,80000000	0,15241044
332,00000000	0,15315481
332,20000000	0,15391581
332,40000000	0,15414715
332,60000000	0,15401534
332,80000000	0,15525364
333,00000000	0,15586856
333,20000000	0,15471462
333,40000000	0,15498807
333,60000000	0,15599709
333,80000000	0,15687368
334,00000000	0,15357699
334,20000000	0,15113861
334,40000000	0,15160683
334,60000000	0,15161493
334,80000000	0,15300376
335,00000000	0,15277740
335,20000000	0,15254907
335,40000000	0,15427632
335,60000000	0,15307030
335,80000000	0,15218803
336,00000000	0,15102665
336,20000000	0,15050128
336,40000000	0,15140265
336,60000000	0,15013985
336,80000000	0,15116241
337,00000000	0,15208259
337,20000000	0,15100530
337,40000000	0,14967260
337,60000000	0,14960815
337,80000000	0,15096307
338,00000000	0,15162487
338,20000000	0,15111873
338,40000000	0,15132000
338,60000000	0,15145419
338,80000000	0,15188652
339,00000000	0,15153529
339,20000000	0,14982988
339,40000000	0,14948399
339,60000000	0,14982667
339,80000000	0,14908700
340,00000000	0,14980487
340,20000000	0,15046636
340,40000000	0,15071044
340,60000000	0,15040680
340,80000000	0,14813188
341,00000000	0,15006587
341,20000000	0,14980782
341,40000000	0,14807316
341,60000000	0,14890708
341,80000000	0,14807849
342,00000000	0,15044367
342,20000000	0,14936664
342,40000000	0,15013248
342,60000000	0,15093984
342,80000000	0,14792370
343,00000000	0,14977355
343,20000000	0,14770124
343,40000000	0,14912899
343,60000000	0,14943815
343,80000000	0,14882758
344,00000000	0,15092529
344,20000000	0,14865724
344,40000000	0,14968686
344,60000000	0,14940742
344,80000000	0,14776710
345,00000000	0,14850125
345,20000000	0,14745461
345,40000000	0,14811336
345,60000000	0,14880148
345,80000000	0,14821043
346,00000000	0,14966321
346,20000000	0,14895193
346,40000000	0,14873819
346,60000000	0,14862163
346,80000000	0,14724739
347,00000000	0,14743074
347,20000000	0,14638633
347,40000000	0,14631491
347,60000000	0,14647914
347,80000000	0,14606674
348,00000000	0,14801090
348,20000000	0,14887325
348,40000000	0,14858081
348,60000000	0,14856077
348,80000000	0,14780055
349,00000000	0,14800186
349,20000000	0,14766210
349,40000000	0,14688799
349,60000000	0,14654830
349,80000000	0,14588643
350,00000000	0,14570503
350,20000000	0,14616754
350,40000000	0,14662262
350,60000000	0,14677907
350,80000000	0,14680136
351,00000000	0,14725560
351,20000000	0,14732088
351,40000000	0,14718188
351,60000000	0,14652000
351,80000000	0,14594093
352,00000000	0,14537910
352,20000000	0,14480239
352,40000000	0,14413225
352,60000000	0,14400631
352,80000000	0,14404304
353,00000000	0,14478617
353,20000000	0,14539660
353,40000000	0,14517363
353,60000000	0,14521289
353,80000000	0,14573335
354,00000000	0,14642567
354,20000000	0,14649770
354,40000000	0,14612671
354,60000000	0,14656509
354,80000000	0,14646969
355,00000000	0,14612768
355,20000000	0,14598682
355,40000000	0,14582996
355,60000000	0,14541243
355,80000000	0,14440262
356,00000000	0,14337010
356,20000000	0,14319935
356,40000000	0,14294106
356,60000000	0,14308173
356,80000000	0,14278749
357,00000000	0,14231706
357,20000000	0,14254912
357,40000000	0,14296835
357,60000000	0,14399492
357,80000000	0,14417192
358,00000000	0,14375928
358,20000000	0,14482965
358,40000000	0,14481177
358,60000000	0,14415953
358,80000000	0,14452163
359,00000000	0,14501121
359,20000000	0,14566722
359,40000000	0,14552930
359,60000000	0,14437639
359,80000000	0,14446053
360,00000000	0,14480880
360,20000000	0,14530645
360,40000000	0,14484299
360,60000000	0,14408839
360,80000000	0,14404456
361,00000000	0,14410485
361,20000000	0,14400280
361,40000000	0,14433777
361,60000000	0,14461780
361,80000000	0,14557235
362,00000000	0,14516961
362,20000000	0,14378948
362,40000000	0,14535426
362,60000000	0,14635860
362,80000000	0,14590011
363,00000000	0,14506416
363,20000000	0,14447709
363,40000000	0,14580667
363,60000000	0,14623934
363,80000000	0,14703361
364,00000000	0,14742812
364,20000000	0,14625974
364,40000000	0,14440773
364,60000000	0,14524856
364,80000000	0,14737195
365,00000000	0,14638668
365,20000000	0,14668511
365,40000000	0,14946854
365,60000000	0,14947089
365,80000000	0,14884667
366,00000000	0,14876715
366,20000000	0,14931007
366,40000000	0,15172633
366,60000000	0,15212518
366,80000000	0,15182103
367,00000000	0,15517732
367,20000000	0,15642287
367,40000000	0,15640286
367,60000000	0,15817728
367,80000000	0,15875924
368,00000000	0,15758069
368,20000000	0,15901266
368,40000000	0,16080834
368,60000000	0,16190553
368,80000000	0,16181721
369,00000000	0,16069769
369,20000000	0,16246859
369,40000000	0,16360618
369,60000000	0,16063526
369,80000000	0,15990904
370,00000000	0,16432620
370,20000000	0,16348702
370,40000000	0,16058558
370,60000000	0,16219251
370,80000000	0,16206751
371,00000000	0,16088576
371,20000000	0,15844401
371,40000000	0,15486892
371,60000000	0,15657881
371,80000000	0,15808530
372,00000000	0,15619434
372,20000000	0,15728691
372,40000000	0,15906417
372,60000000	0,15579013
372,80000000	0,15435643
373,00000000	0,15583316
373,20000000	0,15478243
373,40000000	0,15189232
373,60000000	0,15134918
373,80000000	0,14823820
374,00000000	0,15015346
374,20000000	0,15101678
374,40000000	0,14590308
374,60000000	0,14874727
374,80000000	0,15132082
375,00000000	0,14714813
375,20000000	0,14819050
375,40000000	0,14999406
375,60000000	0,14620003
375,80000000	0,14485864
376,00000000	0,14683057
376,20000000	0,14402933
376,40000000	0,14424292
376,60000000	0,14415716
376,80000000	0,14272183
377,00000000	0,14334480
377,20000000	0,14115285
377,40000000	0,13772582
377,60000000	0,14085468
377,80000000	0,14356775
378,00000000	0,14053520
378,20000000	0,14336444
378,40000000	0,14325135
378,60000000	0,13947482
378,80000000	0,14114745
379,00000000	0,14069041
379,20000000	0,13993585
379,40000000	0,14190877
379,60000000	0,14137124
379,80000000	0,14136548
380,00000000	0,14309263
380,20000000	0,14092255
380,40000000	0,13786407
380,60000000	0,14016513
380,80000000	0,14206442
381,00000000	0,14032081
381,20000000	0,14458332
381,40000000	0,14343134
381,60000000	0,13915567
381,80000000	0,14429940
382,00000000	0,14526457
382,20000000	0,14024440
382,40000000	0,13853444
382,60000000	0,14120850
382,80000000	0,14142731
383,00000000	0,13725405
383,20000000	0,13840689
383,40000000	0,13945118
383,60000000	0,14175793
383,80000000	0,14145626
384,00000000	0,14023877
384,20000000	0,14218506
384,40000000	0,13967834
384,60000000	0,13690509
384,80000000	0,13886284
385,00000000	0,14292739
385,20000000	0,14302792
385,40000000	0,13570670
385,60000000	0,13783404
385,80000000	0,13949468
386,00000000	0,13721785
386,20000000	0,13974949
386,40000000	0,13761080
386,60000000	0,13795941
386,80000000	0,13902548
387,00000000	0,13962266
387,20000000	0,14178483
387,40000000	0,13982297
387,60000000	0,14282988
387,80000000	0,14503184
388,00000000	0,14142004
388,20000000	0,14265397
388,40000000	0,14219201
388,60000000	0,14059465
388,80000000	0,13870379
389,00000000	0,13816427
389,20000000	0,14350800
389,40000000	0,14131824
389,60000000	0,13693012
389,80000000	0,14034655
390,00000000	0,14137980
390,20000000	0,14254286
390,40000000	0,13986361
390,60000000	0,14258407
390,80000000	0,14556147
391,00000000	0,13924284
391,20000000	0,14216826
391,40000000	0,14271395
391,60000000	0,13901806
391,80000000	0,13843422
392,00000000	0,14005733
392,20000000	0,14596084
392,40000000	0,14550796
392,60000000	0,14481192
392,80000000	0,14197618
393,00000000	0,13738044
393,20000000	0,14143626
393,40000000	0,14480368
393,60000000	0,14338905
393,80000000	0,13926522
394,00000000	0,13551224
394,20000000	0,14055890
394,40000000	0,14548418
394,60000000	0,14013099
394,80000000	0,13622069
395,00000000	0,13675698
395,20000000	0,13580815
395,40000000	0,13973202
395,60000000	0,14673775
395,80000000	0,14723175
396,00000000	0,13977993
396,20000000	0,13604989
396,40000000	0,13966427
396,60000000	0,14412694
396,80000000	0,14695239
397,00000000	0,14016138
397,20000000	0,13217304
397,40000000	0,13160214
397,60000000	0,13766443
397,80000000	0,14670901
398,00000000	0,14925804
398,20000000	0,14558461
398,40000000	0,14205414
398,60000000	0,13744633
398,80000000	0,13045810
399,00000000	0,12998833
399,20000000	0,13553948
399,40000000	0,14018866
399,60000000	0,14056917
399,80000000	0,13906111
400,00000000	0,13913289
400,20000000	0,13914656
400,40000000	0,14498225
400,60000000	0,15048075
400,80000000	0,14335290
401,00000000	0,14143372
401,20000000	0,13748598
401,40000000	0,13045125
401,60000000	0,14218004
401,80000000	0,14147516
402,00000000	0,13849830
402,20000000	0,15037124
402,40000000	0,14664257
402,60000000	0,14024104
402,80000000	0,14640009
403,00000000	0,14625999
403,20000000	0,14291175
403,40000000	0,14619618
403,60000000	0,14298740
403,80000000	0,14462100
404,00000000	0,14805534
404,20000000	0,13372200
404,40000000	0,13941764
404,60000000	0,15300821
404,80000000	0,14203803
405,00000000	0,14319860
405,20000000	0,14980522
405,40000000	0,14501557
405,60000000	0,15058185
405,80000000	0,15304243
406,00000000	0,14997760
406,20000000	0,15533167
406,40000000	0,14739465
406,60000000	0,13841974
406,80000000	0,14529005
407,00000000	0,14252402
407,20000000	0,13740160
407,40000000	0,14717995
407,60000000	0,14793015
407,80000000	0,14781578
408,00000000	0,15765809
408,20000000	0,15023989
408,40000000	0,15110874
408,60000000	0,14989491
408,80000000	0,13754717
409,00000000	0,14908349
409,20000000	0,15032063
409,40000000	0,14839348
409,60000000	0,15524541
409,80000000	0,14704535
410,00000000	0,15105974
410,20000000	0,15980296
410,40000000	0,15065650
410,60000000	0,14674092
410,80000000	0,15081922
411,00000000	0,14747226
411,20000000	0,14894131
411,40000000	0,14715079
411,60000000	0,14126049
411,80000000	0,15063869
412,00000000	0,14676401
412,20000000	0,14667009
412,40000000	0,15944219
412,60000000	0,15022734
412,80000000	0,14734267
413,00000000	0,14364488
413,20000000	0,13594396
413,40000000	0,14871419
413,60000000	0,14659592
413,80000000	0,14557637
414,00000000	0,16353919
414,20000000	0,16346919
414,40000000	0,15233708
414,60000000	0,14825354
414,80000000	0,14829797
415,00000000	0,15211950
415,20000000	0,15550997
415,40000000	0,15013507
415,60000000	0,15498191
415,80000000	0,16544047
416,00000000	0,15967426
416,20000000	0,15996187
416,40000000	0,15837567
416,60000000	0,15624234
416,80000000	0,16262879
417,00000000	0,15701704
417,20000000	0,15972869
417,40000000	0,16360608
417,60000000	0,15467067
417,80000000	0,15935691
418,00000000	0,16009066
418,20000000	0,14797178
418,40000000	0,14390374
418,60000000	0,14242790
418,80000000	0,14900847
419,00000000	0,16120514
419,20000000	0,15915324
419,40000000	0,15843744
419,60000000	0,16236003
419,80000000	0,15452731
420,00000000	0,15475766
420,20000000	0,16469647
420,40000000	0,16229671
420,60000000	0,15761274
420,80000000	0,15828156
421,00000000	0,16333667
421,20000000	0,17157208
421,40000000	0,16650425
421,60000000	0,16016789
421,80000000	0,16415183
422,00000000	0,15890375
422,20000000	0,15700483
422,40000000	0,16723326
422,60000000	0,17287607
422,80000000	0,17468723
423,00000000	0,17213181
423,20000000	0,16614712
423,40000000	0,15922542
423,60000000	0,15474978
423,80000000	0,16274948
424,00000000	0,17136017
424,20000000	0,17083306
424,40000000	0,16883688
424,60000000	0,16330315
424,80000000	0,15909635
425,00000000	0,15562196
425,20000000	0,15315118
425,40000000	0,16898930
425,60000000	0,18530402
425,80000000	0,18384130
426,00000000	0,17666735
426,20000000	0,16747529
426,40000000	0,15701115
426,60000000	0,15233206
426,80000000	0,15453509
427,00000000	0,16008771
427,20000000	0,16614607
427,40000000	0,16805118
427,60000000	0,17454867
427,80000000	0,18209597
428,00000000	0,17474638
428,20000000	0,17387280
428,40000000	0,17831635
428,60000000	0,17027637
428,80000000	0,16537521
429,00000000	0,17033772
429,20000000	0,18039830
429,40000000	0,18334514
429,60000000	0,17956584
429,80000000	0,17423476
430,00000000	0,17175014
430,20000000	0,18014338
430,40000000	0,18249534
430,60000000	0,17580028
430,80000000	0,17229828
431,00000000	0,17683146
431,20000000	0,18636845
431,40000000	0,18312672
431,60000000	0,17729815
431,80000000	0,18231861
432,00000000	0,17795146
432,20000000	0,17223961
432,40000000	0,18151903
432,60000000	0,17783323
432,80000000	0,16841810
433,00000000	0,17969453
433,20000000	0,18474121
433,40000000	0,18024595
433,60000000	0,18838893
433,80000000	0,19216327
434,00000000	0,18266912
434,20000000	0,17994970
434,40000000	0,17826573
434,60000000	0,16934493
434,80000000	0,16678325
435,00000000	0,17536327
435,20000000	0,18799197
435,40000000	0,18566520
435,60000000	0,18306124
435,80000000	0,19471630
436,00000000	0,18836184
436,20000000	0,18176588
436,40000000	0,18840191
436,60000000	0,18348824
436,80000000	0,18316567
437,00000000	0,19187685
437,20000000	0,19456235
437,40000000	0,19388996
437,60000000	0,19299608
437,80000000	0,19067105
438,00000000	0,19807219
438,20000000	0,20294709
438,40000000	0,19695130
438,60000000	0,19921351
438,80000000	0,20432007
439,00000000	0,20766815
439,20000000	0,20821503
439,40000000	0,20067237
439,60000000	0,19872379
439,80000000	0,20492144
440,00000000	0,20702062
440,20000000	0,21155617
440,40000000	0,21822848
440,60000000	0,21354984
440,80000000	0,20745432
441,00000000	0,20230831
441,20000000	0,19395154
441,40000000	0,20001165
441,60000000	0,21542045
441,80000000	0,21836022
442,00000000	0,21432202
442,20000000	0,21414266
442,40000000	0,21481809
442,60000000	0,22110680
442,80000000	0,22869030
443,00000000	0,23013475
443,20000000	0,22358141
443,40000000	0,20964482
443,60000000	0,20736439
443,80000000	0,21351576
444,00000000	0,21705629
444,20000000	0,22516733
444,40000000	0,22547376
444,60000000	0,22886060
444,80000000	0,24069813
445,00000000	0,23361793
445,20000000	0,21863518
445,40000000	0,21882420
445,60000000	0,22437158
445,80000000	0,22640830
446,00000000	0,22893864
446,20000000	0,22642334
446,40000000	0,22541462
446,60000000	0,23085001
446,80000000	0,23694510
447,00000000	0,24077759
447,20000000	0,23424078
447,40000000	0,22986090
447,60000000	0,22885577
447,80000000	0,22373734
448,00000000	0,23012061
448,20000000	0,24058037
448,40000000	0,23618953
448,60000000	0,23332868
448,80000000	0,23792049
449,00000000	0,22793722
449,20000000	0,22236143
449,40000000	0,22874895
449,60000000	0,23276186
449,80000000	0,23629808
450,00000000	0,24205336
450,20000000	0,24503416
450,40000000	0,24427511
450,60000000	0,24759728
450,80000000	0,24880665
451,00000000	0,24474195
451,20000000	0,23482196
451,40000000	0,23688932
451,60000000	0,24290080
451,80000000	0,24614620
452,00000000	0,25952350
452,20000000	0,26396605
452,40000000	0,25649016
452,60000000	0,25647840
452,80000000	0,26190707
453,00000000	0,25712698
453,20000000	0,25360913
453,40000000	0,25399787
453,60000000	0,25521451
453,80000000	0,25301256
454,00000000	0,25585892
454,20000000	0,26655588
454,40000000	0,26706414
454,60000000	0,27113598
454,80000000	0,26997122
455,00000000	0,26198118
455,20000000	0,27059419
455,40000000	0,28223303
455,60000000	0,28277306
455,80000000	0,28274633
456,00000000	0,28373975
456,20000000	0,27616932
456,40000000	0,27193722
456,60000000	0,27157325
456,80000000	0,27865444
457,00000000	0,28979516
457,20000000	0,28693527
457,40000000	0,28146922
457,60000000	0,28189476
457,80000000	0,28649788
458,00000000	0,28681811
458,20000000	0,29006371
458,40000000	0,29549624
458,60000000	0,29274934
458,80000000	0,29375168
459,00000000	0,29274902
459,20000000	0,29164510
459,40000000	0,29882798
459,60000000	0,30970394
459,80000000	0,30952523
460,00000000	0,30135545
460,20000000	0,30360878
460,40000000	0,30288487
460,60000000	0,29391354
460,80000000	0,30043170
461,00000000	0,30935305
461,20000000	0,30512646
461,40000000	0,30540489
461,60000000	0,31127027
461,80000000	0,31308736
462,00000000	0,31364193
462,20000000	0,31169856
462,40000000	0,30621551
462,60000000	0,30565686
462,80000000	0,31208952
463,00000000	0,31801218
463,20000000	0,31869676
463,40000000	0,32214403
463,60000000	0,32456621
463,80000000	0,32476820
464,00000000	0,33356977
464,20000000	0,33625921
464,40000000	0,33353537
464,60000000	0,34141953
464,80000000	0,34344721
465,00000000	0,33198606
465,20000000	0,32290342
465,40000000	0,32324586
465,60000000	0,32266087
465,80000000	0,33120593
466,00000000	0,34398712
466,20000000	0,34426613
466,40000000	0,33956722
466,60000000	0,33494898
466,80000000	0,33486776
467,00000000	0,34412744
467,20000000	0,35852848
467,40000000	0,36378452
467,60000000	0,36251631
467,80000000	0,36299535
468,00000000	0,35751749
468,20000000	0,36187985
468,40000000	0,36924731
468,60000000	0,36704867
468,80000000	0,36654597
469,00000000	0,36891838
469,20000000	0,36967661
469,40000000	0,36574571
469,60000000	0,37118032
469,80000000	0,37843639
470,00000000	0,37775457
470,20000000	0,37800202
470,40000000	0,38343494
470,60000000	0,39197736
470,80000000	0,39826067
471,00000000	0,39850581
471,20000000	0,39638531
471,40000000	0,39540615
471,60000000	0,39581713
471,80000000	0,39090657
472,00000000	0,39126524
472,20000000	0,39444603
472,40000000	0,39133437
472,60000000	0,39031053
472,80000000	0,39024133
473,00000000	0,38836631
473,20000000	0,39219161
473,40000000	0,40057333
473,60000000	0,40635755
473,80000000	0,40891528
474,00000000	0,41203731
474,20000000	0,41639840
474,40000000	0,41848995
474,60000000	0,41860232
474,80000000	0,42255080
475,00000000	0,43116972
475,20000000	0,43323802
475,40000000	0,42001849
475,60000000	0,41076044
475,80000000	0,41260011
476,00000000	0,41725164
476,20000000	0,42092318
476,40000000	0,42137461
476,60000000	0,42286913
476,80000000	0,42731469
477,00000000	0,43275344
477,20000000	0,43103760
477,40000000	0,42967267
477,60000000	0,43716544
477,80000000	0,44283162
478,00000000	0,44463376
478,20000000	0,44208006
478,40000000	0,43338777
478,60000000	0,42755520
478,80000000	0,43423971
479,00000000	0,44718667
479,20000000	0,45498009
479,40000000	0,46213288
479,60000000	0,46343450
479,80000000	0,45773990
480,00000000	0,45839725
480,20000000	0,46104346
480,40000000	0,45853127
480,60000000	0,45599430
480,80000000	0,45708408
481,00000000	0,46549015
481,20000000	0,46650740
481,40000000	0,46041008
481,60000000	0,46477237
481,80000000	0,47336837
482,00000000	0,47640306
482,20000000	0,48177109
482,40000000	0,48513895
482,60000000	0,48855225
482,80000000	0,48690662
483,00000000	0,48107741
483,20000000	0,48048742
483,40000000	0,48014118
483,60000000	0,48055105
483,80000000	0,48326421
484,00000000	0,48620892
484,20000000	0,48395874
484,40000000	0,48552129
484,60000000	0,49497035
484,80000000	0,49762072
485,00000000	0,49594604
485,20000000	0,49647463
485,40000000	0,49847470
485,60000000	0,50004656
485,80000000	0,50118829
486,00000000	0,50188471
486,20000000	0,50034873
486,40000000	0,49910163
486,60000000	0,49894450
486,80000000	0,49939373
487,00000000	0,50138327
487,20000000	0,50723265
487,40000000	0,51477243
487,60000000	0,51813073
487,80000000	0,51825395
488,00000000	0,51790833
488,20000000	0,51689419
488,40000000	0,51303259
488,60000000	0,50902240
488,80000000	0,50843684
489,00000000	0,51093764
489,20000000	0,51723454
489,40000000	0,52114141
489,60000000	0,52182759
489,80000000	0,52560579
490,00000000	0,52586595
490,20000000	0,52119381
490,40000000	0,51888975
490,60000000	0,52061295
490,80000000	0,52467411
491,00000000	0,52809434
491,20000000	0,52703711
491,40000000	0,52647514
491,60000000	0,52636857
491,80000000	0,52577584
492,00000000	0,52602367
492,20000000	0,52898137
492,40000000	0,53169096
492,60000000	0,53326043
492,80000000	0,53501354
493,00000000	0,53603176
493,20000000	0,53528672
493,40000000	0,53206116
493,60000000	0,52715385
493,80000000	0,52538037
494,00000000	0,52724466
494,20000000	0,53074036
494,40000000	0,53557248
494,60000000	0,54281251
494,80000000	0,54633499
495,00000000	0,54238633
495,20000000	0,53933291
495,40000000	0,53620698
495,60000000	0,53009730
495,80000000	0,52828501
496,00000000	0,53205507
496,20000000	0,53642357
496,40000000	0,53964274
496,60000000	0,54162931
496,80000000	0,54416350
497,00000000	0,54738148
497,20000000	0,54599576
497,40000000	0,54338170
497,60000000	0,54337964
497,80000000	0,54111630
498,00000000	0,53730617
498,20000000	0,53560936
498,40000000	0,53702319
498,60000000	0,53948239
498,80000000	0,54129003
499,00000000	0,54260067
499,20000000	0,54437233
499,40000000	0,54477783
499,60000000	0,54470544
499,80000000	0,54371586
500,00000000	0,54153328
500,20000000	0,53960552
500,40000000	0,53918323
500,60000000	0,53981301
500,80000000	0,54145881
501,00000000	0,54275349
501,20000000	0,54400708
501,40000000	0,54334596
501,60000000	0,54195324
501,80000000	0,54216520
502,00000000	0,54259610
502,20000000	0,54320466
502,40000000	0,54391266
502,60000000	0,54223805
502,80000000	0,54177874
503,00000000	0,54322357
503,20000000	0,54310137
503,40000000	0,54373422
503,60000000	0,54303401
503,80000000	0,54133807
504,00000000	0,54130308
504,20000000	0,54064612
504,40000000	0,54163317
504,60000000	0,54351754
504,80000000	0,54340435
505,00000000	0,54248984
505,20000000	0,54185991
505,40000000	0,54012176
505,60000000	0,54276097
505,80000000	0,54465011
506,00000000	0,54446368
506,20000000	0,54129086
506,40000000	0,53984637
506,60000000	0,54224201
506,80000000	0,54516085
507,00000000	0,54567403
507,20000000	0,54349066
507,40000000	0,53965657
507,60000000	0,53787252
507,80000000	0,54207703
508,00000000	0,54350082
508,20000000	0,54431469
508,40000000	0,53943795
508,60000000	0,53929945
508,80000000	0,54085389
509,00000000	0,54309721
509,20000000	0,54024647
509,40000000	0,53956683
509,60000000	0,53661782
509,80000000	0,53997913
510,00000000	0,54240508
510,20000000	0,54432569
510,40000000	0,54546688
510,60000000	0,54421913
510,80000000	0,54519799
511,00000000	0,54692965
511,20000000	0,54383970
511,40000000	0,53688517
511,60000000	0,53730028
511,80000000	0,54199347
512,00000000	0,54899488
512,20000000	0,54960991
512,40000000	0,54848022
512,60000000	0,54259094
512,80000000	0,54362011
513,00000000	0,54655789
513,20000000	0,54653303
513,40000000	0,53502848
513,60000000	0,52497349
513,80000000	0,53070255
514,00000000	0,54607162
514,20000000	0,55604164
514,40000000	0,55366541
514,60000000	0,54446693
514,80000000	0,53699725
515,00000000	0,54252478
515,20000000	0,55499422
515,40000000	0,55522603
515,60000000	0,53768326
515,80000000	0,52538886
516,00000000	0,53385642
516,20000000	0,55491876
516,40000000	0,56673456
516,60000000	0,55803143
516,80000000	0,54080830
517,00000000	0,52733252
517,20000000	0,53075763
517,40000000	0,53781968
517,60000000	0,53989516
517,80000000	0,53521386
518,00000000	0,53563749
518,20000000	0,54428620
518,40000000	0,55450499
518,60000000	0,55764876
518,80000000	0,55628091
519,00000000	0,54878123
519,20000000	0,53992693
519,40000000	0,53708062
519,60000000	0,53703682
519,80000000	0,54119539
520,00000000	0,54851994
520,20000000	0,55245207
520,40000000	0,55242349
520,60000000	0,55240591
520,80000000	0,54724061
521,00000000	0,54208071
521,20000000	0,54047629
521,40000000	0,54501706
521,60000000	0,54682215
521,80000000	0,54484946
522,00000000	0,55189599
522,20000000	0,55952855
522,40000000	0,55912872
522,60000000	0,55159081
522,80000000	0,54710615
523,00000000	0,54327775
523,20000000	0,53673972
523,40000000	0,53378435
523,60000000	0,53910265
523,80000000	0,54566813
524,00000000	0,55367822
524,20000000	0,55824027
524,40000000	0,55716456
524,60000000	0,55332971
524,80000000	0,55090972
525,00000000	0,54389959
525,20000000	0,53941245
525,40000000	0,54752574
525,60000000	0,55976724
525,80000000	0,56393844
526,00000000	0,55438443
526,20000000	0,54804997
526,40000000	0,55310702
526,60000000	0,55840374
526,80000000	0,56215755
527,00000000	0,55666182
527,20000000	0,54624065
527,40000000	0,54739255
527,60000000	0,55871538
527,80000000	0,56929340
528,00000000	0,56954142
528,20000000	0,56566292
528,40000000	0,56154090
528,60000000	0,56094230
528,80000000	0,56612322
529,00000000	0,56986392
529,20000000	0,56952500
529,40000000	0,56931972
529,60000000	0,57586950
529,80000000	0,57738859
530,00000000	0,57020272
530,20000000	0,56650137
530,40000000	0,56029553
530,60000000	0,55970672
530,80000000	0,56820201
531,00000000	0,57506172
531,20000000	0,57268610
531,40000000	0,56666756
531,60000000	0,57745018
531,80000000	0,59220282
532,00000000	0,59211322
532,20000000	0,58312795
532,40000000	0,57700469
532,60000000	0,57883344
532,80000000	0,58307244
533,00000000	0,58603689
533,20000000	0,57825329
533,40000000	0,56184449
533,60000000	0,56351346
533,80000000	0,57835849
534,00000000	0,58498068
534,20000000	0,58495838
534,40000000	0,57663250
534,60000000	0,57706736
534,80000000	0,59203280
535,00000000	0,60757873
535,20000000	0,61140551
535,40000000	0,59804788
535,60000000	0,58756958
535,80000000	0,58956223
536,00000000	0,59788785
536,20000000	0,59863611
536,40000000	0,59864873
536,60000000	0,58891158
536,80000000	0,58722443
537,00000000	0,59585121
537,20000000	0,60505720
537,40000000	0,60528989
537,60000000	0,60061633
537,80000000	0,60305115
538,00000000	0,60200621
538,20000000	0,59732883
538,40000000	0,59891492
538,60000000	0,59792635
538,80000000	0,59688362
539,00000000	0,60065869
539,20000000	0,60906691
539,40000000	0,61393530
539,60000000	0,61700339
539,80000000	0,60714163
540,00000000	0,59660753
540,20000000	0,60338775
540,40000000	0,61400201
540,60000000	0,60777726
540,80000000	0,59618632
541,00000000	0,59180719
541,20000000	0,60611518
541,40000000	0,61560567
541,60000000	0,61682055
541,80000000	0,60066980
542,00000000	0,59522811
542,20000000	0,60933949
542,40000000	0,62286660
542,60000000	0,62165524
542,80000000	0,61394392
543,00000000	0,61351350
543,20000000	0,61476378
543,40000000	0,61085607
543,60000000	0,60559318
543,80000000	0,60622259
544,00000000	0,61107900
544,20000000	0,61503837
544,40000000	0,61450632
544,60000000	0,60045462
544,80000000	0,59694325
545,00000000	0,61058372
545,20000000	0,61984984
545,40000000	0,61402727
545,60000000	0,60537052
545,80000000	0,60575213
546,00000000	0,61583870
546,20000000	0,62887181
546,40000000	0,62852631
546,60000000	0,61613911
546,80000000	0,60454148
547,00000000	0,60662941
547,20000000	0,61667623
547,40000000	0,61911192
547,60000000	0,61068570
547,80000000	0,59912845
548,00000000	0,60117548
548,20000000	0,61981833
548,40000000	0,62521153
548,60000000	0,62455414
548,80000000	0,61539850
549,00000000	0,61377550
549,20000000	0,61385676
549,40000000	0,61796748
549,60000000	0,60912699
549,80000000	0,60862766
550,00000000	0,61579983
550,20000000	0,61253428
550,40000000	0,60911553
550,60000000	0,60945224
550,80000000	0,61627503
551,00000000	0,62467634
551,20000000	0,62112949
551,40000000	0,61216663
551,60000000	0,60978275
551,80000000	0,61519631
552,00000000	0,62021144
552,20000000	0,62394767
552,40000000	0,61360499
552,60000000	0,61062017
552,80000000	0,61204538
553,00000000	0,61537129
553,20000000	0,61317304
553,40000000	0,60898533
553,60000000	0,61051737
553,80000000	0,61411434
554,00000000	0,61701837
554,20000000	0,62003459
554,40000000	0,62083723
554,60000000	0,62809986
554,80000000	0,61873952
555,00000000	0,60836028
555,20000000	0,61488822
555,40000000	0,62229932
555,60000000	0,61826764
555,80000000	0,61539086
556,00000000	0,61329551
556,20000000	0,60952227
556,40000000	0,61462428
556,60000000	0,62181672
556,80000000	0,61389875
557,00000000	0,60899141
557,20000000	0,62639609
557,40000000	0,63354574
557,60000000	0,62759487
557,80000000	0,62777495
558,00000000	0,62066924
558,20000000	0,61229060
558,40000000	0,61522325
558,60000000	0,62755561
558,80000000	0,62417400
559,00000000	0,61852364
559,20000000	0,62839117
559,40000000	0,63428002
559,60000000	0,64127798
559,80000000	0,64141070
560,00000000	0,63179018
560,20000000	0,61870069
560,40000000	0,62159147
560,60000000	0,62580407
560,80000000	0,62843920
561,00000000	0,62989063
561,20000000	0,62760939
561,40000000	0,62651968
561,60000000	0,63835389
561,80000000	0,65106981
562,00000000	0,63418513
562,20000000	0,62047065
562,40000000	0,62623304
562,60000000	0,63918866
562,80000000	0,64953304
563,00000000	0,64845731
563,20000000	0,64347393
563,40000000	0,64674498
563,60000000	0,64898802
563,80000000	0,64950263
564,00000000	0,63761231
564,20000000	0,63181020
564,40000000	0,64310087
564,60000000	0,64926910
564,80000000	0,65060300
565,00000000	0,65677464
565,20000000	0,65266486
565,40000000	0,66175312
565,60000000	0,66080152
565,80000000	0,65061443
566,00000000	0,64190472
566,20000000	0,64848783
566,40000000	0,66053649
566,60000000	0,66299685
566,80000000	0,66538111
567,00000000	0,66652119
567,20000000	0,66008738
567,40000000	0,66362885
567,60000000	0,66489271
567,80000000	0,65483879
568,00000000	0,65424397
568,20000000	0,66339284
568,40000000	0,66290748
568,60000000	0,66760856
568,80000000	0,66905743
569,00000000	0,66967462
569,20000000	0,67174210
569,40000000	0,67210989
569,60000000	0,66855458
569,80000000	0,65795693
570,00000000	0,65930498
570,20000000	0,67638978
570,40000000	0,68053543
570,60000000	0,68211817
570,80000000	0,67872037
571,00000000	0,66769071
571,20000000	0,67660991
571,40000000	0,68769130
571,60000000	0,68048945
571,80000000	0,67230512
572,00000000	0,66574340
572,20000000	0,67557894
572,40000000	0,68954170
572,60000000	0,69171248
572,80000000	0,68348320
573,00000000	0,67289933
573,20000000	0,68561845
573,40000000	0,68820606
573,60000000	0,67979312
573,80000000	0,68717853
574,00000000	0,69250495
574,20000000	0,68654898
574,40000000	0,68262111
574,60000000	0,68403674
574,80000000	0,68528984
575,00000000	0,68742400
575,20000000	0,68815213
575,40000000	0,69259771
575,60000000	0,68683586
575,80000000	0,69163646
576,00000000	0,69653305
576,20000000	0,69645339
576,40000000	0,69692286
576,60000000	0,68290443
576,80000000	0,67645664
577,00000000	0,68359057
577,20000000	0,68983681
577,40000000	0,69481990
577,60000000	0,69436969
577,80000000	0,69263573
578,00000000	0,69484274
578,20000000	0,69814919
578,40000000	0,69085702
578,60000000	0,69132821
578,80000000	0,69951477
579,00000000	0,70962911
579,20000000	0,69604727
579,40000000	0,68751017
579,60000000	0,69229514
579,80000000	0,69457174
580,00000000	0,69596144
580,20000000	0,68901868
580,40000000	0,69121187
580,60000000	0,70302759
580,80000000	0,70972721
581,00000000	0,70810853
581,20000000	0,69985697
581,40000000	0,68595439
581,60000000	0,69015715
581,80000000	0,70044296
582,00000000	0,70596563
582,20000000	0,70646327
582,40000000	0,69478622
582,60000000	0,69393775
582,80000000	0,69275223
583,00000000	0,69864731
583,20000000	0,70337372
583,40000000	0,70456222
583,60000000	0,70506168
583,80000000	0,70711841
584,00000000	0,70597937
584,20000000	0,70196296
584,40000000	0,69684121
584,60000000	0,70279840
584,80000000	0,70797829
585,00000000	0,70523452
585,20000000	0,71131307
585,40000000	0,71316698
585,60000000	0,70836350
585,80000000	0,69673711
586,00000000	0,69285239
586,20000000	0,70251601
586,40000000	0,70856921
586,60000000	0,71229860
586,80000000	0,71472446
587,00000000	0,71342084
587,20000000	0,69958092
587,40000000	0,69218742
587,60000000	0,70344289
587,80000000	0,72238921
588,00000000	0,72791072
588,20000000	0,72035479
588,40000000	0,70680540
588,60000000	0,70797016
588,80000000	0,71927906
589,00000000	0,71722744
589,20000000	0,71092725
589,40000000	0,71235409
589,60000000	0,72031938
589,80000000	0,72139377
590,00000000	0,71894115
590,20000000	0,71195347
590,40000000	0,71286913
590,60000000	0,71955665
590,80000000	0,72880903
591,00000000	0,74274973
591,20000000	0,73773353
591,40000000	0,72280248
591,60000000	0,70870089
591,80000000	0,71603195
592,00000000	0,73313283
592,20000000	0,73925645
592,40000000	0,73613392
592,60000000	0,72771576
592,80000000	0,72587593
593,00000000	0,72659540
593,20000000	0,72601361
593,40000000	0,72529467
593,60000000	0,73254850
593,80000000	0,73795201
594,00000000	0,74285068
594,20000000	0,74123238
594,40000000	0,73675013
594,60000000	0,72547319
594,80000000	0,72706421
595,00000000	0,74401922
595,20000000	0,75721530
595,40000000	0,75278359
595,60000000	0,73643654
595,80000000	0,74067411
596,00000000	0,75235915
596,20000000	0,75299259
596,40000000	0,74551670
596,60000000	0,75088015
596,80000000	0,75812765
597,00000000	0,75734612
597,20000000	0,74721397
597,40000000	0,74204168
597,60000000	0,75297010
597,80000000	0,75938064
598,00000000	0,75511463
598,20000000	0,75231954
598,40000000	0,76184927
598,60000000	0,76052583
598,80000000	0,75696934
599,00000000	0,75789434
599,20000000	0,76355147
599,40000000	0,76347575
599,60000000	0,76429903
599,80000000	0,76975780
600,00000000	0,76914596
600,20000000	0,76189566
600,40000000	0,75851144
600,60000000	0,77642957
600,80000000	0,78661578
601,00000000	0,76792852
601,20000000	0,74998310
601,40000000	0,76538283
601,60000000	0,78729803
601,80000000	0,78726366
602,00000000	0,76739548
602,20000000	0,76337290
602,40000000	0,77976674
602,60000000	0,78524318
602,80000000	0,78104676
603,00000000	0,77684266
603,20000000	0,77715502
603,40000000	0,77604533
603,60000000	0,78896210
603,80000000	0,79505284
604,00000000	0,78014205
604,20000000	0,77118231
604,40000000	0,78792827
604,60000000	0,80402704
604,80000000	0,79617248
605,00000000	0,77332387
605,20000000	0,77610091
605,40000000	0,79968345
605,60000000	0,79987738
605,80000000	0,78627784
606,00000000	0,78977207
606,20000000	0,80102371
606,40000000	0,79666846
606,60000000	0,78972150
606,80000000	0,78926295
607,00000000	0,79944322
607,20000000	0,80174626
607,40000000	0,79218198
607,60000000	0,79694283
607,80000000	0,80309064
608,00000000	0,79715931
608,20000000	0,79920823
608,40000000	0,80668309
608,60000000	0,80180601
608,80000000	0,79920640
609,00000000	0,80662753
609,20000000	0,81229296
609,40000000	0,80644891
609,60000000	0,79781916
609,80000000	0,80682894
610,00000000	0,82265948
610,20000000	0,81303802
610,40000000	0,79461650
610,60000000	0,80283260
610,80000000	0,81884885
611,00000000	0,81940628
611,20000000	0,81063930
611,40000000	0,80547929
611,60000000	0,81103915
611,80000000	0,81891111
612,00000000	0,82131492
612,20000000	0,81879870
612,40000000	0,81105357
612,60000000	0,81272064
612,80000000	0,82832035
613,00000000	0,83056957
613,20000000	0,81388419
613,40000000	0,80768562
613,60000000	0,82664667
613,80000000	0,83678362
614,00000000	0,82664761
614,20000000	0,81687952
614,40000000	0,82343210
614,60000000	0,83255898
614,80000000	0,82845783
615,00000000	0,82622759
615,20000000	0,82830534
615,40000000	0,82781975
615,60000000	0,82779935
615,80000000	0,83229500
616,00000000	0,83405480
616,20000000	0,83209659
616,40000000	0,82912815
616,60000000	0,83356491
616,80000000	0,83735804
617,00000000	0,83258356
617,20000000	0,83223547
617,40000000	0,83572593
617,60000000	0,83671517
617,80000000	0,83668708
618,00000000	0,83820867
618,20000000	0,84209045
618,40000000	0,84313601
618,60000000	0,84075232
618,80000000	0,84182279
619,00000000	0,84736011
619,20000000	0,84449624
619,40000000	0,84109635
619,60000000	0,84464388
619,80000000	0,84755644
620,00000000	0,85133295
620,20000000	0,85200194
620,40000000	0,84817459
620,60000000	0,85009688
620,80000000	0,85173251
621,00000000	0,85096235
621,20000000	0,85446397
621,40000000	0,85334767
621,60000000	0,85203756
621,80000000	0,85587500
622,00000000	0,85726377
622,20000000	0,85952139
622,40000000	0,86244280
622,60000000	0,85879148
622,80000000	0,85833713
623,00000000	0,86516490
623,20000000	0,86050762
623,40000000	0,85976904
623,60000000	0,86438998
623,80000000	0,86536841
624,00000000	0,86730742
624,20000000	0,86470848
624,40000000	0,86686583
624,60000000	0,87386002
624,80000000	0,87100873
625,00000000	0,86659460
625,20000000	0,87639623
625,40000000	0,87837338
625,60000000	0,87285988
625,80000000	0,87350422
626,00000000	0,87813206
626,20000000	0,88226077
626,40000000	0,87934267
626,60000000	0,87463164
626,80000000	0,88304253
627,00000000	0,88799549
627,20000000	0,88111700
627,40000000	0,88348014
627,60000000	0,88594579
627,80000000	0,88511181
628,00000000	0,88641866
628,20000000	0,88701507
628,40000000	0,89090585
628,60000000	0,89196575
628,80000000	0,88780785
629,00000000	0,89119685
629,20000000	0,89624753
629,40000000	0,89069525
629,60000000	0,89012264
629,80000000	0,89429681
630,00000000	0,89368972
630,20000000	0,89565360
630,40000000	0,89626455
630,60000000	0,89730530
630,80000000	0,90017601
631,00000000	0,89768098
631,20000000	0,89747924
631,40000000	0,90023829
631,60000000	0,90035105
631,80000000	0,90417649
632,00000000	0,90750811
632,20000000	0,90269079
632,40000000	0,90348994
632,60000000	0,90582787
632,80000000	0,90523226
633,00000000	0,90899343
633,20000000	0,90886391
633,40000000	0,90892522
633,60000000	0,91303051
633,80000000	0,91223978
634,00000000	0,91163516
634,20000000	0,91306544
634,40000000	0,91095849
634,60000000	0,91205021
634,80000000	0,91350558
635,00000000	0,91284001
635,20000000	0,91641183
635,40000000	0,91746611
635,60000000	0,91535678
635,80000000	0,91659909
636,00000000	0,91692502
636,20000000	0,91560332
636,40000000	0,91700219
636,60000000	0,91603098
636,80000000	0,91831766
637,00000000	0,91991872
637,20000000	0,91856314
637,40000000	0,92065967
637,60000000	0,92086709
637,80000000	0,91947102
638,00000000	0,91963231
638,20000000	0,91946277
638,40000000	0,92269566
638,60000000	0,92621382
638,80000000	0,92281073
639,00000000	0,92241484
639,20000000	0,92503843
639,40000000	0,92370276
639,60000000	0,92423452
639,80000000	0,92503671
640,00000000	0,92702117
640,20000000	0,93024807
640,40000000	0,92614716
640,60000000	0,92549997
640,80000000	0,93006838
641,00000000	0,92881185
641,20000000	0,92819677
641,40000000	0,93026153
641,60000000	0,93153335
641,80000000	0,93288106
642,00000000	0,93072757
642,20000000	0,93039641
642,40000000	0,93417904
642,60000000	0,93162769
642,80000000	0,92941590
643,00000000	0,93474071
643,20000000	0,93372351
643,40000000	0,93389068
643,60000000	0,93627623
643,80000000	0,93529201
644,00000000	0,93627269
644,20000000	0,93493603
644,40000000	0,93503678
644,60000000	0,93900038
644,80000000	0,93773788
645,00000000	0,93662928
645,20000000	0,93999900
645,40000000	0,93836781
645,60000000	0,93771652
645,80000000	0,93926168
646,00000000	0,93779383
646,20000000	0,94125916
646,40000000	0,94101867
646,60000000	0,93858191
646,80000000	0,94223921
647,00000000	0,94188791
647,20000000	0,94077693
647,40000000	0,94260225
647,60000000	0,94090075
647,80000000	0,94271231
648,00000000	0,94414112
648,20000000	0,94195845
648,40000000	0,94603626
648,60000000	0,94656117
648,80000000	0,94373706
649,00000000	0,94638717
649,20000000	0,94730779
649,40000000	0,94614121
649,60000000	0,94719551
649,80000000	0,94721086
650,00000000	0,95036721
650,20000000	0,95037112
650,40000000	0,94722156
650,60000000	0,95086422
650,80000000	0,95207868
651,00000000	0,95017013
651,20000000	0,95214477
651,40000000	0,95324376
651,60000000	0,95388989
651,80000000	0,95525910
652,00000000	0,95271806
652,20000000	0,95497773
652,40000000	0,95699012
652,60000000	0,95609546
652,80000000	0,95785789
653,00000000	0,95755585
653,20000000	0,95759539
653,40000000	0,95997397
653,60000000	0,95883708
653,80000000	0,95941831
654,00000000	0,96224708
654,20000000	0,96094212
654,40000000	0,96248196
654,60000000	0,96305263
654,80000000	0,96208705
655,00000000	0,96352399
655,20000000	0,96453558
655,40000000	0,96422174
655,60000000	0,96470197
655,80000000	0,96441674
656,00000000	0,96701669
656,20000000	0,96822274
656,40000000	0,96612187
656,60000000	0,96794581
656,80000000	0,96905458
657,00000000	0,96771258
657,20000000	0,96926243
657,40000000	0,96985892
657,60000000	0,97024558
657,80000000	0,97180087
658,00000000	0,97075550
658,20000000	0,97062396
658,40000000	0,97183871
658,60000000	0,97343775
658,80000000	0,97427966
659,00000000	0,97233648
659,20000000	0,97365464
659,40000000	0,97672861
659,60000000	0,97410380
659,80000000	0,97284630
660,00000000	0,97555759
660,20000000	0,97734476
660,40000000	0,97803196
660,60000000	0,97693252
660,80000000	0,97671466
661,00000000	0,97898902
661,20000000	0,97880048
661,40000000	0,97890135
661,60000000	0,97785436
661,80000000	0,97849026
662,00000000	0,98210656
662,20000000	0,97982536
662,40000000	0,97651253
662,60000000	0,98083146
662,80000000	0,98318849
663,00000000	0,98140999
663,20000000	0,98038141
663,40000000	0,98174139
663,60000000	0,98377061
663,80000000	0,98177608
664,00000000	0,98128176
664,20000000	0,98444685
664,40000000	0,98399118
664,60000000	0,98341817
664,80000000	0,98336120
665,00000000	0,98248852
665,20000000	0,98545158
665,40000000	0,98690633
665,60000000	0,98371444
665,80000000	0,98366588
666,00000000	0,98569756
666,20000000	0,98674362
666,40000000	0,98397082
666,60000000	0,98321042
666,80000000	0,98831556
667,00000000	0,98797436
667,20000000	0,98310422
667,40000000	0,98486317
667,60000000	0,98806817
667,80000000	0,98804766
668,00000000	0,98725160
668,20000000	0,98618575
668,40000000	0,98778655
668,60000000	0,98768161
668,80000000	0,98678812
669,00000000	0,98709466
669,20000000	0,98779598
669,40000000	0,98947741
669,60000000	0,98863159
669,80000000	0,98469294
670,00000000	0,98746779
670,20000000	0,99035132
670,40000000	0,98888311
670,60000000	0,98693734
670,80000000	0,98773499
671,00000000	0,98951570
671,20000000	0,98855427
671,40000000	0,98730374
671,60000000	0,98986164
671,80000000	0,99066334
672,00000000	0,98849963
672,20000000	0,98820483
672,40000000	0,98824878
672,60000000	0,98989071
672,80000000	0,99049053
673,00000000	0,98887284
673,20000000	0,98965377
673,40000000	0,98925314
673,60000000	0,98834677
673,80000000	0,98945395
674,00000000	0,99011206
674,20000000	0,99039835
674,40000000	0,98876993
674,60000000	0,98772958
674,80000000	0,99002628
675,00000000	0,99008235
675,20000000	0,98902406
675,40000000	0,99020007
675,60000000	0,98953521
675,80000000	0,98846862
676,00000000	0,98861073
676,20000000	0,98958633
676,40000000	0,99056622
676,60000000	0,99002662
676,80000000	0,98896357
677,00000000	0,98887252
677,20000000	0,98813105
677,40000000	0,98962465
677,60000000	0,98993249
677,80000000	0,98910788
678,00000000	0,98950830
678,20000000	0,98897924
678,40000000	0,98858058
678,60000000	0,98929729
678,80000000	0,98949960
679,00000000	0,98926524
679,20000000	0,98888635
679,40000000	0,98903474
679,60000000	0,98963012
679,80000000	0,98876321
680,00000000	0,99011499
680,20000000	0,98929513
680,40000000	0,98740170
680,60000000	0,98845857
680,80000000	0,98952905
681,00000000	0,98937617
681,20000000	0,98927400
681,40000000	0,98891869
681,60000000	0,98787683
681,80000000	0,98858507
682,00000000	0,98897904
682,20000000	0,98937254
682,40000000	0,98846538
682,60000000	0,98879164
682,80000000	0,98961365
683,00000000	0,98867663
683,20000000	0,98729296
683,40000000	0,98874207
683,60000000	0,99016178
683,80000000	0,98893907
684,00000000	0,98713816
684,20000000	0,98876129
684,40000000	0,99046990
684,60000000	0,98776767
684,80000000	0,98726551
685,00000000	0,98840786
685,20000000	0,98880368
685,40000000	0,98780487
685,60000000	0,98787379
685,80000000	0,98869502
686,00000000	0,98817667
686,20000000	0,98697474
686,40000000	0,98908123
686,60000000	0,98964702
686,80000000	0,98781714
687,00000000	0,98841921
687,20000000	0,98749477
687,40000000	0,98789840
687,60000000	0,98824922
687,80000000	0,98814243
688,00000000	0,98923148
688,20000000	0,98851460
688,40000000	0,98745202
688,60000000	0,98881005
688,80000000	0,98882330
689,00000000	0,98861133
689,20000000	0,98853223
689,40000000	0,98757299
689,60000000	0,98932360
689,80000000	0,98910441
690,00000000	0,98805985
690,20000000	0,98841471
690,40000000	0,98903949
690,60000000	0,98850934
690,80000000	0,98797977
691,00000000	0,98935478
691,20000000	0,98913398
691,40000000	0,98747660
691,60000000	0,98840413
691,80000000	0,98885382
692,00000000	0,98834664
692,20000000	0,98935188
692,40000000	0,98848336
692,60000000	0,98820056
692,80000000	0,98714582
693,00000000	0,98748912
693,20000000	0,98922945
693,40000000	0,98891125
693,60000000	0,98843829
693,80000000	0,98784731
694,00000000	0,98755320
694,20000000	0,98849997
694,40000000	0,98860979
694,60000000	0,98820139
694,80000000	0,98799137
695,00000000	0,98852343
695,20000000	0,98795799
695,40000000	0,98780324
695,60000000	0,98852250
695,80000000	0,98874571
696,00000000	0,98814732
696,20000000	0,98749336
696,40000000	0,98841737
696,60000000	0,98905461
696,80000000	0,98860622
697,00000000	0,98712620
697,20000000	0,98737230
697,40000000	0,98866035
697,60000000	0,98897813
697,80000000	0,98838867
698,00000000	0,98770320
698,20000000	0,98829620
698,40000000	0,98895920
698,60000000	0,98827478
698,80000000	0,98803090
699,00000000	0,98864264
699,20000000	0,98736204
699,40000000	0,98657668
699,60000000	0,98626241
699,80000000	0,98677134
700,00000000	0,98765717
700,20000000	0,98650111
700,40000000	0,98680359
700,60000000	0,98719676
700,80000000	0,98581303
701,00000000	0,98537546
701,20000000	0,98614842
701,40000000	0,98627470
701,60000000	0,98726057
701,80000000	0,98579282
702,00000000	0,98521009
702,20000000	0,98585174
702,40000000	0,98623523
702,60000000	0,98570067
702,80000000	0,98529783
703,00000000	0,98464315
703,20000000	0,98460138
703,40000000	0,98583855
703,60000000	0,98528277
703,80000000	0,98433433
704,00000000	0,98500413
704,20000000	0,98522088
704,40000000	0,98342835
704,60000000	0,98255831
704,80000000	0,98317522
705,00000000	0,98378820
705,20000000	0,98347124
705,40000000	0,98179668
705,60000000	0,98318336
705,80000000	0,98299273
706,00000000	0,98116428
706,20000000	0,98200473
706,40000000	0,98331057
706,60000000	0,98382810
706,80000000	0,98142695
707,00000000	0,98066773
707,20000000	0,98275903
707,40000000	0,98307451
707,60000000	0,98190027
707,80000000	0,98061342
708,00000000	0,98127779
708,20000000	0,98224660
708,40000000	0,98058423
708,60000000	0,98018067
708,80000000	0,97997961
709,00000000	0,97922505
709,20000000	0,98076293
709,40000000	0,97994851
709,60000000	0,98015827
709,80000000	0,97951185
710,00000000	0,97909203
710,20000000	0,98110744
710,40000000	0,98022352
710,60000000	0,98017014
710,80000000	0,97885296
711,00000000	0,97779710
711,20000000	0,97970201
711,40000000	0,98095848
711,60000000	0,97948083
711,80000000	0,97797357
712,00000000	0,97747060
712,20000000	0,97902857
712,40000000	0,97836234
712,60000000	0,97912052
712,80000000	0,97893397
713,00000000	0,97918679
713,20000000	0,97917327
713,40000000	0,97971047
713,60000000	0,97915968
713,80000000	0,97826648
714,00000000	0,97861151
714,20000000	0,98036763
714,40000000	0,97943359
714,60000000	0,97830072
714,80000000	0,97851961
715,00000000	0,97904325
715,20000000	0,98017249
715,40000000	0,97915715
715,60000000	0,98009615
715,80000000	0,97989162
716,00000000	0,97983938
716,20000000	0,97931284
716,40000000	0,98094083
716,60000000	0,98034159
716,80000000	0,98014972
717,00000000	0,98011666
717,20000000	0,98164424
717,40000000	0,98039402
717,60000000	0,97972139
717,80000000	0,97990434
718,00000000	0,98187945
718,20000000	0,98078770
718,40000000	0,97983631
718,60000000	0,98137568
718,80000000	0,98098463
719,00000000	0,98089480
719,20000000	0,98180137
719,40000000	0,98282605
719,60000000	0,98082771
719,80000000	0,97995214
720,00000000	0,98237009
720,20000000	0,98253845
720,40000000	0,98093063
720,60000000	0,98256677
720,80000000	0,98286020
721,00000000	0,98031173
721,20000000	0,98026068
721,40000000	0,98289492
721,60000000	0,98200991
721,80000000	0,98218506
722,00000000	0,98147696
722,20000000	0,98198012
722,40000000	0,98284627
722,60000000	0,98277910
722,80000000	0,98182776
723,00000000	0,98431882
723,20000000	0,98315076
723,40000000	0,98094068
723,60000000	0,98211657
723,80000000	0,98528157
724,00000000	0,98313154
724,20000000	0,98147828
724,40000000	0,98406215
724,60000000	0,98428365
724,80000000	0,98225823
725,00000000	0,98177942
725,20000000	0,98450464
725,40000000	0,98368315
725,60000000	0,98344239
725,80000000	0,98353317
726,00000000	0,98459336
726,20000000	0,98382965
726,40000000	0,98409343
726,60000000	0,98383162
726,80000000	0,98645433
727,00000000	0,98450970
727,20000000	0,98417858
727,40000000	0,98466375
727,60000000	0,98643889
727,80000000	0,98496756
728,00000000	0,98530238
728,20000000	0,98555726
728,40000000	0,98541352
728,60000000	0,98487498
728,80000000	0,98602299
729,00000000	0,98671070
729,20000000	0,98510026
729,40000000	0,98457478
729,60000000	0,98479064
729,80000000	0,98548616
730,00000000	0,98439961
730,20000000	0,98544538
730,40000000	0,98500020
730,60000000	0,98526062
730,80000000	0,98435008
731,00000000	0,98499880
731,20000000	0,98386078
731,40000000	0,98492012
731,60000000	0,98338381
731,80000000	0,98468324
732,00000000	0,98399508
732,20000000	0,98476535
732,40000000	0,98302616
732,60000000	0,98390901
732,80000000	0,98402973
733,00000000	0,98365542
733,20000000	0,98207196
733,40000000	0,98306677
733,60000000	0,98425471
733,80000000	0,98369967
734,00000000	0,98206596
734,20000000	0,98285975
734,40000000	0,98188018
734,60000000	0,98099547
734,80000000	0,98225151
735,00000000	0,98200531
735,20000000	0,98198772
735,40000000	0,98050616
735,60000000	0,98142002
735,80000000	0,98058273
736,00000000	0,98093957
736,20000000	0,98093341
736,40000000	0,98115485
736,60000000	0,98033783
736,80000000	0,98079614
737,00000000	0,97957181
737,20000000	0,98182558
737,40000000	0,98138381
737,60000000	0,98181370
737,80000000	0,98004242
738,00000000	0,98006393
738,20000000	0,97970418
738,40000000	0,98041630
738,60000000	0,98125361
738,80000000	0,98020927
739,00000000	0,97797409
739,20000000	0,97881963
739,40000000	0,97842980
739,60000000	0,97883421
739,80000000	0,97776654
740,00000000	0,97881919
740,20000000	0,97729611
740,40000000	0,97685209
740,60000000	0,97669553
740,80000000	0,97764972
741,00000000	0,97695791
741,20000000	0,97594920
741,40000000	0,97567373
741,60000000	0,97607456
741,80000000	0,97559394
742,00000000	0,97626099
742,20000000	0,97608149
742,40000000	0,97563087
742,60000000	0,97508484
742,80000000	0,97452841
743,00000000	0,97651969
743,20000000	0,97547023
743,40000000	0,97662982
743,60000000	0,97529434
743,80000000	0,97509748
744,00000000	0,97504200
744,20000000	0,97579745
744,40000000	0,97619257
744,60000000	0,97625315
744,80000000	0,97480330
745,00000000	0,97543821
745,20000000	0,97587650
745,40000000	0,97729318
745,60000000	0,97581208
745,80000000	0,97514179
746,00000000	0,97343582
746,20000000	0,97430421
746,40000000	0,97484648
746,60000000	0,97448833
746,80000000	0,97507730
747,00000000	0,97471957
747,20000000	0,97439793
747,40000000	0,97381489
747,60000000	0,97523272
747,80000000	0,97494527
748,00000000	0,97465130
748,20000000	0,97434914
748,40000000	0,97395450
748,60000000	0,97371295
748,80000000	0,97518526
749,00000000	0,97483351
749,20000000	0,97450683
749,40000000	0,97290863
749,60000000	0,97441890
749,80000000	0,97505321
750,00000000	0,97535598
750,20000000	0,97535295
750,40000000	0,97584474
750,60000000	0,97535102
750,80000000	0,97536965
751,00000000	0,97510708
751,20000000	0,97679188
751,40000000	0,97581775
751,60000000	0,97692794
751,80000000	0,97497298
752,00000000	0,97598597
752,20000000	0,97609830
752,40000000	0,97641596
752,60000000	0,97529102
752,80000000	0,97512831
753,00000000	0,97469350
753,20000000	0,97612680
753,40000000	0,97536766
753,60000000	0,97517944
753,80000000	0,97477645
754,00000000	0,97532069
754,20000000	0,97423584
754,40000000	0,97543734
754,60000000	0,97528393
754,80000000	0,97465948
755,00000000	0,97474834
755,20000000	0,97419535
755,40000000	0,97539193
755,60000000	0,97596559
755,80000000	0,97711704
756,00000000	0,97579702
756,20000000	0,97661472
756,40000000	0,97632358
756,60000000	0,97556382
756,80000000	0,97568457
757,00000000	0,97616326
757,20000000	0,97530500
757,40000000	0,97586571
757,60000000	0,97590140
757,80000000	0,97527246
758,00000000	0,97516242
758,20000000	0,97494500
758,40000000	0,97495991
758,60000000	0,97465605
758,80000000	0,97408043
759,00000000	0,97464310
759,20000000	0,97442568
759,40000000	0,97441354
759,60000000	0,97343162
759,80000000	0,97421579
760,00000000	0,97445434
760,20000000	0,97375709
760,40000000	0,97378702
760,60000000	0,97346492
760,80000000	0,97281685
761,00000000	0,97357211
761,20000000	0,97361675
761,40000000	0,97363493
761,60000000	0,97274759
761,80000000	0,97318324
762,00000000	0,97275918
762,20000000	0,97267233
762,40000000	0,97278372
762,60000000	0,97172091
762,80000000	0,97204800
763,00000000	0,97164975
763,20000000	0,97199103
763,40000000	0,97257144
763,60000000	0,97165502
763,80000000	0,97056160
764,00000000	0,97110816
764,20000000	0,97091129
764,40000000	0,97068872
764,60000000	0,97056568
764,80000000	0,97031668
765,00000000	0,96936651
765,20000000	0,96930613
765,40000000	0,96869271
765,60000000	0,96877707
765,80000000	0,96886863
766,00000000	0,96911179
766,20000000	0,96915376
766,40000000	0,96886736
766,60000000	0,96928012
766,80000000	0,96974727
767,00000000	0,96902631
767,20000000	0,96856522
767,40000000	0,96817430
767,60000000	0,96836286
767,80000000	0,96841928
768,00000000	0,96834362
768,20000000	0,96730545
768,40000000	0,96763640
768,60000000	0,96663374
768,80000000	0,96691202
769,00000000	0,96712953
769,20000000	0,96720563
769,40000000	0,96717498
769,60000000	0,96618203
769,80000000	0,96599628
770,00000000	0,96734856
770,20000000	0,96769976
770,40000000	0,96577530
770,60000000	0,96618254
770,80000000	0,96652233
771,00000000	0,96595814
771,20000000	0,96665826
771,40000000	0,96663150
771,60000000	0,96557673
771,80000000	0,96652351
772,00000000	0,96707027
772,20000000	0,96647875
772,40000000	0,96598840
772,60000000	0,96711182
772,80000000	0,96626580
773,00000000	0,96579225
773,20000000	0,96655292
773,40000000	0,96684794
773,60000000	0,96660622
773,80000000	0,96621766
774,00000000	0,96688987
774,20000000	0,96747176
774,40000000	0,96676591
774,60000000	0,96716000
774,80000000	0,96705370
775,00000000	0,96775389
775,20000000	0,96753698
775,40000000	0,96778809
775,60000000	0,96754719
775,80000000	0,96760999
776,00000000	0,96744711
776,20000000	0,96778771
776,40000000	0,96867262
776,60000000	0,96899715
776,80000000	0,96900067
777,00000000	0,96796900
777,20000000	0,96729480
777,40000000	0,96929805
777,60000000	0,96991436
777,80000000	0,96905637
778,00000000	0,96965155
778,20000000	0,96909946
778,40000000	0,96988949
778,60000000	0,97031668
778,80000000	0,97033008
779,00000000	0,97068764
779,20000000	0,97121290
779,40000000	0,97037395
779,60000000	0,97103799
779,80000000	0,97098380
780,00000000	0,97002485
780,20000000	0,97022075
780,40000000	0,97202009
780,60000000	0,97182977
780,80000000	0,97198553
781,00000000	0,97112778
781,20000000	0,97107923
781,40000000	0,97171319
781,60000000	0,97288802
781,80000000	0,97240663
782,00000000	0,97194997
782,20000000	0,97275071
782,40000000	0,97370925
782,60000000	0,97364241
782,80000000	0,97412868
783,00000000	0,97477809
783,20000000	0,97336472
783,40000000	0,97328999
783,60000000	0,97407817
783,80000000	0,97272489
784,00000000	0,97312786
784,20000000	0,97390771
784,40000000	0,97349728
784,60000000	0,97251190
784,80000000	0,97410076
785,00000000	0,97450619
785,20000000	0,97313073
785,40000000	0,97448718
785,60000000	0,97332238
785,80000000	0,97477135
786,00000000	0,97520211
786,20000000	0,97466794
786,40000000	0,97535547
786,60000000	0,97500919
786,80000000	0,97500584
787,00000000	0,97557925
787,20000000	0,97463176
787,40000000	0,97345473
787,60000000	0,97404774
787,80000000	0,97377674
788,00000000	0,97372621
788,20000000	0,97409477
788,40000000	0,97235522
788,60000000	0,97210871
788,80000000	0,97358769
789,00000000	0,97426214
789,20000000	0,97324861
789,40000000	0,97278999
789,60000000	0,97440957
789,80000000	0,97436634
790,00000000	0,97392017
790,20000000	0,97415759
790,40000000	0,97310693
790,60000000	0,97251182
790,80000000	0,97344268
791,00000000	0,97349340
791,20000000	0,97154807
791,40000000	0,97218298
791,60000000	0,97185185
791,80000000	0,97117693
792,00000000	0,97005147
792,20000000	0,97107462
792,40000000	0,97094033
792,60000000	0,96957290
792,80000000	0,96995808
793,00000000	0,97133077
793,20000000	0,97084847
793,40000000	0,97098940
793,60000000	0,97043411
793,80000000	0,97095321
794,00000000	0,96892627
794,20000000	0,97123501
794,40000000	0,97001235
794,60000000	0,96901669
794,80000000	0,96844710
795,00000000	0,96904540
795,20000000	0,96771608
795,40000000	0,96713247
795,60000000	0,96705876
795,80000000	0,96672801
796,00000000	0,96636165
796,20000000	0,96731682
796,40000000	0,96802284
796,60000000	0,96675153
796,80000000	0,96635723
797,00000000	0,96813659
797,20000000	0,96809199
797,40000000	0,96676275
797,60000000	0,96690948
797,80000000	0,96751907
798,00000000	0,96561278
798,20000000	0,96537398
798,40000000	0,96533147
798,60000000	0,96384138
798,80000000	0,96305958
799,00000000	0,96489666
799,20000000	0,96390253
799,40000000	0,96292806
799,60000000	0,96409131
799,80000000	0,96482684
800,00000000	0,96355002
800,20000000	0,96525614
800,40000000	0,96502791
800,60000000	0,96464720
800,80000000	0,96368675
801,00000000	0,96433759
801,20000000	0,96394057
801,40000000	0,96360289
801,60000000	0,96258787
801,80000000	0,96168039
802,00000000	0,96359366
802,20000000	0,96207696
802,40000000	0,96170308
802,60000000	0,96282687
802,80000000	0,96260405
803,00000000	0,96265622
803,20000000	0,96330514
803,40000000	0,96417087
803,60000000	0,96359754
803,80000000	0,96306933
804,00000000	0,96256498
804,20000000	0,96342744
804,40000000	0,96255290
804,60000000	0,96245345
804,80000000	0,96096935
805,00000000	0,96065499
805,20000000	0,96218268
805,40000000	0,96352155
805,60000000	0,96137200
805,80000000	0,96114625
806,00000000	0,96293104
806,20000000	0,96336623
806,40000000	0,96264243
806,60000000	0,96313842
806,80000000	0,96240267
807,00000000	0,96383964
807,20000000	0,96371245
807,40000000	0,96298807
807,60000000	0,96241813
807,80000000	0,96161890
808,00000000	0,96068900
808,20000000	0,96266687
808,40000000	0,96204419
808,60000000	0,96172099
808,80000000	0,96343157
809,00000000	0,96190670
809,20000000	0,96290869
809,40000000	0,96471019
809,60000000	0,96342345
809,80000000	0,96252157
810,00000000	0,96293853
810,20000000	0,96341496
810,40000000	0,96315018
810,60000000	0,96294391
810,80000000	0,96165204
811,00000000	0,96375191
811,20000000	0,96393196
811,40000000	0,96125530
811,60000000	0,96277526
811,80000000	0,96404413
812,00000000	0,96349855
812,20000000	0,96475008
812,40000000	0,96487815
812,60000000	0,96314645
812,80000000	0,96376219
813,00000000	0,96556149
813,20000000	0,96442616
813,40000000	0,96365176
813,60000000	0,96334220
813,80000000	0,96382203
814,00000000	0,96338431
814,20000000	0,96482560
814,40000000	0,96539029
814,60000000	0,96286419
814,80000000	0,96471457
815,00000000	0,96665193
815,20000000	0,96530979
815,40000000	0,96530956
815,60000000	0,96659929
815,80000000	0,96553636
816,00000000	0,96462482
816,20000000	0,96609757
816,40000000	0,96545819
816,60000000	0,96450021
816,80000000	0,96518409
817,00000000	0,96632127
817,20000000	0,96611296
817,40000000	0,96478491
817,60000000	0,96556023
817,80000000	0,96810713
818,00000000	0,96742643
818,20000000	0,96625539
818,40000000	0,96809233
818,60000000	0,96839567
818,80000000	0,96756172
819,00000000	0,96809800
819,20000000	0,96815512
819,40000000	0,96687596
819,60000000	0,96710180
819,80000000	0,96786493
820,00000000	0,96790132
820,20000000	0,96829063
820,40000000	0,96795005
820,60000000	0,96861825
820,80000000	0,96836336
821,00000000	0,96984283
821,20000000	0,97069663
821,40000000	0,96850396
821,60000000	0,96877538
821,80000000	0,97265927
822,00000000	0,97119289
822,20000000	0,96845847
822,40000000	0,97112026
822,60000000	0,97085733
822,80000000	0,96924892
823,00000000	0,96901777
823,20000000	0,97055969
823,40000000	0,97198848
823,60000000	0,97003020
823,80000000	0,97088884
824,00000000	0,97268353
824,20000000	0,97249499
824,40000000	0,97145912
824,60000000	0,97243191
824,80000000	0,97129306
825,00000000	0,97225580
825,20000000	0,97342753
825,40000000	0,97000744
825,60000000	0,97166257
825,80000000	0,97423847
826,00000000	0,97147015
826,20000000	0,97002392
826,40000000	0,97275449
826,60000000	0,97371044
826,80000000	0,97146797
827,00000000	0,97173090
827,20000000	0,97240048
827,40000000	0,97281956
827,60000000	0,97099965
827,80000000	0,97231498
828,00000000	0,97330651
828,20000000	0,97191662
828,40000000	0,97168314
828,60000000	0,97151670
828,80000000	0,97252274
829,00000000	0,97308906
829,20000000	0,97156391
829,40000000	0,97018815
829,60000000	0,97127574
829,80000000	0,97056198
830,00000000	0,96967455
830,20000000	0,96902084
830,40000000	0,97001977
830,60000000	0,97129541
830,80000000	0,96854448
831,00000000	0,96813180
831,20000000	0,97162365
831,40000000	0,97031576
831,60000000	0,96719444
831,80000000	0,96922377
832,00000000	0,96922399
832,20000000	0,96597295
832,40000000	0,96681441
832,60000000	0,96839772
832,80000000	0,96547980
833,00000000	0,96397188
833,20000000	0,96616636
833,40000000	0,96511127
833,60000000	0,96460205
833,80000000	0,96416539
834,00000000	0,96402955
834,20000000	0,96222223
834,40000000	0,96372072
834,60000000	0,96406580
834,80000000	0,95911744
835,00000000	0,96250177
835,20000000	0,96175033
835,40000000	0,95845982
835,60000000	0,95802304
835,80000000	0,95979425
836,00000000	0,95713718
836,20000000	0,95615221
836,40000000	0,95646443
836,60000000	0,95737841
836,80000000	0,95422708
837,00000000	0,95531372
837,20000000	0,95556239
837,40000000	0,95253123
837,60000000	0,95386506
837,80000000	0,95246308
838,00000000	0,95228848
838,20000000	0,95226006
838,40000000	0,95185156
838,60000000	0,94819279
838,80000000	0,94958197
839,00000000	0,94938731
839,20000000	0,94703141
839,40000000	0,94548204
839,60000000	0,94609713
839,80000000	0,94763068
840,00000000	0,94364913
840,20000000	0,94650301
840,40000000	0,94666427
840,60000000	0,94194175
840,80000000	0,94561762
841,00000000	0,94431825
841,20000000	0,93977024
841,40000000	0,94114677
841,60000000	0,94140435
841,80000000	0,93749222
842,00000000	0,94008334
842,20000000	0,93797531
842,40000000	0,93640664
842,60000000	0,93950890
842,80000000	0,93762960
843,00000000	0,93611156
843,20000000	0,93830364
843,40000000	0,93705774
843,60000000	0,93443026
843,80000000	0,93392890
844,00000000	0,93567988
844,20000000	0,93367229
844,40000000	0,93050842
844,60000000	0,93630178
844,80000000	0,92976246
845,00000000	0,93026136
845,20000000	0,93563920
845,40000000	0,92931949
845,60000000	0,93230503
845,80000000	0,93443025
846,00000000	0,92765007
846,20000000	0,93179345
846,40000000	0,93301454
846,60000000	0,92560162
846,80000000	0,92791764
847,00000000	0,93195100
847,20000000	0,92722348
847,40000000	0,92621057
847,60000000	0,93043548
847,80000000	0,92813751
848,00000000	0,92589910
848,20000000	0,93109901
848,40000000	0,92874664
848,60000000	0,92617825
848,80000000	0,93121983
849,00000000	0,92740868
849,20000000	0,92402826
849,40000000	0,93117696
849,60000000	0,92554661
849,80000000	0,92588569
850,00000000	0,93198320
850,20000000	0,92473765
850,40000000	0,92592910
850,60000000	0,93071341
850,80000000	0,92922240
851,00000000	0,92773309
851,20000000	0,92981762
851,40000000	0,93072429
851,60000000	0,92809241
851,80000000	0,93045356
852,00000000	0,93127470
852,20000000	0,92687998
852,40000000	0,92982609
852,60000000	0,93322919
852,80000000	0,92592899
853,00000000	0,93309551
853,20000000	0,93502416
853,40000000	0,92854040
853,60000000	0,93385616
853,80000000	0,93513011
854,00000000	0,93132122
854,20000000	0,93534121
854,40000000	0,93691368
854,60000000	0,93034756
854,80000000	0,93358356
855,00000000	0,93596194
855,20000000	0,93576157
855,40000000	0,93371909
855,60000000	0,94021629
855,80000000	0,93616188
856,00000000	0,93688617
856,20000000	0,94142626
856,40000000	0,93818835
856,60000000	0,93903252
856,80000000	0,94185091
857,00000000	0,93913502
857,20000000	0,93898360
857,40000000	0,94280927
857,60000000	0,94148930
857,80000000	0,94287484
858,00000000	0,94338264
858,20000000	0,94483787
858,40000000	0,94237738
858,60000000	0,94633374
858,80000000	0,94798568
859,00000000	0,94470206
859,20000000	0,94703977
859,40000000	0,94921671
859,60000000	0,94640874
859,80000000	0,94788146
860,00000000	0,95062865
860,20000000	0,94797375
860,40000000	0,95029291
860,60000000	0,95257130
860,80000000	0,95156259
861,00000000	0,95128534
861,20000000	0,95468201
861,40000000	0,95327620
861,60000000	0,95462799
861,80000000	0,95613472
862,00000000	0,95377024
862,20000000	0,95369185
862,40000000	0,95836313
862,60000000	0,95597483
862,80000000	0,95568880
863,00000000	0,96030638
863,20000000	0,95779754
863,40000000	0,95894875
863,60000000	0,96161447
863,80000000	0,96090313
864,00000000	0,96044510
864,20000000	0,96248362
864,40000000	0,96322606
864,60000000	0,96111684
864,80000000	0,96230493
865,00000000	0,96497586
865,20000000	0,96209676
865,40000000	0,96457413
865,60000000	0,96551798
865,80000000	0,96535028
866,00000000	0,96748647
866,20000000	0,96783732
866,40000000	0,96665588
866,60000000	0,96793318
866,80000000	0,96885079
867,00000000	0,96783048
867,20000000	0,96820412
867,40000000	0,97009761
867,60000000	0,96877726
867,80000000	0,97076136
868,00000000	0,97204895
868,20000000	0,97081693
868,40000000	0,97142277
868,60000000	0,97363284
868,80000000	0,97325188
869,00000000	0,97211143
869,20000000	0,97387132
869,40000000	0,97354689
869,60000000	0,97358514
869,80000000	0,97396377
870,00000000	0,97531943
870,20000000	0,97518458
870,40000000	0,97584718
870,60000000	0,97664162
870,80000000	0,97615186
871,00000000	0,97716160
871,20000000	0,97735549
871,40000000	0,97790872
871,60000000	0,97714455
871,80000000	0,97827639
872,00000000	0,97770258
872,20000000	0,97901902
872,40000000	0,97902864
872,60000000	0,97961497
872,80000000	0,97981185
873,00000000	0,98164758
873,20000000	0,98048309
873,40000000	0,98041571
873,60000000	0,98164371
873,80000000	0,98141111
874,00000000	0,98161594
874,20000000	0,98124192
874,40000000	0,98277708
874,60000000	0,98249467
874,80000000	0,98310714
875,00000000	0,98313813
875,20000000	0,98411129
875,40000000	0,98451859
875,60000000	0,98406542
875,80000000	0,98495455
876,00000000	0,98473164
876,20000000	0,98505071
876,40000000	0,98554596
876,60000000	0,98525969
876,80000000	0,98592828
877,00000000	0,98586403
877,20000000	0,98673368
877,40000000	0,98696012
877,60000000	0,98790276
877,80000000	0,98755436
878,00000000	0,98836896
878,20000000	0,98831548
878,40000000	0,98835436
878,60000000	0,98859797
878,80000000	0,98856727
879,00000000	0,98885324
879,20000000	0,98960140
879,40000000	0,99002788
879,60000000	0,98990009
879,80000000	0,99063485
880,00000000	0,99103793
880,20000000	0,99016546
880,40000000	0,99039991
880,60000000	0,99186657
880,80000000	0,99065480
881,00000000	0,99095472
881,20000000	0,99222691
881,40000000	0,99203678
881,60000000	0,99243690
881,80000000	0,99268670
882,00000000	0,99294030
882,20000000	0,99284783
882,40000000	0,99384981
882,60000000	0,99319380
882,80000000	0,99338507
883,00000000	0,99380724
883,20000000	0,99422839
883,40000000	0,99462288
883,60000000	0,99433179
883,80000000	0,99502607
884,00000000	0,99496193
884,20000000	0,99511540
884,40000000	0,99570763
884,60000000	0,99506864
884,80000000	0,99556254
885,00000000	0,99583630
885,20000000	0,99575369
885,40000000	0,99606635
885,60000000	0,99656043
885,80000000	0,99619307
886,00000000	0,99709442
886,20000000	0,99677602
886,40000000	0,99676089
886,60000000	0,99707802
886,80000000	0,99731113
887,00000000	0,99730800
887,20000000	0,99687088
887,40000000	0,99764796
887,60000000	0,99780012
887,80000000	0,99744166
888,00000000	0,99767364
888,20000000	0,99786911
888,40000000	0,99808009
888,60000000	0,99835926
888,80000000	0,99775641
889,00000000	0,99837083
889,20000000	0,99837348
889,40000000	0,99841602
889,60000000	0,99836987
889,80000000	0,99857162
890,00000000	0,99852036
890,20000000	0,99880433
890,40000000	0,99857532
890,60000000	0,99901097
890,80000000	0,99898559
891,00000000	0,99887498
891,20000000	0,99886489
891,40000000	0,99875799
891,60000000	0,99914632
891,80000000	0,99905504
892,00000000	0,99881767
892,20000000	0,99899270
892,40000000	0,99927922
892,60000000	0,99922054
892,80000000	0,99920903
893,00000000	0,99924168
893,20000000	0,99919231
893,40000000	0,99923068
893,60000000	0,99924730
893,80000000	0,99904148
894,00000000	0,99924663
894,20000000	0,99929293
894,40000000	0,99934835
894,60000000	0,99920462
894,80000000	0,99944043
895,00000000	0,99931160
895,20000000	0,99940056
895,40000000	0,99935354
895,60000000	0,99911528
895,80000000	0,99929198
896,00000000	0,99939030
896,20000000	0,99942404
896,40000000	0,99913223
896,60000000	0,99954612
896,80000000	0,99942238
897,00000000	0,99937482
897,20000000	0,99927873
897,40000000	0,99937177
897,60000000	0,99925546
897,80000000	0,99933175
898,00000000	0,99921936
898,20000000	0,99914538
898,40000000	0,99958727
898,60000000	0,99929793
898,80000000	0,99933225
899,00000000	0,99952402
899,20000000	0,99931032
899,40000000	0,99935822
899,60000000	0,99926412
899,80000000	0,99929599
900,00000000	0,99933691
