200,00000000	0,91510483
200,20000000	-3,56118589
200,40000000	0,34313779
200,60000000	0,91180987
200,80000000	0,92879525
201,00000000	0,02834285
201,20000000	0,70983510
201,40000000	0,99135850
201,60000000	0,43699025
201,80000000	0,69008033
202,00000000	0,95494311
202,20000000	0,40828149
202,40000000	0,00403059
202,60000000	0,85650910
202,80000000	0,98664269
203,00000000	-2,43372140
203,20000000	0,40418915
203,40000000	0,87192447
203,60000000	0,99030539
203,80000000	0,37888954
204,00000000	0,88571522
204,20000000	0,99148314
204,40000000	0,66481842
204,60000000	0,88496392
204,80000000	0,94861273
205,00000000	0,87969363
205,20000000	0,86287001
205,40000000	0,82366938
205,60000000	0,95985558
205,80000000	0,89154833
206,00000000	0,96515973
206,20000000	0,90704537
206,40000000	0,63990069
206,60000000	0,68503869
206,80000000	0,92545921
207,00000000	0,96417438
207,20000000	0,42622518
207,40000000	0,76951947
207,60000000	0,98327462
207,80000000	0,58795325
208,00000000	0,16273701
208,20000000	0,90340438
208,40000000	0,98098642
208,60000000	0,70532327
208,80000000	0,81927214
209,00000000	0,98392595
209,20000000	0,87893641
209,40000000	0,81619336
209,60000000	0,78827445
209,80000000	0,83848903
210,00000000	0,94469279
210,20000000	0,81776442
210,40000000	0,88441055
210,60000000	0,98881200
210,80000000	0,84165648
211,00000000	0,65919099
211,20000000	0,89125016
211,40000000	0,91890092
211,60000000	0,80681951
211,80000000	0,89820493
212,00000000	0,94903547
212,20000000	0,74977806
212,40000000	0,82116570
212,60000000	0,85953687
212,80000000	0,89706175
213,00000000	0,82322447
213,20000000	0,87217171
213,40000000	0,95304688
213,60000000	0,79371480
213,80000000	0,87251372
214,00000000	0,92278670
214,20000000	0,84922296
214,40000000	0,90023759
214,60000000	0,85775650
214,80000000	0,92093007
215,00000000	0,91707647
215,20000000	0,66132641
215,40000000	0,92347609
215,60000000	0,90252324
215,80000000	0,96650377
216,00000000	0,90816323
216,20000000	0,97973275
216,40000000	0,82953677
216,60000000	0,89656665
216,80000000	0,92838872
217,00000000	0,94840174
217,20000000	0,81315271
217,40000000	0,95184600
217,60000000	0,84171663
217,80000000	0,75782308
218,00000000	0,89254554
218,20000000	0,93980381
218,40000000	0,80055440
218,60000000	0,79581188
218,80000000	0,85640501
219,00000000	0,84400901
219,20000000	0,87455375
219,40000000	0,59566538
219,60000000	0,77412194
219,80000000	0,91807274
220,00000000	0,92174519
220,20000000	0,82701302
220,40000000	0,82098154
220,60000000	0,80552621
220,80000000	0,95395451
221,00000000	0,82761945
221,20000000	0,85168898
221,40000000	0,86372635
221,60000000	0,82213017
221,80000000	0,94542221
222,00000000	0,85279427
222,20000000	0,72644384
222,40000000	0,82792779
222,60000000	0,92448527
222,80000000	0,85750318
223,00000000	0,42801347
223,20000000	0,79301870
223,40000000	0,97559098
223,60000000	0,89935076
223,80000000	0,75570423
224,00000000	0,89144657
224,20000000	0,98123853
224,40000000	0,90248944
224,60000000	0,69604490
224,80000000	0,79504357
225,00000000	0,68780322
225,20000000	0,84086849
225,40000000	0,73718957
225,60000000	0,87681179
225,80000000	0,87646690
226,00000000	0,98464176
226,20000000	0,89557866
226,40000000	0,77101094
226,60000000	0,86042894
226,80000000	0,84338755
227,00000000	0,81535000
227,20000000	0,75595326
227,40000000	0,86051133
227,60000000	0,82728488
227,80000000	0,83734189
228,00000000	0,78847936
228,20000000	0,75134376
228,40000000	0,85391878
228,60000000	0,86225080
228,80000000	0,89880435
229,00000000	0,74545417
229,20000000	0,71752087
229,40000000	0,82811015
229,60000000	0,85307188
229,80000000	0,91404928
230,00000000	0,75667456
230,20000000	0,84831067
230,40000000	0,82151845
230,60000000	0,95345909
230,80000000	0,83401486
231,00000000	0,77449809
231,20000000	0,75309040
231,40000000	0,93330691
231,60000000	0,84663521
231,80000000	0,80392151
232,00000000	0,78548133
232,20000000	0,86916673
232,40000000	0,94017210
232,60000000	0,76963375
232,80000000	0,76152614
233,00000000	0,77392028
233,20000000	0,85615226
233,40000000	0,85417835
233,60000000	0,77622839
233,80000000	0,80051744
234,00000000	0,89464238
234,20000000	0,90138232
234,40000000	0,75216556
234,60000000	0,66797073
234,80000000	0,82065830
235,00000000	0,93854131
235,20000000	0,68302745
235,40000000	0,82400516
235,60000000	0,80971106
235,80000000	0,84041988
236,00000000	0,70422964
236,20000000	0,83756608
236,40000000	0,86071411
236,60000000	0,79054366
236,80000000	0,87170024
237,00000000	0,84039369
237,20000000	0,85308722
237,40000000	0,93458037
237,60000000	0,80998809
237,80000000	0,84686959
238,00000000	0,76683340
238,20000000	0,90809328
238,40000000	0,80786765
238,60000000	0,81628042
238,80000000	0,88394025
239,00000000	0,88385609
239,20000000	0,82472342
239,40000000	0,86113607
239,60000000	0,84376749
239,80000000	0,80730199
240,00000000	0,81846418
240,20000000	0,90283351
240,40000000	0,80036304
240,60000000	0,83770628
240,80000000	0,86838686
241,00000000	0,89526005
241,20000000	0,84171620
241,40000000	0,77335120
241,60000000	0,85331687
241,80000000	0,88298699
242,00000000	0,84656560
242,20000000	0,87720630
242,40000000	0,81313166
242,60000000	0,84527399
242,80000000	0,78752046
243,00000000	0,87890674
243,20000000	0,86541338
243,40000000	0,88167221
243,60000000	0,81278202
243,80000000	0,84590564
244,00000000	0,81521628
244,20000000	0,80592416
244,40000000	0,79344174
244,60000000	0,82420405
244,80000000	0,83802200
245,00000000	0,83310682
245,20000000	0,82177155
245,40000000	0,69489988
245,60000000	0,82740394
245,80000000	0,84808548
246,00000000	0,86279457
246,20000000	0,86009433
246,40000000	0,73090122
246,60000000	0,80739735
246,80000000	0,84558934
247,00000000	0,87669609
247,20000000	0,83002002
247,40000000	0,85495478
247,60000000	0,78285117
247,80000000	0,84147555
248,00000000	0,82589102
248,20000000	0,84670989
248,40000000	0,84609854
248,60000000	0,79392177
248,80000000	0,82236333
249,00000000	0,84751711
249,20000000	0,85938416
249,40000000	0,84176754
249,60000000	0,77229299
249,80000000	0,80144731
250,00000000	0,79311850
250,20000000	0,78564930
250,40000000	0,81844392
250,60000000	0,88558293
250,80000000	0,82626358
251,00000000	0,78468941
251,20000000	0,78657610
251,40000000	0,85744123
251,60000000	0,77128533
251,80000000	0,81562792
252,00000000	0,84942529
252,20000000	0,78865364
252,40000000	0,79633806
252,60000000	0,80886829
252,80000000	0,82265220
253,00000000	0,78705872
253,20000000	0,85912142
253,40000000	0,80438596
253,60000000	0,80197243
253,80000000	0,77260771
254,00000000	0,82997111
254,20000000	0,83195769
254,40000000	0,78295254
254,60000000	0,84449592
254,80000000	0,78685816
255,00000000	0,80905191
255,20000000	0,86201445
255,40000000	0,79406963
255,60000000	0,80020419
255,80000000	0,82563231
256,00000000	0,82425277
256,20000000	0,82248570
256,40000000	0,79421413
256,60000000	0,84264990
256,80000000	0,79733090
257,00000000	0,84407521
257,20000000	0,75850046
257,40000000	0,83388729
257,60000000	0,78765681
257,80000000	0,82500833
258,00000000	0,80533616
258,20000000	0,75217464
258,40000000	0,80241751
258,60000000	0,76053137
258,80000000	0,76604789
259,00000000	0,83679085
259,20000000	0,75243331
259,40000000	0,74335832
259,60000000	0,75705082
259,80000000	0,78982403
260,00000000	0,79592594
260,20000000	0,78135579
260,40000000	0,76587516
260,60000000	0,76142475
260,80000000	0,71046607
261,00000000	0,79193134
261,20000000	0,81548977
261,40000000	0,72991700
261,60000000	0,79233597
261,80000000	0,74687533
262,00000000	0,76277224
262,20000000	0,78845803
262,40000000	0,78047009
262,60000000	0,73788746
262,80000000	0,78592137
263,00000000	0,75397344
263,20000000	0,79769376
263,40000000	0,74455109
263,60000000	0,72895538
263,80000000	0,73827949
264,00000000	0,75334791
264,20000000	0,71218552
264,40000000	0,74951874
264,60000000	0,76294545
264,80000000	0,71251371
265,00000000	0,74515128
265,20000000	0,71706733
265,40000000	0,68401201
265,60000000	0,72544164
265,80000000	0,72268270
266,00000000	0,70795379
266,20000000	0,74603596
266,40000000	0,73762808
266,60000000	0,69478450
266,80000000	0,69547715
267,00000000	0,67004952
267,20000000	0,68188209
267,40000000	0,68784177
267,60000000	0,74908168
267,80000000	0,64254785
268,00000000	0,73220349
268,20000000	0,68841187
268,40000000	0,69581956
268,60000000	0,68439330
268,80000000	0,68747124
269,00000000	0,70694585
269,20000000	0,69333537
269,40000000	0,72091780
269,60000000	0,67876874
269,80000000	0,68942750
270,00000000	0,72230256
270,20000000	0,70347085
270,40000000	0,68652665
270,60000000	0,69548590
270,80000000	0,69729215
271,00000000	0,74156794
271,20000000	0,75178487
271,40000000	0,66074270
271,60000000	0,68993492
271,80000000	0,69491119
272,00000000	0,70684701
272,20000000	0,67958029
272,40000000	0,66236048
272,60000000	0,67410826
272,80000000	0,67790853
273,00000000	0,64600645
273,20000000	0,70179484
273,40000000	0,67477826
273,60000000	0,66556840
273,80000000	0,67272076
274,00000000	0,65785590
274,20000000	0,63599275
274,40000000	0,70219759
274,60000000	0,71546972
274,80000000	0,68712117
275,00000000	0,66424286
275,20000000	0,62163624
275,40000000	0,69162034
275,60000000	0,64647650
275,80000000	0,62538798
276,00000000	0,67837111
276,20000000	0,69426235
276,40000000	0,55066348
276,60000000	0,65956109
276,80000000	0,64579177
277,00000000	0,63493900
277,20000000	0,62843178
277,40000000	0,58627975
277,60000000	0,64271557
277,80000000	0,67583092
278,00000000	0,64251573
278,20000000	0,63329189
278,40000000	0,55707931
278,60000000	0,58139401
278,80000000	0,61146600
279,00000000	0,67493457
279,20000000	0,64420818
279,40000000	0,57143211
279,60000000	0,59210448
279,80000000	0,60008609
280,00000000	0,59744064
280,20000000	0,61269692
280,40000000	0,60838529
280,60000000	0,58776201
280,80000000	0,57330371
281,00000000	0,63027307
281,20000000	0,62111654
281,40000000	0,59420160
281,60000000	0,60179762
281,80000000	0,58708329
282,00000000	0,64901667
282,20000000	0,59079697
282,40000000	0,62314801
282,60000000	0,59930819
282,80000000	0,54794473
283,00000000	0,54068164
283,20000000	0,56947676
283,40000000	0,57348273
283,60000000	0,57898807
283,80000000	0,58790659
284,00000000	0,52048610
284,20000000	0,44713916
284,40000000	0,51175197
284,60000000	0,53484880
284,80000000	0,51763478
285,00000000	0,57103308
285,20000000	0,45743632
285,40000000	0,48475895
285,60000000	0,47783525
285,80000000	0,51082860
286,00000000	0,50499356
286,20000000	0,45951816
286,40000000	0,37918716
286,60000000	0,42611282
286,80000000	0,40996485
287,00000000	0,47154317
287,20000000	0,39994223
287,40000000	0,38021593
287,60000000	0,35986110
287,80000000	0,38206188
288,00000000	0,35801868
288,20000000	0,39523911
288,40000000	0,37781046
288,60000000	0,36578872
288,80000000	0,30642892
289,00000000	0,36436509
289,20000000	0,38544271
289,40000000	0,35924334
289,60000000	0,32347912
289,80000000	0,37413819
290,00000000	0,32984406
290,20000000	0,32712721
290,40000000	0,37333397
290,60000000	0,34598274
290,80000000	0,32672742
291,00000000	0,33473576
291,20000000	0,26155172
291,40000000	0,30225862
291,60000000	0,30383950
291,80000000	0,30031989
292,00000000	0,30390876
292,20000000	0,30348027
292,40000000	0,29934979
292,60000000	0,28858142
292,80000000	0,23095102
293,00000000	0,31876488
293,20000000	0,30710716
293,40000000	0,28621672
293,60000000	0,27556742
293,80000000	0,22151664
294,00000000	0,30740095
294,20000000	0,24631632
294,40000000	0,22756666
294,60000000	0,27322586
294,80000000	0,26863536
295,00000000	0,23300090
295,20000000	0,27389103
295,40000000	0,30215366
295,60000000	0,27380498
295,80000000	0,28857387
296,00000000	0,24116879
296,20000000	0,25461645
296,40000000	0,25953112
296,60000000	0,22057914
296,80000000	0,25355603
297,00000000	0,27445599
297,20000000	0,24849245
297,40000000	0,26230691
297,60000000	0,21520069
297,80000000	0,25402278
298,00000000	0,27675835
298,20000000	0,25199277
298,40000000	0,23198858
298,60000000	0,22905280
298,80000000	0,25631549
299,00000000	0,25819741
299,20000000	0,25882509
299,40000000	0,27853472
299,60000000	0,22687202
299,80000000	0,22506592
300,00000000	0,26531440
300,20000000	0,26865485
300,40000000	0,25784705
300,60000000	0,25142298
300,80000000	0,22651933
301,00000000	0,26372827
301,20000000	0,24940540
301,40000000	0,25853054
301,60000000	0,24279340
301,80000000	0,23641943
302,00000000	0,20613837
302,20000000	0,24746676
302,40000000	0,25871335
302,60000000	0,22031316
302,80000000	0,22388263
303,00000000	0,21317329
303,20000000	0,21876724
303,40000000	0,25101348
303,60000000	0,21989444
303,80000000	0,19257290
304,00000000	0,22417782
304,20000000	0,23283156
304,40000000	0,24889569
304,60000000	0,23160430
304,80000000	0,22021886
305,00000000	0,18818023
305,20000000	0,20123989
305,40000000	0,25106725
305,60000000	0,21099764
305,80000000	0,21287137
306,00000000	0,22921262
306,20000000	0,21029754
306,40000000	0,23461029
306,60000000	0,23492497
306,80000000	0,21728000
307,00000000	0,23681640
307,20000000	0,23434811
307,40000000	0,20649109
307,60000000	0,22593309
307,80000000	0,21469948
308,00000000	0,22129052
308,20000000	0,23106421
308,40000000	0,22813041
308,60000000	0,24097428
308,80000000	0,21861262
309,00000000	0,24300417
309,20000000	0,20403310
309,40000000	0,22333044
309,60000000	0,23922506
309,80000000	0,22890724
310,00000000	0,21933599
310,20000000	0,21887375
310,40000000	0,20823375
310,60000000	0,21199714
310,80000000	0,21965757
311,00000000	0,21610287
311,20000000	0,22255869
311,40000000	0,20633975
311,60000000	0,20617803
311,80000000	0,18963652
312,00000000	0,19974516
312,20000000	0,21481541
312,40000000	0,20093771
312,60000000	0,21516836
312,80000000	0,20666385
313,00000000	0,21297904
313,20000000	0,18630122
313,40000000	0,19952527
313,60000000	0,19793241
313,80000000	0,20099658
314,00000000	0,21892299
314,20000000	0,20149293
314,40000000	0,20559912
314,60000000	0,20708882
314,80000000	0,20259308
315,00000000	0,20021937
315,20000000	0,20421660
315,40000000	0,20600507
315,60000000	0,20019327
315,80000000	0,21303053
316,00000000	0,20428338
316,20000000	0,17975157
316,40000000	0,19926423
316,60000000	0,21181943
316,80000000	0,20770669
317,00000000	0,20093883
317,20000000	0,19405854
317,40000000	0,18969832
317,60000000	0,19489544
317,80000000	0,20209670
318,00000000	0,21166219
318,20000000	0,20700397
318,40000000	0,19263166
318,60000000	0,20129277
318,80000000	0,20825485
319,00000000	0,19604911
319,20000000	0,19277466
319,40000000	0,20419383
319,60000000	0,21406044
319,80000000	0,21492190
320,00000000	0,19729640
320,20000000	0,18649617
320,40000000	0,19157378
320,60000000	0,20393178
320,80000000	0,20164509
321,00000000	0,19993766
321,20000000	0,19983258
321,40000000	0,21488607
321,60000000	0,20324436
321,80000000	0,20616052
322,00000000	0,20294739
322,20000000	0,19602415
322,40000000	0,20706642
322,60000000	0,20621802
322,80000000	0,20802798
323,00000000	0,20000891
323,20000000	0,19372892
323,40000000	0,20082754
323,60000000	0,20803332
323,80000000	0,19329287
324,00000000	0,19421333
324,20000000	0,20504253
324,40000000	0,19736682
324,60000000	0,18814637
324,80000000	0,19463822
325,00000000	0,19514688
325,20000000	0,20077134
325,40000000	0,20337028
325,60000000	0,19936426
325,80000000	0,19375888
326,00000000	0,19456910
326,20000000	0,19996213
326,40000000	0,20017990
326,60000000	0,19934677
326,80000000	0,19384548
327,00000000	0,19700411
327,20000000	0,19660066
327,40000000	0,19669971
327,60000000	0,19081420
327,80000000	0,18970726
328,00000000	0,19683512
328,20000000	0,20100202
328,40000000	0,19552665
328,60000000	0,18894118
328,80000000	0,19029756
329,00000000	0,19127924
329,20000000	0,19798043
329,40000000	0,20093042
329,60000000	0,19491272
329,80000000	0,19171556
330,00000000	0,19178081
330,20000000	0,18741590
330,40000000	0,19170516
330,60000000	0,19234251
330,80000000	0,19228515
331,00000000	0,19435023
331,20000000	0,19739714
331,40000000	0,19900470
331,60000000	0,19609414
331,80000000	0,18615312
332,00000000	0,18645427
332,20000000	0,19426378
332,40000000	0,19620511
332,60000000	0,19714142
332,80000000	0,19602256
333,00000000	0,18968555
333,20000000	0,18742491
333,40000000	0,19250680
333,60000000	0,19510136
333,80000000	0,19193450
334,00000000	0,19305250
334,20000000	0,19551251
334,40000000	0,19465966
334,60000000	0,19089472
334,80000000	0,18759486
335,00000000	0,18517183
335,20000000	0,18456992
335,40000000	0,19233957
335,60000000	0,19614849
335,80000000	0,19479122
336,00000000	0,18980095
336,20000000	0,18531774
336,40000000	0,18825815
336,60000000	0,18805381
336,80000000	0,19067740
337,00000000	0,19170413
337,20000000	0,19490822
337,40000000	0,19210318
337,60000000	0,18658211
337,80000000	0,18479965
338,00000000	0,19008230
338,20000000	0,19133146
338,40000000	0,19216567
338,60000000	0,18846840
338,80000000	0,18366549
339,00000000	0,18713378
339,20000000	0,18875932
339,40000000	0,18928974
339,60000000	0,18893341
339,80000000	0,18306323
340,00000000	0,18347681
340,20000000	0,18762572
340,40000000	0,19391006
340,60000000	0,19313715
340,80000000	0,18757689
341,00000000	0,18213345
341,20000000	0,18192472
341,40000000	0,18786921
341,60000000	0,18965169
341,80000000	0,18654461
342,00000000	0,18245134
342,20000000	0,18254299
342,40000000	0,18871817
342,60000000	0,18828707
342,80000000	0,18342768
343,00000000	0,18044026
343,20000000	0,18076871
343,40000000	0,18396539
343,60000000	0,18702735
343,80000000	0,18838043
344,00000000	0,18539424
344,20000000	0,18389454
344,40000000	0,18315404
344,60000000	0,18225851
344,80000000	0,18339301
345,00000000	0,18388287
345,20000000	0,18492423
345,40000000	0,18485085
345,60000000	0,18542887
345,80000000	0,18448647
346,00000000	0,18395474
346,20000000	0,18440530
346,40000000	0,18343089
346,60000000	0,18286732
346,80000000	0,18321473
347,00000000	0,18481543
347,20000000	0,18656599
347,40000000	0,18686729
347,60000000	0,18580956
347,80000000	0,18279173
348,00000000	0,18075717
348,20000000	0,18081455
348,40000000	0,18262581
348,60000000	0,18378576
348,80000000	0,18385071
349,00000000	0,18269898
349,20000000	0,18194066
349,40000000	0,18156280
349,60000000	0,18210328
349,80000000	0,18216263
350,00000000	0,18091560
350,20000000	0,17970281
350,40000000	0,18023740
350,60000000	0,18177635
350,80000000	0,18242095
351,00000000	0,18285569
351,20000000	0,18211750
351,40000000	0,18057835
351,60000000	0,17892924
351,80000000	0,17804355
352,00000000	0,17911347
352,20000000	0,17980610
352,40000000	0,18086667
352,60000000	0,18037529
352,80000000	0,17860914
353,00000000	0,17873786
353,20000000	0,17892318
353,40000000	0,17798088
353,60000000	0,17872458
353,80000000	0,17876909
354,00000000	0,17805802
354,20000000	0,17736202
354,40000000	0,17840229
354,60000000	0,17927762
354,80000000	0,17976234
355,00000000	0,17811113
355,20000000	0,17670438
355,40000000	0,17598424
355,60000000	0,17578701
355,80000000	0,17615683
356,00000000	0,17659279
356,20000000	0,17707983
356,40000000	0,17730912
356,60000000	0,17654641
356,80000000	0,17573498
357,00000000	0,17654370
357,20000000	0,17581203
357,40000000	0,17654831
357,60000000	0,17615756
357,80000000	0,17534569
358,00000000	0,17527425
358,20000000	0,17631281
358,40000000	0,17590659
358,60000000	0,17743866
358,80000000	0,17791158
359,00000000	0,17625968
359,20000000	0,17391061
359,40000000	0,17235246
359,60000000	0,17235073
359,80000000	0,17587383
360,00000000	0,17754374
360,20000000	0,17529757
360,40000000	0,17393288
360,60000000	0,17413911
360,80000000	0,17314163
361,00000000	0,17404490
361,20000000	0,17400265
361,40000000	0,17410943
361,60000000	0,17260326
361,80000000	0,17239045
362,00000000	0,17171059
362,20000000	0,17403312
362,40000000	0,17684595
362,60000000	0,17402723
362,80000000	0,17301377
363,00000000	0,16975444
363,20000000	0,16977709
363,40000000	0,17197741
363,60000000	0,17364613
363,80000000	0,17413997
364,00000000	0,17216497
364,20000000	0,17018779
364,40000000	0,16936721
364,60000000	0,17040287
364,80000000	0,17219206
365,00000000	0,17319252
365,20000000	0,17086957
365,40000000	0,16743257
365,60000000	0,16652960
365,80000000	0,16733824
366,00000000	0,17176064
366,20000000	0,17249283
366,40000000	0,17455353
366,60000000	0,17140839
366,80000000	0,16757794
367,00000000	0,16586736
367,20000000	0,17056485
367,40000000	0,17143397
367,60000000	0,17089018
367,80000000	0,17052028
368,00000000	0,16900436
368,20000000	0,17068882
368,40000000	0,16965321
368,60000000	0,17063937
368,80000000	0,17272695
369,00000000	0,16957308
369,20000000	0,16677668
369,40000000	0,16759276
369,60000000	0,16943845
369,80000000	0,16998790
370,00000000	0,16921781
370,20000000	0,16900087
370,40000000	0,17099807
370,60000000	0,16814284
370,80000000	0,16571165
371,00000000	0,16842307
371,20000000	0,16985996
371,40000000	0,16768735
371,60000000	0,16325339
371,80000000	0,16407630
372,00000000	0,16406839
372,20000000	0,16475591
372,40000000	0,16698051
372,60000000	0,16811553
372,80000000	0,17098178
373,00000000	0,16951079
373,20000000	0,16803920
373,40000000	0,16589170
373,60000000	0,16688814
373,80000000	0,16220797
374,00000000	0,16271456
374,20000000	0,16376629
374,40000000	0,16728014
374,60000000	0,16775780
374,80000000	0,16723248
375,00000000	0,16986346
375,20000000	0,16734077
375,40000000	0,16921226
375,60000000	0,16756563
375,80000000	0,16436222
376,00000000	0,16272546
376,20000000	0,16589432
376,40000000	0,16551662
376,60000000	0,16757193
376,80000000	0,16616312
377,00000000	0,16804256
377,20000000	0,16959968
377,40000000	0,16687867
377,60000000	0,16542437
377,80000000	0,16588962
378,00000000	0,16518872
378,20000000	0,16268014
378,40000000	0,16589895
378,60000000	0,16560066
378,80000000	0,16114986
379,00000000	0,16175722
379,20000000	0,16511531
379,40000000	0,16197808
379,60000000	0,16966475
379,80000000	0,17145472
380,00000000	0,16691956
380,20000000	0,16100705
380,40000000	0,16111361
380,60000000	0,16496635
380,80000000	0,16591203
381,00000000	0,16325115
381,20000000	0,17052088
381,40000000	0,17068682
381,60000000	0,16407618
381,80000000	0,17019744
382,00000000	0,16852894
382,20000000	0,16371771
382,40000000	0,16110386
382,60000000	0,16355169
382,80000000	0,16475222
383,00000000	0,16546184
383,20000000	0,16171433
383,40000000	0,16603936
383,60000000	0,16811290
383,80000000	0,16738691
384,00000000	0,16633109
384,20000000	0,17263244
384,40000000	0,17099593
384,60000000	0,16727287
384,80000000	0,16432190
385,00000000	0,15903576
385,20000000	0,16249472
385,40000000	0,16720395
385,60000000	0,16785100
385,80000000	0,16536836
386,00000000	0,16314649
386,20000000	0,17035916
386,40000000	0,16770522
386,60000000	0,16534793
386,80000000	0,16808265
387,00000000	0,17268130
387,20000000	0,17366825
387,40000000	0,16732525
387,60000000	0,16067401
387,80000000	0,15510723
388,00000000	0,16073349
388,20000000	0,16612161
388,40000000	0,16274087
388,60000000	0,17086945
388,80000000	0,17170366
389,00000000	0,16754127
389,20000000	0,16501426
389,40000000	0,16205160
389,60000000	0,15311461
389,80000000	0,16196632
390,00000000	0,16937439
390,20000000	0,16145818
390,40000000	0,17038842
390,60000000	0,16956661
390,80000000	0,16877003
391,00000000	0,17083968
391,20000000	0,16141200
391,40000000	0,16789759
391,60000000	0,17036267
391,80000000	0,17031482
392,00000000	0,16924056
392,20000000	0,16199609
392,40000000	0,16003511
392,60000000	0,17923223
392,80000000	0,17145646
393,00000000	0,15916459
393,20000000	0,16523708
393,40000000	0,16627740
393,60000000	0,16790875
393,80000000	0,17151366
394,00000000	0,16250583
394,20000000	0,16719804
394,40000000	0,17243684
394,60000000	0,16600274
394,80000000	0,17733774
395,00000000	0,17764030
395,20000000	0,16202751
395,40000000	0,16728193
395,60000000	0,16469698
395,80000000	0,16518321
396,00000000	0,16060166
396,20000000	0,16244570
396,40000000	0,16457561
396,60000000	0,17028647
396,80000000	0,16741706
397,00000000	0,17185179
397,20000000	0,17045858
397,40000000	0,16874515
397,60000000	0,15584605
397,80000000	0,16511276
398,00000000	0,16232535
398,20000000	0,15931404
398,40000000	0,15916652
398,60000000	0,17918330
398,80000000	0,17652129
399,00000000	0,15980235
399,20000000	0,16430852
399,40000000	0,16697245
399,60000000	0,16909924
399,80000000	0,16796910
400,00000000	0,17755243
400,20000000	0,16366019
400,40000000	0,16827691
400,60000000	0,17137251
400,80000000	0,16655422
401,00000000	0,16245566
401,20000000	0,16159542
401,40000000	0,16695821
401,60000000	0,17020192
401,80000000	0,17133629
402,00000000	0,17190522
402,20000000	0,17830931
402,40000000	0,16367608
402,60000000	0,17270175
402,80000000	0,18111478
403,00000000	0,17557122
403,20000000	0,17748492
403,40000000	0,17872297
403,60000000	0,17775072
403,80000000	0,16560146
404,00000000	0,16207877
404,20000000	0,16013629
404,40000000	0,16774540
404,60000000	0,16858412
404,80000000	0,17664919
405,00000000	0,17836541
405,20000000	0,18045861
405,40000000	0,17482460
405,60000000	0,17626525
405,80000000	0,18077893
406,00000000	0,16474999
406,20000000	0,15665781
406,40000000	0,16456340
406,60000000	0,15757031
406,80000000	0,18283946
407,00000000	0,18198835
407,20000000	0,17645972
407,40000000	0,16513229
407,60000000	0,16058929
407,80000000	0,16683396
408,00000000	0,16853556
408,20000000	0,17322910
408,40000000	0,17351038
408,60000000	0,17627607
408,80000000	0,17525016
409,00000000	0,17864573
409,20000000	0,18134399
409,40000000	0,17059211
409,60000000	0,17261387
409,80000000	0,17080352
410,00000000	0,17178047
410,20000000	0,17827535
410,40000000	0,17386389
410,60000000	0,17070669
410,80000000	0,17555776
411,00000000	0,17117449
411,20000000	0,18055799
411,40000000	0,18457939
411,60000000	0,18212822
411,80000000	0,18112086
412,00000000	0,18853925
412,20000000	0,17364942
412,40000000	0,19348728
412,60000000	0,19691706
412,80000000	0,19197464
413,00000000	0,17595955
413,20000000	0,16784022
413,40000000	0,16961598
413,60000000	0,18151229
413,80000000	0,18985303
414,00000000	0,18883034
414,20000000	0,17964591
414,40000000	0,17424126
414,60000000	0,18053584
414,80000000	0,18600320
415,00000000	0,17825525
415,20000000	0,17795514
415,40000000	0,18109823
415,60000000	0,17265567
415,80000000	0,17048670
416,00000000	0,19009471
416,20000000	0,19709675
416,40000000	0,19374038
416,60000000	0,20325993
416,80000000	0,19044559
417,00000000	0,18941468
417,20000000	0,18662556
417,40000000	0,17618313
417,60000000	0,18887445
417,80000000	0,19632462
418,00000000	0,18464145
418,20000000	0,17714597
418,40000000	0,16590253
418,60000000	0,17944331
418,80000000	0,17963698
419,00000000	0,19945131
419,20000000	0,20003143
419,40000000	0,21302846
419,60000000	0,21181342
419,80000000	0,19969012
420,00000000	0,19594900
420,20000000	0,19670898
420,40000000	0,19087663
420,60000000	0,17594242
420,80000000	0,17567811
421,00000000	0,19600914
421,20000000	0,19501201
421,40000000	0,20230980
421,60000000	0,20185367
421,80000000	0,19986931
422,00000000	0,20513030
422,20000000	0,19895003
422,40000000	0,19597622
422,60000000	0,18713049
422,80000000	0,18422208
423,00000000	0,18716614
423,20000000	0,20306207
423,40000000	0,20113458
423,60000000	0,20672803
423,80000000	0,21968691
424,00000000	0,21218789
424,20000000	0,21676958
424,40000000	0,19301707
424,60000000	0,18479075
424,80000000	0,22523648
425,00000000	0,21684227
425,20000000	0,20953186
425,40000000	0,21077678
425,60000000	0,22457104
425,80000000	0,21807110
426,00000000	0,22944200
426,20000000	0,24243401
426,40000000	0,23634525
426,60000000	0,21913884
426,80000000	0,22516209
427,00000000	0,22672502
427,20000000	0,23735426
427,40000000	0,25699163
427,60000000	0,24376180
427,80000000	0,24677926
428,00000000	0,24566240
428,20000000	0,23544976
428,40000000	0,23879552
428,60000000	0,23478824
428,80000000	0,23063058
429,00000000	0,25302747
429,20000000	0,25470477
429,40000000	0,24033295
429,60000000	0,22497911
429,80000000	0,24871306
430,00000000	0,24863335
430,20000000	0,24254315
430,40000000	0,25135462
430,60000000	0,26157948
430,80000000	0,25499659
431,00000000	0,24087881
431,20000000	0,24836398
431,40000000	0,26322408
431,60000000	0,29418442
431,80000000	0,28174391
432,00000000	0,26287202
432,20000000	0,27001178
432,40000000	0,29310407
432,60000000	0,29627879
432,80000000	0,27752783
433,00000000	0,30056559
433,20000000	0,29213516
433,40000000	0,29106647
433,60000000	0,28770626
433,80000000	0,29148100
434,00000000	0,31586352
434,20000000	0,32258168
434,40000000	0,32924601
434,60000000	0,31045514
434,80000000	0,33955543
435,00000000	0,33610833
435,20000000	0,32754497
435,40000000	0,34435943
435,60000000	0,34829170
435,80000000	0,37418859
436,00000000	0,36567806
436,20000000	0,36969814
436,40000000	0,38015937
436,60000000	0,39098116
436,80000000	0,40960208
437,00000000	0,40579308
437,20000000	0,40602594
437,40000000	0,40962455
437,60000000	0,41691841
437,80000000	0,42252637
438,00000000	0,44682376
438,20000000	0,46737937
438,40000000	0,45760601
438,60000000	0,45975929
438,80000000	0,46653939
439,00000000	0,49142679
439,20000000	0,50306676
439,40000000	0,47691807
439,60000000	0,50684372
439,80000000	0,51103128
440,00000000	0,52742548
440,20000000	0,55167037
440,40000000	0,55643590
440,60000000	0,56488470
440,80000000	0,56180431
441,00000000	0,57392295
441,20000000	0,58393997
441,40000000	0,59098821
441,60000000	0,59634488
441,80000000	0,58888021
442,00000000	0,60577697
442,20000000	0,60316395
442,40000000	0,60527312
442,60000000	0,63557120
442,80000000	0,64144632
443,00000000	0,63628295
443,20000000	0,64370315
443,40000000	0,66397326
443,60000000	0,66902338
443,80000000	0,67319283
444,00000000	0,67438440
444,20000000	0,67930911
444,40000000	0,67841390
444,60000000	0,67833208
444,80000000	0,69716507
445,00000000	0,70929984
445,20000000	0,69846406
445,40000000	0,69281513
445,60000000	0,70143569
445,80000000	0,71692933
446,00000000	0,71900756
446,20000000	0,71835310
446,40000000	0,72273086
446,60000000	0,72386912
446,80000000	0,72959845
447,00000000	0,74047099
447,20000000	0,74137115
447,40000000	0,74589206
447,60000000	0,74709821
447,80000000	0,74068295
448,00000000	0,75036600
448,20000000	0,75013224
448,40000000	0,74392297
448,60000000	0,75673530
448,80000000	0,76798555
449,00000000	0,77564213
449,20000000	0,77557109
449,40000000	0,78406160
449,60000000	0,78486580
449,80000000	0,78751632
450,00000000	0,79268421
450,20000000	0,79793486
450,40000000	0,79611773
450,60000000	0,79821718
450,80000000	0,79597154
451,00000000	0,79618040
451,20000000	0,79697733
451,40000000	0,80240893
451,60000000	0,80819147
451,80000000	0,79441533
452,00000000	0,78971315
452,20000000	0,79210459
452,40000000	0,78743474
452,60000000	0,78380555
452,80000000	0,78442019
453,00000000	0,78761159
453,20000000	0,79917721
453,40000000	0,80059197
453,60000000	0,79858708
453,80000000	0,79576854
454,00000000	0,80410064
454,20000000	0,80888129
454,40000000	0,80682705
454,60000000	0,79895888
454,80000000	0,79890652
455,00000000	0,80494504
455,20000000	0,81671052
455,40000000	0,82402241
455,60000000	0,82487519
455,80000000	0,82833448
456,00000000	0,82803393
456,20000000	0,82873117
456,40000000	0,82398392
456,60000000	0,82916212
456,80000000	0,83708663
457,00000000	0,83735148
457,20000000	0,83427413
457,40000000	0,83087532
457,60000000	0,82648783
457,80000000	0,82771111
458,00000000	0,82767170
458,20000000	0,82408467
458,40000000	0,82847368
458,60000000	0,82647008
458,80000000	0,82685328
459,00000000	0,83043215
459,20000000	0,83333470
459,40000000	0,82998198
459,60000000	0,83091406
459,80000000	0,82882697
460,00000000	0,82632974
460,20000000	0,83305844
460,40000000	0,83772140
460,60000000	0,83251252
460,80000000	0,83934902
461,00000000	0,85057003
461,20000000	0,85010943
461,40000000	0,84426881
461,60000000	0,85274550
461,80000000	0,86425070
462,00000000	0,86651040
462,20000000	0,87020851
462,40000000	0,87231311
462,60000000	0,87880254
462,80000000	0,88455225
463,00000000	0,88735474
463,20000000	0,88574836
463,40000000	0,88953757
463,60000000	0,89459441
463,80000000	0,89635207
464,00000000	0,89327553
464,20000000	0,89539303
464,40000000	0,89635768
464,60000000	0,90131153
464,80000000	0,90113001
465,00000000	0,89333934
465,20000000	0,89403644
465,40000000	0,89905627
465,60000000	0,89469591
465,80000000	0,88790640
466,00000000	0,88584395
466,20000000	0,88570465
466,40000000	0,88330460
466,60000000	0,88518903
466,80000000	0,88485878
467,00000000	0,88391942
467,20000000	0,88613687
467,40000000	0,88789516
467,60000000	0,88359185
467,80000000	0,87936796
468,00000000	0,88428606
468,20000000	0,88324133
468,40000000	0,88255938
468,60000000	0,88269400
468,80000000	0,88514760
469,00000000	0,89303053
469,20000000	0,89672987
469,40000000	0,89714628
469,60000000	0,89905086
469,80000000	0,90089185
470,00000000	0,90316743
470,20000000	0,90448736
470,40000000	0,91300702
470,60000000	0,91608961
470,80000000	0,91720580
471,00000000	0,92110161
471,20000000	0,92499286
471,40000000	0,92988245
471,60000000	0,93359142
471,80000000	0,93687548
472,00000000	0,93277932
472,20000000	0,93619597
472,40000000	0,93747579
472,60000000	0,93718767
472,80000000	0,93874456
473,00000000	0,93878109
473,20000000	0,94007770
473,40000000	0,94125035
473,60000000	0,94223507
473,80000000	0,94094359
474,00000000	0,93668656
474,20000000	0,93660926
474,40000000	0,93416719
474,60000000	0,93039045
474,80000000	0,92536522
475,00000000	0,92194832
475,20000000	0,92250331
475,40000000	0,91910232
475,60000000	0,91735218
475,80000000	0,91624784
476,00000000	0,91650331
476,20000000	0,91549970
476,40000000	0,91225407
476,60000000	0,90687684
476,80000000	0,90403633
477,00000000	0,90470391
477,20000000	0,90672881
477,40000000	0,90475302
477,60000000	0,90777584
477,80000000	0,91153875
478,00000000	0,90859965
478,20000000	0,91025273
478,40000000	0,91402552
478,60000000	0,91573107
478,80000000	0,91474670
479,00000000	0,91863242
479,20000000	0,91873234
479,40000000	0,92332361
479,60000000	0,92639263
479,80000000	0,92816215
480,00000000	0,93270507
480,20000000	0,93779537
480,40000000	0,94000424
480,60000000	0,94230060
480,80000000	0,94400789
481,00000000	0,94799863
481,20000000	0,95050841
481,40000000	0,95115890
481,60000000	0,95273549
481,80000000	0,95550688
482,00000000	0,95600371
482,20000000	0,95697438
482,40000000	0,95886242
482,60000000	0,96135533
482,80000000	0,96191684
483,00000000	0,96220655
483,20000000	0,96402398
483,40000000	0,96372635
483,60000000	0,96211662
483,80000000	0,96080870
484,00000000	0,96162521
484,20000000	0,95743136
484,40000000	0,95600450
484,60000000	0,95885238
484,80000000	0,95686107
485,00000000	0,95154203
485,20000000	0,94692664
485,40000000	0,94578550
485,60000000	0,94449205
485,80000000	0,94069605
486,00000000	0,93821264
486,20000000	0,93508157
486,40000000	0,93302759
486,60000000	0,93159161
486,80000000	0,92931662
487,00000000	0,92633538
487,20000000	0,92541964
487,40000000	0,92202674
487,60000000	0,92045813
487,80000000	0,91963844
488,00000000	0,92029222
488,20000000	0,91970233
488,40000000	0,92178085
488,60000000	0,92201145
488,80000000	0,91946243
489,00000000	0,92148899
489,20000000	0,91953842
489,40000000	0,92005542
489,60000000	0,92376076
489,80000000	0,92345077
490,00000000	0,92556484
490,20000000	0,92691520
490,40000000	0,92764828
490,60000000	0,93012395
490,80000000	0,93421798
491,00000000	0,93655769
491,20000000	0,93651036
491,40000000	0,93522749
491,60000000	0,93747145
491,80000000	0,94177786
492,00000000	0,94383997
492,20000000	0,94468386
492,40000000	0,94908493
492,60000000	0,95269021
492,80000000	0,95337570
493,00000000	0,95344232
493,20000000	0,95558423
493,40000000	0,95737768
493,60000000	0,95824175
493,80000000	0,95859787
494,00000000	0,95919310
494,20000000	0,96155334
494,40000000	0,96302353
494,60000000	0,96390162
494,80000000	0,96182720
495,00000000	0,96202466
495,20000000	0,96223018
495,40000000	0,96053573
495,60000000	0,96003559
495,80000000	0,95930507
496,00000000	0,95905077
496,20000000	0,95850945
496,40000000	0,95804578
496,60000000	0,95581927
496,80000000	0,95265766
497,00000000	0,94951924
497,20000000	0,94749933
497,40000000	0,94965322
497,60000000	0,94884617
497,80000000	0,94608615
498,00000000	0,94303408
498,20000000	0,94053539
498,40000000	0,94100672
498,60000000	0,93953684
498,80000000	0,93576089
499,00000000	0,93500597
499,20000000	0,93236298
499,40000000	0,93102658
499,60000000	0,93333190
499,80000000	0,93351443
500,00000000	0,93220512
500,20000000	0,93354368
500,40000000	0,93213140
500,60000000	0,93226735
500,80000000	0,93227755
501,00000000	0,92951249
501,20000000	0,93095189
501,40000000	0,93471071
501,60000000	0,93643011
501,80000000	0,93599233
502,00000000	0,93598059
502,20000000	0,94099266
502,40000000	0,94488659
502,60000000	0,94567122
502,80000000	0,94625566
503,00000000	0,94659690
503,20000000	0,94723196
503,40000000	0,95299744
503,60000000	0,95567486
503,80000000	0,95584299
504,00000000	0,95827478
504,20000000	0,95805552
504,40000000	0,96024757
504,60000000	0,96347412
504,80000000	0,96600837
505,00000000	0,96866076
505,20000000	0,97018147
505,40000000	0,97303044
505,60000000	0,97370908
505,80000000	0,97415088
506,00000000	0,97553107
506,20000000	0,97758335
506,40000000	0,97989753
506,60000000	0,98028619
506,80000000	0,98105262
507,00000000	0,98197100
507,20000000	0,98206671
507,40000000	0,98111213
507,60000000	0,97987239
507,80000000	0,98027706
508,00000000	0,98039674
508,20000000	0,97843802
508,40000000	0,97783416
508,60000000	0,97653983
508,80000000	0,97532302
509,00000000	0,97553850
509,20000000	0,97475627
509,40000000	0,97110670
509,60000000	0,96819753
509,80000000	0,96759725
510,00000000	0,96597561
510,20000000	0,96436455
510,40000000	0,96402513
510,60000000	0,96245612
510,80000000	0,96081805
511,00000000	0,95952010
511,20000000	0,95528894
511,40000000	0,95264920
511,60000000	0,95431722
511,80000000	0,95453043
512,00000000	0,95213888
512,20000000	0,95106805
512,40000000	0,94909865
512,60000000	0,94666844
512,80000000	0,94578876
513,00000000	0,94480887
513,20000000	0,94381258
513,40000000	0,94259231
513,60000000	0,93995144
513,80000000	0,94172420
514,00000000	0,94358202
514,20000000	0,94229897
514,40000000	0,94233542
514,60000000	0,94287682
514,80000000	0,94358767
515,00000000	0,94544286
515,20000000	0,94385819
515,40000000	0,94171911
515,60000000	0,94346654
515,80000000	0,94634610
516,00000000	0,94773948
516,20000000	0,94878675
516,40000000	0,95052914
516,60000000	0,95249908
516,80000000	0,95270193
517,00000000	0,95417243
517,20000000	0,95549543
517,40000000	0,95627231
517,60000000	0,95937119
517,80000000	0,96290606
518,00000000	0,96521301
518,20000000	0,96564008
518,40000000	0,96664018
518,60000000	0,96933894
518,80000000	0,97125234
519,00000000	0,97186206
519,20000000	0,97431551
519,40000000	0,97752124
519,60000000	0,97888989
519,80000000	0,97963063
520,00000000	0,98118243
520,20000000	0,98262416
520,40000000	0,98443586
520,60000000	0,98493562
520,80000000	0,98606939
521,00000000	0,98742565
521,20000000	0,98811508
521,40000000	0,98896767
521,60000000	0,98986394
521,80000000	0,99009693
522,00000000	0,98924129
522,20000000	0,98893204
522,40000000	0,98933622
522,60000000	0,98938330
522,80000000	0,98906614
523,00000000	0,98879987
523,20000000	0,98933939
523,40000000	0,98857524
523,60000000	0,98633736
523,80000000	0,98491373
524,00000000	0,98527200
524,20000000	0,98517723
524,40000000	0,98305554
524,60000000	0,98104351
524,80000000	0,98108799
525,00000000	0,98128013
525,20000000	0,97952988
525,40000000	0,97708510
525,60000000	0,97557668
525,80000000	0,97390319
526,00000000	0,97187172
526,20000000	0,96993276
526,40000000	0,96875844
526,60000000	0,96705585
526,80000000	0,96570840
527,00000000	0,96579920
527,20000000	0,96441671
527,40000000	0,96321024
527,60000000	0,96214787
527,80000000	0,96150466
528,00000000	0,96031506
528,20000000	0,95817056
528,40000000	0,95777539
528,60000000	0,95773541
528,80000000	0,95622862
529,00000000	0,95522393
529,20000000	0,95454610
529,40000000	0,95506251
529,60000000	0,95562599
529,80000000	0,95579157
530,00000000	0,95608400
530,20000000	0,95527331
530,40000000	0,95443767
530,60000000	0,95432342
530,80000000	0,95534021
531,00000000	0,95786695
531,20000000	0,95887914
531,40000000	0,95907285
531,60000000	0,95867090
531,80000000	0,95869515
532,00000000	0,96065765
532,20000000	0,96156121
532,40000000	0,96145205
532,60000000	0,96296566
532,80000000	0,96368047
533,00000000	0,96461727
533,20000000	0,96537122
533,40000000	0,96582387
533,60000000	0,96767753
533,80000000	0,96878368
534,00000000	0,97050754
534,20000000	0,97217724
534,40000000	0,97357107
534,60000000	0,97458526
534,80000000	0,97523436
535,00000000	0,97662771
535,20000000	0,97762772
535,40000000	0,97702709
535,60000000	0,97800250
535,80000000	0,97912618
536,00000000	0,98004263
536,20000000	0,98172976
536,40000000	0,98266900
536,60000000	0,98351599
536,80000000	0,98464165
537,00000000	0,98531434
537,20000000	0,98543374
537,40000000	0,98679521
537,60000000	0,98798475
537,80000000	0,98781221
538,00000000	0,98760432
538,20000000	0,98753569
538,40000000	0,98762710
538,60000000	0,98790830
538,80000000	0,98810250
539,00000000	0,98767763
539,20000000	0,98740008
539,40000000	0,98740756
539,60000000	0,98720722
539,80000000	0,98726091
540,00000000	0,98631953
540,20000000	0,98532913
540,40000000	0,98524388
540,60000000	0,98573940
540,80000000	0,98587085
541,00000000	0,98530103
541,20000000	0,98467843
541,40000000	0,98283172
541,60000000	0,98114510
541,80000000	0,98072131
542,00000000	0,98048685
542,20000000	0,97978338
542,40000000	0,97873930
542,60000000	0,97760847
542,80000000	0,97640328
543,00000000	0,97519485
543,20000000	0,97498111
543,40000000	0,97634991
543,60000000	0,97649911
543,80000000	0,97433458
544,00000000	0,97214855
544,20000000	0,97098622
544,40000000	0,97041527
544,60000000	0,97218289
544,80000000	0,97252033
545,00000000	0,97083047
545,20000000	0,97051008
545,40000000	0,97034120
545,60000000	0,96889340
545,80000000	0,96664698
546,00000000	0,96758170
546,20000000	0,96932320
546,40000000	0,96903172
546,60000000	0,96852685
546,80000000	0,96728133
547,00000000	0,96568498
547,20000000	0,96706889
547,40000000	0,96799829
547,60000000	0,96850484
547,80000000	0,96930216
548,00000000	0,96954740
548,20000000	0,96850313
548,40000000	0,96744918
548,60000000	0,96826065
548,80000000	0,96948019
549,00000000	0,96998933
549,20000000	0,96976597
549,40000000	0,97050096
549,60000000	0,97189573
549,80000000	0,97203966
550,00000000	0,97199583
550,20000000	0,97240466
550,40000000	0,97274997
550,60000000	0,97316570
550,80000000	0,97416325
551,00000000	0,97489967
551,20000000	0,97578133
551,40000000	0,97716459
551,60000000	0,97785785
551,80000000	0,97701165
552,00000000	0,97688666
552,20000000	0,97848364
552,40000000	0,97947628
552,60000000	0,98050347
552,80000000	0,98168472
553,00000000	0,98263986
553,20000000	0,98288088
553,40000000	0,98242002
553,60000000	0,98248200
553,80000000	0,98320136
554,00000000	0,98429377
554,20000000	0,98508218
554,40000000	0,98516246
554,60000000	0,98563430
554,80000000	0,98593728
555,00000000	0,98571505
555,20000000	0,98591836
555,40000000	0,98639461
555,60000000	0,98616884
555,80000000	0,98582478
556,00000000	0,98649554
556,20000000	0,98732612
556,40000000	0,98746393
556,60000000	0,98750070
556,80000000	0,98704099
557,00000000	0,98624893
557,20000000	0,98629066
557,40000000	0,98611862
557,60000000	0,98497050
557,80000000	0,98453512
558,00000000	0,98493128
558,20000000	0,98527990
558,40000000	0,98499879
558,60000000	0,98368735
558,80000000	0,98318152
559,00000000	0,98350292
559,20000000	0,98295996
559,40000000	0,98274926
559,60000000	0,98283332
559,80000000	0,98194015
560,00000000	0,98095771
560,20000000	0,98027082
560,40000000	0,98037368
560,60000000	0,98082987
560,80000000	0,98051088
561,00000000	0,97954603
561,20000000	0,97926325
561,40000000	0,97926167
561,60000000	0,97926278
561,80000000	0,97887853
562,00000000	0,97747661
562,20000000	0,97605691
562,40000000	0,97590511
562,60000000	0,97561136
562,80000000	0,97570420
563,00000000	0,97607798
563,20000000	0,97517824
563,40000000	0,97445647
563,60000000	0,97364506
563,80000000	0,97287430
564,00000000	0,97379081
564,20000000	0,97519360
564,40000000	0,97521931
564,60000000	0,97477177
564,80000000	0,97385825
565,00000000	0,97303572
565,20000000	0,97382622
565,40000000	0,97522127
565,60000000	0,97516003
565,80000000	0,97512740
566,00000000	0,97592706
566,20000000	0,97640965
566,40000000	0,97657619
566,60000000	0,97603486
566,80000000	0,97589811
567,00000000	0,97612199
567,20000000	0,97593273
567,40000000	0,97687059
567,60000000	0,97812343
567,80000000	0,97879576
568,00000000	0,97887669
568,20000000	0,97873718
568,40000000	0,97939594
568,60000000	0,97975873
568,80000000	0,97964109
569,00000000	0,97990565
569,20000000	0,98074808
569,40000000	0,98205429
569,60000000	0,98268743
569,80000000	0,98276069
570,00000000	0,98265830
570,20000000	0,98338391
570,40000000	0,98462958
570,60000000	0,98568721
570,80000000	0,98637425
571,00000000	0,98712419
571,20000000	0,98790770
571,40000000	0,98768958
571,60000000	0,98768084
571,80000000	0,98893090
572,00000000	0,98986601
572,20000000	0,99019069
572,40000000	0,99085735
572,60000000	0,99158601
572,80000000	0,99173902
573,00000000	0,99230603
573,20000000	0,99318289
573,40000000	0,99385527
573,60000000	0,99436244
573,80000000	0,99411670
574,00000000	0,99393248
574,20000000	0,99434410
574,40000000	0,99454126
574,60000000	0,99447111
574,80000000	0,99402813
575,00000000	0,99379782
575,20000000	0,99453952
575,40000000	0,99529369
575,60000000	0,99549862
575,80000000	0,99522364
576,00000000	0,99501455
576,20000000	0,99506065
576,40000000	0,99509642
576,60000000	0,99497679
576,80000000	0,99490177
577,00000000	0,99477420
577,20000000	0,99430382
577,40000000	0,99394023
577,60000000	0,99363315
577,80000000	0,99317870
578,00000000	0,99289873
578,20000000	0,99227443
578,40000000	0,99181429
578,60000000	0,99199569
578,80000000	0,99188776
579,00000000	0,99169368
579,20000000	0,99103658
579,40000000	0,99050161
579,60000000	0,99037019
579,80000000	0,98967481
580,00000000	0,98914502
580,20000000	0,98881685
580,40000000	0,98834106
580,60000000	0,98765054
580,80000000	0,98669475
581,00000000	0,98633362
581,20000000	0,98667371
581,40000000	0,98620556
581,60000000	0,98541477
581,80000000	0,98532606
582,00000000	0,98517085
582,20000000	0,98474744
582,40000000	0,98412153
582,60000000	0,98330921
582,80000000	0,98298770
583,00000000	0,98359251
583,20000000	0,98389500
583,40000000	0,98297055
583,60000000	0,98213536
583,80000000	0,98246909
584,00000000	0,98247803
584,20000000	0,98104434
584,40000000	0,97998740
584,60000000	0,98082246
584,80000000	0,98209999
585,00000000	0,98213741
585,20000000	0,98128431
585,40000000	0,98151177
585,60000000	0,98232371
585,80000000	0,98191439
586,00000000	0,98140875
586,20000000	0,98172553
586,40000000	0,98193261
586,60000000	0,98224575
586,80000000	0,98282263
587,00000000	0,98332789
587,20000000	0,98368780
587,40000000	0,98322380
587,60000000	0,98240114
587,80000000	0,98289629
588,00000000	0,98391997
588,20000000	0,98408730
588,40000000	0,98429048
588,60000000	0,98513263
588,80000000	0,98537095
589,00000000	0,98547248
589,20000000	0,98656265
589,40000000	0,98713185
589,60000000	0,98681064
589,80000000	0,98693770
590,00000000	0,98759195
590,20000000	0,98863761
590,40000000	0,98960717
590,60000000	0,99039626
590,80000000	0,99090211
591,00000000	0,99081720
591,20000000	0,99089044
591,40000000	0,99166269
591,60000000	0,99227754
591,80000000	0,99218910
592,00000000	0,99237950
592,20000000	0,99322355
592,40000000	0,99351309
592,60000000	0,99361171
592,80000000	0,99424064
593,00000000	0,99487349
593,20000000	0,99511455
593,40000000	0,99484732
593,60000000	0,99481084
593,80000000	0,99502115
594,00000000	0,99508220
594,20000000	0,99538667
594,40000000	0,99569243
594,60000000	0,99565018
594,80000000	0,99549387
595,00000000	0,99566206
595,20000000	0,99586015
595,40000000	0,99562086
595,60000000	0,99545943
595,80000000	0,99555785
596,00000000	0,99547922
596,20000000	0,99507027
596,40000000	0,99439570
596,60000000	0,99383730
596,80000000	0,99376402
597,00000000	0,99387851
597,20000000	0,99365532
597,40000000	0,99357595
597,60000000	0,99368122
597,80000000	0,99344532
598,00000000	0,99309601
598,20000000	0,99247333
598,40000000	0,99191270
598,60000000	0,99162735
598,80000000	0,99115579
599,00000000	0,99094384
599,20000000	0,99086356
599,40000000	0,99035456
599,60000000	0,98936291
599,80000000	0,98844932
600,00000000	0,98805326
600,20000000	0,98782352
600,40000000	0,98723227
600,60000000	0,98644395
600,80000000	0,98614381
601,00000000	0,98593160
601,20000000	0,98540610
601,40000000	0,98478334
601,60000000	0,98463670
601,80000000	0,98420220
602,00000000	0,98271150
602,20000000	0,98180361
602,40000000	0,98164398
602,60000000	0,98145751
602,80000000	0,98202620
603,00000000	0,98251237
603,20000000	0,98201834
603,40000000	0,98111629
603,60000000	0,98063820
603,80000000	0,98134669
604,00000000	0,98212917
604,20000000	0,98228070
604,40000000	0,98166521
604,60000000	0,98081185
604,80000000	0,98067752
605,00000000	0,98102764
605,20000000	0,98164157
605,40000000	0,98211962
605,60000000	0,98225286
605,80000000	0,98222279
606,00000000	0,98275669
606,20000000	0,98353802
606,40000000	0,98360571
606,60000000	0,98343981
606,80000000	0,98365175
607,00000000	0,98416046
607,20000000	0,98448996
607,40000000	0,98456532
607,60000000	0,98445131
607,80000000	0,98477979
608,00000000	0,98601911
608,20000000	0,98649431
608,40000000	0,98599664
608,60000000	0,98644124
608,80000000	0,98777074
609,00000000	0,98839655
609,20000000	0,98860840
609,40000000	0,98915644
609,60000000	0,98966106
609,80000000	0,99026941
610,00000000	0,99105324
610,20000000	0,99140587
610,40000000	0,99183219
610,60000000	0,99250301
610,80000000	0,99281781
611,00000000	0,99350082
611,20000000	0,99439826
611,40000000	0,99496170
611,60000000	0,99525768
611,80000000	0,99523211
612,00000000	0,99576730
612,20000000	0,99671103
612,40000000	0,99711578
612,60000000	0,99716810
612,80000000	0,99729381
613,00000000	0,99773517
613,20000000	0,99797254
613,40000000	0,99791779
613,60000000	0,99806962
613,80000000	0,99828935
614,00000000	0,99835793
614,20000000	0,99836492
614,40000000	0,99844416
614,60000000	0,99837657
614,80000000	0,99811210
615,00000000	0,99798728
615,20000000	0,99782119
615,40000000	0,99755665
615,60000000	0,99744179
615,80000000	0,99721268
616,00000000	0,99678507
616,20000000	0,99639218
616,40000000	0,99618367
616,60000000	0,99594372
616,80000000	0,99547778
617,00000000	0,99495009
617,20000000	0,99445998
617,40000000	0,99406898
617,60000000	0,99374663
617,80000000	0,99350064
618,00000000	0,99307177
618,20000000	0,99234885
618,40000000	0,99175802
618,60000000	0,99113196
618,80000000	0,99045260
619,00000000	0,98957314
619,20000000	0,98875490
619,40000000	0,98837281
619,60000000	0,98731841
619,80000000	0,98671769
620,00000000	0,98641218
620,20000000	0,98501003
620,40000000	0,98409740
620,60000000	0,98347482
620,80000000	0,98256958
621,00000000	0,98197915
621,20000000	0,98166177
621,40000000	0,98183410
621,60000000	0,98139605
621,80000000	0,98044137
622,00000000	0,98001911
622,20000000	0,97909746
622,40000000	0,97788863
622,60000000	0,97688804
622,80000000	0,97687156
623,00000000	0,97750147
623,20000000	0,97699771
623,40000000	0,97610508
623,60000000	0,97607302
623,80000000	0,97608399
624,00000000	0,97552652
624,20000000	0,97533914
624,40000000	0,97529804
624,60000000	0,97503733
624,80000000	0,97483030
625,00000000	0,97458411
625,20000000	0,97522745
625,40000000	0,97565536
625,60000000	0,97457266
625,80000000	0,97414824
626,00000000	0,97507676
626,20000000	0,97513975
626,40000000	0,97506545
626,60000000	0,97580111
626,80000000	0,97601677
627,00000000	0,97609632
627,20000000	0,97657311
627,40000000	0,97678819
627,60000000	0,97670097
627,80000000	0,97754322
628,00000000	0,97937569
628,20000000	0,97989263
628,40000000	0,97919529
628,60000000	0,97904732
628,80000000	0,97983796
629,00000000	0,98046485
629,20000000	0,98056185
629,40000000	0,98153064
629,60000000	0,98214080
629,80000000	0,98234147
630,00000000	0,98360678
630,20000000	0,98401663
630,40000000	0,98427441
630,60000000	0,98493242
630,80000000	0,98587747
631,00000000	0,98751982
631,20000000	0,98886658
631,40000000	0,98950911
631,60000000	0,98949257
631,80000000	0,98986980
632,00000000	0,99036350
632,20000000	0,99050681
632,40000000	0,99117589
632,60000000	0,99190754
632,80000000	0,99244479
633,00000000	0,99359755
633,20000000	0,99444262
633,40000000	0,99449492
633,60000000	0,99483678
633,80000000	0,99542302
634,00000000	0,99583492
634,20000000	0,99643915
634,40000000	0,99707667
634,60000000	0,99729964
634,80000000	0,99728482
635,00000000	0,99744975
635,20000000	0,99771977
635,40000000	0,99789957
635,60000000	0,99808828
635,80000000	0,99823689
636,00000000	0,99848571
636,20000000	0,99873654
636,40000000	0,99864704
636,60000000	0,99837087
636,80000000	0,99831586
637,00000000	0,99836432
637,20000000	0,99838892
637,40000000	0,99839821
637,60000000	0,99823462
637,80000000	0,99815486
638,00000000	0,99826004
638,20000000	0,99793303
638,40000000	0,99708981
638,60000000	0,99654339
638,80000000	0,99630707
639,00000000	0,99620481
639,20000000	0,99616975
639,40000000	0,99568881
639,60000000	0,99523577
639,80000000	0,99524796
640,00000000	0,99497647
640,20000000	0,99420615
640,40000000	0,99341844
640,60000000	0,99288472
640,80000000	0,99242175
641,00000000	0,99197340
641,20000000	0,99162344
641,40000000	0,99114225
641,60000000	0,99067783
641,80000000	0,98988544
642,00000000	0,98942080
642,20000000	0,98927657
642,40000000	0,98871517
642,60000000	0,98825101
642,80000000	0,98758806
643,00000000	0,98655344
643,20000000	0,98567118
643,40000000	0,98481669
643,60000000	0,98456530
643,80000000	0,98488774
644,00000000	0,98499475
644,20000000	0,98405528
644,40000000	0,98296967
644,60000000	0,98288847
644,80000000	0,98310432
645,00000000	0,98349405
645,20000000	0,98340903
645,40000000	0,98291034
645,60000000	0,98271853
645,80000000	0,98254922
646,00000000	0,98214033
646,20000000	0,98179540
646,40000000	0,98214036
646,60000000	0,98200888
646,80000000	0,98135393
647,00000000	0,98160765
647,20000000	0,98158331
647,40000000	0,98144058
647,60000000	0,98144085
647,80000000	0,98164560
648,00000000	0,98232257
648,20000000	0,98244681
648,40000000	0,98245051
648,60000000	0,98268426
648,80000000	0,98258760
649,00000000	0,98244463
649,20000000	0,98290675
649,40000000	0,98347668
649,60000000	0,98324900
649,80000000	0,98356461
650,00000000	0,98419334
650,20000000	0,98403949
650,40000000	0,98406263
650,60000000	0,98449366
650,80000000	0,98545753
651,00000000	0,98635433
651,20000000	0,98658251
651,40000000	0,98635956
651,60000000	0,98687635
651,80000000	0,98758850
652,00000000	0,98736937
652,20000000	0,98798692
652,40000000	0,98887020
652,60000000	0,98875300
652,80000000	0,98874396
653,00000000	0,98916700
653,20000000	0,98983790
653,40000000	0,99045273
653,60000000	0,99078547
653,80000000	0,99087553
654,00000000	0,99094390
654,20000000	0,99112692
654,40000000	0,99138137
654,60000000	0,99209083
654,80000000	0,99269480
655,00000000	0,99284671
655,20000000	0,99311538
655,40000000	0,99332897
655,60000000	0,99351729
655,80000000	0,99343731
656,00000000	0,99357769
656,20000000	0,99387994
656,40000000	0,99379872
656,60000000	0,99396445
656,80000000	0,99418430
657,00000000	0,99407849
657,20000000	0,99399250
657,40000000	0,99436590
657,60000000	0,99479176
657,80000000	0,99468621
658,00000000	0,99442230
658,20000000	0,99425584
658,40000000	0,99405991
658,60000000	0,99405807
658,80000000	0,99425251
659,00000000	0,99412339
659,20000000	0,99396943
659,40000000	0,99393867
659,60000000	0,99355741
659,80000000	0,99304202
660,00000000	0,99282792
660,20000000	0,99270818
660,40000000	0,99249457
660,60000000	0,99229141
660,80000000	0,99208418
661,00000000	0,99166325
661,20000000	0,99119538
661,40000000	0,99104436
661,60000000	0,99087978
661,80000000	0,99064848
662,00000000	0,98987036
662,20000000	0,98955552
662,40000000	0,98918788
662,60000000	0,98881944
662,80000000	0,98845454
663,00000000	0,98820305
663,20000000	0,98816362
663,40000000	0,98757218
663,60000000	0,98717063
663,80000000	0,98692787
664,00000000	0,98646303
664,20000000	0,98574653
664,40000000	0,98564433
664,60000000	0,98602434
664,80000000	0,98588866
665,00000000	0,98533059
665,20000000	0,98450926
665,40000000	0,98391166
665,60000000	0,98349503
665,80000000	0,98302243
666,00000000	0,98307230
666,20000000	0,98281454
666,40000000	0,98277065
666,60000000	0,98253974
666,80000000	0,98171873
667,00000000	0,98171941
667,20000000	0,98151127
667,40000000	0,98110578
667,60000000	0,98015371
667,80000000	0,97969300
668,00000000	0,97986973
668,20000000	0,98032723
668,40000000	0,98037558
668,60000000	0,98024570
668,80000000	0,98039079
669,00000000	0,97979140
669,20000000	0,97971515
669,40000000	0,98006316
669,60000000	0,97997105
669,80000000	0,97986313
670,00000000	0,97997450
670,20000000	0,98023893
670,40000000	0,98030979
670,60000000	0,98050825
670,80000000	0,98101165
671,00000000	0,98136170
671,20000000	0,98139439
671,40000000	0,98103360
671,60000000	0,98118295
671,80000000	0,98194760
672,00000000	0,98229360
672,20000000	0,98178252
672,40000000	0,98145607
672,60000000	0,98181268
672,80000000	0,98216544
673,00000000	0,98242272
673,20000000	0,98266808
673,40000000	0,98376616
673,60000000	0,98395372
673,80000000	0,98400004
674,00000000	0,98476427
674,20000000	0,98521188
674,40000000	0,98522421
674,60000000	0,98552483
674,80000000	0,98633826
675,00000000	0,98602470
675,20000000	0,98588200
675,40000000	0,98690599
675,60000000	0,98777998
675,80000000	0,98775464
676,00000000	0,98759612
676,20000000	0,98800256
676,40000000	0,98829178
676,60000000	0,98873019
676,80000000	0,98924448
677,00000000	0,98973354
677,20000000	0,99025776
677,40000000	0,99035948
677,60000000	0,99059245
677,80000000	0,99113024
678,00000000	0,99144533
678,20000000	0,99166874
678,40000000	0,99190892
678,60000000	0,99192118
678,80000000	0,99220201
679,00000000	0,99244990
679,20000000	0,99248523
679,40000000	0,99290654
679,60000000	0,99347976
679,80000000	0,99381063
680,00000000	0,99385103
680,20000000	0,99370923
680,40000000	0,99384009
680,60000000	0,99399069
680,80000000	0,99422546
681,00000000	0,99416300
681,20000000	0,99386671
681,40000000	0,99375061
681,60000000	0,99419348
681,80000000	0,99443466
682,00000000	0,99426871
682,20000000	0,99450474
682,40000000	0,99470041
682,60000000	0,99426952
682,80000000	0,99412789
683,00000000	0,99429929
683,20000000	0,99416119
683,40000000	0,99361711
683,60000000	0,99322474
683,80000000	0,99336718
684,00000000	0,99325702
684,20000000	0,99281429
684,40000000	0,99268757
684,60000000	0,99260137
684,80000000	0,99230512
685,00000000	0,99162508
685,20000000	0,99130576
685,40000000	0,99127094
685,60000000	0,99109157
685,80000000	0,99082143
686,00000000	0,99056113
686,20000000	0,99031611
686,40000000	0,98996943
686,60000000	0,98971184
686,80000000	0,98977226
687,00000000	0,98893127
687,20000000	0,98823265
687,40000000	0,98834341
687,60000000	0,98798058
687,80000000	0,98739357
688,00000000	0,98702077
688,20000000	0,98649611
688,40000000	0,98602401
688,60000000	0,98593667
688,80000000	0,98588934
689,00000000	0,98554001
689,20000000	0,98483947
689,40000000	0,98424920
689,60000000	0,98396811
689,80000000	0,98402888
690,00000000	0,98376306
690,20000000	0,98334225
690,40000000	0,98297736
690,60000000	0,98266017
690,80000000	0,98276584
691,00000000	0,98271653
691,20000000	0,98282565
691,40000000	0,98256185
691,60000000	0,98207379
691,80000000	0,98248956
692,00000000	0,98279980
692,20000000	0,98187721
692,40000000	0,98082850
692,60000000	0,98129275
692,80000000	0,98195281
693,00000000	0,98142704
693,20000000	0,98135174
693,40000000	0,98158247
693,60000000	0,98152068
693,80000000	0,98101657
694,00000000	0,98121052
694,20000000	0,98107026
694,40000000	0,98090493
694,60000000	0,98108306
694,80000000	0,98105069
695,00000000	0,98132515
695,20000000	0,98202075
695,40000000	0,98286276
695,60000000	0,98319703
695,80000000	0,98286493
696,00000000	0,98228587
696,20000000	0,98303894
696,40000000	0,98315574
696,60000000	0,98283205
696,80000000	0,98327852
697,00000000	0,98425386
697,20000000	0,98403414
697,40000000	0,98412656
697,60000000	0,98446077
697,80000000	0,98462984
698,00000000	0,98515776
698,20000000	0,98575364
698,40000000	0,98634337
698,60000000	0,98673577
698,80000000	0,98679077
699,00000000	0,98747883
699,20000000	0,98826039
699,40000000	0,98786132
699,60000000	0,98750190
699,80000000	0,98808351
700,00000000	0,98892709
700,20000000	0,98905829
700,40000000	0,98926892
700,60000000	0,99019880
700,80000000	0,99084434
701,00000000	0,99077808
701,20000000	0,99116480
701,40000000	0,99170710
701,60000000	0,99169648
701,80000000	0,99154103
702,00000000	0,99198782
702,20000000	0,99271767
702,40000000	0,99300176
702,60000000	0,99316090
702,80000000	0,99327829
703,00000000	0,99284880
703,20000000	0,99303616
703,40000000	0,99336305
703,60000000	0,99359034
703,80000000	0,99361640
704,00000000	0,99391249
704,20000000	0,99450527
704,40000000	0,99452759
704,60000000	0,99424221
704,80000000	0,99398843
705,00000000	0,99418177
705,20000000	0,99393408
705,40000000	0,99389858
705,60000000	0,99384541
705,80000000	0,99358078
706,00000000	0,99300051
706,20000000	0,99305566
706,40000000	0,99311805
706,60000000	0,99296391
706,80000000	0,99280731
707,00000000	0,99237418
707,20000000	0,99217328
707,40000000	0,99180530
707,60000000	0,99154555
707,80000000	0,99143832
708,00000000	0,99092767
708,20000000	0,99004003
708,40000000	0,99041048
708,60000000	0,99011728
708,80000000	0,98880320
709,00000000	0,98808870
709,20000000	0,98797828
709,40000000	0,98790559
709,60000000	0,98706350
709,80000000	0,98652662
710,00000000	0,98635501
710,20000000	0,98554361
710,40000000	0,98532433
710,60000000	0,98588430
710,80000000	0,98484369
711,00000000	0,98407389
711,20000000	0,98372079
711,40000000	0,98281299
711,60000000	0,98261243
711,80000000	0,98264209
712,00000000	0,98159514
712,20000000	0,98085532
712,40000000	0,98021199
712,60000000	0,97994186
712,80000000	0,97985639
713,00000000	0,97957378
713,20000000	0,97911405
713,40000000	0,97888319
713,60000000	0,97826278
713,80000000	0,97784178
714,00000000	0,97750334
714,20000000	0,97766994
714,40000000	0,97734963
714,60000000	0,97666453
714,80000000	0,97727009
715,00000000	0,97664407
715,20000000	0,97600297
715,40000000	0,97585653
715,60000000	0,97568675
715,80000000	0,97532692
716,00000000	0,97561387
716,20000000	0,97540393
716,40000000	0,97580092
716,60000000	0,97627001
716,80000000	0,97616342
717,00000000	0,97653612
717,20000000	0,97706251
717,40000000	0,97681010
717,60000000	0,97669446
717,80000000	0,97677934
718,00000000	0,97660483
718,20000000	0,97696933
718,40000000	0,97796729
718,60000000	0,97827563
718,80000000	0,97806743
719,00000000	0,97797490
719,20000000	0,97748193
719,40000000	0,97797340
719,60000000	0,97922760
719,80000000	0,98021110
720,00000000	0,98069433
720,20000000	0,98056980
720,40000000	0,98073277
720,60000000	0,98128726
720,80000000	0,98155183
721,00000000	0,98209522
721,20000000	0,98345334
721,40000000	0,98406731
721,60000000	0,98399482
721,80000000	0,98441165
722,00000000	0,98514407
722,20000000	0,98528752
722,40000000	0,98606646
722,60000000	0,98697675
722,80000000	0,98773466
723,00000000	0,98799977
723,20000000	0,98852406
723,40000000	0,98886712
723,60000000	0,98890951
723,80000000	0,98959162
724,00000000	0,99038560
724,20000000	0,99079728
724,40000000	0,99161679
724,60000000	0,99196218
724,80000000	0,99142549
725,00000000	0,99193010
725,20000000	0,99288946
725,40000000	0,99334024
725,60000000	0,99378194
725,80000000	0,99443349
726,00000000	0,99469650
726,20000000	0,99479699
726,40000000	0,99515920
726,60000000	0,99552882
726,80000000	0,99556085
727,00000000	0,99570267
727,20000000	0,99588937
727,40000000	0,99596797
727,60000000	0,99600576
727,80000000	0,99629224
728,00000000	0,99627960
728,20000000	0,99609420
728,40000000	0,99627082
728,60000000	0,99643702
728,80000000	0,99619705
729,00000000	0,99617686
729,20000000	0,99605067
729,40000000	0,99570711
729,60000000	0,99545847
729,80000000	0,99551358
730,00000000	0,99522578
730,20000000	0,99499449
730,40000000	0,99513318
730,60000000	0,99501235
730,80000000	0,99413039
731,00000000	0,99409274
731,20000000	0,99395536
731,40000000	0,99312972
731,60000000	0,99261007
731,80000000	0,99252864
732,00000000	0,99215205
732,20000000	0,99175221
732,40000000	0,99141803
732,60000000	0,99092086
732,80000000	0,98999188
733,00000000	0,98950700
733,20000000	0,98971405
733,40000000	0,98942776
733,60000000	0,98945375
733,80000000	0,98874769
734,00000000	0,98753954
734,20000000	0,98743635
734,40000000	0,98741643
734,60000000	0,98684002
734,80000000	0,98605853
735,00000000	0,98619989
735,20000000	0,98614264
735,40000000	0,98506412
735,60000000	0,98467791
735,80000000	0,98437107
736,00000000	0,98381423
736,20000000	0,98302811
736,40000000	0,98335564
736,60000000	0,98327894
736,80000000	0,98310183
737,00000000	0,98334096
737,20000000	0,98330771
737,40000000	0,98214928
737,60000000	0,98122694
737,80000000	0,98190991
738,00000000	0,98219431
738,20000000	0,98186034
738,40000000	0,98167104
738,60000000	0,98171486
738,80000000	0,98189551
739,00000000	0,98239761
739,20000000	0,98239804
739,40000000	0,98272182
739,60000000	0,98233797
739,80000000	0,98234024
740,00000000	0,98262163
740,20000000	0,98209126
740,40000000	0,98240913
740,60000000	0,98346889
740,80000000	0,98335702
741,00000000	0,98396042
741,20000000	0,98378513
741,40000000	0,98415057
741,60000000	0,98448292
741,80000000	0,98477868
742,00000000	0,98484450
742,20000000	0,98558523
742,40000000	0,98615726
742,60000000	0,98589598
742,80000000	0,98604455
743,00000000	0,98730239
743,20000000	0,98761964
743,40000000	0,98790750
743,60000000	0,98811813
743,80000000	0,98827329
744,00000000	0,98819155
744,20000000	0,98920370
744,40000000	0,99006522
744,60000000	0,99028005
744,80000000	0,99024899
745,00000000	0,99122451
745,20000000	0,99137850
745,40000000	0,99145795
745,60000000	0,99225295
745,80000000	0,99289675
746,00000000	0,99310653
746,20000000	0,99365859
746,40000000	0,99376484
746,60000000	0,99381405
746,80000000	0,99442553
747,00000000	0,99498237
747,20000000	0,99513063
747,40000000	0,99552577
747,60000000	0,99575356
747,80000000	0,99570137
748,00000000	0,99581510
748,20000000	0,99629917
748,40000000	0,99617294
748,60000000	0,99622054
748,80000000	0,99686609
749,00000000	0,99683156
749,20000000	0,99647016
749,40000000	0,99632252
749,60000000	0,99618552
749,80000000	0,99621991
750,00000000	0,99661021
750,20000000	0,99689958
750,40000000	0,99627326
750,60000000	0,99562431
750,80000000	0,99585773
751,00000000	0,99571442
751,20000000	0,99563639
751,40000000	0,99571212
751,60000000	0,99515938
751,80000000	0,99459801
752,00000000	0,99414812
752,20000000	0,99383502
752,40000000	0,99341233
752,60000000	0,99382383
752,80000000	0,99352259
753,00000000	0,99263125
753,20000000	0,99197130
753,40000000	0,99179976
753,60000000	0,99145109
753,80000000	0,99143932
754,00000000	0,99120956
754,20000000	0,99000505
754,40000000	0,98939670
754,60000000	0,98942874
754,80000000	0,98896304
755,00000000	0,98843444
755,20000000	0,98825647
755,40000000	0,98780765
755,60000000	0,98695891
755,80000000	0,98668515
756,00000000	0,98641526
756,20000000	0,98564897
756,40000000	0,98537822
756,60000000	0,98514287
756,80000000	0,98498563
757,00000000	0,98432734
757,20000000	0,98294759
757,40000000	0,98264146
757,60000000	0,98320379
757,80000000	0,98237359
758,00000000	0,98156078
758,20000000	0,98122669
758,40000000	0,98101456
758,60000000	0,98122318
758,80000000	0,98078503
759,00000000	0,98017078
759,20000000	0,98050786
759,40000000	0,97988616
759,60000000	0,97920468
759,80000000	0,97928644
760,00000000	0,97951056
760,20000000	0,97946653
760,40000000	0,97899529
760,60000000	0,97841020
760,80000000	0,97898827
761,00000000	0,97865950
761,20000000	0,97854641
761,40000000	0,97937789
761,60000000	0,97925706
761,80000000	0,97867607
762,00000000	0,97881732
762,20000000	0,97926795
762,40000000	0,97947553
762,60000000	0,97958156
762,80000000	0,97937631
763,00000000	0,97986709
763,20000000	0,97960558
763,40000000	0,98007648
763,60000000	0,98063744
763,80000000	0,98047288
764,00000000	0,98018543
764,20000000	0,98074530
764,40000000	0,98103378
764,60000000	0,98167544
764,80000000	0,98192343
765,00000000	0,98188790
765,20000000	0,98217263
765,40000000	0,98247506
765,60000000	0,98309540
765,80000000	0,98363121
766,00000000	0,98373435
766,20000000	0,98378649
766,40000000	0,98420864
766,60000000	0,98487524
766,80000000	0,98531075
767,00000000	0,98500358
767,20000000	0,98574055
767,40000000	0,98614493
767,60000000	0,98665929
767,80000000	0,98717715
768,00000000	0,98730168
768,20000000	0,98813685
768,40000000	0,98843794
768,60000000	0,98832922
768,80000000	0,98879145
769,00000000	0,98938644
769,20000000	0,98951119
769,40000000	0,98916921
769,60000000	0,98977995
769,80000000	0,99043668
770,00000000	0,99083620
770,20000000	0,99091007
770,40000000	0,99125999
770,60000000	0,99190739
770,80000000	0,99172018
771,00000000	0,99194258
771,20000000	0,99209163
771,40000000	0,99233348
771,60000000	0,99287477
771,80000000	0,99301777
772,00000000	0,99336325
772,20000000	0,99313103
772,40000000	0,99340234
772,60000000	0,99364553
772,80000000	0,99352089
773,00000000	0,99390340
773,20000000	0,99386461
773,40000000	0,99425511
773,60000000	0,99418751
773,80000000	0,99414948
774,00000000	0,99444293
774,20000000	0,99456887
774,40000000	0,99426638
774,60000000	0,99414222
774,80000000	0,99399358
775,00000000	0,99399189
775,20000000	0,99382957
775,40000000	0,99421151
775,60000000	0,99438988
775,80000000	0,99405946
776,00000000	0,99365894
776,20000000	0,99360440
776,40000000	0,99355720
776,60000000	0,99335203
776,80000000	0,99336147
777,00000000	0,99352546
777,20000000	0,99334810
777,40000000	0,99326254
777,60000000	0,99300521
777,80000000	0,99282597
778,00000000	0,99266825
778,20000000	0,99260639
778,40000000	0,99283340
778,60000000	0,99265454
778,80000000	0,99215417
779,00000000	0,99205995
779,20000000	0,99222215
779,40000000	0,99232088
779,60000000	0,99179406
779,80000000	0,99140305
780,00000000	0,99123089
780,20000000	0,99141148
780,40000000	0,99127599
780,60000000	0,99147937
780,80000000	0,99111010
781,00000000	0,99088604
781,20000000	0,99098446
781,40000000	0,99048771
781,60000000	0,99022469
781,80000000	0,99027172
782,00000000	0,99040723
782,20000000	0,99046347
782,40000000	0,99002746
782,60000000	0,98971449
782,80000000	0,99008452
783,00000000	0,98985575
783,20000000	0,98946424
783,40000000	0,98941485
783,60000000	0,98976284
783,80000000	0,98952853
784,00000000	0,98950112
784,20000000	0,98966453
784,40000000	0,98931588
784,60000000	0,98917903
784,80000000	0,98888924
785,00000000	0,98908400
785,20000000	0,98914125
785,40000000	0,98922589
785,60000000	0,98966356
785,80000000	0,98917367
786,00000000	0,98938464
786,20000000	0,98959506
786,40000000	0,98937766
786,60000000	0,98938885
786,80000000	0,98912376
787,00000000	0,98933159
787,20000000	0,98958948
787,40000000	0,98984475
787,60000000	0,98980847
787,80000000	0,98954515
788,00000000	0,98944244
788,20000000	0,98938117
788,40000000	0,98980856
788,60000000	0,98995245
788,80000000	0,98939280
789,00000000	0,98928215
789,20000000	0,98968170
789,40000000	0,99003393
789,60000000	0,99023047
789,80000000	0,99020510
790,00000000	0,98987705
790,20000000	0,98999737
790,40000000	0,99037291
790,60000000	0,99026953
790,80000000	0,99038128
791,00000000	0,99051850
791,20000000	0,99060705
791,40000000	0,99067367
791,60000000	0,99062335
791,80000000	0,99018400
792,00000000	0,99067161
792,20000000	0,99126748
792,40000000	0,99129957
792,60000000	0,99076362
792,80000000	0,99058538
793,00000000	0,99093651
793,20000000	0,99112805
793,40000000	0,99118018
793,60000000	0,99135657
793,80000000	0,99147128
794,00000000	0,99128441
794,20000000	0,99116830
794,40000000	0,99161546
794,60000000	0,99166256
794,80000000	0,99233196
795,00000000	0,99185602
795,20000000	0,99175822
795,40000000	0,99208863
795,60000000	0,99204419
795,80000000	0,99242962
796,00000000	0,99257360
796,20000000	0,99243249
796,40000000	0,99236309
796,60000000	0,99250545
796,80000000	0,99253639
797,00000000	0,99247843
797,20000000	0,99285691
797,40000000	0,99285302
797,60000000	0,99285003
797,80000000	0,99289338
798,00000000	0,99326506
798,20000000	0,99301676
798,40000000	0,99329186
798,60000000	0,99349493
798,80000000	0,99330807
799,00000000	0,99336446
799,20000000	0,99369203
799,40000000	0,99373996
799,60000000	0,99320285
799,80000000	0,99364988
800,00000000	0,99389619
800,20000000	0,99359483
800,40000000	0,99379657
800,60000000	0,99386410
800,80000000	0,99385230
801,00000000	0,99356874
801,20000000	0,99359180
801,40000000	0,99365951
801,60000000	0,99387800
801,80000000	0,99361636
802,00000000	0,99365636
802,20000000	0,99411160
802,40000000	0,99371742
802,60000000	0,99341588
802,80000000	0,99370386
803,00000000	0,99351237
803,20000000	0,99324850
803,40000000	0,99325491
803,60000000	0,99361232
803,80000000	0,99360340
804,00000000	0,99334788
804,20000000	0,99319065
804,40000000	0,99282698
804,60000000	0,99258284
804,80000000	0,99282916
805,00000000	0,99247169
805,20000000	0,99273652
805,40000000	0,99276794
805,60000000	0,99242355
805,80000000	0,99226658
806,00000000	0,99162931
806,20000000	0,99161082
806,40000000	0,99186503
806,60000000	0,99173131
806,80000000	0,99125491
807,00000000	0,99094116
807,20000000	0,99108903
807,40000000	0,99083454
807,60000000	0,99145183
807,80000000	0,99078973
808,00000000	0,98999905
808,20000000	0,98958872
808,40000000	0,98955345
808,60000000	0,98988914
808,80000000	0,98975017
809,00000000	0,98889348
809,20000000	0,98924288
809,40000000	0,98884738
809,60000000	0,98838641
809,80000000	0,98861497
810,00000000	0,98849742
810,20000000	0,98776363
810,40000000	0,98724801
810,60000000	0,98754039
810,80000000	0,98755120
811,00000000	0,98745089
811,20000000	0,98685154
811,40000000	0,98666485
811,60000000	0,98692178
811,80000000	0,98618733
812,00000000	0,98693596
812,20000000	0,98693748
812,40000000	0,98643559
812,60000000	0,98555531
812,80000000	0,98564621
813,00000000	0,98557985
813,20000000	0,98584595
813,40000000	0,98633866
813,60000000	0,98555694
813,80000000	0,98482012
814,00000000	0,98595853
814,20000000	0,98627353
814,40000000	0,98545686
814,60000000	0,98559602
814,80000000	0,98583362
815,00000000	0,98590445
815,20000000	0,98601613
815,40000000	0,98604049
815,60000000	0,98537912
815,80000000	0,98576784
816,00000000	0,98664616
816,20000000	0,98609217
816,40000000	0,98536819
816,60000000	0,98599975
816,80000000	0,98649320
817,00000000	0,98630176
817,20000000	0,98608961
817,40000000	0,98732600
817,60000000	0,98770952
817,80000000	0,98714012
818,00000000	0,98754689
818,20000000	0,98758540
818,40000000	0,98777965
818,60000000	0,98811295
818,80000000	0,98846289
819,00000000	0,98878067
819,20000000	0,98881524
819,40000000	0,98856039
819,60000000	0,98984700
819,80000000	0,98987941
820,00000000	0,98986113
820,20000000	0,98994150
820,40000000	0,99005541
820,60000000	0,99084342
820,80000000	0,99053367
821,00000000	0,99078592
821,20000000	0,99092697
821,40000000	0,99139211
821,60000000	0,99199383
821,80000000	0,99157273
822,00000000	0,99162978
822,20000000	0,99189226
822,40000000	0,99297606
822,60000000	0,99286883
822,80000000	0,99244304
823,00000000	0,99263792
823,20000000	0,99279805
823,40000000	0,99344776
823,60000000	0,99361888
823,80000000	0,99342533
824,00000000	0,99343279
824,20000000	0,99332919
824,40000000	0,99400486
824,60000000	0,99416647
824,80000000	0,99351259
825,00000000	0,99365335
825,20000000	0,99370538
825,40000000	0,99395147
825,60000000	0,99378967
825,80000000	0,99326643
826,00000000	0,99343220
826,20000000	0,99403348
826,40000000	0,99378151
826,60000000	0,99314658
826,80000000	0,99311937
827,00000000	0,99329427
827,20000000	0,99319480
827,40000000	0,99222064
827,60000000	0,99214772
827,80000000	0,99161937
828,00000000	0,99230208
828,20000000	0,99212998
828,40000000	0,99093021
828,60000000	0,99086173
828,80000000	0,99100217
829,00000000	0,99143590
829,20000000	0,99021527
829,40000000	0,98988891
829,60000000	0,98963112
829,80000000	0,98958003
830,00000000	0,99027524
830,20000000	0,98893934
830,40000000	0,98769109
830,60000000	0,98845761
830,80000000	0,98842359
831,00000000	0,98813431
831,20000000	0,98656847
831,40000000	0,98593083
831,60000000	0,98669336
831,80000000	0,98646986
832,00000000	0,98630386
832,20000000	0,98574361
832,40000000	0,98484650
832,60000000	0,98542843
832,80000000	0,98552873
833,00000000	0,98458920
833,20000000	0,98339659
833,40000000	0,98361092
833,60000000	0,98403258
833,80000000	0,98364500
834,00000000	0,98276976
834,20000000	0,98383842
834,40000000	0,98392592
834,60000000	0,98323092
834,80000000	0,98235894
835,00000000	0,98251833
835,20000000	0,98338618
835,40000000	0,98260554
835,60000000	0,98168318
835,80000000	0,98213029
836,00000000	0,98235751
836,20000000	0,98297287
836,40000000	0,98234460
836,60000000	0,98123396
836,80000000	0,98302432
837,00000000	0,98318905
837,20000000	0,98216901
837,40000000	0,98242824
837,60000000	0,98291074
837,80000000	0,98330980
838,00000000	0,98327174
838,20000000	0,98315457
838,40000000	0,98420160
838,60000000	0,98449791
838,80000000	0,98421413
839,00000000	0,98500343
839,20000000	0,98477984
839,40000000	0,98506171
839,60000000	0,98612441
839,80000000	0,98602406
840,00000000	0,98657735
840,20000000	0,98707798
840,40000000	0,98728262
840,60000000	0,98786348
840,80000000	0,98804193
841,00000000	0,98808736
841,20000000	0,98907229
841,40000000	0,98941110
841,60000000	0,98950492
841,80000000	0,98965585
842,00000000	0,99012512
842,20000000	0,99108512
842,40000000	0,99101840
842,60000000	0,99144112
842,80000000	0,99144487
843,00000000	0,99231371
843,20000000	0,99304631
843,40000000	0,99297968
843,60000000	0,99316231
843,80000000	0,99334855
844,00000000	0,99432498
844,20000000	0,99414587
844,40000000	0,99394004
844,60000000	0,99458560
844,80000000	0,99506494
845,00000000	0,99530799
845,20000000	0,99498677
845,40000000	0,99521370
845,60000000	0,99576647
845,80000000	0,99570427
846,00000000	0,99534268
846,20000000	0,99571198
846,40000000	0,99588997
846,60000000	0,99602658
846,80000000	0,99549860
847,00000000	0,99540344
847,20000000	0,99549297
847,40000000	0,99592941
847,60000000	0,99551897
847,80000000	0,99500056
848,00000000	0,99453837
848,20000000	0,99473235
848,40000000	0,99489372
848,60000000	0,99379888
848,80000000	0,99398094
849,00000000	0,99372425
849,20000000	0,99351515
849,40000000	0,99290783
849,60000000	0,99178180
849,80000000	0,99217538
850,00000000	0,99183812
850,20000000	0,99127709
850,40000000	0,99010807
850,60000000	0,99002917
850,80000000	0,99028109
851,00000000	0,98951194
851,20000000	0,98863026
851,40000000	0,98805862
851,60000000	0,98792252
851,80000000	0,98779380
852,00000000	0,98693249
852,20000000	0,98613432
852,40000000	0,98565777
852,60000000	0,98551683
852,80000000	0,98419113
853,00000000	0,98350935
853,20000000	0,98361898
853,40000000	0,98334326
853,60000000	0,98224205
853,80000000	0,98151548
854,00000000	0,98251677
854,20000000	0,98167929
854,40000000	0,97988248
854,60000000	0,97963727
854,80000000	0,98002975
855,00000000	0,97970609
855,20000000	0,97942486
855,40000000	0,97823782
855,60000000	0,97906919
855,80000000	0,97842108
856,00000000	0,97725074
856,20000000	0,97784977
856,40000000	0,97676206
856,60000000	0,97670154
856,80000000	0,97617698
857,00000000	0,97668151
857,20000000	0,97705967
857,40000000	0,97679335
857,60000000	0,97633760
857,80000000	0,97644471
858,00000000	0,97578477
858,20000000	0,97685846
858,40000000	0,97648827
858,60000000	0,97690066
858,80000000	0,97706632
859,00000000	0,97606607
859,20000000	0,97642658
859,40000000	0,97734986
859,60000000	0,97678684
859,80000000	0,97707956
860,00000000	0,97789729
860,20000000	0,97819312
860,40000000	0,97840591
860,60000000	0,97894024
860,80000000	0,97961756
861,00000000	0,98022881
861,20000000	0,97917269
861,40000000	0,98040496
861,60000000	0,98155355
861,80000000	0,98163525
862,00000000	0,98231705
862,20000000	0,98301798
862,40000000	0,98334413
862,60000000	0,98304116
862,80000000	0,98391476
863,00000000	0,98445436
863,20000000	0,98496441
863,40000000	0,98525362
863,60000000	0,98677468
863,80000000	0,98673366
864,00000000	0,98722859
864,20000000	0,98813700
864,40000000	0,98849056
864,60000000	0,98887956
864,80000000	0,98921754
865,00000000	0,98991186
865,20000000	0,99084679
865,40000000	0,99093062
865,60000000	0,99109480
865,80000000	0,99211148
866,00000000	0,99210783
866,20000000	0,99254921
866,40000000	0,99334763
866,60000000	0,99354492
866,80000000	0,99341405
867,00000000	0,99378117
867,20000000	0,99429004
867,40000000	0,99457876
867,60000000	0,99394041
867,80000000	0,99434828
868,00000000	0,99501473
868,20000000	0,99507963
868,40000000	0,99462048
868,60000000	0,99449728
868,80000000	0,99527679
869,00000000	0,99457967
869,20000000	0,99437606
869,40000000	0,99460732
869,60000000	0,99451432
869,80000000	0,99398725
870,00000000	0,99357249
870,20000000	0,99369575
870,40000000	0,99338218
870,60000000	0,99282416
870,80000000	0,99196727
871,00000000	0,99217984
871,20000000	0,99220532
871,40000000	0,99145407
871,60000000	0,99053224
871,80000000	0,99018527
872,00000000	0,99001565
872,20000000	0,98937150
872,40000000	0,98814700
872,60000000	0,98834496
872,80000000	0,98687105
873,00000000	0,98661347
873,20000000	0,98632511
873,40000000	0,98634781
873,60000000	0,98529272
873,80000000	0,98410041
874,00000000	0,98335547
874,20000000	0,98309222
874,40000000	0,98264727
874,60000000	0,98202176
874,80000000	0,98115335
875,00000000	0,98039495
875,20000000	0,98066573
875,40000000	0,97814258
875,60000000	0,97760357
875,80000000	0,97816068
876,00000000	0,97695463
876,20000000	0,97681519
876,40000000	0,97635726
876,60000000	0,97603303
876,80000000	0,97561198
877,00000000	0,97503148
877,20000000	0,97505716
877,40000000	0,97335629
877,60000000	0,97289621
877,80000000	0,97281804
878,00000000	0,97327538
878,20000000	0,97324665
878,40000000	0,97218369
878,60000000	0,97316603
878,80000000	0,97261648
879,00000000	0,97178727
879,20000000	0,97188095
879,40000000	0,97220735
879,60000000	0,97278796
879,80000000	0,97144891
880,00000000	0,97120733
880,20000000	0,97210925
880,40000000	0,97209071
880,60000000	0,97194582
880,80000000	0,97158987
881,00000000	0,97306028
881,20000000	0,97269159
881,40000000	0,97267560
881,60000000	0,97319758
881,80000000	0,97415538
882,00000000	0,97393648
882,20000000	0,97417737
882,40000000	0,97368866
882,60000000	0,97515336
882,80000000	0,97555701
883,00000000	0,97613043
883,20000000	0,97687932
883,40000000	0,97674600
883,60000000	0,97730376
883,80000000	0,97892219
884,00000000	0,97830037
884,20000000	0,97981095
884,40000000	0,98038712
884,60000000	0,98061493
884,80000000	0,98198809
885,00000000	0,98277208
885,20000000	0,98293801
885,40000000	0,98340238
885,60000000	0,98418114
885,80000000	0,98525221
886,00000000	0,98581747
886,20000000	0,98595009
886,40000000	0,98696942
886,60000000	0,98743637
886,80000000	0,98793074
887,00000000	0,98923284
887,20000000	0,99006467
887,40000000	0,99034859
887,60000000	0,99124584
887,80000000	0,99118886
888,00000000	0,99167761
888,20000000	0,99221668
888,40000000	0,99300399
888,60000000	0,99380044
888,80000000	0,99367886
889,00000000	0,99406697
889,20000000	0,99494196
889,40000000	0,99549758
889,60000000	0,99560596
889,80000000	0,99632378
890,00000000	0,99627701
890,20000000	0,99619607
890,40000000	0,99672810
890,60000000	0,99674188
890,80000000	0,99715977
891,00000000	0,99732832
891,20000000	0,99734534
891,40000000	0,99731580
891,60000000	0,99713024
891,80000000	0,99771914
892,00000000	0,99760670
892,20000000	0,99712181
892,40000000	0,99754472
892,60000000	0,99730917
892,80000000	0,99725420
893,00000000	0,99652840
893,20000000	0,99672534
893,40000000	0,99677285
893,60000000	0,99651095
893,80000000	0,99619693
894,00000000	0,99580992
894,20000000	0,99547671
894,40000000	0,99499770
894,60000000	0,99513176
894,80000000	0,99438236
895,00000000	0,99335076
895,20000000	0,99400218
895,40000000	0,99376830
895,60000000	0,99291531
895,80000000	0,99210792
896,00000000	0,99233957
896,20000000	0,99172255
896,40000000	0,99109209
896,60000000	0,99058467
896,80000000	0,99011068
897,00000000	0,99069034
897,20000000	0,98894430
897,40000000	0,98856913
897,60000000	0,98902280
897,80000000	0,98805746
898,00000000	0,98714690
898,20000000	0,98803541
898,40000000	0,98679717
898,60000000	0,98656993
898,80000000	0,98667781
899,00000000	0,98567700
899,20000000	0,98544787
899,40000000	0,98551006
899,60000000	0,98519322
899,80000000	0,98509973
900,00000000	0,98466003
