200,00000000	0,98169484
200,20000000	0,97701475
200,40000000	0,97481507
200,60000000	0,97791900
200,80000000	0,96679483
201,00000000	0,97611054
201,20000000	0,97913297
201,40000000	0,96501179
201,60000000	0,95994215
201,80000000	0,97654823
202,00000000	0,97330870
202,20000000	0,97124744
202,40000000	0,96232672
202,60000000	0,95504075
202,80000000	0,96235727
203,00000000	0,94914162
203,20000000	0,96821763
203,40000000	0,97260761
203,60000000	0,95051576
203,80000000	0,94566397
204,00000000	0,95952044
204,20000000	0,95388483
204,40000000	0,94815518
204,60000000	0,96605807
204,80000000	0,95583545
205,00000000	0,93872002
205,20000000	0,94371733
205,40000000	0,94725642
205,60000000	0,94435533
205,80000000	0,94570608
206,00000000	0,95074815
206,20000000	0,93981839
206,40000000	0,94612320
206,60000000	0,93722040
206,80000000	0,92756807
207,00000000	0,94075512
207,20000000	0,95037462
207,40000000	0,93664670
207,60000000	0,92146553
207,80000000	0,92583636
208,00000000	0,93037211
208,20000000	0,91511444
208,40000000	0,92731241
208,60000000	0,91225279
208,80000000	0,91992109
209,00000000	0,91790927
209,20000000	0,91470494
209,40000000	0,91674875
209,60000000	0,90970923
209,80000000	0,90680810
210,00000000	0,91164924
210,20000000	0,89864284
210,40000000	0,91507552
210,60000000	0,89575549
210,80000000	0,90378509
211,00000000	0,91477244
211,20000000	0,89069512
211,40000000	0,89669160
211,60000000	0,90697901
211,80000000	0,89635312
212,00000000	0,89335883
212,20000000	0,89134462
212,40000000	0,87387219
212,60000000	0,89918508
212,80000000	0,88190578
213,00000000	0,88707897
213,20000000	0,87726268
213,40000000	0,88134243
213,60000000	0,87540010
213,80000000	0,86977945
214,00000000	0,87462648
214,20000000	0,88257188
214,40000000	0,85798050
214,60000000	0,85221099
214,80000000	0,85669550
215,00000000	0,86182181
215,20000000	0,85239161
215,40000000	0,84631798
215,60000000	0,83951557
215,80000000	0,87048601
216,00000000	0,85007600
216,20000000	0,84120923
216,40000000	0,83770905
216,60000000	0,83004307
216,80000000	0,85774489
217,00000000	0,82998722
217,20000000	0,82905474
217,40000000	0,83722964
217,60000000	0,83642397
217,80000000	0,83073523
218,00000000	0,83199638
218,20000000	0,80582038
218,40000000	0,82461593
218,60000000	0,82708271
218,80000000	0,80329988
219,00000000	0,81802407
219,20000000	0,79958148
219,40000000	0,79613884
219,60000000	0,80552905
219,80000000	0,79980201
220,00000000	0,78555738
220,20000000	0,80132353
220,40000000	0,76567547
220,60000000	0,77640250
220,80000000	0,76009400
221,00000000	0,80899231
221,20000000	0,76482487
221,40000000	0,76554064
221,60000000	0,75712797
221,80000000	0,76540650
222,00000000	0,77833414
222,20000000	0,77494569
222,40000000	0,73770121
222,60000000	0,72486162
222,80000000	0,75480643
223,00000000	0,72232184
223,20000000	0,74264965
223,40000000	0,73119974
223,60000000	0,73779037
223,80000000	0,72051276
224,00000000	0,70361027
224,20000000	0,72759840
224,40000000	0,73602614
224,60000000	0,73038570
224,80000000	0,72688843
225,00000000	0,71151974
225,20000000	0,69646269
225,40000000	0,68064902
225,60000000	0,71091356
225,80000000	0,68094452
226,00000000	0,67610141
226,20000000	0,63653592
226,40000000	0,66920735
226,60000000	0,65853560
226,80000000	0,68746932
227,00000000	0,63638473
227,20000000	0,67344568
227,40000000	0,63453250
227,60000000	0,63190572
227,80000000	0,63274145
228,00000000	0,62751454
228,20000000	0,62201488
228,40000000	0,63456200
228,60000000	0,60736971
228,80000000	0,60456910
229,00000000	0,60775432
229,20000000	0,61628463
229,40000000	0,60409507
229,60000000	0,60460932
229,80000000	0,59399509
230,00000000	0,62382797
230,20000000	0,57413968
230,40000000	0,59351908
230,60000000	0,58699878
230,80000000	0,59698407
231,00000000	0,59603565
231,20000000	0,58042159
231,40000000	0,57814932
231,60000000	0,57892205
231,80000000	0,55048132
232,00000000	0,55339440
232,20000000	0,53414801
232,40000000	0,56901300
232,60000000	0,56142843
232,80000000	0,54723657
233,00000000	0,53885740
233,20000000	0,55437967
233,40000000	0,54894266
233,60000000	0,55545536
233,80000000	0,54681233
234,00000000	0,54291489
234,20000000	0,49726146
234,40000000	0,52282850
234,60000000	0,52550446
234,80000000	0,53581914
235,00000000	0,53532285
235,20000000	0,49822216
235,40000000	0,50632692
235,60000000	0,50620142
235,80000000	0,51643413
236,00000000	0,49378379
236,20000000	0,49653309
236,40000000	0,53768209
236,60000000	0,52879504
236,80000000	0,47864940
237,00000000	0,50098528
237,20000000	0,49229053
237,40000000	0,49988470
237,60000000	0,49353961
237,80000000	0,47881440
238,00000000	0,48057125
238,20000000	0,49194780
238,40000000	0,49227130
238,60000000	0,47683846
238,80000000	0,47306546
239,00000000	0,49010953
239,20000000	0,49402999
239,40000000	0,49235671
239,60000000	0,47525714
239,80000000	0,47112675
240,00000000	0,48267681
240,20000000	0,47372017
240,40000000	0,47966265
240,60000000	0,46235595
240,80000000	0,46892420
241,00000000	0,48265469
241,20000000	0,47754739
241,40000000	0,44462166
241,60000000	0,44894832
241,80000000	0,44455087
242,00000000	0,46506512
242,20000000	0,44293128
242,40000000	0,44560792
242,60000000	0,42619428
242,80000000	0,43227167
243,00000000	0,45630821
243,20000000	0,42841119
243,40000000	0,42820137
243,60000000	0,45029480
243,80000000	0,44464885
244,00000000	0,46174693
244,20000000	0,44544603
244,40000000	0,43495612
244,60000000	0,44116588
244,80000000	0,46350653
245,00000000	0,45203551
245,20000000	0,45763601
245,40000000	0,42494671
245,60000000	0,45605600
245,80000000	0,43332774
246,00000000	0,44919515
246,20000000	0,43488400
246,40000000	0,41981892
246,60000000	0,44645085
246,80000000	0,41719860
247,00000000	0,41971166
247,20000000	0,41256972
247,40000000	0,40294173
247,60000000	0,42000607
247,80000000	0,43166633
248,00000000	0,41528287
248,20000000	0,40984995
248,40000000	0,41906727
248,60000000	0,42694104
248,80000000	0,42365872
249,00000000	0,40488949
249,20000000	0,40867103
249,40000000	0,44588160
249,60000000	0,42886712
249,80000000	0,42759585
250,00000000	0,41186611
250,20000000	0,41124256
250,40000000	0,40082920
250,60000000	0,40849112
250,80000000	0,41086246
251,00000000	0,39869784
251,20000000	0,41157957
251,40000000	0,41363850
251,60000000	0,40519786
251,80000000	0,39736381
252,00000000	0,39823503
252,20000000	0,40884536
252,40000000	0,41620816
252,60000000	0,42014103
252,80000000	0,41005092
253,00000000	0,39291706
253,20000000	0,40068246
253,40000000	0,39314883
253,60000000	0,42473731
253,80000000	0,40525646
254,00000000	0,39539941
254,20000000	0,39379315
254,40000000	0,40559670
254,60000000	0,41892200
254,80000000	0,39884962
255,00000000	0,39242221
255,20000000	0,38784247
255,40000000	0,41921096
255,60000000	0,40766816
255,80000000	0,39785932
256,00000000	0,40216686
256,20000000	0,41470698
256,40000000	0,40130487
256,60000000	0,40036891
256,80000000	0,39715686
257,00000000	0,40258023
257,20000000	0,41376200
257,40000000	0,41168358
257,60000000	0,40278348
257,80000000	0,41137080
258,00000000	0,41337698
258,20000000	0,40494566
258,40000000	0,41374953
258,60000000	0,41371729
258,80000000	0,43377169
259,00000000	0,42580983
259,20000000	0,42415296
259,40000000	0,41564224
259,60000000	0,43387439
259,80000000	0,43655394
260,00000000	0,42424575
260,20000000	0,41673244
260,40000000	0,43402153
260,60000000	0,45312844
260,80000000	0,44899020
261,00000000	0,43646033
261,20000000	0,43662812
261,40000000	0,45785101
261,60000000	0,46441948
261,80000000	0,45649176
262,00000000	0,45894936
262,20000000	0,46911663
262,40000000	0,47203106
262,60000000	0,48371488
262,80000000	0,47610290
263,00000000	0,48235833
263,20000000	0,50132778
263,40000000	0,50585736
263,60000000	0,49969228
263,80000000	0,50856104
264,00000000	0,51824450
264,20000000	0,52228087
264,40000000	0,52646915
264,60000000	0,52716541
264,80000000	0,53821478
265,00000000	0,55362078
265,20000000	0,55593052
265,40000000	0,55845158
265,60000000	0,56286862
265,80000000	0,57306941
266,00000000	0,58581632
266,20000000	0,58477398
266,40000000	0,59166690
266,60000000	0,60413580
266,80000000	0,61900177
267,00000000	0,62654486
267,20000000	0,63536888
267,40000000	0,64022685
267,60000000	0,66031050
267,80000000	0,66713174
268,00000000	0,66977625
268,20000000	0,68003251
268,40000000	0,69782045
268,60000000	0,70286686
268,80000000	0,71331111
269,00000000	0,71489687
269,20000000	0,72880084
269,40000000	0,74880416
269,60000000	0,75376984
269,80000000	0,75400840
270,00000000	0,76141974
270,20000000	0,78093036
270,40000000	0,78915439
270,60000000	0,78665908
270,80000000	0,79335443
271,00000000	0,80599401
271,20000000	0,81862334
271,40000000	0,81832105
271,60000000	0,81954728
271,80000000	0,82074077
272,00000000	0,83003239
272,20000000	0,83357315
272,40000000	0,82207720
272,60000000	0,82494230
272,80000000	0,83083890
273,00000000	0,83069680
273,20000000	0,82388600
273,40000000	0,81114329
273,60000000	0,81469975
273,80000000	0,81332666
274,00000000	0,80207088
274,20000000	0,79469589
274,40000000	0,78815717
274,60000000	0,79075171
274,80000000	0,78600695
275,00000000	0,77739800
275,20000000	0,77284789
275,40000000	0,77229242
275,60000000	0,76283722
275,80000000	0,75639687
276,00000000	0,74952098
276,20000000	0,74079622
276,40000000	0,74183651
276,60000000	0,74675983
276,80000000	0,73096763
277,00000000	0,73329221
277,20000000	0,73038049
277,40000000	0,73271743
277,60000000	0,73811787
277,80000000	0,72701540
278,00000000	0,72907514
278,20000000	0,73105778
278,40000000	0,73823134
278,60000000	0,73331635
278,80000000	0,73426446
279,00000000	0,74001362
279,20000000	0,73823199
279,40000000	0,74015668
279,60000000	0,73289599
279,80000000	0,73040579
280,00000000	0,72509484
280,20000000	0,70883896
280,40000000	0,70653292
280,60000000	0,69464228
280,80000000	0,68955897
281,00000000	0,67357936
281,20000000	0,65936320
281,40000000	0,65015862
281,60000000	0,63071949
281,80000000	0,61602707
282,00000000	0,59657627
282,20000000	0,58232090
282,40000000	0,56272656
282,60000000	0,53842062
282,80000000	0,53409676
283,00000000	0,52073561
283,20000000	0,49366567
283,40000000	0,48453016
283,60000000	0,47470871
283,80000000	0,46913297
284,00000000	0,45258728
284,20000000	0,43225965
284,40000000	0,41767371
284,60000000	0,40511313
284,80000000	0,40022610
285,00000000	0,39066555
285,20000000	0,37313688
285,40000000	0,37649636
285,60000000	0,37221418
285,80000000	0,36114232
286,00000000	0,34498874
286,20000000	0,33990246
286,40000000	0,33316658
286,60000000	0,32216199
286,80000000	0,31249021
287,00000000	0,30745459
287,20000000	0,31132275
287,40000000	0,31261856
287,60000000	0,29985087
287,80000000	0,28834310
288,00000000	0,28648991
288,20000000	0,28598099
288,40000000	0,27779478
288,60000000	0,26872128
288,80000000	0,26875744
289,00000000	0,26869950
289,20000000	0,25921981
289,40000000	0,25370314
289,60000000	0,25494281
289,80000000	0,24746745
290,00000000	0,25038565
290,20000000	0,24338254
290,40000000	0,23924570
290,60000000	0,24173820
290,80000000	0,24070162
291,00000000	0,23761159
291,20000000	0,23144919
291,40000000	0,23102707
291,60000000	0,22337789
291,80000000	0,22742872
292,00000000	0,22531250
292,20000000	0,22062615
292,40000000	0,22799433
292,60000000	0,22952587
292,80000000	0,22187511
293,00000000	0,22099654
293,20000000	0,21962742
293,40000000	0,20897270
293,60000000	0,20836156
293,80000000	0,20776187
294,00000000	0,20491723
294,20000000	0,20341610
294,40000000	0,20726432
294,60000000	0,20556424
294,80000000	0,20643112
295,00000000	0,20721866
295,20000000	0,20265867
295,40000000	0,20024001
295,60000000	0,19662834
295,80000000	0,19651641
296,00000000	0,19572063
296,20000000	0,19287748
296,40000000	0,18642946
296,60000000	0,19298257
296,80000000	0,19060337
297,00000000	0,18433471
297,20000000	0,18202201
297,40000000	0,18482365
297,60000000	0,18493858
297,80000000	0,18240002
298,00000000	0,17984340
298,20000000	0,17933883
298,40000000	0,17999202
298,60000000	0,17965183
298,80000000	0,18042682
299,00000000	0,17933548
299,20000000	0,17691173
299,40000000	0,17730323
299,60000000	0,17823859
299,80000000	0,18259007
300,00000000	0,18191638
300,20000000	0,17804352
300,40000000	0,17662148
300,60000000	0,17593632
300,80000000	0,17346711
301,00000000	0,17420160
301,20000000	0,17088480
301,40000000	0,17052471
301,60000000	0,17078115
301,80000000	0,16974636
302,00000000	0,16837274
302,20000000	0,16772261
302,40000000	0,16558299
302,60000000	0,16750275
302,80000000	0,17010657
303,00000000	0,16619660
303,20000000	0,16290923
303,40000000	0,16533507
303,60000000	0,16527372
303,80000000	0,16450570
304,00000000	0,16370484
304,20000000	0,16442413
304,40000000	0,16451299
304,60000000	0,16482865
304,80000000	0,15967765
305,00000000	0,15686327
305,20000000	0,16120147
305,40000000	0,16573881
305,60000000	0,16281621
305,80000000	0,15852527
306,00000000	0,15996440
306,20000000	0,16058614
306,40000000	0,15992757
306,60000000	0,15904367
306,80000000	0,15970050
307,00000000	0,16065111
307,20000000	0,16007003
307,40000000	0,15966375
307,60000000	0,15831086
307,80000000	0,15577574
308,00000000	0,15479339
308,20000000	0,15653228
308,40000000	0,15443678
308,60000000	0,15642007
308,80000000	0,15570349
309,00000000	0,15288443
309,20000000	0,15105967
309,40000000	0,15251393
309,60000000	0,15399117
309,80000000	0,15212429
310,00000000	0,15219179
310,20000000	0,15015565
310,40000000	0,15033602
310,60000000	0,14970150
310,80000000	0,15007718
311,00000000	0,14945405
311,20000000	0,15004282
311,40000000	0,14997038
311,60000000	0,14982677
311,80000000	0,15096983
312,00000000	0,15434609
312,20000000	0,15452994
312,40000000	0,15153593
312,60000000	0,15041535
312,80000000	0,14822545
313,00000000	0,14873552
313,20000000	0,14943857
313,40000000	0,14778658
313,60000000	0,14729277
313,80000000	0,14524045
314,00000000	0,14389518
314,20000000	0,14473234
314,40000000	0,14522335
314,60000000	0,14346652
314,80000000	0,14264592
315,00000000	0,14551335
315,20000000	0,14633024
315,40000000	0,14555962
315,60000000	0,14471514
315,80000000	0,14408425
316,00000000	0,14386834
316,20000000	0,14642635
316,40000000	0,14515551
316,60000000	0,14266976
316,80000000	0,14349617
317,00000000	0,14416736
317,20000000	0,14297952
317,40000000	0,14307365
317,60000000	0,14402996
317,80000000	0,14312000
318,00000000	0,14285268
318,20000000	0,14375509
318,40000000	0,14461789
318,60000000	0,14404219
318,80000000	0,14334753
319,00000000	0,14184026
319,20000000	0,14213196
319,40000000	0,14305407
319,60000000	0,14300667
319,80000000	0,14285822
320,00000000	0,14289159
320,20000000	0,14242596
320,40000000	0,14137618
320,60000000	0,14000048
320,80000000	0,13941957
321,00000000	0,13852536
321,20000000	0,13770249
321,40000000	0,13863503
321,60000000	0,14056335
321,80000000	0,14147693
322,00000000	0,14024638
322,20000000	0,14019456
322,40000000	0,13906613
322,60000000	0,13896675
322,80000000	0,13924141
323,00000000	0,13884351
323,20000000	0,13963623
323,40000000	0,13986668
323,60000000	0,13967477
323,80000000	0,13962322
324,00000000	0,13971672
324,20000000	0,13946386
324,40000000	0,13842185
324,60000000	0,13820574
324,80000000	0,13872843
325,00000000	0,13896129
325,20000000	0,13913923
325,40000000	0,13858039
325,60000000	0,13911713
325,80000000	0,13886807
326,00000000	0,13791381
326,20000000	0,13803721
326,40000000	0,13817132
326,60000000	0,13777183
326,80000000	0,13717104
327,00000000	0,13695496
327,20000000	0,13732108
327,40000000	0,13747539
327,60000000	0,13700599
327,80000000	0,13701315
328,00000000	0,13719680
328,20000000	0,13722693
328,40000000	0,13767805
328,60000000	0,13745506
328,80000000	0,13668599
329,00000000	0,13650501
329,20000000	0,13680253
329,40000000	0,13701645
329,60000000	0,13717068
329,80000000	0,13629113
330,00000000	0,13582258
330,20000000	0,13693134
330,40000000	0,13766228
330,60000000	0,13738225
330,80000000	0,13726938
331,00000000	0,13735199
331,20000000	0,13743262
331,40000000	0,13746773
331,60000000	0,13804202
331,80000000	0,13760992
332,00000000	0,13732357
332,20000000	0,13710622
332,40000000	0,13639774
332,60000000	0,13640454
332,80000000	0,13691076
333,00000000	0,13772946
333,20000000	0,13735984
333,40000000	0,13680630
333,60000000	0,13753847
333,80000000	0,13784597
334,00000000	0,13782512
334,20000000	0,13829726
334,40000000	0,13844648
334,60000000	0,13850997
334,80000000	0,13872631
335,00000000	0,13886692
335,20000000	0,13852530
335,40000000	0,13854077
335,60000000	0,13927494
335,80000000	0,13920429
336,00000000	0,13922457
336,20000000	0,13932018
336,40000000	0,13964100
336,60000000	0,14047773
336,80000000	0,14089369
337,00000000	0,14077604
337,20000000	0,14051940
337,40000000	0,14077041
337,60000000	0,14126629
337,80000000	0,14140151
338,00000000	0,14158956
338,20000000	0,14193591
338,40000000	0,14213058
338,60000000	0,14214806
338,80000000	0,14258013
339,00000000	0,14295238
339,20000000	0,14308033
339,40000000	0,14331742
339,60000000	0,14355828
339,80000000	0,14358129
340,00000000	0,14392791
340,20000000	0,14479021
340,40000000	0,14522468
340,60000000	0,14536127
340,80000000	0,14565640
341,00000000	0,14615825
341,20000000	0,14667502
341,40000000	0,14703085
341,60000000	0,14733415
341,80000000	0,14784461
342,00000000	0,14838821
342,20000000	0,14885654
342,40000000	0,14926818
342,60000000	0,14962411
342,80000000	0,15008051
343,00000000	0,15056167
343,20000000	0,15122744
343,40000000	0,15199331
343,60000000	0,15247298
343,80000000	0,15283655
344,00000000	0,15345934
344,20000000	0,15443379
344,40000000	0,15511465
344,60000000	0,15537114
344,80000000	0,15595516
345,00000000	0,15694189
345,20000000	0,15788848
345,40000000	0,15870046
345,60000000	0,15932537
345,80000000	0,15975485
346,00000000	0,16068416
346,20000000	0,16181126
346,40000000	0,16256130
346,60000000	0,16348269
346,80000000	0,16436322
347,00000000	0,16520086
347,20000000	0,16623074
347,40000000	0,16769008
347,60000000	0,16885610
347,80000000	0,16971682
348,00000000	0,17060368
348,20000000	0,17180615
348,40000000	0,17330756
348,60000000	0,17423986
348,80000000	0,17533125
349,00000000	0,17698788
349,20000000	0,17847825
349,40000000	0,17981577
349,60000000	0,18116622
349,80000000	0,18249839
350,00000000	0,18398956
350,20000000	0,18611665
350,40000000	0,18750470
350,60000000	0,18954289
350,80000000	0,19141481
351,00000000	0,19219116
351,20000000	0,19382873
351,40000000	0,19583550
351,60000000	0,19819118
351,80000000	0,19989947
352,00000000	0,20107988
352,20000000	0,20345278
352,40000000	0,20639138
352,60000000	0,20817989
352,80000000	0,21082942
353,00000000	0,21438780
353,20000000	0,21604928
353,40000000	0,21794550
353,60000000	0,22050031
353,80000000	0,22377717
354,00000000	0,22691551
354,20000000	0,22848905
354,40000000	0,23020706
354,60000000	0,23402796
354,80000000	0,23924846
355,00000000	0,24226223
355,20000000	0,24422072
355,40000000	0,24729181
355,60000000	0,25222912
355,80000000	0,25740326
356,00000000	0,26074923
356,20000000	0,26449318
356,40000000	0,26732720
356,60000000	0,26952980
356,80000000	0,27411108
357,00000000	0,28120896
357,20000000	0,28436076
357,40000000	0,28690265
357,60000000	0,29296841
357,80000000	0,29923183
358,00000000	0,30708156
358,20000000	0,31174846
358,40000000	0,31531094
358,60000000	0,32124078
358,80000000	0,32538532
359,00000000	0,33031203
359,20000000	0,33690523
359,40000000	0,34547535
359,60000000	0,35212141
359,80000000	0,35679453
360,00000000	0,36181499
360,20000000	0,37183200
360,40000000	0,38230747
360,60000000	0,38651330
360,80000000	0,39602858
361,00000000	0,40533845
361,20000000	0,41253274
361,40000000	0,41876088
361,60000000	0,42512566
361,80000000	0,43514812
362,00000000	0,44266730
362,20000000	0,45105530
362,40000000	0,45905794
362,60000000	0,47198171
362,80000000	0,48354759
363,00000000	0,48916682
363,20000000	0,50160621
363,40000000	0,51428245
363,60000000	0,52618498
363,80000000	0,53212695
364,00000000	0,53774130
364,20000000	0,54872026
364,40000000	0,56188561
364,60000000	0,57520784
364,80000000	0,58483435
365,00000000	0,59842301
365,20000000	0,60808368
365,40000000	0,61830187
365,60000000	0,62930871
365,80000000	0,63748985
366,00000000	0,65042270
366,20000000	0,65960063
366,40000000	0,67039758
366,60000000	0,68184984
366,80000000	0,69238808
367,00000000	0,70203365
367,20000000	0,71043183
367,40000000	0,72119066
367,60000000	0,72893609
367,80000000	0,73707422
368,00000000	0,74438888
368,20000000	0,75147301
368,40000000	0,75698434
368,60000000	0,76242727
368,80000000	0,77025546
369,00000000	0,77422792
369,20000000	0,77858056
369,40000000	0,78243697
369,60000000	0,78507689
369,80000000	0,78591825
370,00000000	0,78746962
370,20000000	0,78995965
370,40000000	0,78965922
370,60000000	0,79040799
370,80000000	0,78891745
371,00000000	0,78725002
371,20000000	0,78379361
371,40000000	0,77862457
371,60000000	0,77579763
371,80000000	0,76979736
372,00000000	0,76501485
372,20000000	0,76194563
372,40000000	0,75692210
372,60000000	0,75034715
372,80000000	0,74462560
373,00000000	0,73950420
373,20000000	0,73015436
373,40000000	0,72248372
373,60000000	0,71512053
373,80000000	0,70671426
374,00000000	0,69792696
374,20000000	0,68753658
374,40000000	0,68125624
374,60000000	0,67297304
374,80000000	0,66200182
375,00000000	0,65288385
375,20000000	0,64403491
375,40000000	0,63682401
375,60000000	0,62842470
375,80000000	0,61968405
376,00000000	0,61077394
376,20000000	0,60278577
376,40000000	0,59760156
376,60000000	0,58792651
376,80000000	0,57693400
377,00000000	0,56928183
377,20000000	0,56105188
377,40000000	0,55147883
377,60000000	0,54341613
377,80000000	0,53715833
378,00000000	0,52983845
378,20000000	0,52286677
378,40000000	0,51578926
378,60000000	0,50713852
378,80000000	0,50043562
379,00000000	0,49458182
379,20000000	0,48718184
379,40000000	0,48102859
379,60000000	0,47536129
379,80000000	0,46946075
380,00000000	0,46425859
380,20000000	0,45738177
380,40000000	0,45073079
380,60000000	0,44601730
380,80000000	0,44018212
381,00000000	0,43337599
381,20000000	0,42778278
381,40000000	0,42415232
381,60000000	0,41852803
381,80000000	0,41096784
382,00000000	0,40740907
382,20000000	0,40464678
382,40000000	0,40064335
382,60000000	0,39688157
382,80000000	0,39138608
383,00000000	0,38669672
383,20000000	0,38329827
383,40000000	0,37937191
383,60000000	0,37444681
383,80000000	0,37010560
384,00000000	0,36806237
384,20000000	0,36479458
384,40000000	0,36106809
384,60000000	0,35770659
384,80000000	0,35294804
385,00000000	0,35094460
385,20000000	0,34879016
385,40000000	0,34298908
385,60000000	0,33978291
385,80000000	0,33818280
386,00000000	0,33500576
386,20000000	0,33145635
386,40000000	0,32734528
386,60000000	0,32531176
386,80000000	0,32402887
387,00000000	0,32163419
387,20000000	0,31976315
387,40000000	0,31565140
387,60000000	0,31341872
387,80000000	0,31379029
388,00000000	0,31055834
388,20000000	0,30725408
388,40000000	0,30384028
388,60000000	0,30130513
388,80000000	0,30103666
389,00000000	0,29734976
389,20000000	0,29508908
389,40000000	0,29411296
389,60000000	0,29116881
389,80000000	0,29018460
390,00000000	0,28772092
390,20000000	0,28611255
390,40000000	0,28497238
390,60000000	0,28128537
390,80000000	0,28068752
391,00000000	0,27964557
391,20000000	0,27725776
391,40000000	0,27625906
391,60000000	0,27361117
391,80000000	0,27187049
392,00000000	0,27032031
392,20000000	0,26912692
392,40000000	0,26992597
392,60000000	0,26654876
392,80000000	0,26281195
393,00000000	0,26282990
393,20000000	0,26118310
393,40000000	0,25959270
393,60000000	0,25810049
393,80000000	0,25483520
394,00000000	0,25445873
394,20000000	0,25370828
394,40000000	0,25303603
394,60000000	0,25373920
394,80000000	0,25149057
395,00000000	0,25029757
395,20000000	0,24870837
395,40000000	0,24484191
395,60000000	0,24324158
395,80000000	0,24223951
396,00000000	0,24178389
396,20000000	0,24310590
396,40000000	0,24194702
396,60000000	0,23948107
396,80000000	0,23736786
397,00000000	0,23490843
397,20000000	0,23291842
397,40000000	0,23165110
397,60000000	0,23224380
397,80000000	0,23274354
398,00000000	0,23124576
398,20000000	0,23066791
398,40000000	0,22828595
398,60000000	0,22457463
398,80000000	0,22464577
399,00000000	0,22398613
399,20000000	0,22298427
399,40000000	0,22489713
399,60000000	0,22470163
399,80000000	0,22305814
400,00000000	0,22205163
400,20000000	0,21821993
400,40000000	0,21393061
400,60000000	0,21306535
400,80000000	0,21359829
401,00000000	0,21473709
401,20000000	0,21730232
401,40000000	0,21716496
401,60000000	0,21391411
401,80000000	0,21191324
402,00000000	0,21167886
402,20000000	0,21068758
402,40000000	0,20800451
402,60000000	0,20787196
402,80000000	0,21052247
403,00000000	0,21010153
403,20000000	0,20767258
403,40000000	0,20560416
403,60000000	0,20319340
403,80000000	0,20070785
404,00000000	0,19645686
404,20000000	0,19512219
404,40000000	0,19939975
404,60000000	0,19951682
404,80000000	0,19607912
405,00000000	0,19688205
405,20000000	0,19877817
405,40000000	0,19920661
405,60000000	0,19949444
405,80000000	0,19819195
406,00000000	0,19723877
406,20000000	0,19790165
406,40000000	0,19638828
406,60000000	0,19664170
406,80000000	0,20020798
407,00000000	0,19950640
407,20000000	0,19440846
407,40000000	0,19080439
407,60000000	0,18938282
407,80000000	0,18829807
408,00000000	0,18876841
408,20000000	0,18920838
408,40000000	0,18815306
408,60000000	0,18831929
408,80000000	0,18757154
409,00000000	0,18476736
409,20000000	0,18647460
409,40000000	0,18879327
409,60000000	0,18461998
409,80000000	0,18121381
410,00000000	0,18274549
410,20000000	0,18375169
410,40000000	0,18057471
410,60000000	0,17754163
410,80000000	0,17793577
411,00000000	0,18011798
411,20000000	0,18222269
411,40000000	0,18339290
411,60000000	0,18456086
411,80000000	0,18459853
412,00000000	0,18228624
412,20000000	0,17967927
412,40000000	0,18008627
412,60000000	0,17975465
412,80000000	0,17911604
413,00000000	0,18058737
413,20000000	0,17934578
413,40000000	0,17879022
413,60000000	0,18092253
413,80000000	0,18055558
414,00000000	0,17879194
414,20000000	0,17786363
414,40000000	0,17683303
414,60000000	0,17777195
414,80000000	0,17890794
415,00000000	0,17522886
415,20000000	0,17097535
415,40000000	0,17215833
415,60000000	0,17420713
415,80000000	0,17376778
416,00000000	0,17467572
416,20000000	0,17627230
416,40000000	0,17360038
416,60000000	0,16972080
416,80000000	0,17232986
417,00000000	0,17514892
417,20000000	0,17311490
417,40000000	0,17245166
417,60000000	0,17319075
417,80000000	0,17379168
418,00000000	0,17348543
418,20000000	0,17112367
418,40000000	0,16923178
418,60000000	0,16854108
418,80000000	0,16871768
419,00000000	0,16949160
419,20000000	0,16922405
419,40000000	0,16879009
419,60000000	0,16973130
419,80000000	0,17261806
420,00000000	0,17385582
420,20000000	0,17117691
420,40000000	0,17074409
420,60000000	0,17250480
420,80000000	0,17081672
421,00000000	0,16781434
421,20000000	0,16892364
421,40000000	0,17020017
421,60000000	0,16787896
421,80000000	0,16621558
422,00000000	0,16607464
422,20000000	0,16923194
422,40000000	0,17081074
422,60000000	0,16798903
422,80000000	0,16775379
423,00000000	0,16855947
423,20000000	0,16755885
423,40000000	0,16583633
423,60000000	0,16753889
423,80000000	0,16929433
424,00000000	0,16558452
424,20000000	0,16242737
424,40000000	0,16209643
424,60000000	0,16163294
424,80000000	0,16233635
425,00000000	0,16446802
425,20000000	0,16479667
425,40000000	0,16408329
425,60000000	0,16303597
425,80000000	0,16488816
426,00000000	0,16945131
426,20000000	0,16815476
426,40000000	0,16544292
426,60000000	0,16639925
426,80000000	0,16469061
427,00000000	0,16281930
427,20000000	0,16478121
427,40000000	0,16700225
427,60000000	0,16469641
427,80000000	0,15737341
428,00000000	0,15480927
428,20000000	0,16052920
428,40000000	0,16435924
428,60000000	0,16447584
428,80000000	0,16579869
429,00000000	0,16791888
429,20000000	0,16724362
429,40000000	0,16509212
429,60000000	0,16374857
429,80000000	0,16077365
430,00000000	0,16236412
430,20000000	0,16580376
430,40000000	0,16284675
430,60000000	0,16286491
430,80000000	0,16241294
431,00000000	0,15909745
431,20000000	0,16348522
431,40000000	0,16472637
431,60000000	0,16046658
431,80000000	0,16133785
432,00000000	0,16109278
432,20000000	0,15820732
432,40000000	0,15690295
432,60000000	0,15661048
432,80000000	0,15922220
433,00000000	0,16098104
433,20000000	0,15978396
433,40000000	0,15974450
433,60000000	0,16044171
433,80000000	0,16146274
434,00000000	0,16110933
434,20000000	0,15955981
434,40000000	0,16071648
434,60000000	0,16280923
434,80000000	0,16316701
435,00000000	0,16125234
435,20000000	0,16059645
435,40000000	0,16072811
435,60000000	0,15522561
435,80000000	0,15666678
436,00000000	0,16224849
436,20000000	0,15942120
436,40000000	0,16070659
436,60000000	0,16272244
436,80000000	0,15940437
437,00000000	0,15759161
437,20000000	0,16109046
437,40000000	0,16833984
437,60000000	0,16588484
437,80000000	0,15672378
438,00000000	0,15768760
438,20000000	0,16063507
438,40000000	0,15889919
438,60000000	0,15585473
438,80000000	0,15563795
439,00000000	0,15907234
439,20000000	0,15724245
439,40000000	0,15595617
439,60000000	0,15977683
439,80000000	0,15970638
440,00000000	0,15509318
440,20000000	0,15291089
440,40000000	0,15524896
440,60000000	0,15539270
440,80000000	0,15834039
441,00000000	0,16290484
441,20000000	0,15772439
441,40000000	0,15499109
441,60000000	0,15805910
441,80000000	0,15927525
442,00000000	0,15839580
442,20000000	0,15504212
442,40000000	0,15368345
442,60000000	0,15302974
442,80000000	0,15101844
443,00000000	0,15254241
443,20000000	0,15647274
443,40000000	0,16027606
443,60000000	0,16159199
443,80000000	0,15938407
444,00000000	0,15878976
444,20000000	0,16127550
444,40000000	0,16192830
444,60000000	0,15912705
444,80000000	0,15812575
445,00000000	0,15822286
445,20000000	0,15684423
445,40000000	0,15701242
445,60000000	0,15978251
445,80000000	0,16192273
446,00000000	0,16073071
446,20000000	0,16124599
446,40000000	0,15979362
446,60000000	0,15704194
446,80000000	0,16028465
447,00000000	0,15774779
447,20000000	0,15386398
447,40000000	0,15669051
447,60000000	0,15691831
447,80000000	0,15850008
448,00000000	0,16091537
448,20000000	0,16105830
448,40000000	0,16057003
448,60000000	0,15999631
448,80000000	0,16240937
449,00000000	0,16316497
449,20000000	0,16040617
449,40000000	0,16013439
449,60000000	0,16255163
449,80000000	0,16264214
450,00000000	0,15984573
450,20000000	0,16304527
450,40000000	0,16673733
450,60000000	0,16800353
450,80000000	0,16609135
451,00000000	0,16194628
451,20000000	0,16380889
451,40000000	0,15990509
451,60000000	0,15179049
451,80000000	0,15386093
452,00000000	0,16004044
452,20000000	0,16030013
452,40000000	0,15769517
452,60000000	0,16174840
452,80000000	0,16284071
453,00000000	0,15682814
453,20000000	0,15786247
453,40000000	0,15966768
453,60000000	0,15621488
453,80000000	0,15492628
454,00000000	0,16010675
454,20000000	0,16956833
454,40000000	0,16856055
454,60000000	0,15745542
454,80000000	0,15985132
455,00000000	0,17126441
455,20000000	0,16660185
455,40000000	0,15290500
455,60000000	0,15818656
455,80000000	0,17045641
456,00000000	0,16988636
456,20000000	0,16459562
456,40000000	0,16138343
456,60000000	0,16435881
456,80000000	0,16120200
457,00000000	0,15612932
457,20000000	0,16127592
457,40000000	0,15717968
457,60000000	0,14882618
457,80000000	0,15292097
458,00000000	0,16048933
458,20000000	0,16305966
458,40000000	0,15905369
458,60000000	0,15783390
458,80000000	0,16556257
459,00000000	0,16763789
459,20000000	0,16413790
459,40000000	0,16487447
459,60000000	0,16620768
459,80000000	0,16941250
460,00000000	0,16930578
460,20000000	0,16368141
460,40000000	0,15837849
460,60000000	0,15502980
460,80000000	0,15750760
461,00000000	0,15954900
461,20000000	0,16058934
461,40000000	0,16040125
461,60000000	0,16042364
461,80000000	0,16595006
462,00000000	0,16406445
462,20000000	0,15981774
462,40000000	0,16565935
462,60000000	0,16777072
462,80000000	0,16213759
463,00000000	0,16031437
463,20000000	0,16100932
463,40000000	0,16283738
463,60000000	0,16970048
463,80000000	0,17357624
464,00000000	0,16748120
464,20000000	0,16165639
464,40000000	0,16355079
464,60000000	0,16748044
464,80000000	0,16840345
465,00000000	0,17140542
465,20000000	0,17329130
465,40000000	0,16599306
465,60000000	0,16314112
465,80000000	0,16991073
466,00000000	0,16945057
466,20000000	0,16204742
466,40000000	0,16582587
466,60000000	0,17160632
466,80000000	0,16542119
467,00000000	0,16342276
467,20000000	0,16951451
467,40000000	0,16859070
467,60000000	0,16374996
467,80000000	0,16645077
468,00000000	0,17187100
468,20000000	0,16913153
468,40000000	0,16913537
468,60000000	0,17038379
468,80000000	0,16869776
469,00000000	0,16784641
469,20000000	0,16872149
469,40000000	0,17277522
469,60000000	0,16869224
469,80000000	0,16377734
470,00000000	0,16803028
470,20000000	0,16997050
470,40000000	0,17074800
470,60000000	0,17907725
470,80000000	0,18477050
471,00000000	0,17954327
471,20000000	0,17262159
471,40000000	0,17485459
471,60000000	0,17149903
471,80000000	0,16532977
472,00000000	0,16772479
472,20000000	0,16824141
472,40000000	0,16675207
472,60000000	0,17044841
472,80000000	0,17869751
473,00000000	0,18064696
473,20000000	0,17211469
473,40000000	0,16849780
473,60000000	0,17552714
473,80000000	0,17976814
474,00000000	0,17696771
474,20000000	0,17440195
474,40000000	0,17774204
474,60000000	0,17257068
474,80000000	0,16617157
475,00000000	0,17519168
475,20000000	0,18041803
475,40000000	0,17762025
475,60000000	0,17546731
475,80000000	0,17254912
476,00000000	0,16813339
476,20000000	0,17055110
476,40000000	0,18039439
476,60000000	0,18346711
476,80000000	0,18353094
477,00000000	0,18453865
477,20000000	0,18556190
477,40000000	0,18091016
477,60000000	0,17457032
477,80000000	0,18000998
478,00000000	0,19093758
478,20000000	0,19231832
478,40000000	0,18410685
478,60000000	0,18335826
478,80000000	0,17943534
479,00000000	0,17148705
479,20000000	0,18164942
479,40000000	0,18789272
479,60000000	0,18219936
479,80000000	0,18173135
480,00000000	0,18257695
480,20000000	0,18715820
480,40000000	0,18736670
480,60000000	0,18611684
480,80000000	0,18712734
481,00000000	0,18635184
481,20000000	0,18607857
481,40000000	0,18167665
481,60000000	0,18433893
481,80000000	0,19211565
482,00000000	0,19381660
482,20000000	0,19553744
482,40000000	0,19448185
482,60000000	0,19842710
482,80000000	0,19897092
483,00000000	0,19509739
483,20000000	0,19815454
483,40000000	0,19801347
483,60000000	0,20002172
483,80000000	0,20021739
484,00000000	0,19291826
484,20000000	0,19733174
484,40000000	0,20579666
484,60000000	0,20049789
484,80000000	0,19796822
485,00000000	0,19992939
485,20000000	0,19642750
485,40000000	0,20040680
485,60000000	0,20576159
485,80000000	0,20090472
486,00000000	0,19192620
486,20000000	0,19155448
486,40000000	0,19971176
486,60000000	0,20479757
486,80000000	0,19962313
487,00000000	0,20060019
487,20000000	0,20498244
487,40000000	0,20229902
487,60000000	0,20555046
487,80000000	0,20715785
488,00000000	0,20601523
488,20000000	0,20540928
488,40000000	0,20246357
488,60000000	0,20633749
488,80000000	0,20301241
489,00000000	0,20252247
489,20000000	0,20832151
489,40000000	0,20100507
489,60000000	0,19997306
489,80000000	0,20774580
490,00000000	0,21275434
490,20000000	0,20858166
490,40000000	0,20297002
490,60000000	0,20428304
490,80000000	0,20473934
491,00000000	0,20287440
491,20000000	0,19882815
491,40000000	0,19825299
491,60000000	0,20016821
491,80000000	0,20434802
492,00000000	0,20858020
492,20000000	0,21182089
492,40000000	0,21439074
492,60000000	0,21067134
492,80000000	0,20593090
493,00000000	0,20721716
493,20000000	0,20746752
493,40000000	0,20686886
493,60000000	0,21683316
493,80000000	0,22184193
494,00000000	0,21893987
494,20000000	0,22156354
494,40000000	0,22104436
494,60000000	0,22100718
494,80000000	0,22693728
495,00000000	0,22508237
495,20000000	0,22055585
495,40000000	0,22026499
495,60000000	0,22882952
495,80000000	0,22678121
496,00000000	0,21650202
496,20000000	0,21304138
496,40000000	0,21796626
496,60000000	0,23390117
496,80000000	0,23270345
497,00000000	0,22137995
497,20000000	0,22032768
497,40000000	0,22521225
497,60000000	0,23037426
497,80000000	0,23121085
498,00000000	0,22804795
498,20000000	0,22941264
498,40000000	0,23317314
498,60000000	0,23365399
498,80000000	0,23072349
499,00000000	0,23455494
499,20000000	0,23985175
499,40000000	0,24071107
499,60000000	0,23746669
499,80000000	0,23434170
500,00000000	0,23453584
500,20000000	0,23071719
500,40000000	0,23823714
500,60000000	0,24424516
500,80000000	0,24101715
501,00000000	0,24211661
501,20000000	0,24533504
501,40000000	0,24634386
501,60000000	0,24662396
501,80000000	0,25207554
502,00000000	0,25393171
502,20000000	0,24786472
502,40000000	0,24748112
502,60000000	0,24813869
502,80000000	0,24701810
503,00000000	0,24890597
503,20000000	0,25353101
503,40000000	0,25280639
503,60000000	0,25354472
503,80000000	0,25170843
504,00000000	0,24644389
504,20000000	0,24811944
504,40000000	0,26207209
504,60000000	0,26670742
504,80000000	0,26282712
505,00000000	0,26573892
505,20000000	0,26430479
505,40000000	0,26351660
505,60000000	0,26601182
505,80000000	0,26231606
506,00000000	0,25654820
506,20000000	0,25438046
506,40000000	0,26151522
506,60000000	0,26007450
506,80000000	0,25453612
507,00000000	0,25535533
507,20000000	0,25558961
507,40000000	0,26487776
507,60000000	0,27263107
507,80000000	0,27129745
508,00000000	0,26947135
508,20000000	0,26622113
508,40000000	0,27175116
508,60000000	0,27375767
508,80000000	0,27511563
509,00000000	0,27835939
509,20000000	0,28360621
509,40000000	0,28847945
509,60000000	0,28403796
509,80000000	0,27739995
510,00000000	0,27239260
510,20000000	0,27248688
510,40000000	0,26347435
510,60000000	0,26000755
510,80000000	0,27123636
511,00000000	0,27708462
511,20000000	0,29028609
511,40000000	0,29180256
511,60000000	0,28383980
511,80000000	0,29074953
512,00000000	0,29602648
512,20000000	0,29356818
512,40000000	0,28692472
512,60000000	0,29510702
512,80000000	0,30454390
513,00000000	0,29502837
513,20000000	0,28878065
513,40000000	0,29866553
513,60000000	0,30602155
513,80000000	0,30338972
514,00000000	0,29560533
514,20000000	0,29575019
514,40000000	0,29832007
514,60000000	0,30474594
514,80000000	0,30834320
515,00000000	0,30377980
515,20000000	0,31038715
515,40000000	0,31183080
515,60000000	0,30776325
515,80000000	0,31575980
516,00000000	0,32272855
516,20000000	0,31208412
516,40000000	0,30075928
516,60000000	0,30494855
516,80000000	0,31853414
517,00000000	0,32104671
517,20000000	0,32437267
517,40000000	0,32667160
517,60000000	0,32078188
517,80000000	0,31802834
518,00000000	0,31952135
518,20000000	0,32770594
518,40000000	0,33022712
518,60000000	0,32645135
518,80000000	0,32481433
519,00000000	0,32719232
519,20000000	0,33163531
519,40000000	0,33025025
519,60000000	0,33217453
519,80000000	0,33481497
520,00000000	0,33266640
520,20000000	0,33520262
520,40000000	0,33977066
520,60000000	0,34831454
520,80000000	0,34181176
521,00000000	0,33407957
521,20000000	0,34066061
521,40000000	0,34701002
521,60000000	0,34885588
521,80000000	0,34497483
522,00000000	0,34496904
522,20000000	0,34988169
522,40000000	0,35206984
522,60000000	0,35202230
522,80000000	0,35363215
523,00000000	0,35532002
523,20000000	0,35183185
523,40000000	0,34779190
523,60000000	0,35924091
523,80000000	0,36565206
524,00000000	0,36399761
524,20000000	0,36404324
524,40000000	0,36206144
524,60000000	0,36780712
524,80000000	0,37218827
525,00000000	0,37447299
525,20000000	0,37215004
525,40000000	0,36717992
525,60000000	0,37251531
525,80000000	0,37708767
526,00000000	0,37920416
526,20000000	0,38046351
526,40000000	0,37756406
526,60000000	0,37697617
526,80000000	0,37967457
527,00000000	0,37970168
527,20000000	0,37519265
527,40000000	0,38788147
527,60000000	0,39393942
527,80000000	0,39080085
528,00000000	0,38822726
528,20000000	0,39010034
528,40000000	0,39564183
528,60000000	0,39377916
528,80000000	0,40276233
529,00000000	0,40464903
529,20000000	0,40411765
529,40000000	0,40827802
529,60000000	0,40831504
529,80000000	0,41384898
530,00000000	0,41686100
530,20000000	0,41737728
530,40000000	0,41373012
530,60000000	0,41125230
530,80000000	0,41378318
531,00000000	0,41860984
531,20000000	0,42343498
531,40000000	0,43178075
531,60000000	0,42828907
531,80000000	0,42857875
532,00000000	0,43700577
532,20000000	0,43529218
532,40000000	0,43527646
532,60000000	0,43907669
532,80000000	0,43989120
533,00000000	0,43978607
533,20000000	0,44473134
533,40000000	0,44611920
533,60000000	0,44704567
533,80000000	0,45152669
534,00000000	0,45185861
534,20000000	0,45401070
534,40000000	0,45184315
534,60000000	0,45798932
534,80000000	0,45832122
535,00000000	0,45935364
535,20000000	0,46024996
535,40000000	0,45795392
535,60000000	0,46884399
535,80000000	0,47113509
536,00000000	0,47111614
536,20000000	0,46902838
536,40000000	0,47786758
536,60000000	0,48010621
536,80000000	0,47877804
537,00000000	0,48242014
537,20000000	0,47879636
537,40000000	0,47885111
537,60000000	0,47857448
537,80000000	0,48511244
538,00000000	0,48859420
538,20000000	0,49296374
538,40000000	0,49280185
538,60000000	0,49652982
538,80000000	0,50152207
539,00000000	0,49965386
539,20000000	0,49811244
539,40000000	0,49964316
539,60000000	0,50324987
539,80000000	0,50019611
540,00000000	0,49997165
540,20000000	0,50434931
540,40000000	0,51498621
540,60000000	0,51408128
540,80000000	0,51566703
541,00000000	0,51726919
541,20000000	0,51660057
541,40000000	0,51519642
541,60000000	0,51942963
541,80000000	0,53251356
542,00000000	0,53462719
542,20000000	0,53360140
542,40000000	0,52261996
542,60000000	0,52940030
542,80000000	0,53193047
543,00000000	0,53184610
543,20000000	0,53425939
543,40000000	0,53442085
543,60000000	0,53635431
543,80000000	0,54016897
544,00000000	0,54225904
544,20000000	0,53852596
544,40000000	0,54499097
544,60000000	0,53946924
544,80000000	0,54113108
545,00000000	0,55087819
545,20000000	0,55009652
545,40000000	0,54787936
545,60000000	0,54736984
545,80000000	0,54960028
546,00000000	0,55311384
546,20000000	0,56157140
546,40000000	0,55367701
546,60000000	0,55528866
546,80000000	0,56648474
547,00000000	0,57050270
547,20000000	0,56937356
547,40000000	0,57403764
547,60000000	0,57266655
547,80000000	0,56751912
548,00000000	0,57039050
548,20000000	0,57154362
548,40000000	0,57564414
548,60000000	0,58189069
548,80000000	0,58510119
549,00000000	0,58020874
549,20000000	0,58250808
549,40000000	0,57597035
549,60000000	0,57695510
549,80000000	0,58476880
550,00000000	0,58714550
550,20000000	0,59241472
550,40000000	0,59269383
550,60000000	0,59094554
550,80000000	0,59346717
551,00000000	0,60251501
551,20000000	0,60136977
551,40000000	0,60530945
551,60000000	0,60576094
551,80000000	0,60166262
552,00000000	0,60426039
552,20000000	0,60883757
552,40000000	0,60713900
552,60000000	0,60111461
552,80000000	0,60632254
553,00000000	0,60841531
553,20000000	0,61295598
553,40000000	0,61985859
553,60000000	0,61840375
553,80000000	0,61924842
554,00000000	0,62277578
554,20000000	0,62037611
554,40000000	0,62664006
554,60000000	0,63485211
554,80000000	0,63510305
555,00000000	0,64014553
555,20000000	0,64036114
555,40000000	0,63691907
555,60000000	0,64034295
555,80000000	0,64358030
556,00000000	0,64184151
556,20000000	0,64766333
556,40000000	0,64909842
556,60000000	0,64395973
556,80000000	0,64896587
557,00000000	0,65355184
557,20000000	0,64944862
557,40000000	0,65386132
557,60000000	0,65939466
557,80000000	0,65499965
558,00000000	0,66292241
558,20000000	0,66408381
558,40000000	0,66645266
558,60000000	0,67548821
558,80000000	0,67527051
559,00000000	0,67020924
559,20000000	0,67898606
559,40000000	0,68107088
559,60000000	0,67498914
559,80000000	0,68480910
560,00000000	0,68566025
560,20000000	0,68445312
560,40000000	0,69614822
560,60000000	0,69472278
560,80000000	0,68956691
561,00000000	0,70046951
561,20000000	0,69979630
561,40000000	0,69743624
561,60000000	0,70534779
561,80000000	0,70550299
562,00000000	0,70312606
562,20000000	0,71274210
562,40000000	0,71403219
562,60000000	0,71260664
562,80000000	0,71831854
563,00000000	0,71269383
563,20000000	0,71550882
563,40000000	0,72763008
563,60000000	0,72719764
563,80000000	0,72547657
564,00000000	0,73619958
564,20000000	0,72898336
564,40000000	0,72820242
564,60000000	0,74050516
564,80000000	0,74104130
565,00000000	0,74012251
565,20000000	0,74494937
565,40000000	0,74082403
565,60000000	0,74313866
565,80000000	0,75428362
566,00000000	0,74775123
566,20000000	0,75020188
566,40000000	0,75546306
566,60000000	0,75083701
566,80000000	0,75351486
567,00000000	0,76123399
567,20000000	0,75627059
567,40000000	0,76033438
567,60000000	0,76560615
567,80000000	0,75904955
568,00000000	0,76330313
568,20000000	0,77132160
568,40000000	0,76767255
568,60000000	0,77449056
568,80000000	0,77699459
569,00000000	0,77432506
569,20000000	0,78116475
569,40000000	0,78171198
569,60000000	0,77973235
569,80000000	0,78491988
570,00000000	0,78682008
570,20000000	0,78302018
570,40000000	0,79228280
570,60000000	0,79064267
570,80000000	0,78907029
571,00000000	0,79428287
571,20000000	0,79450367
571,40000000	0,79131646
571,60000000	0,79909488
571,80000000	0,79824564
572,00000000	0,79576005
572,20000000	0,79974848
572,40000000	0,79930894
572,60000000	0,80143821
572,80000000	0,80539952
573,00000000	0,80337654
573,20000000	0,80473392
573,40000000	0,80923364
573,60000000	0,80644530
573,80000000	0,80897155
574,00000000	0,81528659
574,20000000	0,81341836
574,40000000	0,81137166
574,60000000	0,81467837
574,80000000	0,81086399
575,00000000	0,81503557
575,20000000	0,81791236
575,40000000	0,81725512
575,60000000	0,81712245
575,80000000	0,81899044
576,00000000	0,81680471
576,20000000	0,82261121
576,40000000	0,82518433
576,60000000	0,82255329
576,80000000	0,82311209
577,00000000	0,82304870
577,20000000	0,82179366
577,40000000	0,82603236
577,60000000	0,82613068
577,80000000	0,82511574
578,00000000	0,82636011
578,20000000	0,82861799
578,40000000	0,83163144
578,60000000	0,83373004
578,80000000	0,83193042
579,00000000	0,83293367
579,20000000	0,83503569
579,40000000	0,83151554
579,60000000	0,83432012
579,80000000	0,83824941
580,00000000	0,83713863
580,20000000	0,83572923
580,40000000	0,83795791
580,60000000	0,83576427
580,80000000	0,84013552
581,00000000	0,84177362
581,20000000	0,84028085
581,40000000	0,84069288
581,60000000	0,84219100
581,80000000	0,84258345
582,00000000	0,84541970
582,20000000	0,84677181
582,40000000	0,84672801
582,60000000	0,84746371
582,80000000	0,84831047
583,00000000	0,84929529
583,20000000	0,85058297
583,40000000	0,84865749
583,60000000	0,85010292
583,80000000	0,85263549
584,00000000	0,85214598
584,20000000	0,85508783
584,40000000	0,85731298
584,60000000	0,85487242
584,80000000	0,85821562
585,00000000	0,85919163
585,20000000	0,85870880
585,40000000	0,86262727
585,60000000	0,86176011
585,80000000	0,86083916
586,00000000	0,86273718
586,20000000	0,86426494
586,40000000	0,86520005
586,60000000	0,86682302
586,80000000	0,86628860
587,00000000	0,86825619
587,20000000	0,86952045
587,40000000	0,86971122
587,60000000	0,87214481
587,80000000	0,87395948
588,00000000	0,87155455
588,20000000	0,87356918
588,40000000	0,87587715
588,60000000	0,87576859
588,80000000	0,87870926
589,00000000	0,87955881
589,20000000	0,87812714
589,40000000	0,88169812
589,60000000	0,88325932
589,80000000	0,88267773
590,00000000	0,88468298
590,20000000	0,88475975
590,40000000	0,88615266
590,60000000	0,88804474
590,80000000	0,88858054
591,00000000	0,88998195
591,20000000	0,89171282
591,40000000	0,89078987
591,60000000	0,89255949
591,80000000	0,89436876
592,00000000	0,89526522
592,20000000	0,89688494
592,40000000	0,89665021
592,60000000	0,89616902
592,80000000	0,89897660
593,00000000	0,89968434
593,20000000	0,90013152
593,40000000	0,90219514
593,60000000	0,90236673
593,80000000	0,90248846
594,00000000	0,90444843
594,20000000	0,90564466
594,40000000	0,90789229
594,60000000	0,90851828
594,80000000	0,90796526
595,00000000	0,90998420
595,20000000	0,91116396
595,40000000	0,91135679
595,60000000	0,91351465
595,80000000	0,91340806
596,00000000	0,91373489
596,20000000	0,91509814
596,40000000	0,91534212
596,60000000	0,91669189
596,80000000	0,91880426
597,00000000	0,91857775
597,20000000	0,91905516
597,40000000	0,92088896
597,60000000	0,92158396
597,80000000	0,92191474
598,00000000	0,92312879
598,20000000	0,92265143
598,40000000	0,92343157
598,60000000	0,92400481
598,80000000	0,92478790
599,00000000	0,92645484
599,20000000	0,92631445
599,40000000	0,92643868
599,60000000	0,92828837
599,80000000	0,92879873
600,00000000	0,93011465
600,20000000	0,93106417
600,40000000	0,93076993
600,60000000	0,93119861
600,80000000	0,93143095
601,00000000	0,93143557
601,20000000	0,93292019
601,40000000	0,93320130
601,60000000	0,93293835
601,80000000	0,93394528
602,00000000	0,93455896
602,20000000	0,93506408
602,40000000	0,93674985
602,60000000	0,93671466
602,80000000	0,93636261
603,00000000	0,93747923
603,20000000	0,93758298
603,40000000	0,93743683
603,60000000	0,93781206
603,80000000	0,93870909
604,00000000	0,93994574
604,20000000	0,94069676
604,40000000	0,94099594
604,60000000	0,94124454
604,80000000	0,94103564
605,00000000	0,94196643
605,20000000	0,94289263
605,40000000	0,94253984
605,60000000	0,94264500
605,80000000	0,94300338
606,00000000	0,94362842
606,20000000	0,94442870
606,40000000	0,94449355
606,60000000	0,94527497
606,80000000	0,94554639
607,00000000	0,94476189
607,20000000	0,94550010
607,40000000	0,94641213
607,60000000	0,94627297
607,80000000	0,94600547
608,00000000	0,94611971
608,20000000	0,94622953
608,40000000	0,94730601
608,60000000	0,94782476
608,80000000	0,94795611
609,00000000	0,94824873
609,20000000	0,94920039
609,40000000	0,94959704
609,60000000	0,95028465
609,80000000	0,95032381
610,00000000	0,95026656
610,20000000	0,95027921
610,40000000	0,95075695
610,60000000	0,95104852
610,80000000	0,95129083
611,00000000	0,95214021
611,20000000	0,95306738
611,40000000	0,95307745
611,60000000	0,95333544
611,80000000	0,95337962
612,00000000	0,95417817
612,20000000	0,95481132
612,40000000	0,95505454
612,60000000	0,95529475
612,80000000	0,95477845
613,00000000	0,95583155
613,20000000	0,95655773
613,40000000	0,95660977
613,60000000	0,95742535
613,80000000	0,95787397
614,00000000	0,95804834
614,20000000	0,95823556
614,40000000	0,95820833
614,60000000	0,95896975
614,80000000	0,95957319
615,00000000	0,95961326
615,20000000	0,95952220
615,40000000	0,95995548
615,60000000	0,96070724
615,80000000	0,96120661
616,00000000	0,96193929
616,20000000	0,96230954
616,40000000	0,96302583
616,60000000	0,96341617
616,80000000	0,96359998
617,00000000	0,96388975
617,20000000	0,96376520
617,40000000	0,96481661
617,60000000	0,96476865
617,80000000	0,96495232
618,00000000	0,96555305
618,20000000	0,96561706
618,40000000	0,96648522
618,60000000	0,96692621
618,80000000	0,96677242
619,00000000	0,96740562
619,20000000	0,96763904
619,40000000	0,96818970
619,60000000	0,96838712
619,80000000	0,96859249
620,00000000	0,96909267
620,20000000	0,96980363
620,40000000	0,97000252
620,60000000	0,97022312
620,80000000	0,97108571
621,00000000	0,97108741
621,20000000	0,97092442
621,40000000	0,97154144
621,60000000	0,97164390
621,80000000	0,97187892
622,00000000	0,97242216
622,20000000	0,97297595
622,40000000	0,97329688
622,60000000	0,97340555
622,80000000	0,97410104
623,00000000	0,97425237
623,20000000	0,97412907
623,40000000	0,97448273
623,60000000	0,97525649
623,80000000	0,97520890
624,00000000	0,97531135
624,20000000	0,97578765
624,40000000	0,97563314
624,60000000	0,97587696
624,80000000	0,97628975
625,00000000	0,97623855
625,20000000	0,97648246
625,40000000	0,97698258
625,60000000	0,97740309
625,80000000	0,97749888
626,00000000	0,97796960
626,20000000	0,97805382
626,40000000	0,97769997
626,60000000	0,97792836
626,80000000	0,97845199
627,00000000	0,97872218
627,20000000	0,97872812
627,40000000	0,97904411
627,60000000	0,97892116
627,80000000	0,97900510
628,00000000	0,97900884
628,20000000	0,97923383
628,40000000	0,97947967
628,60000000	0,97953258
628,80000000	0,97929575
629,00000000	0,97915028
629,20000000	0,97908980
629,40000000	0,97967670
629,60000000	0,97949338
629,80000000	0,98011560
630,00000000	0,98017249
630,20000000	0,98009253
630,40000000	0,97994882
630,60000000	0,98012359
630,80000000	0,98023450
631,00000000	0,98082263
631,20000000	0,98099602
631,40000000	0,98061333
631,60000000	0,98022769
631,80000000	0,98041678
632,00000000	0,98055951
632,20000000	0,98049659
632,40000000	0,98038331
632,60000000	0,98078396
632,80000000	0,98091461
633,00000000	0,98084855
633,20000000	0,98077952
633,40000000	0,98055010
633,60000000	0,98129501
633,80000000	0,98133487
634,00000000	0,98079931
634,20000000	0,98085537
634,40000000	0,98099593
634,60000000	0,98140057
634,80000000	0,98158185
635,00000000	0,98164365
635,20000000	0,98145919
635,40000000	0,98149158
635,60000000	0,98154627
635,80000000	0,98159573
636,00000000	0,98133499
636,20000000	0,98153789
636,40000000	0,98198389
636,60000000	0,98251941
636,80000000	0,98253785
637,00000000	0,98246029
637,20000000	0,98212476
637,40000000	0,98214000
637,60000000	0,98212673
637,80000000	0,98245707
638,00000000	0,98256532
638,20000000	0,98285271
638,40000000	0,98294413
638,60000000	0,98295361
638,80000000	0,98315223
639,00000000	0,98328877
639,20000000	0,98287190
639,40000000	0,98337736
639,60000000	0,98381899
639,80000000	0,98413494
640,00000000	0,98404492
640,20000000	0,98381702
640,40000000	0,98414880
640,60000000	0,98447185
640,80000000	0,98485328
641,00000000	0,98489891
641,20000000	0,98505714
641,40000000	0,98549090
641,60000000	0,98542037
641,80000000	0,98572397
642,00000000	0,98531357
642,20000000	0,98543636
642,40000000	0,98633122
642,60000000	0,98701672
642,80000000	0,98667327
643,00000000	0,98606170
643,20000000	0,98647776
643,40000000	0,98699711
643,60000000	0,98725183
643,80000000	0,98761766
644,00000000	0,98722504
644,20000000	0,98766261
644,40000000	0,98847107
644,60000000	0,98829001
644,80000000	0,98837120
645,00000000	0,98858779
645,20000000	0,98889455
645,40000000	0,98934430
645,60000000	0,98950027
645,80000000	0,98900061
646,00000000	0,98914463
646,20000000	0,99035016
646,40000000	0,99037287
646,60000000	0,99001308
646,80000000	0,99018549
647,00000000	0,99034377
647,20000000	0,99124719
647,40000000	0,99117523
647,60000000	0,99103339
647,80000000	0,99135572
648,00000000	0,99163099
648,20000000	0,99180460
648,40000000	0,99182375
648,60000000	0,99182873
648,80000000	0,99204605
649,00000000	0,99181643
649,20000000	0,99214394
649,40000000	0,99215500
649,60000000	0,99263871
649,80000000	0,99299412
650,00000000	0,99303215
650,20000000	0,99279593
650,40000000	0,99306422
650,60000000	0,99287912
650,80000000	0,99341822
651,00000000	0,99335424
651,20000000	0,99352832
651,40000000	0,99351254
651,60000000	0,99368140
651,80000000	0,99364126
652,00000000	0,99364737
652,20000000	0,99358160
652,40000000	0,99375619
652,60000000	0,99386646
652,80000000	0,99430016
653,00000000	0,99411391
653,20000000	0,99392647
653,40000000	0,99415414
653,60000000	0,99407237
653,80000000	0,99415030
654,00000000	0,99437376
654,20000000	0,99396313
654,40000000	0,99395005
654,60000000	0,99366987
654,80000000	0,99357461
655,00000000	0,99409263
655,20000000	0,99406283
655,40000000	0,99416754
655,60000000	0,99381094
655,80000000	0,99370318
656,00000000	0,99371685
656,20000000	0,99377414
656,40000000	0,99383708
656,60000000	0,99320875
656,80000000	0,99308714
657,00000000	0,99360486
657,20000000	0,99349593
657,40000000	0,99368420
657,60000000	0,99319698
657,80000000	0,99254194
658,00000000	0,99298535
658,20000000	0,99294607
658,40000000	0,99286112
658,60000000	0,99258376
658,80000000	0,99240292
659,00000000	0,99254183
659,20000000	0,99199520
659,40000000	0,99218864
659,60000000	0,99181943
659,80000000	0,99214472
660,00000000	0,99232724
660,20000000	0,99179316
660,40000000	0,99195770
660,60000000	0,99156724
660,80000000	0,99150655
661,00000000	0,99138523
661,20000000	0,99124201
661,40000000	0,99153372
661,60000000	0,99131278
661,80000000	0,99135162
662,00000000	0,99149889
662,20000000	0,99132308
662,40000000	0,99092844
662,60000000	0,99060930
662,80000000	0,99042108
663,00000000	0,99062578
663,20000000	0,99076329
663,40000000	0,99095938
663,60000000	0,99065873
663,80000000	0,99061801
664,00000000	0,99080386
664,20000000	0,99080807
664,40000000	0,99088599
664,60000000	0,99039640
664,80000000	0,99029940
665,00000000	0,99040799
665,20000000	0,98999176
665,40000000	0,98984812
665,60000000	0,98985948
665,80000000	0,99008144
666,00000000	0,98990119
666,20000000	0,99026986
666,40000000	0,99079338
666,60000000	0,98970784
666,80000000	0,98954606
667,00000000	0,99004554
667,20000000	0,98986467
667,40000000	0,99033733
667,60000000	0,98987541
667,80000000	0,99020710
668,00000000	0,99101490
668,20000000	0,99073390
668,40000000	0,99079271
668,60000000	0,99009184
668,80000000	0,99028644
669,00000000	0,99032210
669,20000000	0,98970568
669,40000000	0,99024593
669,60000000	0,99038821
669,80000000	0,99082644
670,00000000	0,99035105
670,20000000	0,99004877
670,40000000	0,99089814
670,60000000	0,99043930
670,80000000	0,99051828
671,00000000	0,99075960
671,20000000	0,99087200
671,40000000	0,99125999
671,60000000	0,99093449
671,80000000	0,99145413
672,00000000	0,99177554
672,20000000	0,99176170
672,40000000	0,99179546
672,60000000	0,99084061
672,80000000	0,99160407
673,00000000	0,99198620
673,20000000	0,99199581
673,40000000	0,99184325
673,60000000	0,99143505
673,80000000	0,99247296
674,00000000	0,99213957
674,20000000	0,99181610
674,40000000	0,99252393
674,60000000	0,99242036
674,80000000	0,99318087
675,00000000	0,99296674
675,20000000	0,99323585
675,40000000	0,99359094
675,60000000	0,99304569
675,80000000	0,99343953
676,00000000	0,99272327
676,20000000	0,99343140
676,40000000	0,99377965
676,60000000	0,99328009
676,80000000	0,99391712
677,00000000	0,99369288
677,20000000	0,99383793
677,40000000	0,99360910
677,60000000	0,99327458
677,80000000	0,99393142
678,00000000	0,99365543
678,20000000	0,99382488
678,40000000	0,99393500
678,60000000	0,99362728
678,80000000	0,99440913
679,00000000	0,99385058
679,20000000	0,99415632
679,40000000	0,99444658
679,60000000	0,99425226
679,80000000	0,99486384
680,00000000	0,99419820
680,20000000	0,99476452
680,40000000	0,99455591
680,60000000	0,99436258
680,80000000	0,99493782
681,00000000	0,99428498
681,20000000	0,99464050
681,40000000	0,99473537
681,60000000	0,99502012
681,80000000	0,99533742
682,00000000	0,99486160
682,20000000	0,99501420
682,40000000	0,99474594
682,60000000	0,99509963
682,80000000	0,99521636
683,00000000	0,99492153
683,20000000	0,99506288
683,40000000	0,99529506
683,60000000	0,99560822
683,80000000	0,99580478
684,00000000	0,99557527
684,20000000	0,99595742
684,40000000	0,99548489
684,60000000	0,99554461
684,80000000	0,99553080
685,00000000	0,99527910
685,20000000	0,99562919
685,40000000	0,99558397
685,60000000	0,99568450
685,80000000	0,99585093
686,00000000	0,99572916
686,20000000	0,99574981
686,40000000	0,99533712
686,60000000	0,99571499
686,80000000	0,99553127
687,00000000	0,99529104
687,20000000	0,99596097
687,40000000	0,99570261
687,60000000	0,99547751
687,80000000	0,99545779
688,00000000	0,99548274
688,20000000	0,99573414
688,40000000	0,99554732
688,60000000	0,99567055
688,80000000	0,99545150
689,00000000	0,99602339
689,20000000	0,99587950
689,40000000	0,99535552
689,60000000	0,99562316
689,80000000	0,99546667
690,00000000	0,99576270
690,20000000	0,99573302
690,40000000	0,99574112
690,60000000	0,99612978
690,80000000	0,99576491
691,00000000	0,99603345
691,20000000	0,99607267
691,40000000	0,99607007
691,60000000	0,99600751
691,80000000	0,99564916
692,00000000	0,99623035
692,20000000	0,99582612
692,40000000	0,99571140
692,60000000	0,99574777
692,80000000	0,99609671
693,00000000	0,99650454
693,20000000	0,99609302
693,40000000	0,99612513
693,60000000	0,99650067
693,80000000	0,99655800
694,00000000	0,99649933
694,20000000	0,99600136
694,40000000	0,99638138
694,60000000	0,99651198
694,80000000	0,99648281
695,00000000	0,99625880
695,20000000	0,99624808
695,40000000	0,99683754
695,60000000	0,99648005
695,80000000	0,99667234
696,00000000	0,99659917
696,20000000	0,99671880
696,40000000	0,99686638
696,60000000	0,99645752
696,80000000	0,99679419
697,00000000	0,99682232
697,20000000	0,99675924
697,40000000	0,99686439
697,60000000	0,99684772
697,80000000	0,99716395
698,00000000	0,99712410
698,20000000	0,99709551
698,40000000	0,99728331
698,60000000	0,99735246
698,80000000	0,99758513
699,00000000	0,99741245
699,20000000	0,99761745
699,40000000	0,99759574
699,60000000	0,99760439
699,80000000	0,99778146
700,00000000	0,99769174
700,20000000	0,99793304
700,40000000	0,99789806
700,60000000	0,99800100
700,80000000	0,99810320
701,00000000	0,99800340
701,20000000	0,99819628
701,40000000	0,99819024
701,60000000	0,99779766
701,80000000	0,99792461
702,00000000	0,99823203
702,20000000	0,99816291
702,40000000	0,99819164
702,60000000	0,99819076
702,80000000	0,99836193
703,00000000	0,99859420
703,20000000	0,99840914
703,40000000	0,99843308
703,60000000	0,99868185
703,80000000	0,99848468
704,00000000	0,99843221
704,20000000	0,99858563
704,40000000	0,99869613
704,60000000	0,99885717
704,80000000	0,99874941
705,00000000	0,99883249
705,20000000	0,99900994
705,40000000	0,99904275
705,60000000	0,99890014
705,80000000	0,99885039
706,00000000	0,99897020
706,20000000	0,99903490
706,40000000	0,99886159
706,60000000	0,99862061
706,80000000	0,99886404
707,00000000	0,99913919
707,20000000	0,99899659
707,40000000	0,99910964
707,60000000	0,99921994
707,80000000	0,99908691
708,00000000	0,99885750
708,20000000	0,99889687
708,40000000	0,99894043
708,60000000	0,99909460
708,80000000	0,99882617
709,00000000	0,99883595
709,20000000	0,99888632
709,40000000	0,99907951
709,60000000	0,99887225
709,80000000	0,99885083
710,00000000	0,99905361
710,20000000	0,99910236
710,40000000	0,99890010
710,60000000	0,99881812
710,80000000	0,99878057
711,00000000	0,99885047
711,20000000	0,99868807
711,40000000	0,99872209
711,60000000	0,99875145
711,80000000	0,99900328
712,00000000	0,99876479
712,20000000	0,99867162
712,40000000	0,99885146
712,60000000	0,99874681
712,80000000	0,99879687
713,00000000	0,99857568
713,20000000	0,99864707
713,40000000	0,99861955
713,60000000	0,99857863
713,80000000	0,99851932
714,00000000	0,99859859
714,20000000	0,99858552
714,40000000	0,99838650
714,60000000	0,99844454
714,80000000	0,99850184
715,00000000	0,99846635
715,20000000	0,99827012
715,40000000	0,99810771
715,60000000	0,99834264
715,80000000	0,99814877
716,00000000	0,99813181
716,20000000	0,99814253
716,40000000	0,99796128
716,60000000	0,99825705
716,80000000	0,99817649
717,00000000	0,99805899
717,20000000	0,99799210
717,40000000	0,99802895
717,60000000	0,99834988
717,80000000	0,99813167
718,00000000	0,99821762
718,20000000	0,99817930
718,40000000	0,99806569
718,60000000	0,99813349
718,80000000	0,99814202
719,00000000	0,99803334
719,20000000	0,99816167
719,40000000	0,99826622
719,60000000	0,99785221
719,80000000	0,99802780
720,00000000	0,99772334
720,20000000	0,99792985
720,40000000	0,99816216
720,60000000	0,99779750
720,80000000	0,99791291
721,00000000	0,99789995
721,20000000	0,99764474
721,40000000	0,99772173
721,60000000	0,99772566
721,80000000	0,99795594
722,00000000	0,99794362
722,20000000	0,99795364
722,40000000	0,99803161
722,60000000	0,99812130
722,80000000	0,99791070
723,00000000	0,99768674
723,20000000	0,99756204
723,40000000	0,99773255
723,60000000	0,99788766
723,80000000	0,99783101
724,00000000	0,99806965
724,20000000	0,99797923
724,40000000	0,99764001
724,60000000	0,99791290
724,80000000	0,99798283
725,00000000	0,99782745
725,20000000	0,99774751
725,40000000	0,99777147
725,60000000	0,99796069
725,80000000	0,99778201
726,00000000	0,99801972
726,20000000	0,99803955
726,40000000	0,99794099
726,60000000	0,99772001
726,80000000	0,99792091
727,00000000	0,99776910
727,20000000	0,99791309
727,40000000	0,99799181
727,60000000	0,99781609
727,80000000	0,99810932
728,00000000	0,99809319
728,20000000	0,99811883
728,40000000	0,99808307
728,60000000	0,99808542
728,80000000	0,99805971
729,00000000	0,99815620
729,20000000	0,99797366
729,40000000	0,99826981
729,60000000	0,99826307
729,80000000	0,99818825
730,00000000	0,99825235
730,20000000	0,99823022
730,40000000	0,99816008
730,60000000	0,99829052
730,80000000	0,99814005
731,00000000	0,99817387
731,20000000	0,99837093
731,40000000	0,99818996
731,60000000	0,99828321
731,80000000	0,99817964
732,00000000	0,99850561
732,20000000	0,99844928
732,40000000	0,99838445
732,60000000	0,99827618
732,80000000	0,99856114
733,00000000	0,99847132
733,20000000	0,99842852
733,40000000	0,99836922
733,60000000	0,99872135
733,80000000	0,99870205
734,00000000	0,99846076
734,20000000	0,99861155
734,40000000	0,99848212
734,60000000	0,99849863
734,80000000	0,99850859
735,00000000	0,99869050
735,20000000	0,99862092
735,40000000	0,99859565
735,60000000	0,99850012
735,80000000	0,99889017
736,00000000	0,99875415
736,20000000	0,99865116
736,40000000	0,99862419
736,60000000	0,99900365
736,80000000	0,99899989
737,00000000	0,99888898
737,20000000	0,99881551
737,40000000	0,99896423
737,60000000	0,99897620
737,80000000	0,99894531
738,00000000	0,99896794
738,20000000	0,99904191
738,40000000	0,99903038
738,60000000	0,99899732
738,80000000	0,99901570
739,00000000	0,99904966
739,20000000	0,99912436
739,40000000	0,99891309
739,60000000	0,99906970
739,80000000	0,99894903
740,00000000	0,99905821
740,20000000	0,99916166
740,40000000	0,99919990
740,60000000	0,99914082
740,80000000	0,99922261
741,00000000	0,99932716
741,20000000	0,99930618
741,40000000	0,99921842
741,60000000	0,99930435
741,80000000	0,99934734
742,00000000	0,99936394
742,20000000	0,99923625
742,40000000	0,99929366
742,60000000	0,99937286
742,80000000	0,99935922
743,00000000	0,99935366
743,20000000	0,99932710
743,40000000	0,99939890
743,60000000	0,99915962
743,80000000	0,99932408
744,00000000	0,99930793
744,20000000	0,99938096
744,40000000	0,99940948
744,60000000	0,99929764
744,80000000	0,99931056
745,00000000	0,99932287
745,20000000	0,99938871
745,40000000	0,99936260
745,60000000	0,99940153
745,80000000	0,99935900
746,00000000	0,99938731
746,20000000	0,99932577
746,40000000	0,99931087
746,60000000	0,99932368
746,80000000	0,99932534
747,00000000	0,99932438
747,20000000	0,99928841
747,40000000	0,99937612
747,60000000	0,99932434
747,80000000	0,99929585
748,00000000	0,99926536
748,20000000	0,99926511
748,40000000	0,99922900
748,60000000	0,99916275
748,80000000	0,99912105
749,00000000	0,99912782
749,20000000	0,99913080
749,40000000	0,99911771
749,60000000	0,99913021
749,80000000	0,99903624
750,00000000	0,99907015
750,20000000	0,99898941
750,40000000	0,99893043
750,60000000	0,99895763
750,80000000	0,99897391
751,00000000	0,99887841
751,20000000	0,99869780
751,40000000	0,99872844
751,60000000	0,99880807
751,80000000	0,99865890
752,00000000	0,99864034
752,20000000	0,99876158
752,40000000	0,99862361
752,60000000	0,99859297
752,80000000	0,99874427
753,00000000	0,99860937
753,20000000	0,99864403
753,40000000	0,99851173
753,60000000	0,99841338
753,80000000	0,99832215
754,00000000	0,99829673
754,20000000	0,99808107
754,40000000	0,99829840
754,60000000	0,99820022
754,80000000	0,99832703
755,00000000	0,99809574
755,20000000	0,99773193
755,40000000	0,99796912
755,60000000	0,99796709
755,80000000	0,99791582
756,00000000	0,99774778
756,20000000	0,99777348
756,40000000	0,99786995
756,60000000	0,99794143
756,80000000	0,99760392
757,00000000	0,99782801
757,20000000	0,99788740
757,40000000	0,99781411
757,60000000	0,99771206
757,80000000	0,99750421
758,00000000	0,99765821
758,20000000	0,99763418
758,40000000	0,99728140
758,60000000	0,99754282
758,80000000	0,99753164
759,00000000	0,99742530
759,20000000	0,99714886
759,40000000	0,99722803
759,60000000	0,99747992
759,80000000	0,99740414
760,00000000	0,99724579
760,20000000	0,99733504
760,40000000	0,99723020
760,60000000	0,99725922
760,80000000	0,99720881
761,00000000	0,99727561
761,20000000	0,99713756
761,40000000	0,99716906
761,60000000	0,99742350
761,80000000	0,99727659
762,00000000	0,99720846
762,20000000	0,99742614
762,40000000	0,99754098
762,60000000	0,99734764
762,80000000	0,99726921
763,00000000	0,99730156
763,20000000	0,99733682
763,40000000	0,99732094
763,60000000	0,99723528
763,80000000	0,99741574
764,00000000	0,99728883
764,20000000	0,99728489
764,40000000	0,99741718
764,60000000	0,99730831
764,80000000	0,99754661
765,00000000	0,99750229
765,20000000	0,99736127
765,40000000	0,99728764
765,60000000	0,99746028
765,80000000	0,99752837
766,00000000	0,99741141
766,20000000	0,99739479
766,40000000	0,99773608
766,60000000	0,99753388
766,80000000	0,99723902
767,00000000	0,99736707
767,20000000	0,99741028
767,40000000	0,99740737
767,60000000	0,99755625
767,80000000	0,99778209
768,00000000	0,99745073
768,20000000	0,99754317
768,40000000	0,99770394
768,60000000	0,99751791
768,80000000	0,99762043
769,00000000	0,99769924
769,20000000	0,99763083
769,40000000	0,99758067
769,60000000	0,99769597
769,80000000	0,99771275
770,00000000	0,99749912
770,20000000	0,99750380
770,40000000	0,99776719
770,60000000	0,99745480
770,80000000	0,99742481
771,00000000	0,99746824
771,20000000	0,99755427
771,40000000	0,99751793
771,60000000	0,99757758
771,80000000	0,99780450
772,00000000	0,99773297
772,20000000	0,99753245
772,40000000	0,99748872
772,60000000	0,99740836
772,80000000	0,99743848
773,00000000	0,99731188
773,20000000	0,99750079
773,40000000	0,99732808
773,60000000	0,99716008
773,80000000	0,99709353
774,00000000	0,99694320
774,20000000	0,99663620
774,40000000	0,99709547
774,60000000	0,99689831
774,80000000	0,99667426
775,00000000	0,99698651
775,20000000	0,99667552
775,40000000	0,99654329
775,60000000	0,99613971
775,80000000	0,99627981
776,00000000	0,99617493
776,20000000	0,99598559
776,40000000	0,99590138
776,60000000	0,99595424
776,80000000	0,99560036
777,00000000	0,99572116
777,20000000	0,99542398
777,40000000	0,99516524
777,60000000	0,99518476
777,80000000	0,99494356
778,00000000	0,99531039
778,20000000	0,99454827
778,40000000	0,99490751
778,60000000	0,99462067
778,80000000	0,99409323
779,00000000	0,99449040
779,20000000	0,99430477
779,40000000	0,99403664
779,60000000	0,99407411
779,80000000	0,99365810
780,00000000	0,99361835
780,20000000	0,99319488
780,40000000	0,99301852
780,60000000	0,99285735
780,80000000	0,99251018
781,00000000	0,99257172
781,20000000	0,99258668
781,40000000	0,99188144
781,60000000	0,99217374
781,80000000	0,99234397
782,00000000	0,99159817
782,20000000	0,99113350
782,40000000	0,99104061
782,60000000	0,99114750
782,80000000	0,99070349
783,00000000	0,99059320
783,20000000	0,99041064
783,40000000	0,99029101
783,60000000	0,98933722
783,80000000	0,98902099
784,00000000	0,98956338
784,20000000	0,98925245
784,40000000	0,98904354
784,60000000	0,98934415
784,80000000	0,98894892
785,00000000	0,98872914
785,20000000	0,98862583
785,40000000	0,98888163
785,60000000	0,98784475
785,80000000	0,98777083
786,00000000	0,98803175
786,20000000	0,98755861
786,40000000	0,98683961
786,60000000	0,98743484
786,80000000	0,98725822
787,00000000	0,98653874
787,20000000	0,98593968
787,40000000	0,98677694
787,60000000	0,98678204
787,80000000	0,98556182
788,00000000	0,98641889
788,20000000	0,98649523
788,40000000	0,98567896
788,60000000	0,98551002
788,80000000	0,98585763
789,00000000	0,98494128
789,20000000	0,98488117
789,40000000	0,98517071
789,60000000	0,98470720
789,80000000	0,98424030
790,00000000	0,98560741
790,20000000	0,98440500
790,40000000	0,98453915
790,60000000	0,98369487
790,80000000	0,98421543
791,00000000	0,98459760
791,20000000	0,98400062
791,40000000	0,98389450
791,60000000	0,98390895
791,80000000	0,98388883
792,00000000	0,98331467
792,20000000	0,98317212
792,40000000	0,98403050
792,60000000	0,98347427
792,80000000	0,98276251
793,00000000	0,98348474
793,20000000	0,98294659
793,40000000	0,98251233
793,60000000	0,98259243
793,80000000	0,98275326
794,00000000	0,98300885
794,20000000	0,98291193
794,40000000	0,98308196
794,60000000	0,98261911
794,80000000	0,98321950
795,00000000	0,98277101
795,20000000	0,98250648
795,40000000	0,98218075
795,60000000	0,98238668
795,80000000	0,98226869
796,00000000	0,98248777
796,20000000	0,98251031
796,40000000	0,98295282
796,60000000	0,98214618
796,80000000	0,98234570
797,00000000	0,98244725
797,20000000	0,98256303
797,40000000	0,98226804
797,60000000	0,98212557
797,80000000	0,98240707
798,00000000	0,98232899
798,20000000	0,98245524
798,40000000	0,98203589
798,60000000	0,98171402
798,80000000	0,98259537
799,00000000	0,98231761
799,20000000	0,98144638
799,40000000	0,98182472
799,60000000	0,98199162
799,80000000	0,98186448
800,00000000	0,98150126
800,20000000	0,98110868
800,40000000	0,98255303
800,60000000	0,98271343
800,80000000	0,98201408
801,00000000	0,98157839
801,20000000	0,98170039
801,40000000	0,98186050
801,60000000	0,98197819
801,80000000	0,98141875
802,00000000	0,98213529
802,20000000	0,98164961
802,40000000	0,98100568
802,60000000	0,98125770
802,80000000	0,98134923
803,00000000	0,98154088
803,20000000	0,98101531
803,40000000	0,98195590
803,60000000	0,98098017
803,80000000	0,98111140
804,00000000	0,98147218
804,20000000	0,98006030
804,40000000	0,98026268
804,60000000	0,98147265
804,80000000	0,97960448
805,00000000	0,98014807
805,20000000	0,98066370
805,40000000	0,98015166
805,60000000	0,97970873
805,80000000	0,97953737
806,00000000	0,98042308
806,20000000	0,97988165
806,40000000	0,97976239
806,60000000	0,97916322
806,80000000	0,97938725
807,00000000	0,97970968
807,20000000	0,97847684
807,40000000	0,97869455
807,60000000	0,97870595
807,80000000	0,97884300
808,00000000	0,97894544
808,20000000	0,97985122
808,40000000	0,97834545
808,60000000	0,97877826
808,80000000	0,97781466
809,00000000	0,97811700
809,20000000	0,97741482
809,40000000	0,97790924
809,60000000	0,97770869
809,80000000	0,97710782
810,00000000	0,97732127
810,20000000	0,97694001
810,40000000	0,97689780
810,60000000	0,97682381
810,80000000	0,97629005
811,00000000	0,97614207
811,20000000	0,97565202
811,40000000	0,97449181
811,60000000	0,97597098
811,80000000	0,97419266
812,00000000	0,97520153
812,20000000	0,97560560
812,40000000	0,97475137
812,60000000	0,97500910
812,80000000	0,97499079
813,00000000	0,97462162
813,20000000	0,97443834
813,40000000	0,97428674
813,60000000	0,97566592
813,80000000	0,97225445
814,00000000	0,97198726
814,20000000	0,97315499
814,40000000	0,97267787
814,60000000	0,97277404
814,80000000	0,97201524
815,00000000	0,97284289
815,20000000	0,97179798
815,40000000	0,97098937
815,60000000	0,97236911
815,80000000	0,97015824
816,00000000	0,97043859
816,20000000	0,97030728
816,40000000	0,97086114
816,60000000	0,96914520
816,80000000	0,96983846
817,00000000	0,97043847
817,20000000	0,96852277
817,40000000	0,96885078
817,60000000	0,97010608
817,80000000	0,96825309
818,00000000	0,96913316
818,20000000	0,96915605
818,40000000	0,96824803
818,60000000	0,96736666
818,80000000	0,96668684
819,00000000	0,96684545
819,20000000	0,96448794
819,40000000	0,96539851
819,60000000	0,96618968
819,80000000	0,96375902
820,00000000	0,96379216
820,20000000	0,96510814
820,40000000	0,96487184
820,60000000	0,96292990
820,80000000	0,96415407
821,00000000	0,96383648
821,20000000	0,96110262
821,40000000	0,96130857
821,60000000	0,96146996
821,80000000	0,96083536
822,00000000	0,96069095
822,20000000	0,95992477
822,40000000	0,95966117
822,60000000	0,95875642
822,80000000	0,95856521
823,00000000	0,95993637
823,20000000	0,95873686
823,40000000	0,95667454
823,60000000	0,95884359
823,80000000	0,95598300
824,00000000	0,95525621
824,20000000	0,95599577
824,40000000	0,95888972
824,60000000	0,95416579
824,80000000	0,95553423
825,00000000	0,95597230
825,20000000	0,95239632
825,40000000	0,95403917
825,60000000	0,95378202
825,80000000	0,95377089
826,00000000	0,95010196
826,20000000	0,95198730
826,40000000	0,95155020
826,60000000	0,95053081
826,80000000	0,95105195
827,00000000	0,94988299
827,20000000	0,94914996
827,40000000	0,95036899
827,60000000	0,94998452
827,80000000	0,94747390
828,00000000	0,94735267
828,20000000	0,94929066
828,40000000	0,94635679
828,60000000	0,94554218
828,80000000	0,94569121
829,00000000	0,94417399
829,20000000	0,94388932
829,40000000	0,94459980
829,60000000	0,94471328
829,80000000	0,94425703
830,00000000	0,94397024
830,20000000	0,94297297
830,40000000	0,94005766
830,60000000	0,94086002
830,80000000	0,94176486
831,00000000	0,93895635
831,20000000	0,94028056
831,40000000	0,93917179
831,60000000	0,94071582
831,80000000	0,94004096
832,00000000	0,93875629
832,20000000	0,93764843
832,40000000	0,93769547
832,60000000	0,93864019
832,80000000	0,93716393
833,00000000	0,93606357
833,20000000	0,93600195
833,40000000	0,93655962
833,60000000	0,93703748
833,80000000	0,93526082
834,00000000	0,93577118
834,20000000	0,93702975
834,40000000	0,93544260
834,60000000	0,93519570
834,80000000	0,93608520
835,00000000	0,93684697
835,20000000	0,93572082
835,40000000	0,93519249
835,60000000	0,93623334
835,80000000	0,93495452
836,00000000	0,93588840
836,20000000	0,93547947
836,40000000	0,93528913
836,60000000	0,93560651
836,80000000	0,93629659
837,00000000	0,93511024
837,20000000	0,93282651
837,40000000	0,93481285
837,60000000	0,93541757
837,80000000	0,93503420
838,00000000	0,93592853
838,20000000	0,93526911
838,40000000	0,93415569
838,60000000	0,93725139
838,80000000	0,93565125
839,00000000	0,93513157
839,20000000	0,93738747
839,40000000	0,93599017
839,60000000	0,93637480
839,80000000	0,93792014
840,00000000	0,93645189
840,20000000	0,93718239
840,40000000	0,93793202
840,60000000	0,93826519
840,80000000	0,93746029
841,00000000	0,93801863
841,20000000	0,93973922
841,40000000	0,93873053
841,60000000	0,93858739
841,80000000	0,94018911
842,00000000	0,93950910
842,20000000	0,94008034
842,40000000	0,94004110
842,60000000	0,94038383
842,80000000	0,94198363
843,00000000	0,94355640
843,20000000	0,94239409
843,40000000	0,94296316
843,60000000	0,94537886
843,80000000	0,94523989
844,00000000	0,94662210
844,20000000	0,94648452
844,40000000	0,94618044
844,60000000	0,94799516
844,80000000	0,94918949
845,00000000	0,94844847
845,20000000	0,95081357
845,40000000	0,95105107
845,60000000	0,95156385
845,80000000	0,95233100
846,00000000	0,95295911
846,20000000	0,95562448
846,40000000	0,95571122
846,60000000	0,95501063
846,80000000	0,95652851
847,00000000	0,95707891
847,20000000	0,95827851
847,40000000	0,95869737
847,60000000	0,95874987
847,80000000	0,96071024
848,00000000	0,96074502
848,20000000	0,95991043
848,40000000	0,96192218
848,60000000	0,96183247
848,80000000	0,96296937
849,00000000	0,96295238
849,20000000	0,96262121
849,40000000	0,96509192
849,60000000	0,96444263
849,80000000	0,96420742
850,00000000	0,96533208
850,20000000	0,96605629
850,40000000	0,96466157
850,60000000	0,96606891
850,80000000	0,96679398
851,00000000	0,96790358
851,20000000	0,96806137
851,40000000	0,96978895
851,60000000	0,97006230
851,80000000	0,97078239
852,00000000	0,97106835
852,20000000	0,97066862
852,40000000	0,97086546
852,60000000	0,97218756
852,80000000	0,97351425
853,00000000	0,97352073
853,20000000	0,97396174
853,40000000	0,97478826
853,60000000	0,97489293
853,80000000	0,97480382
854,00000000	0,97552797
854,20000000	0,97605067
854,40000000	0,97626666
854,60000000	0,97632308
854,80000000	0,97648201
855,00000000	0,97792725
855,20000000	0,97835136
855,40000000	0,97772686
855,60000000	0,97800120
855,80000000	0,97873590
856,00000000	0,97898043
856,20000000	0,97934180
856,40000000	0,97866912
856,60000000	0,97895979
856,80000000	0,97957892
857,00000000	0,97852177
857,20000000	0,97887619
857,40000000	0,97938819
857,60000000	0,97906037
857,80000000	0,97974754
858,00000000	0,97892790
858,20000000	0,97879286
858,40000000	0,97841616
858,60000000	0,97980657
858,80000000	0,97904854
859,00000000	0,97913541
859,20000000	0,97897011
859,40000000	0,97976484
859,60000000	0,97805590
859,80000000	0,97800841
860,00000000	0,97833497
860,20000000	0,97810880
860,40000000	0,97824485
860,60000000	0,97776815
860,80000000	0,97717025
861,00000000	0,97784311
861,20000000	0,97692867
861,40000000	0,97703598
861,60000000	0,97731989
861,80000000	0,97708929
862,00000000	0,97680902
862,20000000	0,97641289
862,40000000	0,97685109
862,60000000	0,97698493
862,80000000	0,97557086
863,00000000	0,97488004
863,20000000	0,97449431
863,40000000	0,97533687
863,60000000	0,97491876
863,80000000	0,97406669
864,00000000	0,97378531
864,20000000	0,97424183
864,40000000	0,97373395
864,60000000	0,97263788
864,80000000	0,97252488
865,00000000	0,97228802
865,20000000	0,97240258
865,40000000	0,97127107
865,60000000	0,97256768
865,80000000	0,97184313
866,00000000	0,97127706
866,20000000	0,97111331
866,40000000	0,97108847
866,60000000	0,97100833
866,80000000	0,96918574
867,00000000	0,96877189
867,20000000	0,96916006
867,40000000	0,96889248
867,60000000	0,96960415
867,80000000	0,96812214
868,00000000	0,96779874
868,20000000	0,96795321
868,40000000	0,96756991
868,60000000	0,96562696
868,80000000	0,96692712
869,00000000	0,96608854
869,20000000	0,96604810
869,40000000	0,96521134
869,60000000	0,96484333
869,80000000	0,96468345
870,00000000	0,96478691
870,20000000	0,96348863
870,40000000	0,96320254
870,60000000	0,96432297
870,80000000	0,96363254
871,00000000	0,96317892
871,20000000	0,96298308
871,40000000	0,96265276
871,60000000	0,96275309
871,80000000	0,96282949
872,00000000	0,96141497
872,20000000	0,96117669
872,40000000	0,96195230
872,60000000	0,96067948
872,80000000	0,95952364
873,00000000	0,96099455
873,20000000	0,96122944
873,40000000	0,95958062
873,60000000	0,95998124
873,80000000	0,95907154
874,00000000	0,95975910
874,20000000	0,95898296
874,40000000	0,95738904
874,60000000	0,95653591
874,80000000	0,95709643
875,00000000	0,95708846
875,20000000	0,95607660
875,40000000	0,95616557
875,60000000	0,95659165
875,80000000	0,95580586
876,00000000	0,95583089
876,20000000	0,95576754
876,40000000	0,95473009
876,60000000	0,95434324
876,80000000	0,95341588
877,00000000	0,95385193
877,20000000	0,95434726
877,40000000	0,95218071
877,60000000	0,95084092
877,80000000	0,95206756
878,00000000	0,95319188
878,20000000	0,95179238
878,40000000	0,95224593
878,60000000	0,95223583
878,80000000	0,95061260
879,00000000	0,95124921
879,20000000	0,94978650
879,40000000	0,95005689
879,60000000	0,94895849
879,80000000	0,94883199
880,00000000	0,94820680
880,20000000	0,94686918
880,40000000	0,94686913
880,60000000	0,94684636
880,80000000	0,94700515
881,00000000	0,94552839
881,20000000	0,94663847
881,40000000	0,94666037
881,60000000	0,94592416
881,80000000	0,94413884
882,00000000	0,94369226
882,20000000	0,94430213
882,40000000	0,94360810
882,60000000	0,94295095
882,80000000	0,94338280
883,00000000	0,94354055
883,20000000	0,94196744
883,40000000	0,94201816
883,60000000	0,94174638
883,80000000	0,94168989
884,00000000	0,94247876
884,20000000	0,93895255
884,40000000	0,93872206
884,60000000	0,94030186
884,80000000	0,93945686
885,00000000	0,93824055
885,20000000	0,93866560
885,40000000	0,93998206
885,60000000	0,93840352
885,80000000	0,93799223
886,00000000	0,93697144
886,20000000	0,93661867
886,40000000	0,93696815
886,60000000	0,93747410
886,80000000	0,93686068
887,00000000	0,93678867
887,20000000	0,93539402
887,40000000	0,93482435
887,60000000	0,93426683
887,80000000	0,93424484
888,00000000	0,93505479
888,20000000	0,93273573
888,40000000	0,93510545
888,60000000	0,93334267
888,80000000	0,93484622
889,00000000	0,93413909
889,20000000	0,93343149
889,40000000	0,93239900
889,60000000	0,93186789
889,80000000	0,93221714
890,00000000	0,93292739
890,20000000	0,93390183
890,40000000	0,93227621
890,60000000	0,93343100
890,80000000	0,93303460
891,00000000	0,93063731
891,20000000	0,93202657
891,40000000	0,93279483
891,60000000	0,93221472
891,80000000	0,93268810
892,00000000	0,93269856
892,20000000	0,93359433
892,40000000	0,93263952
892,60000000	0,93281965
892,80000000	0,93335964
893,00000000	0,93419825
893,20000000	0,93225155
893,40000000	0,93214598
893,60000000	0,93300427
893,80000000	0,93200377
894,00000000	0,93282314
894,20000000	0,93292390
894,40000000	0,93436225
894,60000000	0,93454455
894,80000000	0,93363087
895,00000000	0,93467799
895,20000000	0,93512857
895,40000000	0,93624510
895,60000000	0,93320003
895,80000000	0,93392549
896,00000000	0,93526973
896,20000000	0,93576002
896,40000000	0,93493793
896,60000000	0,93564367
896,80000000	0,93589140
897,00000000	0,93665210
897,20000000	0,93624406
897,40000000	0,93667811
897,60000000	0,93677473
897,80000000	0,93675539
898,00000000	0,93769024
898,20000000	0,93891744
898,40000000	0,93935531
898,60000000	0,93929638
898,80000000	0,93908741
899,00000000	0,93849872
899,20000000	0,94018674
899,40000000	0,94064126
899,60000000	0,94015723
899,80000000	0,94031918
900,00000000	0,94045695
