200,00000000	0,90716417
200,20000000	0,24427807
200,40000000	0,94687268
200,60000000	0,88232842
200,80000000	0,92285343
201,00000000	0,80676975
201,20000000	0,66695512
201,40000000	0,82976856
201,60000000	0,91371157
201,80000000	0,82483416
202,00000000	0,85566033
202,20000000	0,93227646
202,40000000	0,59086467
202,60000000	0,35819435
202,80000000	0,90836950
203,00000000	0,80876584
203,20000000	0,78403261
203,40000000	0,94533047
203,60000000	0,93291570
203,80000000	0,84994371
204,00000000	0,86680136
204,20000000	0,96135537
204,40000000	0,89744335
204,60000000	0,39140355
204,80000000	0,95948634
205,00000000	0,83731461
205,20000000	0,96098197
205,40000000	0,64626384
205,60000000	0,77922805
205,80000000	0,94616679
206,00000000	0,76238073
206,20000000	0,69280993
206,40000000	0,97626819
206,60000000	0,94911443
206,80000000	0,98377774
207,00000000	0,98437016
207,20000000	0,89248756
207,40000000	0,69307500
207,60000000	0,94915842
207,80000000	0,87206672
208,00000000	0,97171490
208,20000000	0,79000093
208,40000000	0,95861115
208,60000000	0,99827660
208,80000000	0,73886883
209,00000000	-0,66065473
209,20000000	0,83886012
209,40000000	0,97145052
209,60000000	0,82849228
209,80000000	0,84083335
210,00000000	0,98392594
210,20000000	0,86777192
210,40000000	0,87997293
210,60000000	0,67725977
210,80000000	0,97266326
211,00000000	0,84372151
211,20000000	0,93004354
211,40000000	0,80243652
211,60000000	0,93974818
211,80000000	0,87413208
212,00000000	0,96615018
212,20000000	0,57114294
212,40000000	0,88220955
212,60000000	0,93190065
212,80000000	0,69707852
213,00000000	0,92713566
213,20000000	0,88869347
213,40000000	0,85428557
213,60000000	0,99658892
213,80000000	0,59438765
214,00000000	0,91164166
214,20000000	0,91858918
214,40000000	0,69389502
214,60000000	0,74418588
214,80000000	0,93609009
215,00000000	0,87648083
215,20000000	0,70225753
215,40000000	0,97248247
215,60000000	0,96649044
215,80000000	0,75606898
216,00000000	0,94962658
216,20000000	0,70673503
216,40000000	0,86295676
216,60000000	0,76523849
216,80000000	0,99439417
217,00000000	0,90399200
217,20000000	0,88944832
217,40000000	0,94504989
217,60000000	0,92988888
217,80000000	0,90270223
218,00000000	0,41532996
218,20000000	0,87924957
218,40000000	0,94376492
218,60000000	0,32800324
218,80000000	0,75334294
219,00000000	0,99605703
219,20000000	0,74852393
219,40000000	0,85842604
219,60000000	0,73870497
219,80000000	0,99630079
220,00000000	0,59057151
220,20000000	0,81622865
220,40000000	0,95278346
220,60000000	0,76698341
220,80000000	0,88772267
221,00000000	0,68674791
221,20000000	0,83248065
221,40000000	0,92734721
221,60000000	0,86742377
221,80000000	0,67453555
222,00000000	0,95703146
222,20000000	0,93823070
222,40000000	0,67345813
222,60000000	0,92698115
222,80000000	0,86333620
223,00000000	0,89491917
223,20000000	0,87924990
223,40000000	0,91468313
223,60000000	0,84239791
223,80000000	0,83350340
224,00000000	0,97637638
224,20000000	0,79116975
224,40000000	0,90115670
224,60000000	0,87332118
224,80000000	0,85598075
225,00000000	0,77744669
225,20000000	0,85610446
225,40000000	0,89796783
225,60000000	0,67713629
225,80000000	0,98428038
226,00000000	0,39920695
226,20000000	0,87078606
226,40000000	0,70641398
226,60000000	0,89744903
226,80000000	0,69094874
227,00000000	0,78628654
227,20000000	0,98203780
227,40000000	0,37106533
227,60000000	0,90521079
227,80000000	0,58615858
228,00000000	0,90911586
228,20000000	0,74751695
228,40000000	0,73855022
228,60000000	0,83134445
228,80000000	0,87317458
229,00000000	0,86728350
229,20000000	0,67727879
229,40000000	0,92341499
229,60000000	0,79130141
229,80000000	0,82116166
230,00000000	0,77661226
230,20000000	0,85947989
230,40000000	0,71764543
230,60000000	0,74788023
230,80000000	0,96704404
231,00000000	0,70781538
231,20000000	0,77056261
231,40000000	0,89323093
231,60000000	0,87350674
231,80000000	0,86705504
232,00000000	0,79853005
232,20000000	0,93598281
232,40000000	0,79158671
232,60000000	0,79765476
232,80000000	0,84504670
233,00000000	0,90017442
233,20000000	0,77790312
233,40000000	0,69995369
233,60000000	0,88924446
233,80000000	0,77681393
234,00000000	0,89322229
234,20000000	0,68527305
234,40000000	0,76762639
234,60000000	0,85469493
234,80000000	0,79799530
235,00000000	0,86933368
235,20000000	0,77536315
235,40000000	0,93920967
235,60000000	0,62661966
235,80000000	0,78097540
236,00000000	0,87231038
236,20000000	0,81818070
236,40000000	0,86335998
236,60000000	0,72118518
236,80000000	0,97339494
237,00000000	0,59402230
237,20000000	0,91754074
237,40000000	0,68433211
237,60000000	0,90925887
237,80000000	0,76652353
238,00000000	0,80506908
238,20000000	0,96424624
238,40000000	0,72509838
238,60000000	0,92172114
238,80000000	0,62217430
239,00000000	0,91787742
239,20000000	0,69976972
239,40000000	0,89617250
239,60000000	0,65535828
239,80000000	0,81098668
240,00000000	0,91820012
240,20000000	0,75322605
240,40000000	0,92872860
240,60000000	0,72541996
240,80000000	0,91149627
241,00000000	0,70736728
241,20000000	0,92585175
241,40000000	0,72982212
241,60000000	0,87503777
241,80000000	0,85959335
242,00000000	0,85713937
242,20000000	0,81685142
242,40000000	0,80191211
242,60000000	0,93156554
242,80000000	0,75979688
243,00000000	0,88895459
243,20000000	0,74741933
243,40000000	0,88299591
243,60000000	0,85823112
243,80000000	0,79477163
244,00000000	0,84861204
244,20000000	0,69959754
244,40000000	0,94299453
244,60000000	0,71690581
244,80000000	0,84410060
245,00000000	0,79738051
245,20000000	0,80263700
245,40000000	0,88231181
245,60000000	0,70403071
245,80000000	0,92036278
246,00000000	0,76120130
246,20000000	0,84928083
246,40000000	0,81379166
246,60000000	0,83124274
246,80000000	0,86771761
247,00000000	0,76880334
247,20000000	0,87679117
247,40000000	0,76442712
247,60000000	0,87813209
247,80000000	0,82772219
248,00000000	0,82065832
248,20000000	0,88751469
248,40000000	0,67008708
248,60000000	0,88026571
248,80000000	0,71947279
249,00000000	0,82188483
249,20000000	0,76289093
249,40000000	0,79553401
249,60000000	0,87431167
249,80000000	0,76651299
250,00000000	0,87346328
250,20000000	0,74648675
250,40000000	0,75614919
250,60000000	0,86353713
250,80000000	0,83826447
251,00000000	0,85645020
251,20000000	0,77995651
251,40000000	0,78404562
251,60000000	0,78757144
251,80000000	0,80966676
252,00000000	0,82126639
252,20000000	0,84722775
252,40000000	0,84863664
252,60000000	0,76028972
252,80000000	0,82390964
253,00000000	0,75733779
253,20000000	0,84842986
253,40000000	0,79381746
253,60000000	0,82992416
253,80000000	0,81402614
254,00000000	0,80043562
254,20000000	0,82480112
254,40000000	0,82307483
254,60000000	0,81840562
254,80000000	0,82855630
255,00000000	0,83303032
255,20000000	0,77541193
255,40000000	0,79563431
255,60000000	0,84290804
255,80000000	0,77726788
256,00000000	0,82786199
256,20000000	0,78395415
256,40000000	0,85483552
256,60000000	0,78306461
256,80000000	0,79561500
257,00000000	0,79778865
257,20000000	0,80023880
257,40000000	0,83308357
257,60000000	0,78524148
257,80000000	0,78152023
258,00000000	0,79134458
258,20000000	0,82064838
258,40000000	0,77808869
258,60000000	0,78016326
258,80000000	0,82171214
259,00000000	0,78801053
259,20000000	0,77325844
259,40000000	0,76680990
259,60000000	0,79887125
259,80000000	0,74857147
260,00000000	0,80717677
260,20000000	0,76472333
260,40000000	0,75829838
260,60000000	0,79145275
260,80000000	0,73917970
261,00000000	0,77888637
261,20000000	0,76874239
261,40000000	0,76937656
261,60000000	0,75953063
261,80000000	0,75284257
262,00000000	0,76664159
262,20000000	0,81458849
262,40000000	0,71474231
262,60000000	0,72851057
262,80000000	0,73314108
263,00000000	0,73286761
263,20000000	0,76028315
263,40000000	0,71422304
263,60000000	0,77920383
263,80000000	0,75538012
264,00000000	0,73348926
264,20000000	0,66903359
264,40000000	0,78052128
264,60000000	0,72669745
264,80000000	0,73123626
265,00000000	0,76322830
265,20000000	0,73757492
265,40000000	0,71466859
265,60000000	0,72772837
265,80000000	0,68440792
266,00000000	0,73526053
266,20000000	0,73313991
266,40000000	0,66442307
266,60000000	0,75700964
266,80000000	0,62408740
267,00000000	0,71358234
267,20000000	0,71264850
267,40000000	0,70917572
267,60000000	0,64137975
267,80000000	0,70398081
268,00000000	0,77965354
268,20000000	0,72576642
268,40000000	0,65989785
268,60000000	0,70918415
268,80000000	0,68745919
269,00000000	0,68820072
269,20000000	0,72813065
269,40000000	0,63040121
269,60000000	0,73193742
269,80000000	0,73637900
270,00000000	0,68999843
270,20000000	0,65034654
270,40000000	0,72200629
270,60000000	0,69992340
270,80000000	0,66748734
271,00000000	0,66934428
271,20000000	0,69862084
271,40000000	0,64586393
271,60000000	0,72707683
271,80000000	0,68528269
272,00000000	0,65002935
272,20000000	0,68695503
272,40000000	0,71771096
272,60000000	0,70714061
272,80000000	0,66389425
273,00000000	0,66415781
273,20000000	0,63446468
273,40000000	0,72455633
273,60000000	0,59711752
273,80000000	0,63589545
274,00000000	0,68955360
274,20000000	0,75311884
274,40000000	0,67428855
274,60000000	0,57875603
274,80000000	0,63625729
275,00000000	0,66554840
275,20000000	0,62099453
275,40000000	0,61383874
275,60000000	0,70280392
275,80000000	0,67844666
276,00000000	0,66773592
276,20000000	0,60701273
276,40000000	0,67320962
276,60000000	0,62362059
276,80000000	0,62949973
277,00000000	0,61652548
277,20000000	0,60327724
277,40000000	0,69718168
277,60000000	0,73069770
277,80000000	0,66357100
278,00000000	0,71600252
278,20000000	0,67186807
278,40000000	0,51543386
278,60000000	0,51378623
278,80000000	0,62364846
279,00000000	0,46872047
279,20000000	0,62753473
279,40000000	0,64508396
279,60000000	0,58031653
279,80000000	0,75142963
280,00000000	0,60498810
280,20000000	0,56029815
280,40000000	0,65484684
280,60000000	0,49473753
280,80000000	0,46483794
281,00000000	0,61495627
281,20000000	0,48371368
281,40000000	0,61556981
281,60000000	0,70727927
281,80000000	0,57512249
282,00000000	0,57698211
282,20000000	0,72030906
282,40000000	0,53787333
282,60000000	0,53030022
282,80000000	0,68271404
283,00000000	0,52648361
283,20000000	0,57060250
283,40000000	0,65741874
283,60000000	0,53742811
283,80000000	0,56034652
284,00000000	0,62548830
284,20000000	0,47985352
284,40000000	0,42400510
284,60000000	0,53401260
284,80000000	0,53738532
285,00000000	0,58092285
285,20000000	0,58224023
285,40000000	0,48217388
285,60000000	0,58067083
285,80000000	0,48964340
286,00000000	0,47278045
286,20000000	0,39730069
286,40000000	0,45860264
286,60000000	0,47283390
286,80000000	0,38881539
287,00000000	0,48142669
287,20000000	0,35457021
287,40000000	0,39740747
287,60000000	0,43250234
287,80000000	0,33519123
288,00000000	0,43260811
288,20000000	0,28384668
288,40000000	0,43356269
288,60000000	0,41459613
288,80000000	0,40283040
289,00000000	0,37342326
289,20000000	0,37275655
289,40000000	0,22787210
289,60000000	0,23153293
289,80000000	0,37833241
290,00000000	0,23667054
290,20000000	0,34322035
290,40000000	0,42439648
290,60000000	0,28404868
290,80000000	0,35677934
291,00000000	0,36000121
291,20000000	0,32726446
291,40000000	0,35911684
291,60000000	0,26099668
291,80000000	0,35080044
292,00000000	0,29599189
292,20000000	0,32882352
292,40000000	0,19485221
292,60000000	0,25207817
292,80000000	0,33087386
293,00000000	0,23834661
293,20000000	0,30442097
293,40000000	0,23693730
293,60000000	0,22183751
293,80000000	0,23581086
294,00000000	0,29737283
294,20000000	0,33978976
294,40000000	0,22889961
294,60000000	0,27015067
294,80000000	0,29780586
295,00000000	0,26103427
295,20000000	0,25751952
295,40000000	0,28199952
295,60000000	0,35684757
295,80000000	0,28024279
296,00000000	0,22830097
296,20000000	0,29531929
296,40000000	0,22539432
296,60000000	0,27258956
296,80000000	0,22051119
297,00000000	0,21459597
297,20000000	0,24078229
297,40000000	0,25106575
297,60000000	0,22762997
297,80000000	0,23735694
298,00000000	0,26901935
298,20000000	0,30163602
298,40000000	0,25823077
298,60000000	0,24725020
298,80000000	0,26545189
299,00000000	0,19260264
299,20000000	0,24262701
299,40000000	0,30808692
299,60000000	0,22227603
299,80000000	0,24468682
300,00000000	0,25145169
300,20000000	0,16467644
300,40000000	0,23352821
300,60000000	0,24820413
300,80000000	0,20089267
301,00000000	0,19998808
301,20000000	0,26480345
301,40000000	0,23561593
301,60000000	0,24171247
301,80000000	0,23898390
302,00000000	0,22895218
302,20000000	0,26662670
302,40000000	0,23599498
302,60000000	0,27564337
302,80000000	0,26049541
303,00000000	0,20117590
303,20000000	0,26479873
303,40000000	0,19147505
303,60000000	0,27312283
303,80000000	0,25626267
304,00000000	0,21621360
304,20000000	0,25082048
304,40000000	0,22316785
304,60000000	0,20786084
304,80000000	0,26504894
305,00000000	0,15262768
305,20000000	0,22622486
305,40000000	0,19989761
305,60000000	0,17070590
305,80000000	0,27545105
306,00000000	0,21177691
306,20000000	0,21085011
306,40000000	0,25631796
306,60000000	0,20185965
306,80000000	0,21327007
307,00000000	0,24401886
307,20000000	0,23578863
307,40000000	0,23778716
307,60000000	0,19659451
307,80000000	0,24046309
308,00000000	0,21678433
308,20000000	0,25734074
308,40000000	0,25821382
308,60000000	0,20950746
308,80000000	0,23488675
309,00000000	0,21128751
309,20000000	0,20442309
309,40000000	0,24759628
309,60000000	0,22185701
309,80000000	0,21134633
310,00000000	0,20735275
310,20000000	0,20014312
310,40000000	0,24797636
310,60000000	0,22004264
310,80000000	0,22866527
311,00000000	0,16886878
311,20000000	0,21183422
311,40000000	0,24161108
311,60000000	0,18961379
311,80000000	0,23629527
312,00000000	0,22815861
312,20000000	0,13710540
312,40000000	0,23193774
312,60000000	0,23007308
312,80000000	0,16822428
313,00000000	0,26308181
313,20000000	0,18020726
313,40000000	0,16389368
313,60000000	0,23767009
313,80000000	0,21645341
314,00000000	0,21977162
314,20000000	0,20960253
314,40000000	0,19576632
314,60000000	0,16234989
314,80000000	0,18155218
315,00000000	0,25774082
315,20000000	0,17190920
315,40000000	0,22003673
315,60000000	0,19992412
315,80000000	0,15123659
316,00000000	0,22800465
316,20000000	0,24071636
316,40000000	0,18559744
316,60000000	0,21512104
316,80000000	0,15581755
317,00000000	0,17983792
317,20000000	0,22543465
317,40000000	0,21309439
317,60000000	0,20790888
317,80000000	0,19445003
318,00000000	0,18355684
318,20000000	0,18147364
318,40000000	0,23380672
318,60000000	0,23082945
318,80000000	0,19479985
319,00000000	0,19524509
319,20000000	0,20194783
319,40000000	0,18124086
319,60000000	0,20432321
319,80000000	0,23687792
320,00000000	0,17861931
320,20000000	0,18062477
320,40000000	0,23898688
320,60000000	0,16605085
320,80000000	0,19423580
321,00000000	0,23683194
321,20000000	0,16914230
321,40000000	0,20420239
321,60000000	0,20578574
321,80000000	0,19932927
322,00000000	0,17803476
322,20000000	0,20495997
322,40000000	0,22869134
322,60000000	0,21913961
322,80000000	0,16645803
323,00000000	0,18962434
323,20000000	0,20335647
323,40000000	0,17477119
323,60000000	0,21555246
323,80000000	0,24233873
324,00000000	0,17628552
324,20000000	0,14690469
324,40000000	0,22767761
324,60000000	0,18660286
324,80000000	0,19048112
325,00000000	0,24517622
325,20000000	0,18894764
325,40000000	0,11933123
325,60000000	0,21372950
325,80000000	0,23565474
326,00000000	0,15141392
326,20000000	0,22787191
326,40000000	0,19935789
326,60000000	0,13560363
326,80000000	0,19384062
327,00000000	0,23649360
327,20000000	0,18497458
327,40000000	0,18184472
327,60000000	0,21658870
327,80000000	0,20605202
328,00000000	0,17223850
328,20000000	0,19520475
328,40000000	0,22605127
328,60000000	0,16499032
328,80000000	0,19266296
329,00000000	0,21624589
329,20000000	0,19958530
329,40000000	0,18836244
329,60000000	0,17355220
329,80000000	0,21649225
330,00000000	0,20901556
330,20000000	0,18675677
330,40000000	0,20593034
330,60000000	0,22799644
330,80000000	0,14717183
331,00000000	0,17510219
331,20000000	0,22847968
331,40000000	0,21479797
331,60000000	0,18308168
331,80000000	0,17890618
332,00000000	0,20240541
332,20000000	0,18587937
332,40000000	0,18477607
332,60000000	0,22372802
332,80000000	0,21708745
333,00000000	0,16212800
333,20000000	0,18070824
333,40000000	0,19966265
333,60000000	0,21025131
333,80000000	0,18711582
334,00000000	0,18922486
334,20000000	0,21521403
334,40000000	0,16861607
334,60000000	0,16889194
334,80000000	0,21566455
335,00000000	0,22974836
335,20000000	0,15736515
335,40000000	0,18265842
335,60000000	0,21623252
335,80000000	0,18252990
336,00000000	0,18247436
336,20000000	0,20193110
336,40000000	0,20672800
336,60000000	0,16501435
336,80000000	0,18203162
337,00000000	0,20932580
337,20000000	0,21601130
337,40000000	0,17513615
337,60000000	0,16763745
337,80000000	0,20436029
338,00000000	0,19245007
338,20000000	0,18675193
338,40000000	0,19746283
338,60000000	0,21045027
338,80000000	0,16966119
339,00000000	0,16050797
339,20000000	0,19634497
339,40000000	0,20634145
339,60000000	0,17718799
339,80000000	0,18271597
340,00000000	0,19555825
340,20000000	0,18694427
340,40000000	0,17593001
340,60000000	0,18959862
340,80000000	0,20245680
341,00000000	0,18575533
341,20000000	0,17233856
341,40000000	0,18673754
341,60000000	0,19762305
341,80000000	0,19207603
342,00000000	0,17865912
342,20000000	0,18304494
342,40000000	0,19187359
342,60000000	0,18600186
342,80000000	0,18321115
343,00000000	0,19738665
343,20000000	0,19347104
343,40000000	0,17077753
343,60000000	0,18181380
343,80000000	0,19724016
344,00000000	0,18930189
344,20000000	0,18622258
344,40000000	0,18587521
344,60000000	0,18168405
344,80000000	0,18548214
345,00000000	0,18735991
345,20000000	0,18339130
345,40000000	0,19120842
345,60000000	0,18707151
345,80000000	0,17662309
346,00000000	0,18418502
346,20000000	0,19105228
346,40000000	0,18530689
346,60000000	0,18230823
346,80000000	0,18249802
347,00000000	0,18230257
347,20000000	0,18530530
347,40000000	0,18212290
347,60000000	0,18473413
347,80000000	0,18870220
348,00000000	0,18161946
348,20000000	0,17428783
348,40000000	0,18142258
348,60000000	0,18699904
348,80000000	0,18179806
349,00000000	0,18002206
349,20000000	0,18516408
349,40000000	0,18364617
349,60000000	0,17753311
349,80000000	0,17995588
350,00000000	0,18495782
350,20000000	0,18791852
350,40000000	0,18399150
350,60000000	0,17938915
350,80000000	0,18297076
351,00000000	0,18154727
351,20000000	0,18032269
351,40000000	0,18157069
351,60000000	0,18525512
351,80000000	0,18345945
352,00000000	0,17756849
352,20000000	0,17792503
352,40000000	0,17979686
352,60000000	0,17934442
352,80000000	0,17857744
353,00000000	0,17956486
353,20000000	0,17823744
353,40000000	0,18113615
353,60000000	0,17965689
353,80000000	0,17698064
354,00000000	0,18214539
354,20000000	0,18029953
354,40000000	0,17633265
354,60000000	0,17908516
354,80000000	0,18208524
355,00000000	0,17845334
355,20000000	0,17946654
355,40000000	0,17798033
355,60000000	0,17702338
355,80000000	0,17930584
356,00000000	0,17652108
356,20000000	0,17851032
356,40000000	0,18110194
356,60000000	0,17508195
356,80000000	0,17788484
357,00000000	0,17829558
357,20000000	0,17514763
357,40000000	0,17849820
357,60000000	0,17814186
357,80000000	0,17516932
358,00000000	0,18101609
358,20000000	0,17808972
358,40000000	0,17290164
358,60000000	0,17724501
358,80000000	0,17585940
359,00000000	0,17393942
359,20000000	0,17789497
359,40000000	0,17382984
359,60000000	0,16923014
359,80000000	0,17443667
360,00000000	0,17356742
360,20000000	0,17184735
360,40000000	0,17243009
360,60000000	0,17563203
360,80000000	0,17240459
361,00000000	0,17180714
361,20000000	0,17816172
361,40000000	0,17703151
361,60000000	0,17462371
361,80000000	0,17776698
362,00000000	0,17387988
362,20000000	0,17408404
362,40000000	0,17877045
362,60000000	0,17550810
362,80000000	0,16921034
363,00000000	0,17403980
363,20000000	0,17498934
363,40000000	0,17097226
363,60000000	0,17080427
363,80000000	0,17120906
364,00000000	0,16805233
364,20000000	0,16748744
364,40000000	0,16808270
364,60000000	0,16961278
364,80000000	0,16948798
365,00000000	0,16609603
365,20000000	0,17048445
365,40000000	0,17591980
365,60000000	0,17026491
365,80000000	0,16646288
366,00000000	0,17138630
366,20000000	0,16833036
366,40000000	0,16617156
366,60000000	0,17487644
366,80000000	0,17469592
367,00000000	0,17124539
367,20000000	0,16729179
367,40000000	0,16091884
367,60000000	0,17129023
367,80000000	0,18371076
368,00000000	0,17092362
368,20000000	0,17270315
368,40000000	0,17262750
368,60000000	0,15895839
368,80000000	0,16856326
369,00000000	0,17500411
369,20000000	0,17286830
369,40000000	0,17867533
369,60000000	0,16160037
369,80000000	0,14846746
370,00000000	0,17439981
370,20000000	0,17164417
370,40000000	0,16782695
370,60000000	0,17706783
370,80000000	0,16386763
371,00000000	0,15206137
371,20000000	0,15560548
371,40000000	0,15513186
371,60000000	0,16118846
371,80000000	0,17833238
372,00000000	0,16146153
372,20000000	0,15575366
372,40000000	0,16206114
372,60000000	0,16044577
372,80000000	0,16402867
373,00000000	0,16814623
373,20000000	0,16314359
373,40000000	0,17244595
373,60000000	0,16504003
373,80000000	0,15949602
374,00000000	0,18110075
374,20000000	0,17060221
374,40000000	0,16555908
374,60000000	0,17547424
374,80000000	0,16486829
375,00000000	0,16592879
375,20000000	0,17243776
375,40000000	0,15985729
375,60000000	0,16976915
375,80000000	0,16668423
376,00000000	0,15388010
376,20000000	0,16712424
376,40000000	0,17471630
376,60000000	0,16307529
376,80000000	0,16458570
377,00000000	0,17914977
377,20000000	0,17473717
377,40000000	0,15619321
377,60000000	0,16579591
377,80000000	0,18056239
378,00000000	0,18053756
378,20000000	0,17219327
378,40000000	0,15841451
378,60000000	0,16361132
378,80000000	0,16733890
379,00000000	0,16010658
379,20000000	0,16758503
379,40000000	0,17659032
379,60000000	0,18399099
379,80000000	0,17326148
380,00000000	0,16224064
380,20000000	0,16988649
380,40000000	0,17567381
380,60000000	0,16162445
380,80000000	0,16342689
381,00000000	0,16585506
381,20000000	0,17082390
381,40000000	0,16000355
381,60000000	0,14631344
381,80000000	0,16498264
382,00000000	0,17512970
382,20000000	0,16248845
382,40000000	0,18005265
382,60000000	0,18225226
382,80000000	0,17030844
383,00000000	0,18125422
383,20000000	0,17435047
383,40000000	0,15686202
383,60000000	0,17898553
383,80000000	0,17912120
384,00000000	0,17303555
384,20000000	0,16966429
384,40000000	0,16648383
384,60000000	0,16859368
384,80000000	0,17916391
385,00000000	0,17122733
385,20000000	0,16940147
385,40000000	0,19129548
385,60000000	0,18558686
385,80000000	0,16270677
386,00000000	0,16948227
386,20000000	0,15904031
386,40000000	0,15862040
386,60000000	0,17541549
386,80000000	0,16488494
387,00000000	0,15208761
387,20000000	0,18003592
387,40000000	0,17189339
387,60000000	0,14109869
387,80000000	0,17875568
388,00000000	0,17604806
388,20000000	0,16154191
388,40000000	0,18206138
388,60000000	0,16733225
388,80000000	0,16114545
389,00000000	0,18234654
389,20000000	0,17385122
389,40000000	0,16109921
389,60000000	0,17868693
389,80000000	0,17180016
390,00000000	0,15730767
390,20000000	0,17638042
390,40000000	0,16833426
390,60000000	0,15811420
390,80000000	0,18310911
391,00000000	0,18133012
391,20000000	0,16917267
391,40000000	0,18340390
391,60000000	0,18338729
391,80000000	0,15902977
392,00000000	0,17786085
392,20000000	0,16985778
392,40000000	0,15360373
392,60000000	0,17979092
392,80000000	0,17113107
393,00000000	0,14826825
393,20000000	0,17137598
393,40000000	0,17174321
393,60000000	0,16234602
393,80000000	0,15337451
394,00000000	0,17324030
394,20000000	0,17512792
394,40000000	0,18185507
394,60000000	0,17368950
394,80000000	0,17448549
395,00000000	0,17583778
395,20000000	0,18931923
395,40000000	0,17786234
395,60000000	0,15924822
395,80000000	0,16945815
396,00000000	0,17050900
396,20000000	0,17819507
396,40000000	0,16935577
396,60000000	0,15839608
396,80000000	0,15002481
397,00000000	0,17046611
397,20000000	0,17627893
397,40000000	0,16055117
397,60000000	0,17057563
397,80000000	0,17598482
398,00000000	0,16213166
398,20000000	0,16325304
398,40000000	0,15976368
398,60000000	0,16546278
398,80000000	0,17160419
399,00000000	0,18664361
399,20000000	0,17288153
399,40000000	0,16313585
399,60000000	0,17373751
399,80000000	0,17410086
400,00000000	0,15873045
400,20000000	0,15645123
400,40000000	0,17706314
400,60000000	0,17955563
400,80000000	0,17737561
401,00000000	0,17654138
401,20000000	0,16807938
401,40000000	0,17005471
401,60000000	0,16125986
401,80000000	0,15990169
402,00000000	0,15725070
402,20000000	0,17731333
402,40000000	0,16005842
402,60000000	0,16033729
402,80000000	0,18246993
403,00000000	0,17499967
403,20000000	0,15000391
403,40000000	0,16697609
403,60000000	0,17924489
403,80000000	0,17796465
404,00000000	0,16185534
404,20000000	0,16689550
404,40000000	0,18066597
404,60000000	0,17270696
404,80000000	0,16449125
405,00000000	0,15935899
405,20000000	0,20704890
405,40000000	0,19400584
405,60000000	0,17410076
405,80000000	0,16859084
406,00000000	0,20002109
406,20000000	0,18861135
406,40000000	0,13616701
406,60000000	0,15931387
406,80000000	0,18978938
407,00000000	0,18380391
407,20000000	0,15593894
407,40000000	0,19605850
407,60000000	0,19633736
407,80000000	0,18148115
408,00000000	0,17415369
408,20000000	0,18566676
408,40000000	0,18275456
408,60000000	0,16793252
408,80000000	0,16720932
409,00000000	0,15846408
409,20000000	0,18370671
409,40000000	0,18460740
409,60000000	0,15494157
409,80000000	0,13921516
410,00000000	0,18211051
410,20000000	0,18655341
410,40000000	0,16780089
410,60000000	0,18212798
410,80000000	0,20320705
411,00000000	0,17490628
411,20000000	0,15835897
411,40000000	0,18458442
411,60000000	0,20686842
411,80000000	0,18820610
412,00000000	0,16241452
412,20000000	0,14526365
412,40000000	0,17843755
412,60000000	0,20423390
412,80000000	0,17472383
413,00000000	0,15023590
413,20000000	0,19491359
413,40000000	0,19164950
413,60000000	0,14376995
413,80000000	0,14662057
414,00000000	0,20638233
414,20000000	0,24072733
414,40000000	0,17495049
414,60000000	0,16671533
414,80000000	0,17786306
415,00000000	0,21128962
415,20000000	0,18492205
415,40000000	0,16896224
415,60000000	0,15548312
415,80000000	0,21232870
416,00000000	0,20373767
416,20000000	0,16292866
416,40000000	0,14290627
416,60000000	0,23374362
416,80000000	0,20232089
417,00000000	0,15209548
417,20000000	0,17681752
417,40000000	0,24979574
417,60000000	0,20756316
417,80000000	0,17300019
418,00000000	0,17973511
418,20000000	0,22464566
418,40000000	0,18720859
418,60000000	0,16435101
418,80000000	0,15917627
419,00000000	0,20307548
419,20000000	0,21628506
419,40000000	0,19780550
419,60000000	0,13638103
419,80000000	0,21385453
420,00000000	0,23041941
420,20000000	0,19765230
420,40000000	0,14293940
420,60000000	0,21030499
420,80000000	0,23794827
421,00000000	0,20777924
421,20000000	0,16280417
421,40000000	0,19859928
421,60000000	0,21057480
421,80000000	0,20644574
422,00000000	0,19098998
422,20000000	0,17601152
422,40000000	0,23397620
422,60000000	0,24538727
422,80000000	0,22412275
423,00000000	0,19729811
423,20000000	0,20938881
423,40000000	0,22092059
423,60000000	0,20635618
423,80000000	0,18459547
424,00000000	0,20404780
424,20000000	0,20863919
424,40000000	0,19189233
424,60000000	0,21810029
424,80000000	0,22753871
425,00000000	0,21200449
425,20000000	0,19377048
425,40000000	0,19875920
425,60000000	0,23433920
425,80000000	0,23056839
426,00000000	0,19298507
426,20000000	0,23371036
426,40000000	0,24862861
426,60000000	0,20970689
426,80000000	0,18957109
427,00000000	0,18935590
427,20000000	0,22304326
427,40000000	0,23461950
427,60000000	0,19369425
427,80000000	0,21690849
428,00000000	0,27348343
428,20000000	0,27381568
428,40000000	0,24536086
428,60000000	0,24184091
428,80000000	0,26253652
429,00000000	0,25520684
429,20000000	0,22124673
429,40000000	0,20761291
429,60000000	0,21207782
429,80000000	0,25778837
430,00000000	0,25538407
430,20000000	0,20460194
430,40000000	0,23409869
430,60000000	0,30502117
430,80000000	0,26854124
431,00000000	0,23269433
431,20000000	0,26332778
431,40000000	0,31392708
431,60000000	0,32986559
431,80000000	0,24523222
432,00000000	0,20851287
432,20000000	0,27089530
432,40000000	0,31782695
432,60000000	0,28821714
432,80000000	0,23726177
433,00000000	0,21521001
433,20000000	0,27565517
433,40000000	0,32162044
433,60000000	0,29360728
433,80000000	0,27916588
434,00000000	0,31634720
434,20000000	0,33139055
434,40000000	0,36099824
434,60000000	0,32552682
434,80000000	0,34108246
435,00000000	0,32824374
435,20000000	0,34544514
435,40000000	0,35965537
435,60000000	0,34390998
435,80000000	0,30656785
436,00000000	0,35028231
436,20000000	0,38501425
436,40000000	0,38857978
436,60000000	0,37775016
436,80000000	0,37650860
437,00000000	0,39483186
437,20000000	0,43905825
437,40000000	0,42812700
437,60000000	0,43708594
437,80000000	0,43763484
438,00000000	0,43297060
438,20000000	0,45546317
438,40000000	0,48789471
438,60000000	0,45746841
438,80000000	0,46316697
439,00000000	0,48166386
439,20000000	0,50099340
439,40000000	0,49727518
439,60000000	0,48192776
439,80000000	0,50151502
440,00000000	0,53126041
440,20000000	0,52762252
440,40000000	0,55403090
440,60000000	0,57192242
440,80000000	0,56832143
441,00000000	0,59528731
441,20000000	0,59159094
441,40000000	0,59429997
441,60000000	0,61155200
441,80000000	0,60502104
442,00000000	0,59763151
442,20000000	0,60671346
442,40000000	0,61754111
442,60000000	0,61891511
442,80000000	0,61678246
443,00000000	0,63130152
443,20000000	0,65561910
443,40000000	0,66231049
443,60000000	0,66410526
443,80000000	0,67703247
444,00000000	0,67964259
444,20000000	0,69132270
444,40000000	0,69890287
444,60000000	0,69133515
444,80000000	0,69394814
445,00000000	0,70022099
445,20000000	0,69555289
445,40000000	0,70776840
445,60000000	0,71695329
445,80000000	0,71257489
446,00000000	0,71686094
446,20000000	0,73755156
446,40000000	0,72667781
446,60000000	0,70615629
446,80000000	0,70154523
447,00000000	0,71485194
447,20000000	0,73952181
447,40000000	0,74883047
447,60000000	0,72366976
447,80000000	0,71715887
448,00000000	0,74344291
448,20000000	0,76384335
448,40000000	0,76480060
448,60000000	0,77290924
448,80000000	0,78380579
449,00000000	0,78861033
449,20000000	0,77114011
449,40000000	0,76837750
449,60000000	0,79122460
449,80000000	0,79243196
450,00000000	0,77531365
450,20000000	0,77590568
450,40000000	0,78974303
450,60000000	0,80118077
450,80000000	0,80392645
451,00000000	0,79910058
451,20000000	0,79287399
451,40000000	0,78386909
451,60000000	0,77655803
451,80000000	0,78367021
452,00000000	0,78608286
452,20000000	0,78465778
452,40000000	0,77481408
452,60000000	0,77045042
452,80000000	0,77258009
453,00000000	0,79173544
453,20000000	0,81274084
453,40000000	0,80520621
453,60000000	0,77993593
453,80000000	0,77677652
454,00000000	0,79538214
454,20000000	0,81507869
454,40000000	0,80492667
454,60000000	0,78844053
454,80000000	0,81372452
455,00000000	0,83150582
455,20000000	0,81356765
455,40000000	0,81689029
455,60000000	0,83651225
455,80000000	0,82737477
456,00000000	0,80018306
456,20000000	0,79763345
456,40000000	0,81588930
456,60000000	0,83673395
456,80000000	0,82212870
457,00000000	0,81843554
457,20000000	0,84304234
457,40000000	0,84492469
457,60000000	0,82574208
457,80000000	0,81564003
458,00000000	0,82494635
458,20000000	0,82187099
458,40000000	0,80868245
458,60000000	0,80949813
458,80000000	0,84020674
459,00000000	0,84463330
459,20000000	0,82432974
459,40000000	0,82426072
459,60000000	0,83233174
459,80000000	0,82910070
460,00000000	0,82595818
460,20000000	0,83416386
460,40000000	0,84109006
460,60000000	0,83978159
460,80000000	0,84253969
461,00000000	0,84551643
461,20000000	0,85673441
461,40000000	0,85690647
461,60000000	0,85975757
461,80000000	0,86431419
462,00000000	0,86243303
462,20000000	0,86045735
462,40000000	0,86884445
462,60000000	0,87683371
462,80000000	0,87825795
463,00000000	0,87882541
463,20000000	0,88332219
463,40000000	0,88572363
463,60000000	0,88690366
463,80000000	0,88838408
464,00000000	0,89448728
464,20000000	0,90229345
464,40000000	0,90033305
464,60000000	0,89561237
464,80000000	0,89703540
465,00000000	0,89982225
465,20000000	0,89435299
465,40000000	0,88793216
465,60000000	0,88474575
465,80000000	0,88268339
466,00000000	0,88048037
466,20000000	0,88363970
466,40000000	0,88295655
466,60000000	0,88222994
466,80000000	0,88203177
467,00000000	0,87992131
467,20000000	0,87775240
467,40000000	0,88181573
467,60000000	0,87762608
467,80000000	0,87295188
468,00000000	0,87644740
468,20000000	0,88087195
468,40000000	0,88271287
468,60000000	0,88107008
468,80000000	0,87845013
469,00000000	0,88165984
469,20000000	0,89522346
469,40000000	0,89246333
469,60000000	0,89466660
469,80000000	0,90152824
470,00000000	0,90854722
470,20000000	0,90933729
470,40000000	0,91011219
470,60000000	0,91555936
470,80000000	0,92506227
471,00000000	0,93544554
471,20000000	0,93210034
471,40000000	0,92458031
471,60000000	0,92657736
471,80000000	0,93516894
472,00000000	0,93542953
472,20000000	0,93153162
472,40000000	0,93434951
472,60000000	0,94136294
472,80000000	0,94230252
473,00000000	0,94137369
473,20000000	0,94010098
473,40000000	0,94017716
473,60000000	0,93880935
473,80000000	0,93499546
474,00000000	0,93248201
474,20000000	0,93076252
474,40000000	0,92728528
474,60000000	0,92470198
474,80000000	0,92201897
475,00000000	0,92235323
475,20000000	0,91857446
475,40000000	0,91588848
475,60000000	0,91499483
475,80000000	0,91749376
476,00000000	0,91732923
476,20000000	0,91405283
476,40000000	0,91187754
476,60000000	0,90691040
476,80000000	0,90114879
477,00000000	0,90521960
477,20000000	0,90465094
477,40000000	0,90631729
477,60000000	0,90819361
477,80000000	0,91055855
478,00000000	0,91198371
478,20000000	0,91101013
478,40000000	0,91308903
478,60000000	0,91455340
478,80000000	0,91576968
479,00000000	0,91693566
479,20000000	0,92028886
479,40000000	0,92207394
479,60000000	0,92628033
479,80000000	0,93380080
480,00000000	0,93788349
480,20000000	0,94033498
480,40000000	0,94020128
480,60000000	0,94316894
480,80000000	0,94327996
481,00000000	0,94544610
481,20000000	0,95254639
481,40000000	0,95942364
481,60000000	0,95434123
481,80000000	0,94925393
482,00000000	0,95660227
482,20000000	0,96154066
482,40000000	0,95798620
482,60000000	0,95402279
482,80000000	0,95886744
483,00000000	0,96494813
483,20000000	0,96204832
483,40000000	0,95621682
483,60000000	0,95744356
483,80000000	0,95853176
484,00000000	0,95379334
484,20000000	0,94965686
484,40000000	0,94784747
484,60000000	0,94743229
484,80000000	0,94661980
485,00000000	0,94782639
485,20000000	0,94515093
485,40000000	0,94189211
485,60000000	0,93862005
485,80000000	0,93634900
486,00000000	0,93742051
486,20000000	0,93537693
486,40000000	0,93106041
486,60000000	0,93022717
486,80000000	0,93108172
487,00000000	0,92638962
487,20000000	0,92023457
487,40000000	0,92244895
487,60000000	0,92917357
487,80000000	0,92616767
488,00000000	0,90817792
488,20000000	0,90848533
488,40000000	0,91946839
488,60000000	0,92409379
488,80000000	0,92315681
489,00000000	0,92140523
489,20000000	0,91967554
489,40000000	0,91974123
489,60000000	0,92316219
489,80000000	0,92830532
490,00000000	0,92776244
490,20000000	0,92933658
490,40000000	0,93083172
490,60000000	0,93592517
490,80000000	0,93704456
491,00000000	0,93464621
491,20000000	0,93541399
491,40000000	0,94048668
491,60000000	0,94329644
491,80000000	0,94603679
492,00000000	0,94289630
492,20000000	0,93863868
492,40000000	0,93950419
492,60000000	0,94567431
492,80000000	0,95222131
493,00000000	0,95378595
493,20000000	0,95098349
493,40000000	0,95085824
493,60000000	0,95280463
493,80000000	0,96002044
494,00000000	0,96134967
494,20000000	0,95908102
494,40000000	0,95786483
494,60000000	0,95737302
494,80000000	0,96077313
495,00000000	0,96378235
495,20000000	0,96140851
495,40000000	0,95740582
495,60000000	0,95400031
495,80000000	0,95510047
496,00000000	0,95447149
496,20000000	0,95229393
496,40000000	0,94858294
496,60000000	0,94932667
496,80000000	0,95256644
497,00000000	0,95192818
497,20000000	0,94739505
497,40000000	0,94275521
497,60000000	0,94013750
497,80000000	0,94592440
498,00000000	0,94704179
498,20000000	0,94362875
498,40000000	0,94128428
498,60000000	0,94057847
498,80000000	0,93617123
499,00000000	0,93109398
499,20000000	0,93341151
499,40000000	0,93971052
499,60000000	0,93499726
499,80000000	0,92829171
500,00000000	0,92672944
500,20000000	0,92895878
500,40000000	0,93173609
500,60000000	0,93534124
500,80000000	0,93736720
501,00000000	0,93670145
501,20000000	0,93444959
501,40000000	0,93353023
501,60000000	0,93528834
501,80000000	0,94031892
502,00000000	0,94339401
502,20000000	0,94405339
502,40000000	0,94714450
502,60000000	0,95155264
502,80000000	0,95314064
503,00000000	0,94689015
503,20000000	0,94119748
503,40000000	0,94601007
503,60000000	0,95420671
503,80000000	0,95705706
504,00000000	0,95604460
504,20000000	0,95232237
504,40000000	0,95444391
504,60000000	0,95610827
504,80000000	0,96006929
505,00000000	0,96396531
505,20000000	0,96832804
505,40000000	0,97194827
505,60000000	0,97162573
505,80000000	0,97102740
506,00000000	0,97306157
506,20000000	0,97545379
506,40000000	0,97660368
506,60000000	0,97857018
506,80000000	0,97669012
507,00000000	0,97767510
507,20000000	0,97797473
507,40000000	0,97776254
507,60000000	0,97640469
507,80000000	0,97656132
508,00000000	0,97658719
508,20000000	0,97665484
508,40000000	0,97516600
508,60000000	0,97524972
508,80000000	0,97410332
509,00000000	0,96862189
509,20000000	0,96593792
509,40000000	0,96671061
509,60000000	0,96985795
509,80000000	0,97096084
510,00000000	0,97032988
510,20000000	0,96595189
510,40000000	0,96044585
510,60000000	0,95797148
510,80000000	0,95904085
511,00000000	0,96173623
511,20000000	0,96247346
511,40000000	0,95944402
511,60000000	0,95261321
511,80000000	0,94937174
512,00000000	0,94730775
512,20000000	0,94606272
512,40000000	0,94890868
512,60000000	0,95160339
512,80000000	0,94837664
513,00000000	0,94455247
513,20000000	0,94368530
513,40000000	0,94452543
513,60000000	0,94616202
513,80000000	0,94604842
514,00000000	0,94540626
514,20000000	0,94216264
514,40000000	0,93914365
514,60000000	0,93800691
514,80000000	0,94283347
515,00000000	0,94518847
515,20000000	0,94586648
515,40000000	0,94896636
515,60000000	0,94860895
515,80000000	0,94876808
516,00000000	0,94823970
516,20000000	0,94840468
516,40000000	0,95053884
516,60000000	0,95562210
516,80000000	0,95783584
517,00000000	0,95490399
517,20000000	0,94999064
517,40000000	0,94985129
517,60000000	0,95342809
517,80000000	0,96029958
518,00000000	0,96505140
518,20000000	0,96648277
518,40000000	0,96380689
518,60000000	0,96278809
518,80000000	0,96329472
519,00000000	0,96879363
519,20000000	0,97463529
519,40000000	0,97696484
519,60000000	0,97841311
519,80000000	0,97706142
520,00000000	0,97749941
520,20000000	0,97840449
520,40000000	0,98326702
520,60000000	0,98641598
520,80000000	0,98688432
521,00000000	0,98538818
521,20000000	0,98340682
521,40000000	0,98462022
521,60000000	0,98590763
521,80000000	0,98978142
522,00000000	0,99113696
522,20000000	0,98932723
522,40000000	0,98609933
522,60000000	0,98352455
522,80000000	0,98394505
523,00000000	0,98524622
523,20000000	0,98769270
523,40000000	0,98748425
523,60000000	0,98302286
523,80000000	0,97982748
524,00000000	0,97858373
524,20000000	0,98176852
524,40000000	0,98395330
524,60000000	0,98395652
524,80000000	0,97829747
525,00000000	0,97207161
525,20000000	0,97289785
525,40000000	0,97412583
525,60000000	0,97590942
525,80000000	0,97371124
526,00000000	0,96984627
526,20000000	0,96627914
526,40000000	0,96492822
526,60000000	0,96650644
526,80000000	0,96664244
527,00000000	0,96594539
527,20000000	0,96364904
527,40000000	0,95963237
527,60000000	0,95649045
527,80000000	0,95524012
528,00000000	0,95900889
528,20000000	0,95884993
528,40000000	0,95356526
528,60000000	0,95052973
528,80000000	0,94845464
529,00000000	0,95123845
529,20000000	0,95425484
529,40000000	0,95385033
529,60000000	0,94869542
529,80000000	0,94701268
530,00000000	0,94859476
530,20000000	0,95123207
530,40000000	0,95507463
530,60000000	0,95410423
530,80000000	0,95084685
531,00000000	0,94679832
531,20000000	0,94675462
531,40000000	0,95204608
531,60000000	0,95783939
531,80000000	0,95690246
532,00000000	0,95402212
532,20000000	0,95342301
532,40000000	0,95457634
532,60000000	0,95724258
532,80000000	0,95927490
533,00000000	0,96116166
533,20000000	0,95974425
533,40000000	0,96193617
533,60000000	0,96388879
533,80000000	0,96611096
534,00000000	0,96811183
534,20000000	0,96733825
534,40000000	0,96678395
534,60000000	0,96874788
534,80000000	0,97431596
535,00000000	0,97728730
535,20000000	0,97518258
535,40000000	0,97336805
535,60000000	0,97463673
535,80000000	0,97671946
536,00000000	0,97991025
536,20000000	0,98212315
536,40000000	0,98333059
536,60000000	0,98155196
536,80000000	0,98082919
537,00000000	0,98279573
537,20000000	0,98486120
537,40000000	0,98690271
537,60000000	0,98799751
537,80000000	0,98821289
538,00000000	0,98568435
538,20000000	0,98629183
538,40000000	0,98952412
538,60000000	0,98982277
538,80000000	0,98772859
539,00000000	0,98562185
539,20000000	0,98618699
539,40000000	0,98793698
539,60000000	0,98922187
539,80000000	0,98879764
540,00000000	0,98613566
540,20000000	0,98391391
540,40000000	0,98484209
540,60000000	0,98598387
540,80000000	0,98551437
541,00000000	0,98227254
541,20000000	0,98033156
541,40000000	0,97985015
541,60000000	0,98038606
541,80000000	0,98028117
542,00000000	0,97648846
542,20000000	0,97252349
542,40000000	0,97224007
542,60000000	0,97542810
542,80000000	0,97741746
543,00000000	0,97655311
543,20000000	0,97507812
543,40000000	0,97360251
543,60000000	0,97151528
543,80000000	0,96814731
544,00000000	0,96735186
544,20000000	0,96642610
544,40000000	0,96530184
544,60000000	0,96343497
544,80000000	0,96500144
545,00000000	0,97020394
545,20000000	0,96876356
545,40000000	0,96484242
545,60000000	0,96453442
545,80000000	0,96366956
546,00000000	0,96185172
546,20000000	0,96084624
546,40000000	0,95767536
546,60000000	0,95505658
546,80000000	0,95868021
547,00000000	0,96514574
547,20000000	0,96480871
547,40000000	0,95937384
547,60000000	0,95718743
547,80000000	0,95908559
548,00000000	0,96132168
548,20000000	0,96178594
548,40000000	0,96299592
548,60000000	0,96512862
548,80000000	0,96504449
549,00000000	0,96417090
549,20000000	0,96422273
549,40000000	0,96676270
549,60000000	0,96665722
549,80000000	0,96700923
550,00000000	0,96862430
550,20000000	0,96989241
550,40000000	0,97195324
550,60000000	0,97155034
550,80000000	0,97255979
551,00000000	0,97449883
551,20000000	0,97536440
551,40000000	0,97934880
551,60000000	0,98147695
551,80000000	0,97974740
552,00000000	0,97959573
552,20000000	0,98182531
552,40000000	0,98132368
552,60000000	0,97938989
552,80000000	0,97876519
553,00000000	0,98085862
553,20000000	0,98231561
553,40000000	0,98286144
553,60000000	0,98326265
553,80000000	0,98366823
554,00000000	0,98502200
554,20000000	0,98454025
554,40000000	0,98527092
554,60000000	0,98699810
554,80000000	0,98567708
555,00000000	0,98413074
555,20000000	0,98478617
555,40000000	0,98621105
555,60000000	0,98676839
555,80000000	0,98781985
556,00000000	0,98897055
556,20000000	0,98800692
556,40000000	0,98557582
556,60000000	0,98484098
556,80000000	0,98630448
557,00000000	0,98544740
557,20000000	0,98460281
557,40000000	0,98678496
557,60000000	0,98731663
557,80000000	0,98397521
558,00000000	0,98235985
558,20000000	0,98496076
558,40000000	0,98579015
558,60000000	0,98540727
558,80000000	0,98390576
559,00000000	0,98218643
559,20000000	0,98244479
559,40000000	0,98231395
559,60000000	0,97943608
559,80000000	0,97687615
560,00000000	0,97802621
560,20000000	0,97798893
560,40000000	0,97599306
560,60000000	0,97508765
560,80000000	0,97433165
561,00000000	0,97308419
561,20000000	0,97419874
561,40000000	0,97471151
561,60000000	0,97239455
561,80000000	0,97080901
562,00000000	0,97042436
562,20000000	0,97142153
562,40000000	0,97309148
562,60000000	0,97156844
562,80000000	0,96849818
563,00000000	0,96668267
563,20000000	0,96576539
563,40000000	0,96763434
563,60000000	0,97051567
563,80000000	0,96986214
564,00000000	0,96884362
564,20000000	0,96779425
564,40000000	0,96427575
564,60000000	0,96562694
564,80000000	0,96935398
565,00000000	0,96976148
565,20000000	0,97065897
565,40000000	0,96939734
565,60000000	0,96557589
565,80000000	0,96591753
566,00000000	0,97196397
566,20000000	0,97545552
566,40000000	0,97343887
566,60000000	0,96981289
566,80000000	0,96856138
567,00000000	0,97319325
567,20000000	0,97787274
567,40000000	0,97849129
567,60000000	0,97628771
567,80000000	0,97594773
568,00000000	0,97682764
568,20000000	0,97683938
568,40000000	0,97871065
568,60000000	0,98137438
568,80000000	0,98298454
569,00000000	0,98207814
569,20000000	0,98281532
569,40000000	0,98462897
569,60000000	0,98451925
569,80000000	0,98566133
570,00000000	0,98601916
570,20000000	0,98503699
570,40000000	0,98625858
570,60000000	0,98671812
570,80000000	0,98659980
571,00000000	0,98886370
571,20000000	0,98975392
571,40000000	0,98885699
571,60000000	0,99016712
571,80000000	0,99264286
572,00000000	0,99219075
572,20000000	0,99175567
572,40000000	0,99257186
572,60000000	0,99333066
572,80000000	0,99466119
573,00000000	0,99463398
573,20000000	0,99327860
573,40000000	0,99363175
573,60000000	0,99481417
573,80000000	0,99383008
574,00000000	0,99394911
574,20000000	0,99497506
574,40000000	0,99502475
574,60000000	0,99556962
574,80000000	0,99476021
575,00000000	0,99346379
575,20000000	0,99420601
575,40000000	0,99501684
575,60000000	0,99471540
575,80000000	0,99364159
576,00000000	0,99302816
576,20000000	0,99288992
576,40000000	0,99309774
576,60000000	0,99360456
576,80000000	0,99417543
577,00000000	0,99297843
577,20000000	0,99110284
577,40000000	0,99173307
577,60000000	0,99172846
577,80000000	0,99115804
578,00000000	0,99196158
578,20000000	0,99081903
578,40000000	0,98833256
578,60000000	0,98855450
578,80000000	0,98874857
579,00000000	0,98744518
579,20000000	0,98822697
579,40000000	0,98882999
579,60000000	0,98675403
579,80000000	0,98654489
580,00000000	0,98704474
580,20000000	0,98619261
580,40000000	0,98602528
580,60000000	0,98318868
580,80000000	0,98157435
581,00000000	0,98470732
581,20000000	0,98406531
581,40000000	0,98052736
581,60000000	0,98173816
581,80000000	0,98252278
582,00000000	0,98152899
582,20000000	0,98438905
582,40000000	0,98420680
582,60000000	0,98219524
582,80000000	0,98303782
583,00000000	0,98012498
583,20000000	0,97976827
583,40000000	0,98360078
583,60000000	0,98291364
583,80000000	0,98202808
584,00000000	0,98419254
584,20000000	0,98247517
584,40000000	0,98090403
584,60000000	0,98317135
584,80000000	0,98067031
585,00000000	0,98067854
585,20000000	0,98372866
585,40000000	0,98168856
585,60000000	0,98217860
585,80000000	0,98326892
586,00000000	0,98113847
586,20000000	0,98233872
586,40000000	0,98413763
586,60000000	0,98318788
586,80000000	0,98330631
587,00000000	0,98409735
587,20000000	0,98355781
587,40000000	0,98533236
587,60000000	0,98631577
587,80000000	0,98485768
588,00000000	0,98721267
588,20000000	0,98883018
588,40000000	0,98843438
588,60000000	0,98908338
588,80000000	0,98886467
589,00000000	0,98830095
589,20000000	0,98825263
589,40000000	0,98870776
589,60000000	0,98978520
589,80000000	0,99102889
590,00000000	0,99110755
590,20000000	0,99087230
590,40000000	0,99222404
590,60000000	0,99218537
590,80000000	0,99149999
591,00000000	0,99257758
591,20000000	0,99292079
591,40000000	0,99262471
591,60000000	0,99293077
591,80000000	0,99326650
592,00000000	0,99361706
592,20000000	0,99414583
592,40000000	0,99455378
592,60000000	0,99454521
592,80000000	0,99419807
593,00000000	0,99374888
593,20000000	0,99393068
593,40000000	0,99453306
593,60000000	0,99409491
593,80000000	0,99385504
594,00000000	0,99452025
594,20000000	0,99445342
594,40000000	0,99443193
594,60000000	0,99412599
594,80000000	0,99376900
595,00000000	0,99398554
595,20000000	0,99332814
595,40000000	0,99328097
595,60000000	0,99386347
595,80000000	0,99291184
596,00000000	0,99267261
596,20000000	0,99349759
596,40000000	0,99298728
596,60000000	0,99212717
596,80000000	0,99264111
597,00000000	0,99279280
597,20000000	0,99167076
597,40000000	0,99056537
597,60000000	0,98983052
597,80000000	0,99006208
598,00000000	0,99059115
598,20000000	0,98999836
598,40000000	0,98982737
598,60000000	0,98902066
598,80000000	0,98690912
599,00000000	0,98625664
599,20000000	0,98693432
599,40000000	0,98727968
599,60000000	0,98677521
599,80000000	0,98643045
600,00000000	0,98634196
600,20000000	0,98569955
600,40000000	0,98560095
600,60000000	0,98585023
600,80000000	0,98657437
601,00000000	0,98674779
601,20000000	0,98507184
601,40000000	0,98488330
601,60000000	0,98565077
601,80000000	0,98496059
602,00000000	0,98466252
602,20000000	0,98475351
602,40000000	0,98408791
602,60000000	0,98273459
602,80000000	0,98158585
603,00000000	0,98200063
603,20000000	0,98281642
603,40000000	0,98343686
603,60000000	0,98459280
603,80000000	0,98414599
604,00000000	0,98292360
604,20000000	0,98264902
604,40000000	0,98230582
604,60000000	0,98320129
604,80000000	0,98363192
605,00000000	0,98386907
605,20000000	0,98538939
605,40000000	0,98516764
605,60000000	0,98448567
605,80000000	0,98479778
606,00000000	0,98576336
606,20000000	0,98728259
606,40000000	0,98787353
606,60000000	0,98734810
606,80000000	0,98630005
607,00000000	0,98602640
607,20000000	0,98538970
607,40000000	0,98484331
607,60000000	0,98680578
607,80000000	0,98859628
608,00000000	0,98916610
608,20000000	0,98910157
608,40000000	0,98918956
608,60000000	0,99000084
608,80000000	0,99062694
609,00000000	0,99121247
609,20000000	0,99209503
609,40000000	0,99264848
609,60000000	0,99248294
609,80000000	0,99166381
610,00000000	0,99151325
610,20000000	0,99176808
610,40000000	0,99171224
610,60000000	0,99300120
610,80000000	0,99431380
611,00000000	0,99496172
611,20000000	0,99568314
611,40000000	0,99532243
611,60000000	0,99443180
611,80000000	0,99444904
612,00000000	0,99503006
612,20000000	0,99575463
612,40000000	0,99597848
612,60000000	0,99539320
612,80000000	0,99565646
613,00000000	0,99662501
613,20000000	0,99707227
613,40000000	0,99726204
613,60000000	0,99745387
613,80000000	0,99813079
614,00000000	0,99821963
614,20000000	0,99739985
614,40000000	0,99689179
614,60000000	0,99700503
614,80000000	0,99691946
615,00000000	0,99633993
615,20000000	0,99558397
615,40000000	0,99539114
615,60000000	0,99594591
615,80000000	0,99580741
616,00000000	0,99499881
616,20000000	0,99533326
616,40000000	0,99640479
616,60000000	0,99655904
616,80000000	0,99544044
617,00000000	0,99411487
617,20000000	0,99389770
617,40000000	0,99354042
617,60000000	0,99169010
617,80000000	0,99079026
618,00000000	0,99180179
618,20000000	0,99278809
618,40000000	0,99247405
618,60000000	0,99122841
618,80000000	0,99092069
619,00000000	0,99127369
619,20000000	0,98929928
619,40000000	0,98611864
619,60000000	0,98601825
619,80000000	0,98748075
620,00000000	0,98690788
620,20000000	0,98466080
620,40000000	0,98471628
620,60000000	0,98648852
620,80000000	0,98597162
621,00000000	0,98430900
621,20000000	0,98468983
621,40000000	0,98629918
621,60000000	0,98600386
621,80000000	0,98304981
622,00000000	0,98127522
622,20000000	0,98228902
622,40000000	0,98103721
622,60000000	0,97711409
622,80000000	0,97619281
623,00000000	0,97948088
623,20000000	0,98159113
623,40000000	0,98020561
623,60000000	0,97892443
623,80000000	0,97997209
624,00000000	0,97954987
624,20000000	0,97735305
624,40000000	0,97692909
624,60000000	0,97868816
624,80000000	0,98002024
625,00000000	0,97824381
625,20000000	0,97612294
625,40000000	0,97715987
625,60000000	0,97796915
625,80000000	0,97675419
626,00000000	0,97654210
626,20000000	0,97800533
626,40000000	0,97950383
626,60000000	0,97916056
626,80000000	0,97860928
627,00000000	0,98013187
627,20000000	0,98027674
627,40000000	0,97839972
627,60000000	0,97883067
627,80000000	0,98080192
628,00000000	0,98138024
628,20000000	0,98052850
628,40000000	0,98004000
628,60000000	0,98099423
628,80000000	0,98117726
629,00000000	0,98049012
629,20000000	0,98173465
629,40000000	0,98315636
629,60000000	0,98292011
629,80000000	0,98264862
630,00000000	0,98416031
630,20000000	0,98605402
630,40000000	0,98566205
630,60000000	0,98443096
630,80000000	0,98541849
631,00000000	0,98736438
631,20000000	0,98705332
631,40000000	0,98595515
631,60000000	0,98740757
631,80000000	0,98920516
632,00000000	0,98921453
632,20000000	0,98881973
632,40000000	0,99037382
632,60000000	0,99216944
632,80000000	0,99156061
633,00000000	0,99142675
633,20000000	0,99324830
633,40000000	0,99370552
633,60000000	0,99331991
633,80000000	0,99406827
634,00000000	0,99482687
634,20000000	0,99500456
634,40000000	0,99522658
634,60000000	0,99583217
634,80000000	0,99676411
635,00000000	0,99710200
635,20000000	0,99679139
635,40000000	0,99726963
635,60000000	0,99811421
635,80000000	0,99796264
636,00000000	0,99764130
636,20000000	0,99779836
636,40000000	0,99802146
636,60000000	0,99821232
636,80000000	0,99823709
637,00000000	0,99835177
637,20000000	0,99857434
637,40000000	0,99793879
637,60000000	0,99766513
637,80000000	0,99833431
638,00000000	0,99843242
638,20000000	0,99801628
638,40000000	0,99770313
638,60000000	0,99744983
638,80000000	0,99708283
639,00000000	0,99653459
639,20000000	0,99604886
639,40000000	0,99620798
639,60000000	0,99608651
639,80000000	0,99531030
640,00000000	0,99541683
640,20000000	0,99553859
640,40000000	0,99496353
640,60000000	0,99373315
640,80000000	0,99283130
641,00000000	0,99344576
641,20000000	0,99296969
641,40000000	0,99160785
641,60000000	0,99183308
641,80000000	0,99194732
642,00000000	0,99096304
642,20000000	0,99056326
642,40000000	0,99049198
642,60000000	0,98881069
642,80000000	0,98715546
643,00000000	0,98763040
643,20000000	0,98783728
643,40000000	0,98604248
643,60000000	0,98544754
643,80000000	0,98637096
644,00000000	0,98580352
644,20000000	0,98544119
644,40000000	0,98503313
644,60000000	0,98402038
644,80000000	0,98390606
645,00000000	0,98286718
645,20000000	0,98259810
645,40000000	0,98350220
645,60000000	0,98168379
645,80000000	0,98125915
646,00000000	0,98260707
646,20000000	0,98209622
646,40000000	0,98101259
646,60000000	0,98046128
646,80000000	0,98077343
647,00000000	0,98011766
647,20000000	0,97941588
647,40000000	0,98119540
647,60000000	0,98136721
647,80000000	0,97888558
648,00000000	0,97962045
648,20000000	0,98136681
648,40000000	0,98063179
648,60000000	0,97893965
648,80000000	0,97802483
649,00000000	0,97929473
649,20000000	0,97961351
649,40000000	0,97995137
649,60000000	0,98156470
649,80000000	0,98215015
650,00000000	0,98249006
650,20000000	0,98243544
650,40000000	0,98192222
650,60000000	0,98189962
650,80000000	0,98219369
651,00000000	0,98259115
651,20000000	0,98253808
651,40000000	0,98248889
651,60000000	0,98441963
651,80000000	0,98695114
652,00000000	0,98515810
652,20000000	0,98410603
652,40000000	0,98557903
652,60000000	0,98555172
652,80000000	0,98592497
653,00000000	0,98600046
653,20000000	0,98695124
653,40000000	0,98727379
653,60000000	0,98827880
653,80000000	0,98999889
654,00000000	0,99008662
654,20000000	0,99113382
654,40000000	0,99149181
654,60000000	0,99082496
654,80000000	0,99021570
655,00000000	0,99088586
655,20000000	0,99255593
655,40000000	0,99279163
655,60000000	0,99190208
655,80000000	0,99275458
656,00000000	0,99497498
656,20000000	0,99496552
656,40000000	0,99457586
656,60000000	0,99469609
656,80000000	0,99531192
657,00000000	0,99531311
657,20000000	0,99400171
657,40000000	0,99513843
657,60000000	0,99515184
657,80000000	0,99482266
658,00000000	0,99592886
658,20000000	0,99507915
658,40000000	0,99553957
658,60000000	0,99588927
658,80000000	0,99554254
659,00000000	0,99542237
659,20000000	0,99524281
659,40000000	0,99603987
659,60000000	0,99571097
659,80000000	0,99476775
660,00000000	0,99476442
660,20000000	0,99476331
660,40000000	0,99406843
660,60000000	0,99395454
660,80000000	0,99375049
661,00000000	0,99366174
661,20000000	0,99383918
661,40000000	0,99245591
661,60000000	0,99279490
661,80000000	0,99209676
662,00000000	0,99101243
662,20000000	0,99161943
662,40000000	0,98991890
662,60000000	0,98971014
662,80000000	0,98965770
663,00000000	0,98881813
663,20000000	0,98825963
663,40000000	0,98718103
663,60000000	0,98763339
663,80000000	0,98573977
664,00000000	0,98401245
664,20000000	0,98490524
664,40000000	0,98467702
664,60000000	0,98325347
664,80000000	0,98319957
665,00000000	0,98331546
665,20000000	0,98290052
665,40000000	0,98333545
665,60000000	0,98327376
665,80000000	0,98245035
666,00000000	0,98137165
666,20000000	0,98045698
666,40000000	0,97874174
666,60000000	0,97878162
666,80000000	0,98014333
667,00000000	0,97938399
667,20000000	0,98002147
667,40000000	0,97882956
667,60000000	0,97827156
667,80000000	0,97770094
668,00000000	0,97591612
668,20000000	0,97782608
668,40000000	0,97612285
668,60000000	0,97574549
668,80000000	0,97583116
669,00000000	0,97515717
669,20000000	0,97549368
669,40000000	0,97345332
669,60000000	0,97586908
669,80000000	0,97586879
670,00000000	0,97404685
670,20000000	0,97615287
670,40000000	0,97592820
670,60000000	0,97625569
670,80000000	0,97746399
671,00000000	0,97606381
671,20000000	0,97647064
671,40000000	0,97822734
671,60000000	0,97855637
671,80000000	0,97922232
672,00000000	0,97798092
672,20000000	0,97912615
672,40000000	0,97949752
672,60000000	0,97940007
672,80000000	0,98202245
673,00000000	0,98060295
673,20000000	0,98163681
673,40000000	0,98024029
673,60000000	0,97993446
673,80000000	0,98229224
674,00000000	0,98170229
674,20000000	0,98444562
674,40000000	0,98465243
674,60000000	0,98455595
674,80000000	0,98510179
675,00000000	0,98535418
675,20000000	0,98613242
675,40000000	0,98727781
675,60000000	0,98851773
675,80000000	0,98782433
676,00000000	0,98899571
676,20000000	0,98888750
676,40000000	0,98888997
676,60000000	0,98995002
676,80000000	0,99047789
677,00000000	0,99094060
677,20000000	0,99087156
677,40000000	0,99193803
677,60000000	0,99273096
677,80000000	0,99291923
678,00000000	0,99311355
678,20000000	0,99311732
678,40000000	0,99322438
678,60000000	0,99435521
678,80000000	0,99460684
679,00000000	0,99529801
679,20000000	0,99574728
679,40000000	0,99545117
679,60000000	0,99661271
679,80000000	0,99635738
680,00000000	0,99668131
680,20000000	0,99656329
680,40000000	0,99599442
680,60000000	0,99678443
680,80000000	0,99620507
681,00000000	0,99669964
681,20000000	0,99617809
681,40000000	0,99597300
681,60000000	0,99637959
681,80000000	0,99548074
682,00000000	0,99660169
682,20000000	0,99600870
682,40000000	0,99518200
682,60000000	0,99541262
682,80000000	0,99471929
683,00000000	0,99454340
683,20000000	0,99405152
683,40000000	0,99361920
683,60000000	0,99342521
683,80000000	0,99296157
684,00000000	0,99308606
684,20000000	0,99269020
684,40000000	0,99224200
684,60000000	0,99289357
684,80000000	0,99169978
685,00000000	0,99115525
685,20000000	0,99055546
685,40000000	0,98912904
685,60000000	0,98903868
685,80000000	0,98785700
686,00000000	0,98807979
686,20000000	0,98674909
686,40000000	0,98627455
686,60000000	0,98576662
686,80000000	0,98466303
687,00000000	0,98541519
687,20000000	0,98501811
687,40000000	0,98567102
687,60000000	0,98495306
687,80000000	0,98461155
688,00000000	0,98374827
688,20000000	0,98285097
688,40000000	0,98252486
688,60000000	0,98215277
688,80000000	0,98182446
689,00000000	0,98065965
689,20000000	0,98101132
689,40000000	0,97995433
689,60000000	0,98086982
689,80000000	0,98091556
690,00000000	0,97991085
690,20000000	0,98020756
690,40000000	0,97961145
690,60000000	0,98026842
690,80000000	0,97963338
691,00000000	0,98024816
691,20000000	0,97933583
691,40000000	0,97865134
691,60000000	0,97914738
691,80000000	0,97830667
692,00000000	0,97939188
692,20000000	0,97890295
692,40000000	0,97865139
692,60000000	0,97890303
692,80000000	0,97883824
693,00000000	0,97915825
693,20000000	0,97890543
693,40000000	0,97968508
693,60000000	0,98023889
693,80000000	0,97989353
694,00000000	0,98068738
694,20000000	0,98134184
694,40000000	0,98117862
694,60000000	0,98162092
694,80000000	0,98134599
695,00000000	0,98142305
695,20000000	0,98188450
695,40000000	0,98281947
695,60000000	0,98336173
695,80000000	0,98443367
696,00000000	0,98503955
696,20000000	0,98484031
696,40000000	0,98551553
696,60000000	0,98553071
696,80000000	0,98625942
697,00000000	0,98670929
697,20000000	0,98725293
697,40000000	0,98711783
697,60000000	0,98724869
697,80000000	0,98770496
698,00000000	0,98830691
698,20000000	0,98943035
698,40000000	0,98931390
698,60000000	0,99032120
698,80000000	0,99029073
699,00000000	0,99095424
699,20000000	0,99139500
699,40000000	0,99149948
699,60000000	0,99177499
699,80000000	0,99167296
700,00000000	0,99291427
700,20000000	0,99283487
700,40000000	0,99354270
700,60000000	0,99353826
700,80000000	0,99388929
701,00000000	0,99410998
701,20000000	0,99398437
701,40000000	0,99504197
701,60000000	0,99475087
701,80000000	0,99515565
702,00000000	0,99498620
702,20000000	0,99506836
702,40000000	0,99459998
702,60000000	0,99485466
702,80000000	0,99525851
703,00000000	0,99478059
703,20000000	0,99519410
703,40000000	0,99460274
703,60000000	0,99484474
703,80000000	0,99450736
704,00000000	0,99462614
704,20000000	0,99447106
704,40000000	0,99367773
704,60000000	0,99384274
704,80000000	0,99351452
705,00000000	0,99388633
705,20000000	0,99329464
705,40000000	0,99299819
705,60000000	0,99196898
705,80000000	0,99205297
706,00000000	0,99226482
706,20000000	0,99163048
706,40000000	0,99122137
706,60000000	0,99053719
706,80000000	0,99014088
707,00000000	0,98914265
707,20000000	0,98965280
707,40000000	0,98830211
707,60000000	0,98801692
707,80000000	0,98717855
708,00000000	0,98667106
708,20000000	0,98672920
708,40000000	0,98610681
708,60000000	0,98608154
708,80000000	0,98466097
709,00000000	0,98466120
709,20000000	0,98427168
709,40000000	0,98527945
709,60000000	0,98375310
709,80000000	0,98374024
710,00000000	0,98406911
710,20000000	0,98252135
710,40000000	0,98294002
710,60000000	0,98245606
710,80000000	0,98257155
711,00000000	0,98141935
711,20000000	0,98100235
711,40000000	0,97886736
711,60000000	0,97838635
711,80000000	0,97913232
712,00000000	0,97934704
712,20000000	0,97849546
712,40000000	0,97732437
712,60000000	0,97828507
712,80000000	0,97821545
713,00000000	0,97842513
713,20000000	0,97862840
713,40000000	0,97865857
713,60000000	0,97895527
713,80000000	0,97873291
714,00000000	0,97831101
714,20000000	0,97807418
714,40000000	0,97840997
714,60000000	0,97889944
714,80000000	0,97850149
715,00000000	0,97761661
715,20000000	0,97763895
715,40000000	0,97810686
715,60000000	0,97833539
715,80000000	0,97866571
716,00000000	0,97923530
716,20000000	0,97804467
716,40000000	0,97830231
716,60000000	0,97876391
716,80000000	0,97873414
717,00000000	0,97959831
717,20000000	0,97971672
717,40000000	0,97996378
717,60000000	0,97991671
717,80000000	0,98091104
718,00000000	0,98208156
718,20000000	0,98250245
718,40000000	0,98337115
718,60000000	0,98359127
718,80000000	0,98273573
719,00000000	0,98304487
719,20000000	0,98388909
719,40000000	0,98404755
719,60000000	0,98494720
719,80000000	0,98514433
720,00000000	0,98491878
720,20000000	0,98590200
720,40000000	0,98696789
720,60000000	0,98710653
720,80000000	0,98763951
721,00000000	0,98830284
721,20000000	0,98772730
721,40000000	0,98818839
721,60000000	0,98894440
721,80000000	0,98915873
722,00000000	0,98989800
722,20000000	0,99055673
722,40000000	0,99052967
722,60000000	0,99107521
722,80000000	0,99174408
723,00000000	0,99170797
723,20000000	0,99249041
723,40000000	0,99281101
723,60000000	0,99242168
723,80000000	0,99299134
724,00000000	0,99363684
724,20000000	0,99351284
724,40000000	0,99376515
724,60000000	0,99430764
724,80000000	0,99410001
725,00000000	0,99383834
725,20000000	0,99471700
725,40000000	0,99486447
725,60000000	0,99496902
725,80000000	0,99496852
726,00000000	0,99478928
726,20000000	0,99514106
726,40000000	0,99563016
726,60000000	0,99532698
726,80000000	0,99514304
727,00000000	0,99547532
727,20000000	0,99496888
727,40000000	0,99465771
727,60000000	0,99522337
727,80000000	0,99523463
728,00000000	0,99474607
728,20000000	0,99476190
728,40000000	0,99402492
728,60000000	0,99391587
728,80000000	0,99457809
729,00000000	0,99387346
729,20000000	0,99334238
729,40000000	0,99362273
729,60000000	0,99312583
729,80000000	0,99250917
730,00000000	0,99309021
730,20000000	0,99309571
730,40000000	0,99239610
730,60000000	0,99237750
730,80000000	0,99166088
731,00000000	0,99173789
731,20000000	0,99184328
731,40000000	0,99087610
731,60000000	0,99118554
731,80000000	0,99142079
732,00000000	0,99070743
732,20000000	0,99082841
732,40000000	0,99107503
732,60000000	0,98999658
732,80000000	0,98988642
733,00000000	0,99000203
733,20000000	0,98949757
733,40000000	0,98923759
733,60000000	0,98876093
733,80000000	0,98814685
734,00000000	0,98847835
734,20000000	0,98840210
734,40000000	0,98787886
734,60000000	0,98866440
734,80000000	0,98739157
735,00000000	0,98678346
735,20000000	0,98744383
735,40000000	0,98695403
735,60000000	0,98686777
735,80000000	0,98732937
736,00000000	0,98685509
736,20000000	0,98693797
736,40000000	0,98777043
736,60000000	0,98734226
736,80000000	0,98748788
737,00000000	0,98702123
737,20000000	0,98681251
737,40000000	0,98740517
737,60000000	0,98677321
737,80000000	0,98669461
738,00000000	0,98772534
738,20000000	0,98707507
738,40000000	0,98665958
738,60000000	0,98720637
738,80000000	0,98678730
739,00000000	0,98682298
739,20000000	0,98710437
739,40000000	0,98662014
739,60000000	0,98757356
739,80000000	0,98812078
740,00000000	0,98764041
740,20000000	0,98857298
740,40000000	0,98849366
740,60000000	0,98808250
740,80000000	0,98843326
741,00000000	0,98810784
741,20000000	0,98865342
741,40000000	0,98959155
741,60000000	0,98970329
741,80000000	0,99005219
742,00000000	0,99019244
742,20000000	0,98979434
742,40000000	0,98996581
742,60000000	0,99022807
742,80000000	0,98997852
743,00000000	0,99069617
743,20000000	0,99100045
743,40000000	0,99054795
743,60000000	0,99120517
743,80000000	0,99151652
744,00000000	0,99184005
744,20000000	0,99260008
744,40000000	0,99230297
744,60000000	0,99204379
744,80000000	0,99210530
745,00000000	0,99201100
745,20000000	0,99284759
745,40000000	0,99318654
745,60000000	0,99335726
745,80000000	0,99373396
746,00000000	0,99361746
746,20000000	0,99357099
746,40000000	0,99376665
746,60000000	0,99384852
746,80000000	0,99385290
747,00000000	0,99405439
747,20000000	0,99430919
747,40000000	0,99451024
747,60000000	0,99494714
747,80000000	0,99467012
748,00000000	0,99463457
748,20000000	0,99486937
748,40000000	0,99453745
748,60000000	0,99468619
748,80000000	0,99492950
749,00000000	0,99480747
749,20000000	0,99510215
749,40000000	0,99479600
749,60000000	0,99476892
749,80000000	0,99430940
750,00000000	0,99387063
750,20000000	0,99458019
750,40000000	0,99480649
750,60000000	0,99444476
750,80000000	0,99440464
751,00000000	0,99372450
751,20000000	0,99336375
751,40000000	0,99390802
751,60000000	0,99354879
751,80000000	0,99352448
752,00000000	0,99389759
752,20000000	0,99358904
752,40000000	0,99310675
752,60000000	0,99310593
752,80000000	0,99211849
753,00000000	0,99251623
753,20000000	0,99228609
753,40000000	0,99148995
753,60000000	0,99209596
753,80000000	0,99143501
754,00000000	0,99199484
754,20000000	0,99187423
754,40000000	0,99072916
754,60000000	0,99092518
754,80000000	0,99090415
755,00000000	0,99047452
755,20000000	0,99046321
755,40000000	0,98965984
755,60000000	0,98943168
755,80000000	0,98945252
756,00000000	0,98865226
756,20000000	0,98940979
756,40000000	0,98943288
756,60000000	0,98851907
756,80000000	0,98818232
757,00000000	0,98764191
757,20000000	0,98747643
757,40000000	0,98811703
757,60000000	0,98712633
757,80000000	0,98691108
758,00000000	0,98706769
758,20000000	0,98706311
758,40000000	0,98710153
758,60000000	0,98602566
758,80000000	0,98599616
759,00000000	0,98562187
759,20000000	0,98469554
759,40000000	0,98583950
759,60000000	0,98598666
759,80000000	0,98491907
760,00000000	0,98536449
760,20000000	0,98454287
760,40000000	0,98492265
760,60000000	0,98443406
760,80000000	0,98367135
761,00000000	0,98444977
761,20000000	0,98433126
761,40000000	0,98371680
761,60000000	0,98391074
761,80000000	0,98365303
762,00000000	0,98372524
762,20000000	0,98455837
762,40000000	0,98376750
762,60000000	0,98332006
762,80000000	0,98338401
763,00000000	0,98338413
763,20000000	0,98420167
763,40000000	0,98320315
763,60000000	0,98290866
763,80000000	0,98374635
764,00000000	0,98386555
764,20000000	0,98349323
764,40000000	0,98253796
764,60000000	0,98280943
764,80000000	0,98350675
765,00000000	0,98347732
765,20000000	0,98426228
765,40000000	0,98428110
765,60000000	0,98362394
765,80000000	0,98337979
766,00000000	0,98395326
766,20000000	0,98476737
766,40000000	0,98543047
766,60000000	0,98510069
766,80000000	0,98529478
767,00000000	0,98522873
767,20000000	0,98523623
767,40000000	0,98598235
767,60000000	0,98560908
767,80000000	0,98580689
768,00000000	0,98585522
768,20000000	0,98577902
768,40000000	0,98672155
768,60000000	0,98706729
768,80000000	0,98699564
769,00000000	0,98734557
769,20000000	0,98760671
769,40000000	0,98808095
769,60000000	0,98817223
769,80000000	0,98814195
770,00000000	0,98888215
770,20000000	0,98939934
770,40000000	0,98985276
770,60000000	0,98967657
770,80000000	0,98957561
771,00000000	0,99003990
771,20000000	0,98975300
771,40000000	0,98986878
771,60000000	0,99049387
771,80000000	0,99109095
772,00000000	0,99088714
772,20000000	0,99089828
772,40000000	0,99125820
772,60000000	0,99189415
772,80000000	0,99218509
773,00000000	0,99232625
773,20000000	0,99312946
773,40000000	0,99346053
773,60000000	0,99345698
773,80000000	0,99329991
774,00000000	0,99364925
774,20000000	0,99388469
774,40000000	0,99397730
774,60000000	0,99410891
774,80000000	0,99448834
775,00000000	0,99474367
775,20000000	0,99470225
775,40000000	0,99468752
775,60000000	0,99516684
775,80000000	0,99547379
776,00000000	0,99547042
776,20000000	0,99540764
776,40000000	0,99536344
776,60000000	0,99556276
776,80000000	0,99575329
777,00000000	0,99576923
777,20000000	0,99613355
777,40000000	0,99617132
777,60000000	0,99596488
777,80000000	0,99601962
778,00000000	0,99575956
778,20000000	0,99559403
778,40000000	0,99556826
778,60000000	0,99539894
778,80000000	0,99560168
779,00000000	0,99563824
779,20000000	0,99567027
779,40000000	0,99516237
779,60000000	0,99464119
779,80000000	0,99489511
780,00000000	0,99469951
780,20000000	0,99454823
780,40000000	0,99419164
780,60000000	0,99421233
780,80000000	0,99432084
781,00000000	0,99433511
781,20000000	0,99443509
781,40000000	0,99401890
781,60000000	0,99310352
781,80000000	0,99284684
782,00000000	0,99312972
782,20000000	0,99344079
782,40000000	0,99302466
782,60000000	0,99249635
782,80000000	0,99239723
783,00000000	0,99224876
783,20000000	0,99126474
783,40000000	0,99141208
783,60000000	0,99128551
783,80000000	0,99185001
784,00000000	0,99112928
784,20000000	0,99038640
784,40000000	0,98972531
784,60000000	0,98963883
784,80000000	0,99001977
785,00000000	0,99000632
785,20000000	0,98966313
785,40000000	0,98976097
785,60000000	0,98902606
785,80000000	0,98923830
786,00000000	0,98842154
786,20000000	0,98803961
786,40000000	0,98801387
786,60000000	0,98867138
786,80000000	0,98861169
787,00000000	0,98790515
787,20000000	0,98814201
787,40000000	0,98779372
787,60000000	0,98694231
787,80000000	0,98706545
788,00000000	0,98683608
788,20000000	0,98648073
788,40000000	0,98638028
788,60000000	0,98694302
788,80000000	0,98700281
789,00000000	0,98689739
789,20000000	0,98627152
789,40000000	0,98637954
789,60000000	0,98672387
789,80000000	0,98725760
790,00000000	0,98722186
790,20000000	0,98743177
790,40000000	0,98680900
790,60000000	0,98690859
790,80000000	0,98715868
791,00000000	0,98782299
791,20000000	0,98836059
791,40000000	0,98895637
791,60000000	0,98875504
791,80000000	0,98897748
792,00000000	0,98845779
792,20000000	0,98907915
792,40000000	0,98947569
792,60000000	0,98935459
792,80000000	0,98921004
793,00000000	0,98979400
793,20000000	0,99044105
793,40000000	0,99039998
793,60000000	0,99066489
793,80000000	0,99119187
794,00000000	0,99102967
794,20000000	0,99130869
794,40000000	0,99161959
794,60000000	0,99201815
794,80000000	0,99213357
795,00000000	0,99265613
795,20000000	0,99283890
795,40000000	0,99255583
795,60000000	0,99277698
795,80000000	0,99331260
796,00000000	0,99347885
796,20000000	0,99402900
796,40000000	0,99465331
796,60000000	0,99436682
796,80000000	0,99461776
797,00000000	0,99493232
797,20000000	0,99544747
797,40000000	0,99532336
797,60000000	0,99573389
797,80000000	0,99585261
798,00000000	0,99611095
798,20000000	0,99612834
798,40000000	0,99633934
798,60000000	0,99652555
798,80000000	0,99663005
799,00000000	0,99668324
799,20000000	0,99669559
799,40000000	0,99657540
799,60000000	0,99676509
799,80000000	0,99673853
800,00000000	0,99698509
800,20000000	0,99682516
800,40000000	0,99694812
800,60000000	0,99681288
800,80000000	0,99688544
801,00000000	0,99672836
801,20000000	0,99664045
801,40000000	0,99641620
801,60000000	0,99648383
801,80000000	0,99646680
802,00000000	0,99645226
802,20000000	0,99604735
802,40000000	0,99563375
802,60000000	0,99538527
802,80000000	0,99507038
803,00000000	0,99490976
803,20000000	0,99474241
803,40000000	0,99462196
803,60000000	0,99413874
803,80000000	0,99372286
804,00000000	0,99337629
804,20000000	0,99315317
804,40000000	0,99308870
804,60000000	0,99291123
804,80000000	0,99216929
805,00000000	0,99177421
805,20000000	0,99165027
805,40000000	0,99169105
805,60000000	0,99161052
805,80000000	0,99094494
806,00000000	0,99031267
806,20000000	0,99018097
806,40000000	0,98914172
806,60000000	0,98939416
806,80000000	0,98987112
807,00000000	0,98953072
807,20000000	0,98863986
807,40000000	0,98715047
807,60000000	0,98645416
807,80000000	0,98671875
808,00000000	0,98701391
808,20000000	0,98673954
808,40000000	0,98568018
808,60000000	0,98586288
808,80000000	0,98606773
809,00000000	0,98556514
809,20000000	0,98576697
809,40000000	0,98544367
809,60000000	0,98570385
809,80000000	0,98462416
810,00000000	0,98425238
810,20000000	0,98476489
810,40000000	0,98456265
810,60000000	0,98479651
810,80000000	0,98418783
811,00000000	0,98438831
811,20000000	0,98432984
811,40000000	0,98432924
811,60000000	0,98490223
811,80000000	0,98488993
812,00000000	0,98444188
812,20000000	0,98401779
812,40000000	0,98398845
812,60000000	0,98404408
812,80000000	0,98391639
813,00000000	0,98410476
813,20000000	0,98488531
813,40000000	0,98490565
813,60000000	0,98441876
813,80000000	0,98480297
814,00000000	0,98518011
814,20000000	0,98553494
814,40000000	0,98643687
814,60000000	0,98631769
814,80000000	0,98660948
815,00000000	0,98713877
815,20000000	0,98663787
815,40000000	0,98667382
815,60000000	0,98764241
815,80000000	0,98778542
816,00000000	0,98753625
816,20000000	0,98730570
816,40000000	0,98796706
816,60000000	0,98960493
816,80000000	0,98962755
817,00000000	0,98929921
817,20000000	0,98975549
817,40000000	0,99054898
817,60000000	0,99094557
817,80000000	0,99131574
818,00000000	0,99203431
818,20000000	0,99141439
818,40000000	0,99121170
818,60000000	0,99177994
818,80000000	0,99301914
819,00000000	0,99298876
819,20000000	0,99334751
819,40000000	0,99342790
819,60000000	0,99373088
819,80000000	0,99418145
820,00000000	0,99445299
820,20000000	0,99450941
820,40000000	0,99507768
820,60000000	0,99506123
820,80000000	0,99465414
821,00000000	0,99505971
821,20000000	0,99553848
821,40000000	0,99556547
821,60000000	0,99533978
821,80000000	0,99533147
822,00000000	0,99552545
822,20000000	0,99546856
822,40000000	0,99558985
822,60000000	0,99610556
822,80000000	0,99588235
823,00000000	0,99537013
823,20000000	0,99516416
823,40000000	0,99543044
823,60000000	0,99553224
823,80000000	0,99477712
824,00000000	0,99481952
824,20000000	0,99443324
824,40000000	0,99404765
824,60000000	0,99398541
824,80000000	0,99422265
825,00000000	0,99405996
825,20000000	0,99379832
825,40000000	0,99325409
825,60000000	0,99341933
825,80000000	0,99303289
826,00000000	0,99251917
826,20000000	0,99239641
826,40000000	0,99204805
826,60000000	0,99169118
826,80000000	0,99123917
827,00000000	0,99091046
827,20000000	0,99072098
827,40000000	0,99036956
827,60000000	0,98895649
827,80000000	0,98876988
828,00000000	0,98882827
828,20000000	0,98842817
828,40000000	0,98788445
828,60000000	0,98728713
828,80000000	0,98708104
829,00000000	0,98774563
829,20000000	0,98727632
829,40000000	0,98629059
829,60000000	0,98559504
829,80000000	0,98573536
830,00000000	0,98576903
830,20000000	0,98541989
830,40000000	0,98427433
830,60000000	0,98414696
830,80000000	0,98444760
831,00000000	0,98359604
831,20000000	0,98307162
831,40000000	0,98291766
831,60000000	0,98301577
831,80000000	0,98273602
832,00000000	0,98264633
832,20000000	0,98300276
832,40000000	0,98396744
832,60000000	0,98386336
832,80000000	0,98272330
833,00000000	0,98166660
833,20000000	0,98226373
833,40000000	0,98279124
833,60000000	0,98300367
833,80000000	0,98295395
834,00000000	0,98258006
834,20000000	0,98204785
834,40000000	0,98238827
834,60000000	0,98225900
834,80000000	0,98315566
835,00000000	0,98312021
835,20000000	0,98291150
835,40000000	0,98287292
835,60000000	0,98401635
835,80000000	0,98472847
836,00000000	0,98411038
836,20000000	0,98477826
836,40000000	0,98555955
836,60000000	0,98613474
836,80000000	0,98574246
837,00000000	0,98572692
837,20000000	0,98626090
837,40000000	0,98701557
837,60000000	0,98666785
837,80000000	0,98714811
838,00000000	0,98752750
838,20000000	0,98817473
838,40000000	0,98865758
838,60000000	0,98855850
838,80000000	0,98950594
839,00000000	0,98965178
839,20000000	0,98982826
839,40000000	0,99059388
839,60000000	0,99109854
839,80000000	0,99206173
840,00000000	0,99144260
840,20000000	0,99135704
840,40000000	0,99252342
840,60000000	0,99322637
840,80000000	0,99282984
841,00000000	0,99317240
841,20000000	0,99356395
841,40000000	0,99395752
841,60000000	0,99435513
841,80000000	0,99476523
842,00000000	0,99493923
842,20000000	0,99545730
842,40000000	0,99529890
842,60000000	0,99536793
842,80000000	0,99593880
843,00000000	0,99630516
843,20000000	0,99604385
843,40000000	0,99619055
843,60000000	0,99620446
843,80000000	0,99679807
844,00000000	0,99606602
844,20000000	0,99634322
844,40000000	0,99664899
844,60000000	0,99621058
844,80000000	0,99597600
845,00000000	0,99601142
845,20000000	0,99615172
845,40000000	0,99633511
845,60000000	0,99580254
845,80000000	0,99573670
846,00000000	0,99578586
846,20000000	0,99526853
846,40000000	0,99478919
846,60000000	0,99455403
846,80000000	0,99452775
847,00000000	0,99413008
847,20000000	0,99345464
847,40000000	0,99342766
847,60000000	0,99322754
847,80000000	0,99332449
848,00000000	0,99188815
848,20000000	0,99144530
848,40000000	0,99158198
848,60000000	0,99160639
848,80000000	0,99120927
849,00000000	0,99073792
849,20000000	0,99022847
849,40000000	0,98926937
849,60000000	0,98851129
849,80000000	0,98816734
850,00000000	0,98774212
850,20000000	0,98755608
850,40000000	0,98731358
850,60000000	0,98659340
850,80000000	0,98704203
851,00000000	0,98537962
851,20000000	0,98537485
851,40000000	0,98554858
851,60000000	0,98620742
851,80000000	0,98580512
852,00000000	0,98376387
852,20000000	0,98325939
852,40000000	0,98361048
852,60000000	0,98280144
852,80000000	0,98314565
853,00000000	0,98368679
853,20000000	0,98227779
853,40000000	0,98106145
853,60000000	0,98140792
853,80000000	0,98220016
854,00000000	0,98125312
854,20000000	0,97985829
854,40000000	0,98055976
854,60000000	0,98136800
854,80000000	0,98051886
855,00000000	0,97964253
855,20000000	0,98042071
855,40000000	0,98050217
855,60000000	0,98014569
855,80000000	0,97925502
856,00000000	0,98033211
856,20000000	0,98093762
856,40000000	0,98056583
856,60000000	0,98056515
856,80000000	0,98065071
857,00000000	0,98145494
857,20000000	0,98081881
857,40000000	0,98137808
857,60000000	0,98109729
857,80000000	0,98082326
858,00000000	0,98092542
858,20000000	0,98216059
858,40000000	0,98208095
858,60000000	0,98115320
858,80000000	0,98198988
859,00000000	0,98345736
859,20000000	0,98397021
859,40000000	0,98269588
859,60000000	0,98342895
859,80000000	0,98443171
860,00000000	0,98513859
860,20000000	0,98483072
860,40000000	0,98506427
860,60000000	0,98520012
860,80000000	0,98579906
861,00000000	0,98747932
861,20000000	0,98752109
861,40000000	0,98668691
861,60000000	0,98691968
861,80000000	0,98743692
862,00000000	0,98897560
862,20000000	0,98951831
862,40000000	0,98912801
862,60000000	0,98971150
862,80000000	0,98994059
863,00000000	0,99070218
863,20000000	0,99082224
863,40000000	0,99080126
863,60000000	0,99149875
863,80000000	0,99175279
864,00000000	0,99183573
864,20000000	0,99248595
864,40000000	0,99305338
864,60000000	0,99249153
864,80000000	0,99205482
865,00000000	0,99296886
865,20000000	0,99343057
865,40000000	0,99331406
865,60000000	0,99355767
865,80000000	0,99372992
866,00000000	0,99353220
866,20000000	0,99327922
866,40000000	0,99378618
866,60000000	0,99406423
866,80000000	0,99426624
867,00000000	0,99406092
867,20000000	0,99411974
867,40000000	0,99428383
867,60000000	0,99365729
867,80000000	0,99335916
868,00000000	0,99374828
868,20000000	0,99363355
868,40000000	0,99306223
868,60000000	0,99281378
868,80000000	0,99305339
869,00000000	0,99266660
869,20000000	0,99214771
869,40000000	0,99151403
869,60000000	0,99117162
869,80000000	0,99084369
870,00000000	0,99071038
870,20000000	0,99076275
870,40000000	0,99063353
870,60000000	0,98944872
870,80000000	0,98858095
871,00000000	0,98853211
871,20000000	0,98845904
871,40000000	0,98829482
871,60000000	0,98826519
871,80000000	0,98701000
872,00000000	0,98634461
872,20000000	0,98666523
872,40000000	0,98599108
872,60000000	0,98528180
872,80000000	0,98507007
873,00000000	0,98494896
873,20000000	0,98461390
873,40000000	0,98455469
873,60000000	0,98319172
873,80000000	0,98398493
874,00000000	0,98347360
874,20000000	0,98217449
874,40000000	0,98157622
874,60000000	0,98255127
874,80000000	0,98150739
875,00000000	0,98139712
875,20000000	0,98072566
875,40000000	0,98097219
875,60000000	0,98026826
875,80000000	0,98046360
876,00000000	0,98024362
876,20000000	0,97919326
876,40000000	0,97860985
876,60000000	0,98022177
876,80000000	0,97969609
877,00000000	0,97871919
877,20000000	0,97846581
877,40000000	0,97978910
877,60000000	0,97936398
877,80000000	0,97842915
878,00000000	0,97868115
878,20000000	0,97909897
878,40000000	0,97848531
878,60000000	0,97820587
878,80000000	0,97782557
879,00000000	0,97799430
879,20000000	0,97857537
879,40000000	0,98011726
879,60000000	0,97951011
879,80000000	0,97816021
880,00000000	0,97941505
880,20000000	0,97966502
880,40000000	0,97979305
880,60000000	0,97925765
880,80000000	0,98007745
881,00000000	0,98125160
881,20000000	0,97989114
881,40000000	0,97964693
881,60000000	0,98090983
881,80000000	0,98101051
882,00000000	0,98140123
882,20000000	0,98196746
882,40000000	0,98242832
882,60000000	0,98351324
882,80000000	0,98293475
883,00000000	0,98258662
883,20000000	0,98422219
883,40000000	0,98461622
883,60000000	0,98493212
883,80000000	0,98562423
884,00000000	0,98532767
884,20000000	0,98632228
884,40000000	0,98764862
884,60000000	0,98636485
884,80000000	0,98630103
885,00000000	0,98780357
885,20000000	0,98839645
885,40000000	0,98801871
885,60000000	0,98825490
885,80000000	0,98959504
886,00000000	0,99042613
886,20000000	0,99079221
886,40000000	0,99004655
886,60000000	0,99047929
886,80000000	0,99101025
887,00000000	0,99116298
887,20000000	0,99157017
887,40000000	0,99153961
887,60000000	0,99210767
887,80000000	0,99286447
888,00000000	0,99322502
888,20000000	0,99278221
888,40000000	0,99314442
888,60000000	0,99403536
888,80000000	0,99449060
889,00000000	0,99394905
889,20000000	0,99414151
889,40000000	0,99504582
889,60000000	0,99491603
889,80000000	0,99481831
890,00000000	0,99496036
890,20000000	0,99503640
890,40000000	0,99584925
890,60000000	0,99584041
890,80000000	0,99563948
891,00000000	0,99609328
891,20000000	0,99580479
891,40000000	0,99634861
891,60000000	0,99592733
891,80000000	0,99540640
892,00000000	0,99610894
892,20000000	0,99582968
892,40000000	0,99619207
892,60000000	0,99565562
892,80000000	0,99595193
893,00000000	0,99598149
893,20000000	0,99573951
893,40000000	0,99555706
893,60000000	0,99503624
893,80000000	0,99542895
894,00000000	0,99583150
894,20000000	0,99514850
894,40000000	0,99437673
894,60000000	0,99437380
894,80000000	0,99475970
895,00000000	0,99482502
895,20000000	0,99483024
895,40000000	0,99426579
895,60000000	0,99359408
895,80000000	0,99354058
896,00000000	0,99365669
896,20000000	0,99334146
896,40000000	0,99342552
896,60000000	0,99331685
896,80000000	0,99363834
897,00000000	0,99327828
897,20000000	0,99249647
897,40000000	0,99184672
897,60000000	0,99238681
897,80000000	0,99242617
898,00000000	0,99215110
898,20000000	0,99114927
898,40000000	0,99117797
898,60000000	0,99162950
898,80000000	0,99142923
899,00000000	0,99091759
899,20000000	0,99001940
899,40000000	0,98974632
899,60000000	0,99103641
899,80000000	0,99054912
900,00000000	0,98974202
