150,00000000	0,92182970
150,20000000	0,93049628
150,40000000	0,92011438
150,60000000	0,90517697
150,80000000	0,91840579
151,00000000	0,90534250
151,20000000	0,91018750
151,40000000	0,92736730
151,60000000	0,90463453
151,80000000	0,92282704
152,00000000	0,90963099
152,20000000	0,89860836
152,40000000	0,90512058
152,60000000	0,90812128
152,80000000	0,90605096
153,00000000	0,89082779
153,20000000	0,88574487
153,40000000	0,90466572
153,60000000	0,87812364
153,80000000	0,88929850
154,00000000	0,87230537
154,20000000	0,87775583
154,40000000	0,89144978
154,60000000	0,89781053
154,80000000	0,87832892
155,00000000	0,88879361
155,20000000	0,89435141
155,40000000	0,87245325
155,60000000	0,87450458
155,80000000	0,88662678
156,00000000	0,89152671
156,20000000	0,87507384
156,40000000	0,87412316
156,60000000	0,88098433
156,80000000	0,88784761
157,00000000	0,88075100
157,20000000	0,85439041
157,40000000	0,86418966
157,60000000	0,85835662
157,80000000	0,85950500
158,00000000	0,87240735
158,20000000	0,86751546
158,40000000	0,87509211
158,60000000	0,87201641
158,80000000	0,86221261
159,00000000	0,86459733
159,20000000	0,86463209
159,40000000	0,86649275
159,60000000	0,86039534
159,80000000	0,86368747
160,00000000	0,84915223
160,20000000	0,85318427
160,40000000	0,85110478
160,60000000	0,84009270
160,80000000	0,87392708
161,00000000	0,86230640
161,20000000	0,86727291
161,40000000	0,85136919
161,60000000	0,84571181
161,80000000	0,85714360
162,00000000	0,87114494
162,20000000	0,86037536
162,40000000	0,84662398
162,60000000	0,83065967
162,80000000	0,84628148
163,00000000	0,84775416
163,20000000	0,82812211
163,40000000	0,87213071
163,60000000	0,86811747
163,80000000	0,84933226
164,00000000	0,85908359
164,20000000	0,83146006
164,40000000	0,85452035
164,60000000	0,87412626
164,80000000	0,85044667
165,00000000	0,83303505
165,20000000	0,83360783
165,40000000	0,85222018
165,60000000	0,85004601
165,80000000	0,86006736
166,00000000	0,85113352
166,20000000	0,84172390
166,40000000	0,84522985
166,60000000	0,84156141
166,80000000	0,85368145
167,00000000	0,84577016
167,20000000	0,84640270
167,40000000	0,86302610
167,60000000	0,86430070
167,80000000	0,85089368
168,00000000	0,87330756
168,20000000	0,86048386
168,40000000	0,85495968
168,60000000	0,87131475
168,80000000	0,84005196
169,00000000	0,84142783
169,20000000	0,85044456
169,40000000	0,85841680
169,60000000	0,85189097
169,80000000	0,86692446
170,00000000	0,86073048
170,20000000	0,84774311
170,40000000	0,84866188
170,60000000	0,84105687
170,80000000	0,84981183
171,00000000	0,86315342
171,20000000	0,85106515
171,40000000	0,85844144
171,60000000	0,84686549
171,80000000	0,85072591
172,00000000	0,85121629
172,20000000	0,84887143
172,40000000	0,85053983
172,60000000	0,85229867
172,80000000	0,85156937
173,00000000	0,84325282
173,20000000	0,83897664
173,40000000	0,81690187
173,60000000	0,83259749
173,80000000	0,85698388
174,00000000	0,83427763
174,20000000	0,83259323
174,40000000	0,82365548
174,60000000	0,82828005
174,80000000	0,83611535
175,00000000	0,83232364
175,20000000	0,81456297
175,40000000	0,82253305
175,60000000	0,82285563
175,80000000	0,81787707
176,00000000	0,81349884
176,20000000	0,81933851
176,40000000	0,82113244
176,60000000	0,81300360
176,80000000	0,83064819
177,00000000	0,82647877
177,20000000	0,82060488
177,40000000	0,81226962
177,60000000	0,80269440
177,80000000	0,79605675
178,00000000	0,80871136
178,20000000	0,82221281
178,40000000	0,81061291
178,60000000	0,81750135
178,80000000	0,82120307
179,00000000	0,80844562
179,20000000	0,79619840
179,40000000	0,80739252
179,60000000	0,79326215
179,80000000	0,79525137
180,00000000	0,80882518
180,20000000	0,79937213
180,40000000	0,78196466
180,60000000	0,78036932
180,80000000	0,79085605
181,00000000	0,77974841
181,20000000	0,78648435
181,40000000	0,78452311
181,60000000	0,78374804
181,80000000	0,78897762
182,00000000	0,79118485
182,20000000	0,78483915
182,40000000	0,76683540
182,60000000	0,77215140
182,80000000	0,78292352
183,00000000	0,78103002
183,20000000	0,79481856
183,40000000	0,79083657
183,60000000	0,78910434
183,80000000	0,77279671
184,00000000	0,76560889
184,20000000	0,76876332
184,40000000	0,76575858
184,60000000	0,78143757
184,80000000	0,77493404
185,00000000	0,74968348
185,20000000	0,75199317
185,40000000	0,76324782
185,60000000	0,75693251
185,80000000	0,75811661
186,00000000	0,74715003
186,20000000	0,75563612
186,40000000	0,76444335
186,60000000	0,75426457
186,80000000	0,76153238
187,00000000	0,74806849
187,20000000	0,75319061
187,40000000	0,74476101
187,60000000	0,74881641
187,80000000	0,74817404
188,00000000	0,75665381
188,20000000	0,75103438
188,40000000	0,74884501
188,60000000	0,74951526
188,80000000	0,75379155
189,00000000	0,75918686
189,20000000	0,75167060
189,40000000	0,75453416
189,60000000	0,74585054
189,80000000	0,74167669
190,00000000	0,73859660
190,20000000	0,73927621
190,40000000	0,73853838
190,60000000	0,74581716
190,80000000	0,73680098
191,00000000	0,72681812
191,20000000	0,74794489
191,40000000	0,74737138
191,60000000	0,73361384
191,80000000	0,73761688
192,00000000	0,73440680
192,20000000	0,74507191
192,40000000	0,75144084
192,60000000	0,74232770
192,80000000	0,72583329
193,00000000	0,73288257
193,20000000	0,73345123
193,40000000	0,74593122
193,60000000	0,73180986
193,80000000	0,73568301
194,00000000	0,73562360
194,20000000	0,72480506
194,40000000	0,73762251
194,60000000	0,73139258
194,80000000	0,71988583
195,00000000	0,73494320
195,20000000	0,74623074
195,40000000	0,74204463
195,60000000	0,73549296
195,80000000	0,73678364
196,00000000	0,74693208
196,20000000	0,73426697
196,40000000	0,72624355
196,60000000	0,73553449
196,80000000	0,72844414
197,00000000	0,72424625
197,20000000	0,73759361
197,40000000	0,74784583
197,60000000	0,73896540
197,80000000	0,73631463
198,00000000	0,73369405
198,20000000	0,72894994
198,40000000	0,73601335
198,60000000	0,73762548
198,80000000	0,74235150
199,00000000	0,73448396
199,20000000	0,72567236
199,40000000	0,73418653
199,60000000	0,73856341
199,80000000	0,73116058
200,00000000	0,72555756
200,20000000	0,73692010
200,40000000	0,74448020
200,60000000	0,73785374
200,80000000	0,73297292
201,00000000	0,73846264
201,20000000	0,73041486
201,40000000	0,72789246
201,60000000	0,74308312
201,80000000	0,73477468
202,00000000	0,72866365
202,20000000	0,73225320
202,40000000	0,73167299
202,60000000	0,73922786
202,80000000	0,73936389
203,00000000	0,74539641
203,20000000	0,73445615
203,40000000	0,73782215
203,60000000	0,73282278
203,80000000	0,73407990
204,00000000	0,74525111
204,20000000	0,74841234
204,40000000	0,75417634
204,60000000	0,74743464
204,80000000	0,73751460
205,00000000	0,74261762
205,20000000	0,75523881
205,40000000	0,74663148
205,60000000	0,74007849
205,80000000	0,74936150
206,00000000	0,74227660
206,20000000	0,74658595
206,40000000	0,74261539
206,60000000	0,74694926
206,80000000	0,75683929
207,00000000	0,74404640
207,20000000	0,74251706
207,40000000	0,74536644
207,60000000	0,74846240
207,80000000	0,75369934
208,00000000	0,75120941
208,20000000	0,74330046
208,40000000	0,75164142
208,60000000	0,75723629
208,80000000	0,75773569
209,00000000	0,75400467
209,20000000	0,75466732
209,40000000	0,75378218
209,60000000	0,75187022
209,80000000	0,75398789
210,00000000	0,75245901
210,20000000	0,76468128
210,40000000	0,75820146
210,60000000	0,76404662
210,80000000	0,76802971
211,00000000	0,76415437
211,20000000	0,76261547
211,40000000	0,76255320
211,60000000	0,76026807
211,80000000	0,76599063
212,00000000	0,77650309
212,20000000	0,76831986
212,40000000	0,77251789
212,60000000	0,77064885
212,80000000	0,77701655
213,00000000	0,77394342
213,20000000	0,78226263
213,40000000	0,78807493
213,60000000	0,78118333
213,80000000	0,78585074
214,00000000	0,77908484
214,20000000	0,78378760
214,40000000	0,78759972
214,60000000	0,78840975
214,80000000	0,78995711
215,00000000	0,78873968
215,20000000	0,79099458
215,40000000	0,79843077
215,60000000	0,79781323
215,80000000	0,79760865
216,00000000	0,80278661
216,20000000	0,80115325
216,40000000	0,80256936
216,60000000	0,81031631
216,80000000	0,81209685
217,00000000	0,81296166
217,20000000	0,81000279
217,40000000	0,81598207
217,60000000	0,81856944
217,80000000	0,82084323
218,00000000	0,82720712
218,20000000	0,82423117
218,40000000	0,83034314
218,60000000	0,82822639
218,80000000	0,82888985
219,00000000	0,83177157
219,20000000	0,83450830
219,40000000	0,83609958
219,60000000	0,83554267
219,80000000	0,84447362
220,00000000	0,84235122
220,20000000	0,85090630
220,40000000	0,85249704
220,60000000	0,85155487
220,80000000	0,85308489
221,00000000	0,85502448
221,20000000	0,86000772
221,40000000	0,86240276
221,60000000	0,86417546
221,80000000	0,86784190
222,00000000	0,86841953
222,20000000	0,87235798
222,40000000	0,87207522
222,60000000	0,87468801
222,80000000	0,87552271
223,00000000	0,87695837
223,20000000	0,88128884
223,40000000	0,88168513
223,60000000	0,88564230
223,80000000	0,88744773
224,00000000	0,88978831
224,20000000	0,89516279
224,40000000	0,89662670
224,60000000	0,89933082
224,80000000	0,90024383
225,00000000	0,90189680
225,20000000	0,90556903
225,40000000	0,90682157
225,60000000	0,91045687
225,80000000	0,91065917
226,00000000	0,91355906
226,20000000	0,91524682
226,40000000	0,91547581
226,60000000	0,92116907
226,80000000	0,92051588
227,00000000	0,92457634
227,20000000	0,92786418
227,40000000	0,92864003
227,60000000	0,93209935
227,80000000	0,93334690
228,00000000	0,93516301
228,20000000	0,93512448
228,40000000	0,93636264
228,60000000	0,93863910
228,80000000	0,93992434
229,00000000	0,94413231
229,20000000	0,94458111
229,40000000	0,94583109
229,60000000	0,94899094
229,80000000	0,94883342
230,00000000	0,94921517
230,20000000	0,95274032
230,40000000	0,95625503
230,60000000	0,95810183
230,80000000	0,95756044
231,00000000	0,95919115
231,20000000	0,96113722
231,40000000	0,96263654
231,60000000	0,96526734
231,80000000	0,96363777
232,00000000	0,96566153
232,20000000	0,96953626
232,40000000	0,96947249
232,60000000	0,97216604
232,80000000	0,97382595
233,00000000	0,97503169
233,20000000	0,97607082
233,40000000	0,97574749
233,60000000	0,97712234
233,80000000	0,97926717
234,00000000	0,97992760
234,20000000	0,97966242
234,40000000	0,98082219
234,60000000	0,98361879
234,80000000	0,98272552
235,00000000	0,98385353
235,20000000	0,98575691
235,40000000	0,98615116
235,60000000	0,98626584
235,80000000	0,98621135
236,00000000	0,98742339
236,20000000	0,98930643
236,40000000	0,99011705
236,60000000	0,99080532
236,80000000	0,99128772
237,00000000	0,99160916
237,20000000	0,99200520
237,40000000	0,99271810
237,60000000	0,99301838
237,80000000	0,99325565
238,00000000	0,99382480
238,20000000	0,99412084
238,40000000	0,99370039
238,60000000	0,99371159
238,80000000	0,99429496
239,00000000	0,99446990
239,20000000	0,99514671
239,40000000	0,99489306
239,60000000	0,99417216
239,80000000	0,99406429
240,00000000	0,99470459
240,20000000	0,99423087
240,40000000	0,99379563
240,60000000	0,99367111
240,80000000	0,99355937
241,00000000	0,99320726
241,20000000	0,99316007
241,40000000	0,99271070
241,60000000	0,99244350
241,80000000	0,99180404
242,00000000	0,99056918
242,20000000	0,99028991
242,40000000	0,98993795
242,60000000	0,98861790
242,80000000	0,98791749
243,00000000	0,98711597
243,20000000	0,98632807
243,40000000	0,98560099
243,60000000	0,98306018
243,80000000	0,98208724
244,00000000	0,98216723
244,20000000	0,98256261
244,40000000	0,98161587
244,60000000	0,97953026
244,80000000	0,97915315
245,00000000	0,97822010
245,20000000	0,97613881
245,40000000	0,97423771
245,60000000	0,97403508
245,80000000	0,97269056
246,00000000	0,96929662
246,20000000	0,96722281
246,40000000	0,96705210
246,60000000	0,96651529
246,80000000	0,96620750
247,00000000	0,96538739
247,20000000	0,96326466
247,40000000	0,96316395
247,60000000	0,96154279
247,80000000	0,96063868
248,00000000	0,95958931
248,20000000	0,95644309
248,40000000	0,95753185
248,60000000	0,95799301
248,80000000	0,95628565
249,00000000	0,95428038
249,20000000	0,95326485
249,40000000	0,95118204
249,60000000	0,95073545
249,80000000	0,95234962
250,00000000	0,95040383
250,20000000	0,94830236
250,40000000	0,95073524
250,60000000	0,95094201
250,80000000	0,95097641
251,00000000	0,95086101
251,20000000	0,94987922
251,40000000	0,95058575
251,60000000	0,94770291
251,80000000	0,94635852
252,00000000	0,94835451
252,20000000	0,94849624
252,40000000	0,94769771
252,60000000	0,94707390
252,80000000	0,94902590
253,00000000	0,95128503
253,20000000	0,94967474
253,40000000	0,94807853
253,60000000	0,94985509
253,80000000	0,95203812
254,00000000	0,95188746
254,20000000	0,95108586
254,40000000	0,95079147
254,60000000	0,95154454
254,80000000	0,95126066
255,00000000	0,94710973
255,20000000	0,94667691
255,40000000	0,94851853
255,60000000	0,94816500
255,80000000	0,94966801
256,00000000	0,94985456
256,20000000	0,94891358
256,40000000	0,94893683
256,60000000	0,94506550
256,80000000	0,94027546
257,00000000	0,93933561
257,20000000	0,93916055
257,40000000	0,93715203
257,60000000	0,93598894
257,80000000	0,93093572
258,00000000	0,92553588
258,20000000	0,92406231
258,40000000	0,91792599
258,60000000	0,91081640
258,80000000	0,90682442
259,00000000	0,90413733
259,20000000	0,89577097
259,40000000	0,88616310
259,60000000	0,88237575
259,80000000	0,87467811
260,00000000	0,86292915
260,20000000	0,85677280
260,40000000	0,84489394
260,60000000	0,83682702
260,80000000	0,83275989
261,00000000	0,82224663
261,20000000	0,81582076
261,40000000	0,80222647
261,60000000	0,78832635
261,80000000	0,78503966
262,00000000	0,77013093
262,20000000	0,75575897
262,40000000	0,75208883
262,60000000	0,74290988
262,80000000	0,73123532
263,00000000	0,72165427
263,20000000	0,70350425
263,40000000	0,69365640
263,60000000	0,68581281
263,80000000	0,67899325
264,00000000	0,67378353
264,20000000	0,65467063
264,40000000	0,64542557
264,60000000	0,64279836
264,80000000	0,62871019
265,00000000	0,61502776
265,20000000	0,60974049
265,40000000	0,60196384
265,60000000	0,59014643
265,80000000	0,57860678
266,00000000	0,56968132
266,20000000	0,56645428
266,40000000	0,55293066
266,60000000	0,55370047
266,80000000	0,54217326
267,00000000	0,52241282
267,20000000	0,51022880
267,40000000	0,50642961
267,60000000	0,50814054
267,80000000	0,50252004
268,00000000	0,49475239
268,20000000	0,48095955
268,40000000	0,46432416
268,60000000	0,45779113
268,80000000	0,46057718
269,00000000	0,45861427
269,20000000	0,44953832
269,40000000	0,44681760
269,60000000	0,43793419
269,80000000	0,42363050
270,00000000	0,42031167
270,20000000	0,41638987
270,40000000	0,40839932
270,60000000	0,40591283
270,80000000	0,40291163
271,00000000	0,40222598
271,20000000	0,40479127
271,40000000	0,40026597
271,60000000	0,38660784
271,80000000	0,38122822
272,00000000	0,38058206
272,20000000	0,38362693
272,40000000	0,37630338
272,60000000	0,36371313
272,80000000	0,36151741
273,00000000	0,35797048
273,20000000	0,34218209
273,40000000	0,34464875
273,60000000	0,35500942
273,80000000	0,35246819
274,00000000	0,34228103
274,20000000	0,33868190
274,40000000	0,33795908
274,60000000	0,33324761
274,80000000	0,33242477
275,00000000	0,33782827
275,20000000	0,33301347
275,40000000	0,32286914
275,60000000	0,32097892
275,80000000	0,32147262
276,00000000	0,31373712
276,20000000	0,31007357
276,40000000	0,30991758
276,60000000	0,30862935
276,80000000	0,31012148
277,00000000	0,31055056
277,20000000	0,30593887
277,40000000	0,30039155
277,60000000	0,29626615
277,80000000	0,29020104
278,00000000	0,29678406
278,20000000	0,29243962
278,40000000	0,28549457
278,60000000	0,28814680
278,80000000	0,28862024
279,00000000	0,28320511
279,20000000	0,28067223
279,40000000	0,27748164
279,60000000	0,28233676
279,80000000	0,27895585
280,00000000	0,26807181
280,20000000	0,26504847
280,40000000	0,26946683
280,60000000	0,27050369
280,80000000	0,26992303
281,00000000	0,26951829
281,20000000	0,26127122
281,40000000	0,25844966
281,60000000	0,26411112
281,80000000	0,26451732
282,00000000	0,25566325
282,20000000	0,25481552
282,40000000	0,25297460
282,60000000	0,24948861
282,80000000	0,24889127
283,00000000	0,24580187
283,20000000	0,24616273
283,40000000	0,24828791
283,60000000	0,24654215
283,80000000	0,24183427
284,00000000	0,24245127
284,20000000	0,24702967
284,40000000	0,24685198
284,60000000	0,24137647
284,80000000	0,23673153
285,00000000	0,22946043
285,20000000	0,22959868
285,40000000	0,23666371
285,60000000	0,24050300
285,80000000	0,23834677
286,00000000	0,23463023
286,20000000	0,23272895
286,40000000	0,22387532
286,60000000	0,21949176
286,80000000	0,22624695
287,00000000	0,22680011
287,20000000	0,22116297
287,40000000	0,22165786
287,60000000	0,22837291
287,80000000	0,22388527
288,00000000	0,22025888
288,20000000	0,22217693
288,40000000	0,21902585
288,60000000	0,21831139
288,80000000	0,21233532
289,00000000	0,21421931
289,20000000	0,21689614
289,40000000	0,21508188
289,60000000	0,21337504
289,80000000	0,21052512
290,00000000	0,20968259
290,20000000	0,20878910
290,40000000	0,21088642
290,60000000	0,21278015
290,80000000	0,20784718
291,00000000	0,20531503
291,20000000	0,20466887
291,40000000	0,20025372
291,60000000	0,20136043
291,80000000	0,20487657
292,00000000	0,20382051
292,20000000	0,20625860
292,40000000	0,20677829
292,60000000	0,20351351
292,80000000	0,19947052
293,00000000	0,19567210
293,20000000	0,19480130
293,40000000	0,19583038
293,60000000	0,19417389
293,80000000	0,19454459
294,00000000	0,19577741
294,20000000	0,19726401
294,40000000	0,19830089
294,60000000	0,19415921
294,80000000	0,18994324
295,00000000	0,19337165
295,20000000	0,19470736
295,40000000	0,19422203
295,60000000	0,19139617
295,80000000	0,19094980
296,00000000	0,19336196
296,20000000	0,19471063
296,40000000	0,19280162
296,60000000	0,18938881
296,80000000	0,18926447
297,00000000	0,19159556
297,20000000	0,19156260
297,40000000	0,18996488
297,60000000	0,18872445
297,80000000	0,18891604
298,00000000	0,18848126
298,20000000	0,18411396
298,40000000	0,18152400
298,60000000	0,18366238
298,80000000	0,18506076
299,00000000	0,18343837
299,20000000	0,18155574
299,40000000	0,18001998
299,60000000	0,17962498
299,80000000	0,17695012
300,00000000	0,17383245
300,20000000	0,17491530
300,40000000	0,17908927
300,60000000	0,18017044
300,80000000	0,17799815
301,00000000	0,17830413
301,20000000	0,17775951
301,40000000	0,17411934
301,60000000	0,17407145
301,80000000	0,17614236
302,00000000	0,17728909
302,20000000	0,17750301
302,40000000	0,17479891
302,60000000	0,17517164
302,80000000	0,17589935
303,00000000	0,17344264
303,20000000	0,17285060
303,40000000	0,17402333
303,60000000	0,17611226
303,80000000	0,17646717
304,00000000	0,17554981
304,20000000	0,17387399
304,40000000	0,17263086
304,60000000	0,17191182
304,80000000	0,17258317
305,00000000	0,17332307
305,20000000	0,17319944
305,40000000	0,17322309
305,60000000	0,17119864
305,80000000	0,16931866
306,00000000	0,16886226
306,20000000	0,16975533
306,40000000	0,17057735
306,60000000	0,16998594
306,80000000	0,16972820
307,00000000	0,16882571
307,20000000	0,16741983
307,40000000	0,16633419
307,60000000	0,16665589
307,80000000	0,16699290
308,00000000	0,16756355
308,20000000	0,16788263
308,40000000	0,16509656
308,60000000	0,16425681
308,80000000	0,16571966
309,00000000	0,16558556
309,20000000	0,16523659
309,40000000	0,16685382
309,60000000	0,16750115
309,80000000	0,16650131
310,00000000	0,16605536
310,20000000	0,16609174
310,40000000	0,16585174
310,60000000	0,16471953
310,80000000	0,16536898
311,00000000	0,16589701
311,20000000	0,16430352
311,40000000	0,16464104
311,60000000	0,16459556
311,80000000	0,16355692
312,00000000	0,16429590
312,20000000	0,16450084
312,40000000	0,16335166
312,60000000	0,16307722
312,80000000	0,16469494
313,00000000	0,16501715
313,20000000	0,16477363
313,40000000	0,16583402
313,60000000	0,16656481
313,80000000	0,16626285
314,00000000	0,16538317
314,20000000	0,16500132
314,40000000	0,16607441
314,60000000	0,16678331
314,80000000	0,16598655
315,00000000	0,16494526
315,20000000	0,16467061
315,40000000	0,16553062
315,60000000	0,16650084
315,80000000	0,16600729
316,00000000	0,16488814
316,20000000	0,16428115
316,40000000	0,16436574
316,60000000	0,16545773
316,80000000	0,16582563
317,00000000	0,16446813
317,20000000	0,16295452
317,40000000	0,16210163
317,60000000	0,16194343
317,80000000	0,16234393
318,00000000	0,16263882
318,20000000	0,16220547
318,40000000	0,16091910
318,60000000	0,15982493
318,80000000	0,15906899
319,00000000	0,15889954
319,20000000	0,15893242
319,40000000	0,15868196
319,60000000	0,15835314
319,80000000	0,15782717
320,00000000	0,15725671
320,20000000	0,15596672
320,40000000	0,15501504
320,60000000	0,15504085
320,80000000	0,15514234
321,00000000	0,15487864
321,20000000	0,15407999
321,40000000	0,15354980
321,60000000	0,15338442
321,80000000	0,15312804
322,00000000	0,15317222
322,20000000	0,15302522
322,40000000	0,15282318
322,60000000	0,15239834
322,80000000	0,15138234
323,00000000	0,15084266
323,20000000	0,15070161
323,40000000	0,15035239
323,60000000	0,15050796
323,80000000	0,15045013
324,00000000	0,14985842
324,20000000	0,14947248
324,40000000	0,14935165
324,60000000	0,14950085
324,80000000	0,14920894
325,00000000	0,14896503
325,20000000	0,14903646
325,40000000	0,14843661
325,60000000	0,14750989
325,80000000	0,14734515
326,00000000	0,14756529
326,20000000	0,14787610
326,40000000	0,14804548
326,60000000	0,14748565
326,80000000	0,14659779
327,00000000	0,14644356
327,20000000	0,14684324
327,40000000	0,14710427
327,60000000	0,14664044
327,80000000	0,14579388
328,00000000	0,14555871
328,20000000	0,14572858
328,40000000	0,14586660
328,60000000	0,14562108
328,80000000	0,14528299
329,00000000	0,14521954
329,20000000	0,14510878
329,40000000	0,14474780
329,60000000	0,14437743
329,80000000	0,14444369
330,00000000	0,14463727
330,20000000	0,14436794
330,40000000	0,14389441
330,60000000	0,14357992
330,80000000	0,14351503
331,00000000	0,14357014
331,20000000	0,14347512
331,40000000	0,14324994
331,60000000	0,14304135
331,80000000	0,14285602
332,00000000	0,14263013
332,20000000	0,14238313
332,40000000	0,14224672
332,60000000	0,14223241
332,80000000	0,14219698
333,00000000	0,14212742
333,20000000	0,14204690
333,40000000	0,14190265
333,60000000	0,14176454
333,80000000	0,14156436
334,00000000	0,14132144
334,20000000	0,14106323
334,40000000	0,14084639
334,60000000	0,14082169
334,80000000	0,14085449
335,00000000	0,14078769
335,20000000	0,14061985
335,40000000	0,14052512
335,60000000	0,14045847
335,80000000	0,14025245
336,00000000	0,14003480
336,20000000	0,13993923
336,40000000	0,13994919
336,60000000	0,13991944
336,80000000	0,13980648
337,00000000	0,13966586
337,20000000	0,13958086
337,40000000	0,13955651
337,60000000	0,13945511
337,80000000	0,13931131
338,00000000	0,13922853
338,20000000	0,13916918
338,40000000	0,13910774
338,60000000	0,13901527
338,80000000	0,13890328
339,00000000	0,13889112
339,20000000	0,13889493
339,40000000	0,13877628
339,60000000	0,13863941
339,80000000	0,13859269
340,00000000	0,13857169
340,20000000	0,13852057
340,40000000	0,13845583
340,60000000	0,13839478
340,80000000	0,13835265
341,00000000	0,13829912
341,20000000	0,13820912
341,40000000	0,13813310
341,60000000	0,13810053
341,80000000	0,13806792
342,00000000	0,13801974
342,20000000	0,13795149
342,40000000	0,13787927
342,60000000	0,13784846
342,80000000	0,13780639
343,00000000	0,13772643
343,20000000	0,13769209
343,40000000	0,13770886
343,60000000	0,13770005
343,80000000	0,13765143
344,00000000	0,13757429
344,20000000	0,13750716
344,40000000	0,13749838
344,60000000	0,13751042
344,80000000	0,13753819
345,00000000	0,13749030
345,20000000	0,13737353
345,40000000	0,13743857
345,60000000	0,13750730
345,80000000	0,13740150
346,00000000	0,13738678
346,20000000	0,13751225
346,40000000	0,13761499
346,60000000	0,13756069
346,80000000	0,13743525
347,00000000	0,13745108
347,20000000	0,13754087
347,40000000	0,13753757
347,60000000	0,13741373
347,80000000	0,13737005
348,00000000	0,13751296
348,20000000	0,13761794
348,40000000	0,13759662
348,60000000	0,13754151
348,80000000	0,13758878
349,00000000	0,13773635
349,20000000	0,13778409
349,40000000	0,13769005
349,60000000	0,13764839
349,80000000	0,13782885
350,00000000	0,13802977
350,20000000	0,13796165
350,40000000	0,13784557
350,60000000	0,13784232
350,80000000	0,13790585
351,00000000	0,13809423
351,20000000	0,13824387
351,40000000	0,13829810
351,60000000	0,13838130
351,80000000	0,13840715
352,00000000	0,13839118
352,20000000	0,13853148
352,40000000	0,13873063
352,60000000	0,13879231
352,80000000	0,13879179
353,00000000	0,13892958
353,20000000	0,13900652
353,40000000	0,13898314
353,60000000	0,13914588
353,80000000	0,13915688
354,00000000	0,13892728
354,20000000	0,13907645
354,40000000	0,13936734
354,60000000	0,13928999
354,80000000	0,13925283
355,00000000	0,13947135
355,20000000	0,13984468
355,40000000	0,14014251
355,60000000	0,14016692
355,80000000	0,14004494
356,00000000	0,14006712
356,20000000	0,14023095
356,40000000	0,14042691
356,60000000	0,14052082
356,80000000	0,14042717
357,00000000	0,14061727
357,20000000	0,14106069
357,40000000	0,14122744
357,60000000	0,14123171
357,80000000	0,14158816
358,00000000	0,14198684
358,20000000	0,14192984
358,40000000	0,14164770
358,60000000	0,14146737
358,80000000	0,14155936
359,00000000	0,14184313
359,20000000	0,14207343
359,40000000	0,14223877
359,60000000	0,14252369
359,80000000	0,14297653
360,00000000	0,14345542
360,20000000	0,14353703
360,40000000	0,14344542
360,60000000	0,14364588
360,80000000	0,14374870
361,00000000	0,14368710
361,20000000	0,14394537
361,40000000	0,14478398
361,60000000	0,14553118
361,80000000	0,14525438
362,00000000	0,14423532
362,20000000	0,14419818
362,40000000	0,14505170
362,60000000	0,14530933
362,80000000	0,14567598
363,00000000	0,14606007
363,20000000	0,14610560
363,40000000	0,14645506
363,60000000	0,14646773
363,80000000	0,14620793
364,00000000	0,14646631
364,20000000	0,14706380
364,40000000	0,14781861
364,60000000	0,14880565
364,80000000	0,14896888
365,00000000	0,14846279
365,20000000	0,14869894
365,40000000	0,14887671
365,60000000	0,14913757
365,80000000	0,15014876
366,00000000	0,15048730
366,20000000	0,14998097
366,40000000	0,14978993
366,60000000	0,14996228
366,80000000	0,15068640
367,00000000	0,15169750
367,20000000	0,15195793
367,40000000	0,15250495
367,60000000	0,15339090
367,80000000	0,15319399
368,00000000	0,15275254
368,20000000	0,15283036
368,40000000	0,15244534
368,60000000	0,15223807
368,80000000	0,15290437
369,00000000	0,15365259
369,20000000	0,15512506
369,40000000	0,15648357
369,60000000	0,15642279
369,80000000	0,15594457
370,00000000	0,15522744
370,20000000	0,15536243
370,40000000	0,15636434
370,60000000	0,15641480
370,80000000	0,15682319
371,00000000	0,15734753
371,20000000	0,15702008
371,40000000	0,15766045
371,60000000	0,15889644
371,80000000	0,15938152
372,00000000	0,15912042
372,20000000	0,15858044
372,40000000	0,15906158
372,60000000	0,16058323
372,80000000	0,16183353
373,00000000	0,16315070
373,20000000	0,16459371
373,40000000	0,16407942
373,60000000	0,16303705
373,80000000	0,16430024
374,00000000	0,16524045
374,20000000	0,16486140
374,40000000	0,16517489
374,60000000	0,16589992
374,80000000	0,16603806
375,00000000	0,16545235
375,20000000	0,16615806
375,40000000	0,16857433
375,60000000	0,16956141
375,80000000	0,16856248
376,00000000	0,16721057
376,20000000	0,16684240
376,40000000	0,16899858
376,60000000	0,17186125
376,80000000	0,17386230
377,00000000	0,17422703
377,20000000	0,17249359
377,40000000	0,17281547
377,60000000	0,17345938
377,80000000	0,17253725
378,00000000	0,17386144
378,20000000	0,17493327
378,40000000	0,17488606
378,60000000	0,17433850
378,80000000	0,17491748
379,00000000	0,17702243
379,20000000	0,17800625
379,40000000	0,17894819
379,60000000	0,18015049
379,80000000	0,18147221
380,00000000	0,18152853
380,20000000	0,18189991
380,40000000	0,18345091
380,60000000	0,18327496
380,80000000	0,18172678
381,00000000	0,18104214
381,20000000	0,18103673
381,40000000	0,18250113
381,60000000	0,18532101
381,80000000	0,18574091
382,00000000	0,18527204
382,20000000	0,18654000
382,40000000	0,18701845
382,60000000	0,18834832
382,80000000	0,19157890
383,00000000	0,19206535
383,20000000	0,19252007
383,40000000	0,19434974
383,60000000	0,19484247
383,80000000	0,19397059
384,00000000	0,19349762
384,20000000	0,19601025
384,40000000	0,19684065
384,60000000	0,19514661
384,80000000	0,19646365
385,00000000	0,19859014
385,20000000	0,19967897
385,40000000	0,20035598
385,60000000	0,19973895
385,80000000	0,19835774
386,00000000	0,19822907
386,20000000	0,19994522
386,40000000	0,20281255
386,60000000	0,20467349
386,80000000	0,20463749
387,00000000	0,20574945
387,20000000	0,20648378
387,40000000	0,20610899
387,60000000	0,20704854
387,80000000	0,20710047
388,00000000	0,20605272
388,20000000	0,20724575
388,40000000	0,21045597
388,60000000	0,21340266
388,80000000	0,21206990
389,00000000	0,20998200
389,20000000	0,21244544
389,40000000	0,21402179
389,60000000	0,21249759
389,80000000	0,21284645
390,00000000	0,21485525
390,20000000	0,21650885
390,40000000	0,21851802
390,60000000	0,22156577
390,80000000	0,22275290
391,00000000	0,22062125
391,20000000	0,21830302
391,40000000	0,21984318
391,60000000	0,22219948
391,80000000	0,22297687
392,00000000	0,22398848
392,20000000	0,22291134
392,40000000	0,22208171
392,60000000	0,22388617
392,80000000	0,22724385
393,00000000	0,23051880
393,20000000	0,22974943
393,40000000	0,22723218
393,60000000	0,22955840
393,80000000	0,23285366
394,00000000	0,23349465
394,20000000	0,23384867
394,40000000	0,23321842
394,60000000	0,23333653
394,80000000	0,23565448
395,00000000	0,23932939
395,20000000	0,24153812
395,40000000	0,24023107
395,60000000	0,23873186
395,80000000	0,23913064
396,00000000	0,24024681
396,20000000	0,24347974
396,40000000	0,24813183
396,60000000	0,24923814
396,80000000	0,24927047
397,00000000	0,24855851
397,20000000	0,25025703
397,40000000	0,25389493
397,60000000	0,25256689
397,80000000	0,25118376
398,00000000	0,25433361
398,20000000	0,25966660
398,40000000	0,25900639
398,60000000	0,25492222
398,80000000	0,25400473
399,00000000	0,25221306
399,20000000	0,25371708
399,40000000	0,25709188
399,60000000	0,25851740
399,80000000	0,26085958
400,00000000	0,26181379
400,20000000	0,26453929
400,40000000	0,27010345
400,60000000	0,26895876
400,80000000	0,26734565
401,00000000	0,26892308
401,20000000	0,26525774
401,40000000	0,26492199
401,60000000	0,27328352
401,80000000	0,27804195
402,00000000	0,27712868
402,20000000	0,27652501
402,40000000	0,27720184
402,60000000	0,27851693
402,80000000	0,28144461
403,00000000	0,28374301
403,20000000	0,28307061
403,40000000	0,28364794
403,60000000	0,28585906
403,80000000	0,28573899
404,00000000	0,28423073
404,20000000	0,28801268
404,40000000	0,28999506
404,60000000	0,29039966
404,80000000	0,29388297
405,00000000	0,29663219
405,20000000	0,29661617
405,40000000	0,29400269
405,60000000	0,29475214
405,80000000	0,30084604
406,00000000	0,30828571
406,20000000	0,31139406
406,40000000	0,30742150
406,60000000	0,30701505
406,80000000	0,31396911
407,00000000	0,31634313
407,20000000	0,31322255
407,40000000	0,31396234
407,60000000	0,31501101
407,80000000	0,31657470
408,00000000	0,32644344
408,20000000	0,33508203
408,40000000	0,33601084
408,60000000	0,33412012
408,80000000	0,33046124
409,00000000	0,32737169
409,20000000	0,33243170
409,40000000	0,34068669
409,60000000	0,34553672
409,80000000	0,34575626
410,00000000	0,34381661
410,20000000	0,34124499
410,40000000	0,33924652
410,60000000	0,34118220
410,80000000	0,34692458
411,00000000	0,35049295
411,20000000	0,34946828
411,40000000	0,35223468
411,60000000	0,35701535
411,80000000	0,35709551
412,00000000	0,35963628
412,20000000	0,36562544
412,40000000	0,36980203
412,60000000	0,37088373
412,80000000	0,37021139
413,00000000	0,37220761
413,20000000	0,37461088
413,40000000	0,37258324
413,60000000	0,36888254
413,80000000	0,37105570
414,00000000	0,38048139
414,20000000	0,38682849
414,40000000	0,38252119
414,60000000	0,38170672
414,80000000	0,39165261
415,00000000	0,39872141
415,20000000	0,39700399
415,40000000	0,39534852
415,60000000	0,39927838
415,80000000	0,39795777
416,00000000	0,39357762
416,20000000	0,39783619
416,40000000	0,40815760
416,60000000	0,40991711
416,80000000	0,40428210
417,00000000	0,40332966
417,20000000	0,40783575
417,40000000	0,41896725
417,60000000	0,42394822
417,80000000	0,41994784
418,00000000	0,41534194
418,20000000	0,41782957
418,40000000	0,42411994
418,60000000	0,42509763
418,80000000	0,42603819
419,00000000	0,42822906
419,20000000	0,43147106
419,40000000	0,43434859
419,60000000	0,43240884
419,80000000	0,43126666
420,00000000	0,43923919
420,20000000	0,44666186
420,40000000	0,44810316
420,60000000	0,44854142
420,80000000	0,45035314
421,00000000	0,45141528
421,20000000	0,45146893
421,40000000	0,45146428
421,60000000	0,45448298
421,80000000	0,46033431
422,00000000	0,46436865
422,20000000	0,46510735
422,40000000	0,46485141
422,60000000	0,46327845
422,80000000	0,46340316
423,00000000	0,46717044
423,20000000	0,47315742
423,40000000	0,47572758
423,60000000	0,47155377
423,80000000	0,47023747
424,00000000	0,47583374
424,20000000	0,48562365
424,40000000	0,48884327
424,60000000	0,48218344
424,80000000	0,47657271
425,00000000	0,47929067
425,20000000	0,48216039
425,40000000	0,48369631
425,60000000	0,48713333
425,80000000	0,48676535
426,00000000	0,48766081
426,20000000	0,48997535
426,40000000	0,49224662
426,60000000	0,49868680
426,80000000	0,50412535
427,00000000	0,50130905
427,20000000	0,49524824
427,40000000	0,49618703
427,60000000	0,50152888
427,80000000	0,50535980
428,00000000	0,50316076
428,20000000	0,50309493
428,40000000	0,51055657
428,60000000	0,51320835
428,80000000	0,51166503
429,00000000	0,51278774
429,20000000	0,51436509
429,40000000	0,51655421
429,60000000	0,51933308
429,80000000	0,52074669
430,00000000	0,52105357
430,20000000	0,52373587
430,40000000	0,52046714
430,60000000	0,51464413
430,80000000	0,51894186
431,00000000	0,52278826
431,20000000	0,51848414
431,40000000	0,51760098
431,60000000	0,52736482
431,80000000	0,53636855
432,00000000	0,53796514
432,20000000	0,53533954
432,40000000	0,53202803
432,60000000	0,53228202
432,80000000	0,53472997
433,00000000	0,53452401
433,20000000	0,53745724
433,40000000	0,54142573
433,60000000	0,54114938
433,80000000	0,54107461
434,00000000	0,54084121
434,20000000	0,54128178
434,40000000	0,54148783
434,60000000	0,54341349
434,80000000	0,54602762
435,00000000	0,54859886
435,20000000	0,55118165
435,40000000	0,55117082
435,60000000	0,55024685
435,80000000	0,54974976
436,00000000	0,55206569
436,20000000	0,55384979
436,40000000	0,55369349
436,60000000	0,55025667
436,80000000	0,55059279
437,00000000	0,55520285
437,20000000	0,55797193
437,40000000	0,55846393
437,60000000	0,55931373
437,80000000	0,56033758
438,00000000	0,56319099
438,20000000	0,56673455
438,40000000	0,56679164
438,60000000	0,56603216
438,80000000	0,56517077
439,00000000	0,56122604
439,20000000	0,56025435
439,40000000	0,56518114
439,60000000	0,57108971
439,80000000	0,57366860
440,00000000	0,56989257
440,20000000	0,57098515
440,40000000	0,57443942
440,60000000	0,57555739
440,80000000	0,57290205
441,00000000	0,57004519
441,20000000	0,57090255
441,40000000	0,57094043
441,60000000	0,57176194
441,80000000	0,57469949
442,00000000	0,57507508
442,20000000	0,57666724
442,40000000	0,58141781
442,60000000	0,57991874
442,80000000	0,57639858
443,00000000	0,57591441
443,20000000	0,57432686
443,40000000	0,57395557
443,60000000	0,57599119
443,80000000	0,57924047
444,00000000	0,58095594
444,20000000	0,58007169
444,40000000	0,57998565
444,60000000	0,57973185
444,80000000	0,57877565
445,00000000	0,57771629
445,20000000	0,57945965
445,40000000	0,58073703
445,60000000	0,57942574
445,80000000	0,57711944
446,00000000	0,57905605
446,20000000	0,58245507
446,40000000	0,58132171
446,60000000	0,57853128
446,80000000	0,57757047
447,00000000	0,57970380
447,20000000	0,58179129
447,40000000	0,58128919
447,60000000	0,57864390
447,80000000	0,57771595
448,00000000	0,57887148
448,20000000	0,57991443
448,40000000	0,58000479
448,60000000	0,57860267
448,80000000	0,57702443
449,00000000	0,57739647
449,20000000	0,57710259
449,40000000	0,57438292
449,60000000	0,57397427
449,80000000	0,57378925
450,00000000	0,57078882
450,20000000	0,56568142
450,40000000	0,56328460
450,60000000	0,56823271
450,80000000	0,57234685
451,00000000	0,57381056
451,20000000	0,57380971
451,40000000	0,56975334
451,60000000	0,56667710
451,80000000	0,56861786
452,00000000	0,56718472
452,20000000	0,55978461
452,40000000	0,55958573
452,60000000	0,56196074
452,80000000	0,55970127
453,00000000	0,55890791
453,20000000	0,55901063
453,40000000	0,55925410
453,60000000	0,55996584
453,80000000	0,55662771
454,00000000	0,55523323
454,20000000	0,55740165
454,40000000	0,55789737
454,60000000	0,55557050
454,80000000	0,55340264
455,00000000	0,54964945
455,20000000	0,55018618
455,40000000	0,55171299
455,60000000	0,55034220
455,80000000	0,55061243
456,00000000	0,54857796
456,20000000	0,54566918
456,40000000	0,54404169
456,60000000	0,54234233
456,80000000	0,54021599
457,00000000	0,54109293
457,20000000	0,54135431
457,40000000	0,53962832
457,60000000	0,53560329
457,80000000	0,53251124
458,00000000	0,53322594
458,20000000	0,53248719
458,40000000	0,53191854
458,60000000	0,53011172
458,80000000	0,52654878
459,00000000	0,52591236
459,20000000	0,52747780
459,40000000	0,52365365
459,60000000	0,52049722
459,80000000	0,52156771
460,00000000	0,52222322
460,20000000	0,52009433
460,40000000	0,51687647
460,60000000	0,51706992
460,80000000	0,51426097
461,00000000	0,51045075
461,20000000	0,50824044
461,40000000	0,50655697
461,60000000	0,50768018
461,80000000	0,50836909
462,00000000	0,50567136
462,20000000	0,50165801
462,40000000	0,49867171
462,60000000	0,49713625
462,80000000	0,49850044
463,00000000	0,49583677
463,20000000	0,49108862
463,40000000	0,49190291
463,60000000	0,49116915
463,80000000	0,48820697
464,00000000	0,48754521
464,20000000	0,48521561
464,40000000	0,48297308
464,60000000	0,48339422
464,80000000	0,48222127
465,00000000	0,48032520
465,20000000	0,47854424
465,40000000	0,47814347
465,60000000	0,47660686
465,80000000	0,47328336
466,00000000	0,46921006
466,20000000	0,46861012
466,40000000	0,46875997
466,60000000	0,46681435
466,80000000	0,46521963
467,00000000	0,46544636
467,20000000	0,46334855
467,40000000	0,46048772
467,60000000	0,45952068
467,80000000	0,45623505
468,00000000	0,45476838
468,20000000	0,45567088
468,40000000	0,45431899
468,60000000	0,45114663
468,80000000	0,44893526
469,00000000	0,44683246
469,20000000	0,44564806
469,40000000	0,44359900
469,60000000	0,44092022
469,80000000	0,43971299
470,00000000	0,43842886
470,20000000	0,43644831
470,40000000	0,43427530
470,60000000	0,43330054
470,80000000	0,43171970
471,00000000	0,43065378
471,20000000	0,42803963
471,40000000	0,42431641
471,60000000	0,42353603
471,80000000	0,42402093
472,00000000	0,42215831
472,20000000	0,41899410
472,40000000	0,41755224
472,60000000	0,41642620
472,80000000	0,41486672
473,00000000	0,41350518
473,20000000	0,41185415
473,40000000	0,41041272
473,60000000	0,40872146
473,80000000	0,40606630
474,00000000	0,40390898
474,20000000	0,40194191
474,40000000	0,40066581
474,60000000	0,39979041
474,80000000	0,39790571
475,00000000	0,39586704
475,20000000	0,39448969
475,40000000	0,39312431
475,60000000	0,39112838
475,80000000	0,38964894
476,00000000	0,38866360
476,20000000	0,38659052
476,40000000	0,38454803
476,60000000	0,38331248
476,80000000	0,38167581
477,00000000	0,37958360
477,20000000	0,37784273
477,40000000	0,37654399
477,60000000	0,37557442
477,80000000	0,37389602
478,00000000	0,37197160
478,20000000	0,37071726
478,40000000	0,36935841
478,60000000	0,36769901
478,80000000	0,36601378
479,00000000	0,36475831
479,20000000	0,36346917
479,40000000	0,36212866
479,60000000	0,36014112
479,80000000	0,35845853
480,00000000	0,35748896
480,20000000	0,35645688
480,40000000	0,35499144
480,60000000	0,35331492
480,80000000	0,35155932
481,00000000	0,35071509
481,20000000	0,34993976
481,40000000	0,34821802
481,60000000	0,34676111
481,80000000	0,34575710
482,00000000	0,34466396
482,20000000	0,34350359
482,40000000	0,34201521
482,60000000	0,34054169
482,80000000	0,33973783
483,00000000	0,33868818
483,20000000	0,33733177
483,40000000	0,33593579
483,60000000	0,33479925
483,80000000	0,33391867
484,00000000	0,33293419
484,20000000	0,33160982
484,40000000	0,33057292
484,60000000	0,32994720
484,80000000	0,32891028
485,00000000	0,32770581
485,20000000	0,32670118
485,40000000	0,32571169
485,60000000	0,32488388
485,80000000	0,32394953
486,00000000	0,32300114
486,20000000	0,32218464
486,40000000	0,32134691
486,60000000	0,32059821
486,80000000	0,31987286
487,00000000	0,31888152
487,20000000	0,31798908
487,40000000	0,31742879
487,60000000	0,31669771
487,80000000	0,31585636
488,00000000	0,31515032
488,20000000	0,31445502
488,40000000	0,31389926
488,60000000	0,31324006
488,80000000	0,31241942
489,00000000	0,31186614
489,20000000	0,31144498
489,40000000	0,31073982
489,60000000	0,31001828
489,80000000	0,30944448
490,00000000	0,30896036
490,20000000	0,30855491
490,40000000	0,30798425
490,60000000	0,30735148
490,80000000	0,30694530
491,00000000	0,30651684
491,20000000	0,30611274
491,40000000	0,30568434
491,60000000	0,30508548
491,80000000	0,30490020
492,00000000	0,30471698
492,20000000	0,30407869
492,40000000	0,30370678
492,60000000	0,30343945
492,80000000	0,30315534
493,00000000	0,30294279
493,20000000	0,30254894
493,40000000	0,30241229
493,60000000	0,30227176
493,80000000	0,30209299
494,00000000	0,30195082
494,20000000	0,30160256
494,40000000	0,30143732
494,60000000	0,30150253
494,80000000	0,30125993
495,00000000	0,30108465
495,20000000	0,30107055
495,40000000	0,30129434
495,60000000	0,30142712
495,80000000	0,30108203
496,00000000	0,30062559
496,20000000	0,30071073
496,40000000	0,30098868
496,60000000	0,30126371
496,80000000	0,30125738
497,00000000	0,30074346
497,20000000	0,30089909
497,40000000	0,30149505
497,60000000	0,30164175
497,80000000	0,30155883
498,00000000	0,30160368
498,20000000	0,30153723
498,40000000	0,30173440
498,60000000	0,30158466
498,80000000	0,30198002
499,00000000	0,30324116
499,20000000	0,30342992
499,40000000	0,30375995
499,60000000	0,30398466
499,80000000	0,30407627
500,00000000	0,30454884
500,20000000	0,30494842
500,40000000	0,30506724
500,60000000	0,30529822
500,80000000	0,30609886
501,00000000	0,30687716
501,20000000	0,30736266
501,40000000	0,30770089
501,60000000	0,30745292
501,80000000	0,30781565
502,00000000	0,30871900
502,20000000	0,30940427
502,40000000	0,30919500
502,60000000	0,30930305
502,80000000	0,31055479
503,00000000	0,31086122
503,20000000	0,31065728
503,40000000	0,31122202
503,60000000	0,31108258
503,80000000	0,31234367
504,00000000	0,31431945
504,20000000	0,31437216
504,40000000	0,31429663
504,60000000	0,31564353
504,80000000	0,31535364
505,00000000	0,31598044
505,20000000	0,31673672
505,40000000	0,31816202
505,60000000	0,31883657
505,80000000	0,31905084
506,00000000	0,31973226
506,20000000	0,32063134
506,40000000	0,32120311
506,60000000	0,32255171
506,80000000	0,32309361
507,00000000	0,32377266
507,20000000	0,32458666
507,40000000	0,32590668
507,60000000	0,32662844
507,80000000	0,32736280
508,00000000	0,32748852
508,20000000	0,32736128
508,40000000	0,32962048
508,60000000	0,32999030
508,80000000	0,33024415
509,00000000	0,33110725
509,20000000	0,33214380
509,40000000	0,33365485
509,60000000	0,33380406
509,80000000	0,33340720
510,00000000	0,33548308
510,20000000	0,33748840
510,40000000	0,33797622
510,60000000	0,33633381
510,80000000	0,33694985
511,00000000	0,33964459
511,20000000	0,34290718
511,40000000	0,34454195
511,60000000	0,34285561
511,80000000	0,34352665
512,00000000	0,34358685
512,20000000	0,34499796
512,40000000	0,34648772
512,60000000	0,34690703
512,80000000	0,34896096
513,00000000	0,35040495
513,20000000	0,35080270
513,40000000	0,35063947
513,60000000	0,35190715
513,80000000	0,35178270
514,00000000	0,35335045
514,20000000	0,35635282
514,40000000	0,35548989
514,60000000	0,35567283
514,80000000	0,36063779
515,00000000	0,36273736
515,20000000	0,36196829
515,40000000	0,36105278
515,60000000	0,36319258
515,80000000	0,36549849
516,00000000	0,36476308
516,20000000	0,36514907
516,40000000	0,36764039
516,60000000	0,36774450
516,80000000	0,36925071
517,00000000	0,37172824
517,20000000	0,37129281
517,40000000	0,37179587
517,60000000	0,37342356
517,80000000	0,37356768
518,00000000	0,37573399
518,20000000	0,37902747
518,40000000	0,38232690
518,60000000	0,38077362
518,80000000	0,37968959
519,00000000	0,38023022
519,20000000	0,38098269
519,40000000	0,38226330
519,60000000	0,38283749
519,80000000	0,38584147
520,00000000	0,38704488
520,20000000	0,38638033
520,40000000	0,38732784
520,60000000	0,38829003
520,80000000	0,39010344
521,00000000	0,39437828
521,20000000	0,39621140
521,40000000	0,39442160
521,60000000	0,39531868
521,80000000	0,39495558
522,00000000	0,39462412
522,20000000	0,39642060
522,40000000	0,39900832
522,60000000	0,40042413
522,80000000	0,40166053
523,00000000	0,40433134
523,20000000	0,40361535
523,40000000	0,40354629
523,60000000	0,40814988
523,80000000	0,40765699
524,00000000	0,40711242
524,20000000	0,41081957
524,40000000	0,41352449
524,60000000	0,41315814
524,80000000	0,41418600
525,00000000	0,41371386
525,20000000	0,41457538
525,40000000	0,41564466
525,60000000	0,41847526
525,80000000	0,42140396
526,00000000	0,42114868
526,20000000	0,42104129
526,40000000	0,42284126
526,60000000	0,42650544
526,80000000	0,42829167
527,00000000	0,42714121
527,20000000	0,42815456
527,40000000	0,43014607
527,60000000	0,42880193
527,80000000	0,42869285
528,00000000	0,43013377
528,20000000	0,43166978
528,40000000	0,43285826
528,60000000	0,43588215
528,80000000	0,43597638
529,00000000	0,43496517
529,20000000	0,43357827
529,40000000	0,43759849
529,60000000	0,44204652
529,80000000	0,44176373
530,00000000	0,44243595
530,20000000	0,44449569
530,40000000	0,44682263
530,60000000	0,44591993
530,80000000	0,44640725
531,00000000	0,45004971
531,20000000	0,45126215
531,40000000	0,45097524
531,60000000	0,45266710
531,80000000	0,45456656
532,00000000	0,45714628
532,20000000	0,45937822
532,40000000	0,45895650
532,60000000	0,45994432
532,80000000	0,46365661
533,00000000	0,46378413
533,20000000	0,46208557
533,40000000	0,46442780
533,60000000	0,46814387
533,80000000	0,46667132
534,00000000	0,46711482
534,20000000	0,47094196
534,40000000	0,47117643
534,60000000	0,47236759
534,80000000	0,47516672
535,00000000	0,47738326
535,20000000	0,47987742
535,40000000	0,47833622
535,60000000	0,48007027
535,80000000	0,48341232
536,00000000	0,48377344
536,20000000	0,48555602
536,40000000	0,48904966
536,60000000	0,48835968
536,80000000	0,48894147
537,00000000	0,49342130
537,20000000	0,49284855
537,40000000	0,49002273
537,60000000	0,49438058
537,80000000	0,49816795
538,00000000	0,50070106
538,20000000	0,49817080
538,40000000	0,49735262
538,60000000	0,50231233
538,80000000	0,50596917
539,00000000	0,50802112
539,20000000	0,50901448
539,40000000	0,51159094
539,60000000	0,51106464
539,80000000	0,50905109
540,00000000	0,51211506
540,20000000	0,51288563
540,40000000	0,51279140
540,60000000	0,51577740
540,80000000	0,51888748
541,00000000	0,52273337
541,20000000	0,52187510
541,40000000	0,52358453
541,60000000	0,52721773
541,80000000	0,52713324
542,00000000	0,52819280
542,20000000	0,52977216
542,40000000	0,53341849
542,60000000	0,53477021
542,80000000	0,53416591
543,00000000	0,53722358
543,20000000	0,53936245
543,40000000	0,53651984
543,60000000	0,53852999
543,80000000	0,54472444
544,00000000	0,54339569
544,20000000	0,54544628
544,40000000	0,55267056
544,60000000	0,55418426
544,80000000	0,55462089
545,00000000	0,55416237
545,20000000	0,55631844
545,40000000	0,55613368
545,60000000	0,55347018
545,80000000	0,56141579
546,00000000	0,56553106
546,20000000	0,56159810
546,40000000	0,56346623
546,60000000	0,56793099
546,80000000	0,57516986
547,00000000	0,57519309
547,20000000	0,57617004
547,40000000	0,58086616
547,60000000	0,58198139
547,80000000	0,57985836
548,00000000	0,58219616
548,20000000	0,58714393
548,40000000	0,59017612
548,60000000	0,58986392
548,80000000	0,59148455
549,00000000	0,59321311
549,20000000	0,59446036
549,40000000	0,59794831
549,60000000	0,60154630
549,80000000	0,60373129
550,00000000	0,60183914
550,20000000	0,60549009
550,40000000	0,60767670
550,60000000	0,60942158
550,80000000	0,61281878
551,00000000	0,61347006
551,20000000	0,61548425
551,40000000	0,61558183
551,60000000	0,61930026
551,80000000	0,62292121
552,00000000	0,62432138
552,20000000	0,62529266
552,40000000	0,62713564
552,60000000	0,63011191
552,80000000	0,62910452
553,00000000	0,63024702
553,20000000	0,63367052
553,40000000	0,63534088
553,60000000	0,63372716
553,80000000	0,63737576
554,00000000	0,64010514
554,20000000	0,64306105
554,40000000	0,64745772
554,60000000	0,64441266
554,80000000	0,64638666
555,00000000	0,65079297
555,20000000	0,64988974
555,40000000	0,65350425
555,60000000	0,65566090
555,80000000	0,65808438
556,00000000	0,66356641
556,20000000	0,66596724
556,40000000	0,66563715
556,60000000	0,66857907
556,80000000	0,67232906
557,00000000	0,67302929
557,20000000	0,66916396
557,40000000	0,67022325
557,60000000	0,67454332
557,80000000	0,67611621
558,00000000	0,68052133
558,20000000	0,68278424
558,40000000	0,68182018
558,60000000	0,68711811
558,80000000	0,68833751
559,00000000	0,68759530
559,20000000	0,68895634
559,40000000	0,69199096
559,60000000	0,69553316
559,80000000	0,69548035
560,00000000	0,69900895
560,20000000	0,69642937
560,40000000	0,69914688
560,60000000	0,70155050
560,80000000	0,70264338
561,00000000	0,70544447
561,20000000	0,70817720
561,40000000	0,71060900
561,60000000	0,71085336
561,80000000	0,71083897
562,00000000	0,71104451
562,20000000	0,71536856
562,40000000	0,71835532
562,60000000	0,72145159
562,80000000	0,71991250
563,00000000	0,71924651
563,20000000	0,72382366
563,40000000	0,72264944
563,60000000	0,72334769
563,80000000	0,72671729
564,00000000	0,72544682
564,20000000	0,73254764
564,40000000	0,73316805
564,60000000	0,73155608
564,80000000	0,73295466
565,00000000	0,73379591
565,20000000	0,73614281
565,40000000	0,73996459
565,60000000	0,73708764
565,80000000	0,74018337
566,00000000	0,74502222
566,20000000	0,74383808
566,40000000	0,74345505
566,60000000	0,74282408
566,80000000	0,74663401
567,00000000	0,74716100
567,20000000	0,74878693
567,40000000	0,74942212
567,60000000	0,75272687
567,80000000	0,75586246
568,00000000	0,75618692
568,20000000	0,75614064
568,40000000	0,75508847
568,60000000	0,75802246
568,80000000	0,76217265
569,00000000	0,76027373
569,20000000	0,76241889
569,40000000	0,76655598
569,60000000	0,76690916
569,80000000	0,76655500
570,00000000	0,76511168
570,20000000	0,76488092
570,40000000	0,76693570
570,60000000	0,76817088
570,80000000	0,77093740
571,00000000	0,77032139
571,20000000	0,77033815
571,40000000	0,77499823
571,60000000	0,77511140
571,80000000	0,77758723
572,00000000	0,77634791
572,20000000	0,77704573
572,40000000	0,78205916
572,60000000	0,78178292
572,80000000	0,78170207
573,00000000	0,78143851
573,20000000	0,78396848
573,40000000	0,78698160
573,60000000	0,78910272
573,80000000	0,78748490
574,00000000	0,78908663
574,20000000	0,79088234
574,40000000	0,79274858
574,60000000	0,79306222
574,80000000	0,79538325
575,00000000	0,79695796
575,20000000	0,79799286
575,40000000	0,79921392
575,60000000	0,79793534
575,80000000	0,80158714
576,00000000	0,80253944
576,20000000	0,80350209
576,40000000	0,80530307
576,60000000	0,80283646
576,80000000	0,80505808
577,00000000	0,80891100
577,20000000	0,80975857
577,40000000	0,80927815
577,60000000	0,81002926
577,80000000	0,81105804
578,00000000	0,81269297
578,20000000	0,81614683
578,40000000	0,81429370
578,60000000	0,81346428
578,80000000	0,81616288
579,00000000	0,81734049
579,20000000	0,81717453
579,40000000	0,82349193
579,60000000	0,82368884
579,80000000	0,82357655
580,00000000	0,82594765
580,20000000	0,82587269
580,40000000	0,82864661
580,60000000	0,82968125
580,80000000	0,83327784
581,00000000	0,83169236
581,20000000	0,82864861
581,40000000	0,83042895
581,60000000	0,83257059
581,80000000	0,83493170
582,00000000	0,83440981
582,20000000	0,83417455
582,40000000	0,83556102
582,60000000	0,83756265
582,80000000	0,83957719
583,00000000	0,83938025
583,20000000	0,84199790
583,40000000	0,84483140
583,60000000	0,84421273
583,80000000	0,84412143
584,00000000	0,84678221
584,20000000	0,84918474
584,40000000	0,84931349
584,60000000	0,84994132
584,80000000	0,85239936
585,00000000	0,85112083
585,20000000	0,85358761
585,40000000	0,85486658
585,60000000	0,85463048
585,80000000	0,85463648
586,00000000	0,85618437
586,20000000	0,85999539
586,40000000	0,86047182
586,60000000	0,86107058
586,80000000	0,86329773
587,00000000	0,86444131
587,20000000	0,86331247
587,40000000	0,86490459
587,60000000	0,86587229
587,80000000	0,86853111
588,00000000	0,86835735
588,20000000	0,86957254
588,40000000	0,87150797
588,60000000	0,87167406
588,80000000	0,87357400
589,00000000	0,87498961
589,20000000	0,87471934
589,40000000	0,87499189
589,60000000	0,87634907
589,80000000	0,87753155
590,00000000	0,87870731
590,20000000	0,88024230
590,40000000	0,88224793
590,60000000	0,88176925
590,80000000	0,88297327
591,00000000	0,88482266
591,20000000	0,88546001
591,40000000	0,88475493
591,60000000	0,88640161
591,80000000	0,88860338
592,00000000	0,88935600
592,20000000	0,88891795
592,40000000	0,89005663
592,60000000	0,89274528
592,80000000	0,89451873
593,00000000	0,89295603
593,20000000	0,89459477
593,40000000	0,89507833
593,60000000	0,89643626
593,80000000	0,89815033
594,00000000	0,89878864
594,20000000	0,89973532
594,40000000	0,89993386
594,60000000	0,90147473
594,80000000	0,90199917
595,00000000	0,90150400
595,20000000	0,90312561
595,40000000	0,90443905
595,60000000	0,90696677
595,80000000	0,90620007
596,00000000	0,90702646
596,20000000	0,90861961
596,40000000	0,90880668
596,60000000	0,91078400
596,80000000	0,91059728
597,00000000	0,90997940
597,20000000	0,91235105
597,40000000	0,91295104
597,60000000	0,91342550
597,80000000	0,91464889
598,00000000	0,91632370
598,20000000	0,91710278
598,40000000	0,91838835
598,60000000	0,91807810
598,80000000	0,91856331
599,00000000	0,91942745
599,20000000	0,92135084
599,40000000	0,92209036
599,60000000	0,92176674
599,80000000	0,92230022
600,00000000	0,92356145
600,20000000	0,92428351
600,40000000	0,92497310
600,60000000	0,92595536
600,80000000	0,92692574
601,00000000	0,92795506
601,20000000	0,92860688
601,40000000	0,92971132
601,60000000	0,93033319
601,80000000	0,93080945
602,00000000	0,93117440
602,20000000	0,93189870
602,40000000	0,93325473
602,60000000	0,93366874
602,80000000	0,93438830
603,00000000	0,93522390
603,20000000	0,93647394
603,40000000	0,93682100
603,60000000	0,93736240
603,80000000	0,93823650
604,00000000	0,93876302
604,20000000	0,94010783
604,40000000	0,94104674
604,60000000	0,94151166
604,80000000	0,94166572
605,00000000	0,94307197
605,20000000	0,94363736
605,40000000	0,94426074
605,60000000	0,94519137
605,80000000	0,94582564
606,00000000	0,94602124
606,20000000	0,94692712
606,40000000	0,94858740
606,60000000	0,94928880
606,80000000	0,94958178
607,00000000	0,94912983
607,20000000	0,95074765
607,40000000	0,95200173
607,60000000	0,95227899
607,80000000	0,95270317
608,00000000	0,95287957
608,20000000	0,95397594
608,40000000	0,95458533
608,60000000	0,95479753
608,80000000	0,95538192
609,00000000	0,95577516
609,20000000	0,95691445
609,40000000	0,95753687
609,60000000	0,95836117
609,80000000	0,95882634
610,00000000	0,95979184
610,20000000	0,96095265
610,40000000	0,96130953
610,60000000	0,96072963
610,80000000	0,96195792
611,00000000	0,96313374
611,20000000	0,96317358
611,40000000	0,96351457
611,60000000	0,96405040
611,80000000	0,96494204
612,00000000	0,96594954
612,20000000	0,96619482
612,40000000	0,96624251
612,60000000	0,96680890
612,80000000	0,96817113
613,00000000	0,96863013
613,20000000	0,96867395
613,40000000	0,96899034
613,60000000	0,96970119
613,80000000	0,97031318
614,00000000	0,97063685
614,20000000	0,97158472
614,40000000	0,97186501
614,60000000	0,97264449
614,80000000	0,97358637
615,00000000	0,97392286
615,20000000	0,97442410
615,40000000	0,97416753
615,60000000	0,97498818
615,80000000	0,97596711
616,00000000	0,97635930
616,20000000	0,97629615
616,40000000	0,97675019
616,60000000	0,97752006
616,80000000	0,97789010
617,00000000	0,97765510
617,20000000	0,97809514
617,40000000	0,97919167
617,60000000	0,97934713
617,80000000	0,97952087
618,00000000	0,98005924
618,20000000	0,98046312
618,40000000	0,98081663
618,60000000	0,98179985
618,80000000	0,98203165
619,00000000	0,98184272
619,20000000	0,98264498
619,40000000	0,98309579
619,60000000	0,98328937
619,80000000	0,98371620
620,00000000	0,98410748
620,20000000	0,98424237
620,40000000	0,98482161
620,60000000	0,98531683
620,80000000	0,98543630
621,00000000	0,98585639
621,20000000	0,98672663
621,40000000	0,98668549
621,60000000	0,98686329
621,80000000	0,98747275
622,00000000	0,98764527
622,20000000	0,98795401
622,40000000	0,98841966
622,60000000	0,98855080
622,80000000	0,98876598
623,00000000	0,98932687
623,20000000	0,98937502
623,40000000	0,98955247
623,60000000	0,98995926
623,80000000	0,99047852
624,00000000	0,99045767
624,20000000	0,99073644
624,40000000	0,99087401
624,60000000	0,99108958
624,80000000	0,99168566
625,00000000	0,99205966
625,20000000	0,99206074
625,40000000	0,99199483
625,60000000	0,99248972
625,80000000	0,99307413
626,00000000	0,99307676
626,20000000	0,99346981
626,40000000	0,99352185
626,60000000	0,99372600
626,80000000	0,99409059
627,00000000	0,99412851
627,20000000	0,99437161
627,40000000	0,99446343
627,60000000	0,99469358
627,80000000	0,99500937
628,00000000	0,99512895
628,20000000	0,99519320
628,40000000	0,99543849
628,60000000	0,99580113
628,80000000	0,99592287
629,00000000	0,99589108
629,20000000	0,99609542
629,40000000	0,99644201
629,60000000	0,99671227
629,80000000	0,99679032
630,00000000	0,99672571
630,20000000	0,99689937
630,40000000	0,99716267
630,60000000	0,99725760
630,80000000	0,99741508
631,00000000	0,99758075
631,20000000	0,99769876
631,40000000	0,99776854
631,60000000	0,99791261
631,80000000	0,99801398
632,00000000	0,99824728
632,20000000	0,99826930
632,40000000	0,99837569
632,60000000	0,99847050
632,80000000	0,99852120
633,00000000	0,99865149
633,20000000	0,99881397
633,40000000	0,99883188
633,60000000	0,99877926
633,80000000	0,99897870
634,00000000	0,99901559
634,20000000	0,99910737
634,40000000	0,99913869
634,60000000	0,99920782
634,80000000	0,99928136
635,00000000	0,99942802
635,20000000	0,99945771
635,40000000	0,99948029
635,60000000	0,99953525
635,80000000	0,99957997
636,00000000	0,99959106
636,20000000	0,99969356
636,40000000	0,99968952
636,60000000	0,99968942
636,80000000	0,99974759
637,00000000	0,99979515
637,20000000	0,99974865
637,40000000	0,99976131
637,60000000	0,99983391
637,80000000	0,99983975
638,00000000	0,99980561
638,20000000	0,99983960
638,40000000	0,99982452
638,60000000	0,99983209
638,80000000	0,99987286
639,00000000	0,99984655
639,20000000	0,99981142
639,40000000	0,99981790
639,60000000	0,99985917
639,80000000	0,99981769
640,00000000	0,99981396
640,20000000	0,99981229
640,40000000	0,99974798
640,60000000	0,99975649
640,80000000	0,99976430
641,00000000	0,99970263
641,20000000	0,99962321
641,40000000	0,99961261
641,60000000	0,99962513
641,80000000	0,99955734
642,00000000	0,99959149
642,20000000	0,99956376
642,40000000	0,99948048
642,60000000	0,99948949
642,80000000	0,99951120
643,00000000	0,99939202
643,20000000	0,99932406
643,40000000	0,99937411
643,60000000	0,99921887
643,80000000	0,99919190
644,00000000	0,99920150
644,20000000	0,99913122
644,40000000	0,99913917
644,60000000	0,99913093
644,80000000	0,99899236
645,00000000	0,99902022
645,20000000	0,99905140
645,40000000	0,99897886
645,60000000	0,99887671
645,80000000	0,99885443
646,00000000	0,99889616
646,20000000	0,99878464
646,40000000	0,99863365
646,60000000	0,99852711
646,80000000	0,99852141
647,00000000	0,99867640
647,20000000	0,99867257
647,40000000	0,99848449
647,60000000	0,99844845
647,80000000	0,99841832
648,00000000	0,99839093
648,20000000	0,99843433
648,40000000	0,99832511
648,60000000	0,99826506
648,80000000	0,99829234
649,00000000	0,99822826
649,20000000	0,99816743
649,40000000	0,99830605
649,60000000	0,99816847
649,80000000	0,99815298
650,00000000	0,99811668
650,20000000	0,99800313
650,40000000	0,99798560
650,60000000	0,99793877
650,80000000	0,99784609
651,00000000	0,99790866
651,20000000	0,99806255
651,40000000	0,99797826
651,60000000	0,99787579
651,80000000	0,99796308
652,00000000	0,99799515
652,20000000	0,99782559
652,40000000	0,99797916
652,60000000	0,99800445
652,80000000	0,99786118
653,00000000	0,99786904
653,20000000	0,99786879
653,40000000	0,99789928
653,60000000	0,99788653
653,80000000	0,99781445
654,00000000	0,99776127
654,20000000	0,99790668
654,40000000	0,99799966
654,60000000	0,99783151
654,80000000	0,99782048
655,00000000	0,99779137
655,20000000	0,99784576
655,40000000	0,99793732
655,60000000	0,99800778
655,80000000	0,99780964
656,00000000	0,99782404
656,20000000	0,99805876
656,40000000	0,99795626
656,60000000	0,99798474
656,80000000	0,99812358
657,00000000	0,99800239
657,20000000	0,99809339
657,40000000	0,99810260
657,60000000	0,99808529
657,80000000	0,99815987
658,00000000	0,99837740
658,20000000	0,99827251
658,40000000	0,99826105
658,60000000	0,99827405
658,80000000	0,99827639
659,00000000	0,99852982
659,20000000	0,99842898
659,40000000	0,99841018
659,60000000	0,99845363
659,80000000	0,99849321
660,00000000	0,99852433
660,20000000	0,99857621
660,40000000	0,99851241
660,60000000	0,99858228
660,80000000	0,99868413
661,00000000	0,99867277
661,20000000	0,99873211
661,40000000	0,99879139
661,60000000	0,99879863
661,80000000	0,99882491
662,00000000	0,99879926
662,20000000	0,99885297
662,40000000	0,99886665
662,60000000	0,99888262
662,80000000	0,99892689
663,00000000	0,99894732
663,20000000	0,99898728
663,40000000	0,99904988
663,60000000	0,99905650
663,80000000	0,99907331
664,00000000	0,99910467
664,20000000	0,99915076
664,40000000	0,99931965
664,60000000	0,99922938
664,80000000	0,99926910
665,00000000	0,99928978
665,20000000	0,99932077
665,40000000	0,99946468
665,60000000	0,99946220
665,80000000	0,99939066
666,00000000	0,99948681
666,20000000	0,99949719
666,40000000	0,99948219
666,60000000	0,99952774
666,80000000	0,99953466
667,00000000	0,99954851
667,20000000	0,99961800
667,40000000	0,99961758
667,60000000	0,99961438
667,80000000	0,99966826
668,00000000	0,99970926
668,20000000	0,99966445
668,40000000	0,99973030
668,60000000	0,99972667
668,80000000	0,99972028
669,00000000	0,99972671
669,20000000	0,99975531
669,40000000	0,99977101
669,60000000	0,99980388
669,80000000	0,99978607
670,00000000	0,99978971
670,20000000	0,99982708
670,40000000	0,99986297
670,60000000	0,99983978
670,80000000	0,99982104
671,00000000	0,99985446
671,20000000	0,99984623
671,40000000	0,99988009
671,60000000	0,99990408
671,80000000	0,99989639
672,00000000	0,99988481
672,20000000	0,99988439
672,40000000	0,99989157
672,60000000	0,99989466
672,80000000	0,99990904
673,00000000	0,99988908
673,20000000	0,99989936
673,40000000	0,99989810
673,60000000	0,99989727
673,80000000	0,99992828
674,00000000	0,99991601
674,20000000	0,99991554
674,40000000	0,99991990
674,60000000	0,99990812
674,80000000	0,99989863
675,00000000	0,99992604
675,20000000	0,99992564
675,40000000	0,99990501
675,60000000	0,99986205
675,80000000	0,99990150
676,00000000	0,99992255
676,20000000	0,99993952
676,40000000	0,99990829
676,60000000	0,99989117
676,80000000	0,99989734
677,00000000	0,99992155
677,20000000	0,99990027
677,40000000	0,99985192
677,60000000	0,99985644
677,80000000	0,99985372
678,00000000	0,99990924
678,20000000	0,99987984
678,40000000	0,99981060
678,60000000	0,99982309
678,80000000	0,99986910
679,00000000	0,99989504
679,20000000	0,99984112
679,40000000	0,99976976
679,60000000	0,99979772
679,80000000	0,99985047
680,00000000	0,99987079
680,20000000	0,99980231
680,40000000	0,99981542
680,60000000	0,99984958
680,80000000	0,99983315
681,00000000	0,99978235
681,20000000	0,99973380
681,40000000	0,99973973
681,60000000	0,99977355
681,80000000	0,99980541
682,00000000	0,99974449
682,20000000	0,99967393
682,40000000	0,99970937
682,60000000	0,99980039
682,80000000	0,99974676
683,00000000	0,99963168
683,20000000	0,99966721
683,40000000	0,99969279
683,60000000	0,99973147
683,80000000	0,99970626
684,00000000	0,99959537
684,20000000	0,99957066
684,40000000	0,99967966
684,60000000	0,99966387
684,80000000	0,99956844
685,00000000	0,99953771
685,20000000	0,99956313
685,40000000	0,99962637
685,60000000	0,99960995
685,80000000	0,99947254
686,00000000	0,99946929
686,20000000	0,99959337
686,40000000	0,99957448
686,60000000	0,99949360
686,80000000	0,99941443
687,00000000	0,99942363
687,20000000	0,99952833
687,40000000	0,99951561
687,60000000	0,99940107
687,80000000	0,99931769
688,00000000	0,99937657
688,20000000	0,99945707
688,40000000	0,99939536
688,60000000	0,99923756
688,80000000	0,99925435
689,00000000	0,99928821
689,20000000	0,99931875
689,40000000	0,99926519
689,60000000	0,99920599
689,80000000	0,99918775
690,00000000	0,99925512
690,20000000	0,99929172
690,40000000	0,99918649
690,60000000	0,99903750
690,80000000	0,99915152
691,00000000	0,99921575
691,20000000	0,99924684
691,40000000	0,99909848
691,60000000	0,99902762
691,80000000	0,99917477
692,00000000	0,99917601
692,20000000	0,99898449
692,40000000	0,99898582
692,60000000	0,99896679
692,80000000	0,99910576
693,00000000	0,99916122
693,20000000	0,99885955
693,40000000	0,99886391
693,60000000	0,99908091
693,80000000	0,99897367
694,00000000	0,99893576
694,20000000	0,99876960
694,40000000	0,99883490
694,60000000	0,99895843
694,80000000	0,99893170
695,00000000	0,99882628
695,20000000	0,99881901
695,40000000	0,99888900
695,60000000	0,99879425
695,80000000	0,99872881
696,00000000	0,99864705
696,20000000	0,99870019
696,40000000	0,99878651
696,60000000	0,99876613
696,80000000	0,99868848
697,00000000	0,99871659
697,20000000	0,99872995
697,40000000	0,99880845
697,60000000	0,99876812
697,80000000	0,99866802
698,00000000	0,99859049
698,20000000	0,99875011
698,40000000	0,99870001
698,60000000	0,99874562
698,80000000	0,99863035
699,00000000	0,99851588
699,20000000	0,99859492
699,40000000	0,99868244
699,60000000	0,99857627
699,80000000	0,99845106
700,00000000	0,99864862
700,20000000	0,99866796
700,40000000	0,99860770
700,60000000	0,99849669
700,80000000	0,99852179
701,00000000	0,99859152
701,20000000	0,99859962
701,40000000	0,99841180
701,60000000	0,99856592
701,80000000	0,99851128
702,00000000	0,99858476
702,20000000	0,99852677
702,40000000	0,99841497
702,60000000	0,99841665
702,80000000	0,99847698
703,00000000	0,99848286
703,20000000	0,99842934
703,40000000	0,99831965
703,60000000	0,99827089
703,80000000	0,99828710
704,00000000	0,99823256
704,20000000	0,99836650
704,40000000	0,99828341
704,60000000	0,99822379
704,80000000	0,99813710
705,00000000	0,99825141
705,20000000	0,99814565
705,40000000	0,99801598
705,60000000	0,99802564
705,80000000	0,99793811
706,00000000	0,99796445
706,20000000	0,99791028
706,40000000	0,99780392
706,60000000	0,99778316
706,80000000	0,99791946
707,00000000	0,99762374
707,20000000	0,99774540
707,40000000	0,99769763
707,60000000	0,99763088
707,80000000	0,99751851
708,00000000	0,99741088
708,20000000	0,99746320
708,40000000	0,99740221
708,60000000	0,99731245
708,80000000	0,99704218
709,00000000	0,99695199
709,20000000	0,99712040
709,40000000	0,99694770
709,60000000	0,99677881
709,80000000	0,99673677
710,00000000	0,99663494
710,20000000	0,99652316
710,40000000	0,99645802
710,60000000	0,99650514
710,80000000	0,99628289
711,00000000	0,99625102
711,20000000	0,99605137
711,40000000	0,99590924
711,60000000	0,99581054
711,80000000	0,99559381
712,00000000	0,99554135
712,20000000	0,99548969
712,40000000	0,99522518
712,60000000	0,99523697
712,80000000	0,99531721
713,00000000	0,99504094
713,20000000	0,99484745
713,40000000	0,99466305
713,60000000	0,99474367
713,80000000	0,99456553
714,00000000	0,99432210
714,20000000	0,99433820
714,40000000	0,99397127
714,60000000	0,99394854
714,80000000	0,99404537
715,00000000	0,99386873
715,20000000	0,99363897
715,40000000	0,99347089
715,60000000	0,99326540
715,80000000	0,99317269
716,00000000	0,99325176
716,20000000	0,99280717
716,40000000	0,99293669
716,60000000	0,99288848
716,80000000	0,99279037
717,00000000	0,99249824
717,20000000	0,99218822
717,40000000	0,99226119
717,60000000	0,99224569
717,80000000	0,99214301
718,00000000	0,99183366
718,20000000	0,99186247
718,40000000	0,99146617
718,60000000	0,99150917
718,80000000	0,99160303
719,00000000	0,99096924
719,20000000	0,99094872
719,40000000	0,99101679
719,60000000	0,99075826
719,80000000	0,99076500
720,00000000	0,99070574
720,20000000	0,99058124
720,40000000	0,99056199
720,60000000	0,99047433
720,80000000	0,99015710
721,00000000	0,99020367
721,20000000	0,98997256
721,40000000	0,98972983
721,60000000	0,99006116
721,80000000	0,98970633
722,00000000	0,98943219
722,20000000	0,98962730
722,40000000	0,98967985
722,60000000	0,98929668
722,80000000	0,98934849
723,00000000	0,98936630
723,20000000	0,98939946
723,40000000	0,98919433
723,60000000	0,98871855
723,80000000	0,98933128
724,00000000	0,98937616
724,20000000	0,98904775
724,40000000	0,98883012
724,60000000	0,98872558
724,80000000	0,98879296
725,00000000	0,98869625
725,20000000	0,98822214
725,40000000	0,98877202
725,60000000	0,98893848
725,80000000	0,98851957
726,00000000	0,98862556
726,20000000	0,98849058
726,40000000	0,98839795
726,60000000	0,98850640
726,80000000	0,98811775
727,00000000	0,98815319
727,20000000	0,98852592
727,40000000	0,98829762
727,60000000	0,98847476
727,80000000	0,98829456
728,00000000	0,98801482
728,20000000	0,98834615
728,40000000	0,98828603
728,60000000	0,98851325
728,80000000	0,98869303
729,00000000	0,98830407
729,20000000	0,98815211
729,40000000	0,98805330
729,60000000	0,98822000
729,80000000	0,98819131
730,00000000	0,98812995
730,20000000	0,98803245
730,40000000	0,98837687
730,60000000	0,98781699
730,80000000	0,98787976
731,00000000	0,98813275
731,20000000	0,98807996
731,40000000	0,98827408
731,60000000	0,98772832
731,80000000	0,98775175
732,00000000	0,98822980
732,20000000	0,98819824
732,40000000	0,98777174
732,60000000	0,98777935
732,80000000	0,98759564
733,00000000	0,98769675
733,20000000	0,98804454
733,40000000	0,98719691
733,60000000	0,98749961
733,80000000	0,98772847
734,00000000	0,98727036
734,20000000	0,98737166
734,40000000	0,98693926
734,60000000	0,98691259
734,80000000	0,98708665
735,00000000	0,98658541
735,20000000	0,98662916
735,40000000	0,98635969
735,60000000	0,98623653
735,80000000	0,98638457
736,00000000	0,98649785
736,20000000	0,98619573
736,40000000	0,98574639
736,60000000	0,98555057
736,80000000	0,98524317
737,00000000	0,98516878
737,20000000	0,98477979
737,40000000	0,98461138
737,60000000	0,98537075
737,80000000	0,98472538
738,00000000	0,98395130
738,20000000	0,98387528
738,40000000	0,98390939
738,60000000	0,98379458
738,80000000	0,98346401
739,00000000	0,98297911
739,20000000	0,98262116
739,40000000	0,98221546
739,60000000	0,98231396
739,80000000	0,98204901
740,00000000	0,98106602
740,20000000	0,98127486
740,40000000	0,98091870
740,60000000	0,98027564
740,80000000	0,98085991
741,00000000	0,97938014
741,20000000	0,97919039
741,40000000	0,97942699
741,60000000	0,97862433
741,80000000	0,97817479
742,00000000	0,97791593
742,20000000	0,97746644
742,40000000	0,97735375
742,60000000	0,97659747
742,80000000	0,97617928
743,00000000	0,97610395
743,20000000	0,97588037
743,40000000	0,97474852
743,60000000	0,97438442
743,80000000	0,97422868
744,00000000	0,97371522
744,20000000	0,97322099
744,40000000	0,97281072
744,60000000	0,97252703
744,80000000	0,97099601
745,00000000	0,97153346
745,20000000	0,97118774
745,40000000	0,96986226
745,60000000	0,96951446
745,80000000	0,96920417
746,00000000	0,96863135
746,20000000	0,96859478
746,40000000	0,96750327
746,60000000	0,96674733
746,80000000	0,96661701
747,00000000	0,96578005
747,20000000	0,96499267
747,40000000	0,96474257
747,60000000	0,96433744
747,80000000	0,96383023
748,00000000	0,96267291
748,20000000	0,96231190
748,40000000	0,96219651
748,60000000	0,96112540
748,80000000	0,96092318
749,00000000	0,96020837
749,20000000	0,95904971
749,40000000	0,95940464
749,60000000	0,95824861
749,80000000	0,95719116
750,00000000	0,95746334
750,20000000	0,95570901
750,40000000	0,95673695
750,60000000	0,95635106
750,80000000	0,95433695
751,00000000	0,95449862
751,20000000	0,95418673
751,40000000	0,95329352
751,60000000	0,95326513
751,80000000	0,95140303
752,00000000	0,95139290
752,20000000	0,95148838
752,40000000	0,95008809
752,60000000	0,95043281
752,80000000	0,94885307
753,00000000	0,94773395
753,20000000	0,94883859
753,40000000	0,94797417
753,60000000	0,94667150
753,80000000	0,94571669
754,00000000	0,94545852
754,20000000	0,94546512
754,40000000	0,94460799
754,60000000	0,94311995
754,80000000	0,94383108
755,00000000	0,94302495
755,20000000	0,94206458
755,40000000	0,94243571
755,60000000	0,94094620
755,80000000	0,94113045
756,00000000	0,94021241
756,20000000	0,93904229
756,40000000	0,93917255
756,60000000	0,93802183
756,80000000	0,93790431
757,00000000	0,93841234
757,20000000	0,93694970
757,40000000	0,93627384
757,60000000	0,93611612
757,80000000	0,93565752
758,00000000	0,93520465
758,20000000	0,93472629
758,40000000	0,93398396
758,60000000	0,93329293
758,80000000	0,93273812
759,00000000	0,93233475
759,20000000	0,93164882
759,40000000	0,93075170
759,60000000	0,93052877
759,80000000	0,93004988
760,00000000	0,93047891
760,20000000	0,93008442
760,40000000	0,92818186
760,60000000	0,92846137
760,80000000	0,92776150
761,00000000	0,92722435
761,20000000	0,92699529
761,40000000	0,92734529
761,60000000	0,92588210
761,80000000	0,92602885
762,00000000	0,92480901
762,20000000	0,92471218
762,40000000	0,92428951
762,60000000	0,92428665
762,80000000	0,92295219
763,00000000	0,92285727
763,20000000	0,92249499
763,40000000	0,92315755
763,60000000	0,92191679
763,80000000	0,92207215
764,00000000	0,91996503
764,20000000	0,92124960
764,40000000	0,92054793
764,60000000	0,91907480
764,80000000	0,91964303
765,00000000	0,91975711
765,20000000	0,91823593
765,40000000	0,91987614
765,60000000	0,91741594
765,80000000	0,91773827
766,00000000	0,91817302
766,20000000	0,91658819
766,40000000	0,91654268
766,60000000	0,91603691
766,80000000	0,91482331
767,00000000	0,91647986
767,20000000	0,91494957
767,40000000	0,91374885
767,60000000	0,91373600
767,80000000	0,91457294
768,00000000	0,91299897
768,20000000	0,91319495
768,40000000	0,91300636
768,60000000	0,91345862
768,80000000	0,91270931
769,00000000	0,91300018
769,20000000	0,91227182
769,40000000	0,91151453
769,60000000	0,91069821
769,80000000	0,91027172
770,00000000	0,91036691
770,20000000	0,91110942
770,40000000	0,90929289
770,60000000	0,91027678
770,80000000	0,90992170
771,00000000	0,90811644
771,20000000	0,90783328
771,40000000	0,90727754
771,60000000	0,90867407
771,80000000	0,90896750
772,00000000	0,90627700
772,20000000	0,90597384
772,40000000	0,90762990
772,60000000	0,90566401
772,80000000	0,90592966
773,00000000	0,90494578
773,20000000	0,90643574
773,40000000	0,90701381
773,60000000	0,90526909
773,80000000	0,90506414
774,00000000	0,90472919
774,20000000	0,90425423
774,40000000	0,90390131
774,60000000	0,90358464
774,80000000	0,90309510
775,00000000	0,90315728
775,20000000	0,90182852
775,40000000	0,90367708
775,60000000	0,90292999
775,80000000	0,90194189
776,00000000	0,90131497
776,20000000	0,90165436
776,40000000	0,90084487
776,60000000	0,90032263
776,80000000	0,90128692
777,00000000	0,90243271
777,20000000	0,90038910
777,40000000	0,89880586
777,60000000	0,89969141
777,80000000	0,89964901
778,00000000	0,89938977
778,20000000	0,89855664
778,40000000	0,89832497
778,60000000	0,89920529
778,80000000	0,89765753
779,00000000	0,89769290
779,20000000	0,89626638
779,40000000	0,89688163
779,60000000	0,89832013
779,80000000	0,89645366
780,00000000	0,89538629
780,20000000	0,89566499
780,40000000	0,89422611
780,60000000	0,89607413
780,80000000	0,89433791
781,00000000	0,89515554
781,20000000	0,89395426
781,40000000	0,89383610
781,60000000	0,89382922
781,80000000	0,89351239
782,00000000	0,89329563
782,20000000	0,89232729
782,40000000	0,89192658
782,60000000	0,89332872
782,80000000	0,89241687
783,00000000	0,89116206
783,20000000	0,89001766
783,40000000	0,89064063
783,60000000	0,88983976
783,80000000	0,88953832
784,00000000	0,88995146
784,20000000	0,89002291
784,40000000	0,88834421
784,60000000	0,88884957
784,80000000	0,88746419
785,00000000	0,88650474
785,20000000	0,88869367
785,40000000	0,88848278
785,60000000	0,88609080
785,80000000	0,88669899
786,00000000	0,88643795
786,20000000	0,88546681
786,40000000	0,88706895
786,60000000	0,88538213
786,80000000	0,88304700
787,00000000	0,88490518
787,20000000	0,88528070
787,40000000	0,88334089
787,60000000	0,88309167
787,80000000	0,88270787
788,00000000	0,88304067
788,20000000	0,88264502
788,40000000	0,88004506
788,60000000	0,88095889
788,80000000	0,88006223
789,00000000	0,87972184
789,20000000	0,87951669
789,40000000	0,87912683
789,60000000	0,88061782
789,80000000	0,87862370
790,00000000	0,87876257
790,20000000	0,87821059
790,40000000	0,87705700
790,60000000	0,87678814
790,80000000	0,87677753
791,00000000	0,87790241
791,20000000	0,87469809
791,40000000	0,87394859
791,60000000	0,87536482
791,80000000	0,87342648
792,00000000	0,87479980
792,20000000	0,87471619
792,40000000	0,87412587
792,60000000	0,87306392
792,80000000	0,87295566
793,00000000	0,87121780
793,20000000	0,87190230
793,40000000	0,87091518
793,60000000	0,87234439
793,80000000	0,87098290
794,00000000	0,86823536
794,20000000	0,86732258
794,40000000	0,87012247
794,60000000	0,86939083
794,80000000	0,86961968
795,00000000	0,86705112
795,20000000	0,86784008
795,40000000	0,86690353
795,60000000	0,86663683
795,80000000	0,86500481
796,00000000	0,86551667
796,20000000	0,86589197
796,40000000	0,86422011
796,60000000	0,86397799
796,80000000	0,86407467
797,00000000	0,86523079
797,20000000	0,86427991
797,40000000	0,86243491
797,60000000	0,86335231
797,80000000	0,86188139
798,00000000	0,86519417
798,20000000	0,86313306
798,40000000	0,86109165
798,60000000	0,86180148
798,80000000	0,86151818
799,00000000	0,86063957
799,20000000	0,86066099
799,40000000	0,86159344
799,60000000	0,86020082
799,80000000	0,85915534
800,00000000	0,86038050
800,20000000	0,86129346
800,40000000	0,85884129
800,60000000	0,85848740
800,80000000	0,85822752
801,00000000	0,86053419
801,20000000	0,85987307
801,40000000	0,85769681
801,60000000	0,86157960
801,80000000	0,86067414
802,00000000	0,86013017
802,20000000	0,85991050
802,40000000	0,85940622
802,60000000	0,85949330
802,80000000	0,85937475
803,00000000	0,85897776
803,20000000	0,85641608
803,40000000	0,85865788
803,60000000	0,85977685
803,80000000	0,85855784
804,00000000	0,85776303
804,20000000	0,85661857
804,40000000	0,85812139
804,60000000	0,85688422
804,80000000	0,85908540
805,00000000	0,85665987
805,20000000	0,85731974
805,40000000	0,85789945
805,60000000	0,85994677
805,80000000	0,85801675
806,00000000	0,85734731
806,20000000	0,85715130
806,40000000	0,85782700
806,60000000	0,85869433
806,80000000	0,85741523
807,00000000	0,85814246
807,20000000	0,85861275
807,40000000	0,85642981
807,60000000	0,85894128
807,80000000	0,85572594
808,00000000	0,85743655
808,20000000	0,85843531
808,40000000	0,85713593
808,60000000	0,85991011
808,80000000	0,85687628
809,00000000	0,85592810
809,20000000	0,85745604
809,40000000	0,85784403
809,60000000	0,85773118
809,80000000	0,85500616
810,00000000	0,85605954
810,20000000	0,85702533
810,40000000	0,85643881
810,60000000	0,85619335
810,80000000	0,85603114
811,00000000	0,85609400
811,20000000	0,85731105
811,40000000	0,85536367
811,60000000	0,85701519
811,80000000	0,85513493
812,00000000	0,85606769
812,20000000	0,85698864
812,40000000	0,85772813
812,60000000	0,85718723
812,80000000	0,85612718
813,00000000	0,85645836
813,20000000	0,85500656
813,40000000	0,85428046
813,60000000	0,85663972
813,80000000	0,85514643
814,00000000	0,85498836
814,20000000	0,85587570
814,40000000	0,85299482
814,60000000	0,85218316
814,80000000	0,85374141
815,00000000	0,85303818
815,20000000	0,85169815
815,40000000	0,85259925
815,60000000	0,85191469
815,80000000	0,85081159
816,00000000	0,85065517
816,20000000	0,85144953
816,40000000	0,85010208
816,60000000	0,84975825
816,80000000	0,84999160
817,00000000	0,84785507
817,20000000	0,84817799
817,40000000	0,84886755
817,60000000	0,84720890
817,80000000	0,84720701
818,00000000	0,84434230
818,20000000	0,84257213
818,40000000	0,84704630
818,60000000	0,84652442
818,80000000	0,84162743
819,00000000	0,84216283
819,20000000	0,84301898
819,40000000	0,84110285
819,60000000	0,84050748
819,80000000	0,83916493
820,00000000	0,83868701
820,20000000	0,84042865
820,40000000	0,83855343
820,60000000	0,83714297
820,80000000	0,83360476
821,00000000	0,83503894
821,20000000	0,83758476
821,40000000	0,83465365
821,60000000	0,83401686
821,80000000	0,83098245
822,00000000	0,83274634
822,20000000	0,83272260
822,40000000	0,83099542
822,60000000	0,82774860
822,80000000	0,82756177
823,00000000	0,83006280
823,20000000	0,82692353
823,40000000	0,82472902
823,60000000	0,82435703
823,80000000	0,82648209
824,00000000	0,82307012
824,20000000	0,82192157
824,40000000	0,82320875
824,60000000	0,82017464
824,80000000	0,82137017
825,00000000	0,82204741
825,20000000	0,81677713
825,40000000	0,81724702
825,60000000	0,81925489
825,80000000	0,81938149
826,00000000	0,81492860
826,20000000	0,81134196
826,40000000	0,81543243
826,60000000	0,81415405
826,80000000	0,81199305
827,00000000	0,81043023
827,20000000	0,80745192
827,40000000	0,81031355
827,60000000	0,81036638
827,80000000	0,80981318
828,00000000	0,80690469
828,20000000	0,80669139
828,40000000	0,80555447
828,60000000	0,80684283
828,80000000	0,80299988
829,00000000	0,80358839
829,20000000	0,80364213
829,40000000	0,80222259
829,60000000	0,80281404
829,80000000	0,80189388
830,00000000	0,80087408
830,20000000	0,80125271
830,40000000	0,79874125
830,60000000	0,80066445
830,80000000	0,79913013
831,00000000	0,79933144
831,20000000	0,79905089
831,40000000	0,79886692
831,60000000	0,79510196
831,80000000	0,79617436
832,00000000	0,79434845
832,20000000	0,79621501
832,40000000	0,79780884
832,60000000	0,79768065
832,80000000	0,79540911
833,00000000	0,79594249
833,20000000	0,79289589
833,40000000	0,79474795
833,60000000	0,78983307
833,80000000	0,79183445
834,00000000	0,79340368
834,20000000	0,79341011
834,40000000	0,79085241
834,60000000	0,79190576
834,80000000	0,79049919
835,00000000	0,79421969
835,20000000	0,79261008
835,40000000	0,79118077
835,60000000	0,79104001
835,80000000	0,79362283
836,00000000	0,79434990
836,20000000	0,79084703
836,40000000	0,78713765
836,60000000	0,79204194
836,80000000	0,79404379
837,00000000	0,79425376
837,20000000	0,79344116
837,40000000	0,79113188
837,60000000	0,79330291
837,80000000	0,79569969
838,00000000	0,79175671
838,20000000	0,79060066
838,40000000	0,79144875
838,60000000	0,79405587
838,80000000	0,79739485
839,00000000	0,79415495
839,20000000	0,79328892
839,40000000	0,79645814
839,60000000	0,79638415
839,80000000	0,79688666
840,00000000	0,79390156
840,20000000	0,79457085
840,40000000	0,79805545
840,60000000	0,79694583
840,80000000	0,79717482
841,00000000	0,79618935
841,20000000	0,79810249
841,40000000	0,80165264
841,60000000	0,79935117
841,80000000	0,79853018
842,00000000	0,80061040
842,20000000	0,80112766
842,40000000	0,80250779
842,60000000	0,80193496
842,80000000	0,79947687
843,00000000	0,80015185
843,20000000	0,80592881
843,40000000	0,80587345
843,60000000	0,80316011
843,80000000	0,80534474
844,00000000	0,80545094
844,20000000	0,80860353
844,40000000	0,80704610
844,60000000	0,80470418
844,80000000	0,80702804
845,00000000	0,80785672
845,20000000	0,80969704
845,40000000	0,81045842
845,60000000	0,80861879
845,80000000	0,81172334
846,00000000	0,81369879
846,20000000	0,81439527
846,40000000	0,81306505
846,60000000	0,81283908
846,80000000	0,81401914
847,00000000	0,81523498
847,20000000	0,81359322
847,40000000	0,81449325
847,60000000	0,81819854
847,80000000	0,81791261
848,00000000	0,81667292
848,20000000	0,81828295
848,40000000	0,81728696
848,60000000	0,81805638
848,80000000	0,82108605
849,00000000	0,82114591
849,20000000	0,81896914
849,40000000	0,82011829
849,60000000	0,82079437
849,80000000	0,82179848
850,00000000	0,82046813
850,20000000	0,81918035
850,40000000	0,82457124
850,60000000	0,82442685
850,80000000	0,82533119
851,00000000	0,82135433
851,20000000	0,82221867
851,40000000	0,82501117
851,60000000	0,82772074
851,80000000	0,82531428
852,00000000	0,82357819
852,20000000	0,82639883
852,40000000	0,82662310
852,60000000	0,82878709
852,80000000	0,82704408
853,00000000	0,82410431
853,20000000	0,82585588
853,40000000	0,82943521
853,60000000	0,82843912
853,80000000	0,82768472
854,00000000	0,82725192
854,20000000	0,82676337
854,40000000	0,83111627
854,60000000	0,82716612
854,80000000	0,82843163
855,00000000	0,82883997
855,20000000	0,82965760
855,40000000	0,82955587
855,60000000	0,82928440
855,80000000	0,82767592
856,00000000	0,83035946
856,20000000	0,83164544
856,40000000	0,83100316
856,60000000	0,82912056
856,80000000	0,82784643
857,00000000	0,83118362
857,20000000	0,83028031
857,40000000	0,82808545
857,60000000	0,83098156
857,80000000	0,83037283
858,00000000	0,83143505
858,20000000	0,82989151
858,40000000	0,82647924
858,60000000	0,82909859
858,80000000	0,83025974
859,00000000	0,82988652
859,20000000	0,82897019
859,40000000	0,82964921
859,60000000	0,82758350
859,80000000	0,82908754
860,00000000	0,82932677
860,20000000	0,82761825
860,40000000	0,82687192
860,60000000	0,82847902
860,80000000	0,82902060
861,00000000	0,82825386
861,20000000	0,82645798
861,40000000	0,82614438
861,60000000	0,82900058
861,80000000	0,82850705
862,00000000	0,82672220
862,20000000	0,82349920
862,40000000	0,82825094
862,60000000	0,82638277
862,80000000	0,82606877
863,00000000	0,82686458
863,20000000	0,82389429
863,40000000	0,82500397
863,60000000	0,82865481
863,80000000	0,82579392
864,00000000	0,82373594
864,20000000	0,82459798
864,40000000	0,82597047
864,60000000	0,82398142
864,80000000	0,82263201
865,00000000	0,82351929
865,20000000	0,82709008
865,40000000	0,82410266
865,60000000	0,82201808
865,80000000	0,82203817
866,00000000	0,82358481
866,20000000	0,82431460
866,40000000	0,82508812
866,60000000	0,82210327
866,80000000	0,82275341
867,00000000	0,82444818
867,20000000	0,82444959
867,40000000	0,82232164
867,60000000	0,82442100
867,80000000	0,82192439
868,00000000	0,82286590
868,20000000	0,82443247
868,40000000	0,82246715
868,60000000	0,82228245
868,80000000	0,82325354
869,00000000	0,82454938
869,20000000	0,82250551
869,40000000	0,82275146
869,60000000	0,82140530
869,80000000	0,82020107
870,00000000	0,82369540
870,20000000	0,82419321
870,40000000	0,82062588
870,60000000	0,82315734
870,80000000	0,82450349
871,00000000	0,82127024
871,20000000	0,82191697
871,40000000	0,82281228
871,60000000	0,82239932
871,80000000	0,82261361
872,00000000	0,82249711
872,20000000	0,82122172
872,40000000	0,82175424
872,60000000	0,82360332
872,80000000	0,82248800
873,00000000	0,82248516
873,20000000	0,82022689
873,40000000	0,82425863
873,60000000	0,82478846
873,80000000	0,82406114
874,00000000	0,82283696
874,20000000	0,81993617
874,40000000	0,82424684
874,60000000	0,82323380
874,80000000	0,82301732
875,00000000	0,82135045
875,20000000	0,82488080
875,40000000	0,82438166
875,60000000	0,82486186
875,80000000	0,82397727
876,00000000	0,82220152
876,20000000	0,82372057
876,40000000	0,82357137
876,60000000	0,82291067
876,80000000	0,82543616
877,00000000	0,82374838
877,20000000	0,82416233
877,40000000	0,82246310
877,60000000	0,82436882
877,80000000	0,82578315
878,00000000	0,82269241
878,20000000	0,82600595
878,40000000	0,82449383
878,60000000	0,82386284
878,80000000	0,82409701
879,00000000	0,82384602
879,20000000	0,82442616
879,40000000	0,82551515
879,60000000	0,82348977
879,80000000	0,82324247
880,00000000	0,82575037
880,20000000	0,82402713
880,40000000	0,82240820
880,60000000	0,82419947
880,80000000	0,82326768
881,00000000	0,82475265
881,20000000	0,82602802
881,40000000	0,82465981
881,60000000	0,82430135
881,80000000	0,82472710
882,00000000	0,82428062
882,20000000	0,82581486
882,40000000	0,82413979
882,60000000	0,82419467
882,80000000	0,82437427
883,00000000	0,82601059
883,20000000	0,82308035
883,40000000	0,82402950
883,60000000	0,82447941
883,80000000	0,82489464
884,00000000	0,82508828
884,20000000	0,82248183
884,40000000	0,82374137
884,60000000	0,82341221
884,80000000	0,82568392
885,00000000	0,82397743
885,20000000	0,82272215
885,40000000	0,82364194
885,60000000	0,82603419
885,80000000	0,82338865
886,00000000	0,82402948
886,20000000	0,82423874
886,40000000	0,82434358
886,60000000	0,82456930
886,80000000	0,82549845
887,00000000	0,81996257
887,20000000	0,82374785
887,40000000	0,82414012
887,60000000	0,82379968
887,80000000	0,82400623
888,00000000	0,82196871
888,20000000	0,82389967
888,40000000	0,82502106
888,60000000	0,82369554
888,80000000	0,82140991
889,00000000	0,82242315
889,20000000	0,82543660
889,40000000	0,82524521
889,60000000	0,82262709
889,80000000	0,82200207
890,00000000	0,82389368
890,20000000	0,82496747
890,40000000	0,82412038
890,60000000	0,82357244
890,80000000	0,82386448
891,00000000	0,82584602
891,20000000	0,82537778
891,40000000	0,82540273
891,60000000	0,82443464
891,80000000	0,82431983
892,00000000	0,82668237
892,20000000	0,82701823
892,40000000	0,82530271
892,60000000	0,82341650
892,80000000	0,82744810
893,00000000	0,82717238
893,20000000	0,82843019
893,40000000	0,82624546
893,60000000	0,82704460
893,80000000	0,82807544
894,00000000	0,82913979
894,20000000	0,82884762
894,40000000	0,82847422
894,60000000	0,82761970
894,80000000	0,83060064
895,00000000	0,82926765
895,20000000	0,83243835
895,40000000	0,83031799
895,60000000	0,83267809
895,80000000	0,83144614
896,00000000	0,83298441
896,20000000	0,83306581
896,40000000	0,83366011
896,60000000	0,83435155
896,80000000	0,83572002
897,00000000	0,83575575
897,20000000	0,83596033
897,40000000	0,83632757
897,60000000	0,83931060
897,80000000	0,83751837
898,00000000	0,83817188
898,20000000	0,83950487
898,40000000	0,84108772
898,60000000	0,84081400
898,80000000	0,84104988
899,00000000	0,84167006
899,20000000	0,84388072
899,40000000	0,84597016
899,60000000	0,84431635
899,80000000	0,84566840
900,00000000	0,84583253
