200,00000000	0,94356436
200,20000000	0,95852493
200,40000000	0,98139214
200,60000000	0,97087439
200,80000000	0,97020971
201,00000000	0,95544510
201,20000000	0,96653911
201,40000000	0,98303712
201,60000000	0,84124013
201,80000000	0,98515392
202,00000000	0,94914394
202,20000000	0,97566355
202,40000000	0,96194764
202,60000000	0,94682611
202,80000000	0,95728470
203,00000000	0,96930396
203,20000000	0,96268585
203,40000000	0,92961480
203,60000000	0,97788628
203,80000000	0,95348865
204,00000000	0,91701819
204,20000000	0,98896773
204,40000000	0,93573607
204,60000000	0,96185513
204,80000000	0,94622543
205,00000000	0,92233230
205,20000000	0,95310012
205,40000000	0,91741084
205,60000000	0,94636393
205,80000000	0,96887235
206,00000000	0,92483300
206,20000000	0,94646698
206,40000000	0,93183387
206,60000000	0,93553293
206,80000000	0,87257286
207,00000000	0,96425089
207,20000000	0,94746959
207,40000000	0,96553824
207,60000000	0,85860989
207,80000000	0,92092036
208,00000000	0,95218977
208,20000000	0,85514743
208,40000000	0,93529565
208,60000000	0,93077606
208,80000000	0,90937771
209,00000000	0,89601542
209,20000000	0,93218943
209,40000000	0,88545957
209,60000000	0,91314013
209,80000000	0,85196162
210,00000000	0,92334073
210,20000000	0,93194498
210,40000000	0,87315827
210,60000000	0,89481468
210,80000000	0,93047205
211,00000000	0,92400796
211,20000000	0,82698486
211,40000000	0,87223646
211,60000000	0,91067747
211,80000000	0,85440353
212,00000000	0,90297824
212,20000000	0,89401100
212,40000000	0,87161192
212,60000000	0,88005920
212,80000000	0,83945158
213,00000000	0,90848941
213,20000000	0,81051957
213,40000000	0,81434935
213,60000000	0,91468260
213,80000000	0,83641515
214,00000000	0,87256621
214,20000000	0,81648726
214,40000000	0,91781444
214,60000000	0,87552742
214,80000000	0,78691777
215,00000000	0,82342599
215,20000000	0,87091510
215,40000000	0,88899391
215,60000000	0,70768899
215,80000000	0,85227799
216,00000000	0,82229229
216,20000000	0,83629470
216,40000000	0,83417029
216,60000000	0,79200876
216,80000000	0,80855698
217,00000000	0,80589644
217,20000000	0,87415842
217,40000000	0,78162569
217,60000000	0,86418217
217,80000000	0,80909294
218,00000000	0,81930291
218,20000000	0,83198010
218,40000000	0,78785090
218,60000000	0,81102871
218,80000000	0,79148972
219,00000000	0,76414769
219,20000000	0,80393364
219,40000000	0,82480015
219,60000000	0,74731746
219,80000000	0,77269312
220,00000000	0,72316214
220,20000000	0,77437779
220,40000000	0,74197807
220,60000000	0,78387375
220,80000000	0,74096059
221,00000000	0,79687350
221,20000000	0,78985378
221,40000000	0,68495672
221,60000000	0,81851135
221,80000000	0,73262062
222,00000000	0,75625395
222,20000000	0,79044779
222,40000000	0,71530955
222,60000000	0,65527867
222,80000000	0,74973887
223,00000000	0,76395966
223,20000000	0,68681653
223,40000000	0,74402216
223,60000000	0,72970199
223,80000000	0,73059654
224,00000000	0,73622020
224,20000000	0,62131621
224,40000000	0,78233650
224,60000000	0,63093051
224,80000000	0,69536391
225,00000000	0,73667487
225,20000000	0,70193051
225,40000000	0,66073019
225,60000000	0,65746732
225,80000000	0,62335134
226,00000000	0,65839335
226,20000000	0,62701340
226,40000000	0,68428690
226,60000000	0,69542340
226,80000000	0,61723698
227,00000000	0,67571930
227,20000000	0,70140633
227,40000000	0,63657055
227,60000000	0,66190703
227,80000000	0,68519384
228,00000000	0,57709827
228,20000000	0,66531215
228,40000000	0,63926383
228,60000000	0,67927077
228,80000000	0,55055584
229,00000000	0,66112115
229,20000000	0,55372809
229,40000000	0,76089595
229,60000000	0,45806959
229,80000000	0,70319007
230,00000000	0,48286159
230,20000000	0,53974014
230,40000000	0,65897261
230,60000000	0,57050741
230,80000000	0,66657006
231,00000000	0,59905289
231,20000000	0,60772788
231,40000000	0,57459439
231,60000000	0,53311678
231,80000000	0,52180447
232,00000000	0,62428289
232,20000000	0,53607024
232,40000000	0,53199835
232,60000000	0,58711745
232,80000000	0,56194648
233,00000000	0,52293806
233,20000000	0,58290405
233,40000000	0,55321380
233,60000000	0,51237828
233,80000000	0,51441129
234,00000000	0,63103512
234,20000000	0,51673446
234,40000000	0,57145932
234,60000000	0,51828315
234,80000000	0,57565477
235,00000000	0,44614168
235,20000000	0,58194753
235,40000000	0,50339066
235,60000000	0,55162909
235,80000000	0,50274269
236,00000000	0,51167980
236,20000000	0,45028260
236,40000000	0,54663410
236,60000000	0,50627784
236,80000000	0,57659810
237,00000000	0,40742054
237,20000000	0,52255921
237,40000000	0,50133843
237,60000000	0,49987978
237,80000000	0,48053551
238,00000000	0,54254647
238,20000000	0,51862160
238,40000000	0,40785484
238,60000000	0,43806365
238,80000000	0,46438393
239,00000000	0,44715940
239,20000000	0,54403449
239,40000000	0,43983988
239,60000000	0,51073967
239,80000000	0,53803675
240,00000000	0,43284756
240,20000000	0,48672070
240,40000000	0,45633873
240,60000000	0,48193953
240,80000000	0,46887306
241,00000000	0,52090077
241,20000000	0,45823400
241,40000000	0,46621631
241,60000000	0,45929315
241,80000000	0,52138644
242,00000000	0,45156191
242,20000000	0,47109355
242,40000000	0,35889187
242,60000000	0,41801491
242,80000000	0,42225982
243,00000000	0,43594128
243,20000000	0,44993478
243,40000000	0,49605462
243,60000000	0,45866366
243,80000000	0,47080710
244,00000000	0,42343188
244,20000000	0,46225295
244,40000000	0,46965459
244,60000000	0,46930275
244,80000000	0,44478638
245,00000000	0,39260131
245,20000000	0,46157564
245,40000000	0,43251461
245,60000000	0,40030806
245,80000000	0,44162486
246,00000000	0,46089451
246,20000000	0,46769806
246,40000000	0,42967334
246,60000000	0,50630847
246,80000000	0,40116949
247,00000000	0,39886759
247,20000000	0,45446411
247,40000000	0,49625549
247,60000000	0,41259699
247,80000000	0,44854584
248,00000000	0,40062635
248,20000000	0,48187636
248,40000000	0,43387687
248,60000000	0,45279857
248,80000000	0,36459932
249,00000000	0,39090303
249,20000000	0,43241874
249,40000000	0,44530367
249,60000000	0,44085695
249,80000000	0,46503223
250,00000000	0,41786336
250,20000000	0,43449566
250,40000000	0,41401456
250,60000000	0,45139399
250,80000000	0,43950481
251,00000000	0,42794969
251,20000000	0,42985321
251,40000000	0,47475318
251,60000000	0,40366364
251,80000000	0,43036296
252,00000000	0,41815642
252,20000000	0,43816403
252,40000000	0,44190744
252,60000000	0,40471280
252,80000000	0,41761624
253,00000000	0,46882831
253,20000000	0,39935749
253,40000000	0,42191280
253,60000000	0,40507581
253,80000000	0,43277485
254,00000000	0,45198546
254,20000000	0,44041688
254,40000000	0,43031618
254,60000000	0,45220982
254,80000000	0,44714529
255,00000000	0,39205393
255,20000000	0,41830086
255,40000000	0,43818651
255,60000000	0,42342922
255,80000000	0,42105611
256,00000000	0,44399294
256,20000000	0,43488747
256,40000000	0,44055082
256,60000000	0,46443131
256,80000000	0,42962241
257,00000000	0,43342314
257,20000000	0,44497697
257,40000000	0,43202959
257,60000000	0,43673892
257,80000000	0,44700417
258,00000000	0,43396306
258,20000000	0,44796909
258,40000000	0,43505101
258,60000000	0,45510129
258,80000000	0,45457466
259,00000000	0,42813764
259,20000000	0,44775349
259,40000000	0,46525367
259,60000000	0,46756678
259,80000000	0,46254749
260,00000000	0,46183249
260,20000000	0,43887303
260,40000000	0,48645656
260,60000000	0,45834072
260,80000000	0,47860665
261,00000000	0,45406597
261,20000000	0,49140096
261,40000000	0,49977339
261,60000000	0,47150557
261,80000000	0,49854110
262,00000000	0,49178416
262,20000000	0,50531395
262,40000000	0,49804787
262,60000000	0,48320614
262,80000000	0,50201136
263,00000000	0,51226454
263,20000000	0,51599384
263,40000000	0,50794012
263,60000000	0,52660016
263,80000000	0,55178173
264,00000000	0,55123575
264,20000000	0,55584853
264,40000000	0,55683493
264,60000000	0,58273251
264,80000000	0,56952884
265,00000000	0,56343366
265,20000000	0,57839039
265,40000000	0,57474290
265,60000000	0,60092554
265,80000000	0,58848001
266,00000000	0,60898755
266,20000000	0,60031882
266,40000000	0,63735997
266,60000000	0,64437953
266,80000000	0,64710359
267,00000000	0,65088205
267,20000000	0,68151155
267,40000000	0,67457040
267,60000000	0,69056440
267,80000000	0,70464263
268,00000000	0,71529367
268,20000000	0,72148606
268,40000000	0,72955682
268,60000000	0,73208770
268,80000000	0,75970675
269,00000000	0,75404565
269,20000000	0,76550484
269,40000000	0,77437030
269,60000000	0,78066008
269,80000000	0,78967723
270,00000000	0,80186476
270,20000000	0,79793289
270,40000000	0,81945138
270,60000000	0,82766850
270,80000000	0,83468453
271,00000000	0,83381776
271,20000000	0,84035369
271,40000000	0,83949726
271,60000000	0,84654680
271,80000000	0,83544565
272,00000000	0,86638369
272,20000000	0,83228333
272,40000000	0,85291752
272,60000000	0,83798145
272,80000000	0,82307254
273,00000000	0,84132431
273,20000000	0,81597062
273,40000000	0,82213264
273,60000000	0,81750770
273,80000000	0,79733854
274,00000000	0,80513787
274,20000000	0,80131802
274,40000000	0,78922171
274,60000000	0,78133329
274,80000000	0,76893016
275,00000000	0,77209909
275,20000000	0,76249129
275,40000000	0,76214698
275,60000000	0,75101051
275,80000000	0,75265879
276,00000000	0,74204116
276,20000000	0,74314359
276,40000000	0,72967312
276,60000000	0,71920796
276,80000000	0,73188767
277,00000000	0,71902805
277,20000000	0,71519071
277,40000000	0,72230225
277,60000000	0,72590120
277,80000000	0,73083702
278,00000000	0,72850939
278,20000000	0,71211795
278,40000000	0,74346611
278,60000000	0,73585233
278,80000000	0,73933163
279,00000000	0,73288717
279,20000000	0,73583168
279,40000000	0,72983764
279,60000000	0,73917265
279,80000000	0,74305160
280,00000000	0,72508164
280,20000000	0,71718625
280,40000000	0,71883895
280,60000000	0,70420338
280,80000000	0,70474528
281,00000000	0,68799787
281,20000000	0,67975452
281,40000000	0,67828027
281,60000000	0,63475318
281,80000000	0,63392085
282,00000000	0,60122803
282,20000000	0,60169565
282,40000000	0,57290383
282,60000000	0,56684484
282,80000000	0,55662186
283,00000000	0,53794977
283,20000000	0,51661677
283,40000000	0,49344351
283,60000000	0,47884704
283,80000000	0,47719899
284,00000000	0,45156980
284,20000000	0,43452877
284,40000000	0,42671827
284,60000000	0,41027788
284,80000000	0,42214786
285,00000000	0,40556328
285,20000000	0,38750325
285,40000000	0,39210955
285,60000000	0,38016914
285,80000000	0,35892435
286,00000000	0,36564094
286,20000000	0,36210164
286,40000000	0,32144696
286,60000000	0,34739010
286,80000000	0,33395989
287,00000000	0,31349900
287,20000000	0,33286989
287,40000000	0,32295785
287,60000000	0,31075561
287,80000000	0,32471959
288,00000000	0,31026006
288,20000000	0,29302084
288,40000000	0,30099156
288,60000000	0,30204563
288,80000000	0,27724246
289,00000000	0,27714864
289,20000000	0,29194767
289,40000000	0,26836357
289,60000000	0,26761561
289,80000000	0,25579095
290,00000000	0,27019939
290,20000000	0,25786190
290,40000000	0,25329976
290,60000000	0,27765061
290,80000000	0,26043380
291,00000000	0,24984662
291,20000000	0,26188532
291,40000000	0,26431749
291,60000000	0,24770783
291,80000000	0,25110780
292,00000000	0,24705578
292,20000000	0,24006886
292,40000000	0,25854212
292,60000000	0,25153562
292,80000000	0,24111696
293,00000000	0,24230116
293,20000000	0,23386745
293,40000000	0,23608495
293,60000000	0,22984610
293,80000000	0,22608022
294,00000000	0,23811641
294,20000000	0,23909779
294,40000000	0,22501451
294,60000000	0,22834183
294,80000000	0,22512296
295,00000000	0,22844923
295,20000000	0,20810582
295,40000000	0,22991159
295,60000000	0,22517221
295,80000000	0,21987142
296,00000000	0,22134897
296,20000000	0,22480926
296,40000000	0,21435029
296,60000000	0,21545075
296,80000000	0,21606843
297,00000000	0,20786173
297,20000000	0,21099256
297,40000000	0,20894313
297,60000000	0,20956021
297,80000000	0,21037195
298,00000000	0,21453608
298,20000000	0,21553664
298,40000000	0,21255836
298,60000000	0,21181699
298,80000000	0,21240964
299,00000000	0,21127854
299,20000000	0,20880759
299,40000000	0,20688498
299,60000000	0,19823844
299,80000000	0,20087507
300,00000000	0,20100126
300,20000000	0,19629086
300,40000000	0,19964224
300,60000000	0,19615058
300,80000000	0,20978189
301,00000000	0,19614673
301,20000000	0,20340700
301,40000000	0,19912604
301,60000000	0,19990522
301,80000000	0,19267131
302,00000000	0,19523401
302,20000000	0,19812061
302,40000000	0,20031975
302,60000000	0,19752147
302,80000000	0,18946725
303,00000000	0,19056550
303,20000000	0,19398436
303,40000000	0,19697767
303,60000000	0,18966849
303,80000000	0,19598159
304,00000000	0,19380565
304,20000000	0,18909688
304,40000000	0,19267945
304,60000000	0,19515218
304,80000000	0,18994552
305,00000000	0,19780775
305,20000000	0,18359557
305,40000000	0,18973832
305,60000000	0,19572327
305,80000000	0,18793975
306,00000000	0,18597743
306,20000000	0,19250875
306,40000000	0,18539806
306,60000000	0,18724970
306,80000000	0,18385323
307,00000000	0,19316225
307,20000000	0,18733256
307,40000000	0,18582522
307,60000000	0,18280335
307,80000000	0,18214802
308,00000000	0,18041656
308,20000000	0,18749388
308,40000000	0,18730013
308,60000000	0,18907912
308,80000000	0,18155158
309,00000000	0,19131304
309,20000000	0,18103650
309,40000000	0,18252964
309,60000000	0,18372899
309,80000000	0,18339112
310,00000000	0,18793573
310,20000000	0,17938548
310,40000000	0,17239693
310,60000000	0,17772341
310,80000000	0,18085575
311,00000000	0,17861904
311,20000000	0,17889233
311,40000000	0,17835916
311,60000000	0,18238128
311,80000000	0,17563072
312,00000000	0,17816490
312,20000000	0,18232621
312,40000000	0,18102371
312,60000000	0,18187057
312,80000000	0,18068012
313,00000000	0,18466502
313,20000000	0,17444252
313,40000000	0,18160389
313,60000000	0,17776729
313,80000000	0,17478568
314,00000000	0,17708114
314,20000000	0,17626732
314,40000000	0,17854106
314,60000000	0,17410911
314,80000000	0,17472848
315,00000000	0,17785773
315,20000000	0,17231899
315,40000000	0,17451554
315,60000000	0,17480479
315,80000000	0,17653462
316,00000000	0,18017231
316,20000000	0,16858236
316,40000000	0,17456194
316,60000000	0,17924932
316,80000000	0,16974510
317,00000000	0,17309154
317,20000000	0,17179751
317,40000000	0,17202085
317,60000000	0,17273281
317,80000000	0,17263805
318,00000000	0,17384206
318,20000000	0,17072498
318,40000000	0,17214304
318,60000000	0,17417523
318,80000000	0,17458131
319,00000000	0,17525464
319,20000000	0,17043917
319,40000000	0,17566223
319,60000000	0,17727340
319,80000000	0,17549130
320,00000000	0,17933899
320,20000000	0,17851660
320,40000000	0,17448178
320,60000000	0,17548278
320,80000000	0,17684768
321,00000000	0,17771504
321,20000000	0,17526562
321,40000000	0,17277361
321,60000000	0,17582953
321,80000000	0,17049897
322,00000000	0,17292599
322,20000000	0,17253776
322,40000000	0,17497456
322,60000000	0,17350066
322,80000000	0,17210092
323,00000000	0,16966390
323,20000000	0,17461992
323,40000000	0,17177493
323,60000000	0,17417276
323,80000000	0,17416364
324,00000000	0,17260478
324,20000000	0,17403377
324,40000000	0,17500278
324,60000000	0,17154554
324,80000000	0,17552579
325,00000000	0,17409901
325,20000000	0,17453745
325,40000000	0,17353956
325,60000000	0,17353366
325,80000000	0,17328734
326,00000000	0,17196498
326,20000000	0,17447768
326,40000000	0,17274791
326,60000000	0,17492916
326,80000000	0,17495025
327,00000000	0,17516724
327,20000000	0,17531884
327,40000000	0,17429795
327,60000000	0,17323737
327,80000000	0,17682232
328,00000000	0,17630618
328,20000000	0,17609808
328,40000000	0,17645848
328,60000000	0,17651388
328,80000000	0,17803174
329,00000000	0,17806806
329,20000000	0,17937255
329,40000000	0,18065504
329,60000000	0,17964669
329,80000000	0,17980932
330,00000000	0,18069656
330,20000000	0,18030749
330,40000000	0,18091920
330,60000000	0,17971019
330,80000000	0,18168335
331,00000000	0,18137508
331,20000000	0,18323974
331,40000000	0,18233061
331,60000000	0,18333348
331,80000000	0,18635716
332,00000000	0,18369891
332,20000000	0,18543850
332,40000000	0,18776952
332,60000000	0,18653637
332,80000000	0,18822098
333,00000000	0,18702236
333,20000000	0,19091114
333,40000000	0,19062063
333,60000000	0,19009120
333,80000000	0,19293958
334,00000000	0,19268986
334,20000000	0,19389725
334,40000000	0,19594820
334,60000000	0,19637489
334,80000000	0,19919510
335,00000000	0,19970460
335,20000000	0,20052850
335,40000000	0,20240139
335,60000000	0,20449030
335,80000000	0,20588348
336,00000000	0,20820945
336,20000000	0,20882825
336,40000000	0,21140935
336,60000000	0,21144400
336,80000000	0,21382518
337,00000000	0,21714870
337,20000000	0,21800036
337,40000000	0,22039949
337,60000000	0,22200102
337,80000000	0,22505847
338,00000000	0,22799310
338,20000000	0,23061834
338,40000000	0,23393964
338,60000000	0,23678275
338,80000000	0,23976268
339,00000000	0,24329602
339,20000000	0,24598459
339,40000000	0,25060824
339,60000000	0,25427287
339,80000000	0,25759486
340,00000000	0,26204740
340,20000000	0,26566243
340,40000000	0,27150453
340,60000000	0,27549369
340,80000000	0,28101952
341,00000000	0,28638657
341,20000000	0,29199953
341,40000000	0,29718517
341,60000000	0,30434660
341,80000000	0,31024607
342,00000000	0,31585167
342,20000000	0,32300762
342,40000000	0,32915209
342,60000000	0,33665923
342,80000000	0,34471163
343,00000000	0,35077398
343,20000000	0,35985387
343,40000000	0,36582292
343,60000000	0,37515053
343,80000000	0,38280720
344,00000000	0,39013605
344,20000000	0,39913730
344,40000000	0,40677432
344,60000000	0,41354479
344,80000000	0,42415400
345,00000000	0,43023174
345,20000000	0,43802452
345,40000000	0,44463790
345,60000000	0,45052596
345,80000000	0,45746150
346,00000000	0,46316119
346,20000000	0,46809138
346,40000000	0,47485672
346,60000000	0,47560733
346,80000000	0,48096426
347,00000000	0,48228181
347,20000000	0,48607788
347,40000000	0,48580241
347,60000000	0,48563207
347,80000000	0,48301730
348,00000000	0,48384015
348,20000000	0,48159377
348,40000000	0,48116434
348,60000000	0,47765325
348,80000000	0,47403007
349,00000000	0,46956583
349,20000000	0,46416118
349,40000000	0,45944806
349,60000000	0,45276662
349,80000000	0,44546710
350,00000000	0,43960888
350,20000000	0,42978542
350,40000000	0,42592209
350,60000000	0,41599505
350,80000000	0,41224519
351,00000000	0,40410425
351,20000000	0,39800174
351,40000000	0,39250648
351,60000000	0,38559796
351,80000000	0,38016187
352,00000000	0,37417681
352,20000000	0,36718131
352,40000000	0,36198369
352,60000000	0,35500688
352,80000000	0,34935791
353,00000000	0,34318813
353,20000000	0,33701166
353,40000000	0,33288526
353,60000000	0,32698969
353,80000000	0,32332476
354,00000000	0,31735151
354,20000000	0,31314171
354,40000000	0,30849451
354,60000000	0,30296904
354,80000000	0,29968822
355,00000000	0,29514885
355,20000000	0,29137432
355,40000000	0,28750279
355,60000000	0,28266003
355,80000000	0,28021684
356,00000000	0,27644008
356,20000000	0,27302111
356,40000000	0,26990085
356,60000000	0,26673427
356,80000000	0,26280670
357,00000000	0,26093109
357,20000000	0,25668664
357,40000000	0,25511214
357,60000000	0,25180035
357,80000000	0,24944259
358,00000000	0,24703389
358,20000000	0,24407814
358,40000000	0,24332114
358,60000000	0,24108800
358,80000000	0,23818481
359,00000000	0,23739440
359,20000000	0,23384157
359,40000000	0,23232989
359,60000000	0,22990254
359,80000000	0,22856189
360,00000000	0,22697149
360,20000000	0,22507327
360,40000000	0,22353104
360,60000000	0,22166710
360,80000000	0,22039079
361,00000000	0,21853529
361,20000000	0,21794710
361,40000000	0,21605864
361,60000000	0,21454500
361,80000000	0,21356325
362,00000000	0,21116856
362,20000000	0,21045885
362,40000000	0,20901695
362,60000000	0,20783411
362,80000000	0,20742998
363,00000000	0,20548257
363,20000000	0,20410003
363,40000000	0,20324174
363,60000000	0,20166032
363,80000000	0,20127186
364,00000000	0,20070504
364,20000000	0,19918388
364,40000000	0,19893134
364,60000000	0,19647046
364,80000000	0,19687560
365,00000000	0,19576794
365,20000000	0,19492185
365,40000000	0,19533397
365,60000000	0,19292571
365,80000000	0,19336808
366,00000000	0,19148773
366,20000000	0,19075738
366,40000000	0,19102382
366,60000000	0,18952654
366,80000000	0,18933620
367,00000000	0,18865248
367,20000000	0,18664475
367,40000000	0,18735571
367,60000000	0,18458218
367,80000000	0,18533106
368,00000000	0,18503057
368,20000000	0,18195070
368,40000000	0,18494806
368,60000000	0,18068431
368,80000000	0,18230382
369,00000000	0,18144814
369,20000000	0,17980685
369,40000000	0,18267694
369,60000000	0,17836330
369,80000000	0,18048442
370,00000000	0,17917014
370,20000000	0,17589651
370,40000000	0,17925832
370,60000000	0,17688314
370,80000000	0,17843184
371,00000000	0,17769370
371,20000000	0,17606718
371,40000000	0,17628349
371,60000000	0,17548113
371,80000000	0,17557692
372,00000000	0,17521042
372,20000000	0,17476355
372,40000000	0,17297463
372,60000000	0,17526580
372,80000000	0,17157311
373,00000000	0,17169003
373,20000000	0,17357073
373,40000000	0,17158359
373,60000000	0,17449766
373,80000000	0,17151809
374,00000000	0,17115309
374,20000000	0,17241112
374,40000000	0,16876675
374,60000000	0,17265751
374,80000000	0,17066986
375,00000000	0,17077008
375,20000000	0,17172467
375,40000000	0,16852099
375,60000000	0,17170105
375,80000000	0,16914448
376,00000000	0,16831095
376,20000000	0,17004423
376,40000000	0,16741315
376,60000000	0,16705779
376,80000000	0,16610598
377,00000000	0,16659300
377,20000000	0,16602068
377,40000000	0,16625004
377,60000000	0,16729215
377,80000000	0,16666114
378,00000000	0,16608227
378,20000000	0,16546944
378,40000000	0,16599103
378,60000000	0,16482618
378,80000000	0,16517718
379,00000000	0,16428002
379,20000000	0,16454024
379,40000000	0,16319361
379,60000000	0,16216185
379,80000000	0,16163717
380,00000000	0,16159562
380,20000000	0,16176093
380,40000000	0,16075768
380,60000000	0,16275411
380,80000000	0,16105321
381,00000000	0,16202273
381,20000000	0,16065555
381,40000000	0,16054348
381,60000000	0,16021955
381,80000000	0,15920905
382,00000000	0,16036340
382,20000000	0,15945440
382,40000000	0,15881549
382,60000000	0,15879923
382,80000000	0,15843843
383,00000000	0,15789179
383,20000000	0,15868294
383,40000000	0,15715553
383,60000000	0,15694893
383,80000000	0,15726881
384,00000000	0,15704887
384,20000000	0,15646335
384,40000000	0,15521908
384,60000000	0,15582501
384,80000000	0,15722248
385,00000000	0,15694553
385,20000000	0,15591611
385,40000000	0,15593853
385,60000000	0,15562471
385,80000000	0,15619403
386,00000000	0,15463442
386,20000000	0,15542337
386,40000000	0,15416159
386,60000000	0,15439470
386,80000000	0,15586235
387,00000000	0,15407007
387,20000000	0,15526061
387,40000000	0,15646417
387,60000000	0,15335939
387,80000000	0,15463370
388,00000000	0,15638050
388,20000000	0,15712705
388,40000000	0,15306498
388,60000000	0,15400333
388,80000000	0,15467769
389,00000000	0,15269627
389,20000000	0,15316449
389,40000000	0,15316839
389,60000000	0,15390151
389,80000000	0,15211030
390,00000000	0,15200861
390,20000000	0,15136455
390,40000000	0,15235178
390,60000000	0,15268466
390,80000000	0,15322472
391,00000000	0,15031111
391,20000000	0,15017771
391,40000000	0,15167595
391,60000000	0,15175892
391,80000000	0,14986905
392,00000000	0,14972924
392,20000000	0,15036120
392,40000000	0,14941718
392,60000000	0,15014900
392,80000000	0,14986569
393,00000000	0,14803140
393,20000000	0,14959601
393,40000000	0,14858073
393,60000000	0,14840846
393,80000000	0,14877964
394,00000000	0,14572621
394,20000000	0,14766518
394,40000000	0,14920045
394,60000000	0,15113541
394,80000000	0,14922657
395,00000000	0,14944361
395,20000000	0,14953142
395,40000000	0,14952568
395,60000000	0,15000930
395,80000000	0,14965494
396,00000000	0,15065799
396,20000000	0,15153912
396,40000000	0,14991539
396,60000000	0,14914282
396,80000000	0,14672528
397,00000000	0,14883268
397,20000000	0,14877048
397,40000000	0,14921738
397,60000000	0,14875223
397,80000000	0,14484353
398,00000000	0,14627944
398,20000000	0,14933806
398,40000000	0,14850327
398,60000000	0,14694886
398,80000000	0,14530938
399,00000000	0,14631875
399,20000000	0,14764829
399,40000000	0,14480829
399,60000000	0,14571251
399,80000000	0,14647434
400,00000000	0,14782026
400,20000000	0,14594299
400,40000000	0,14755761
400,60000000	0,14641496
400,80000000	0,14445983
401,00000000	0,14653498
401,20000000	0,14766912
401,40000000	0,14689041
401,60000000	0,14689399
401,80000000	0,14557656
402,00000000	0,14711561
402,20000000	0,14513262
402,40000000	0,14610553
402,60000000	0,14579130
402,80000000	0,14227004
403,00000000	0,14678913
403,20000000	0,14825041
403,40000000	0,14847512
403,60000000	0,14684870
403,80000000	0,14462453
404,00000000	0,14613627
404,20000000	0,14565587
404,40000000	0,14702965
404,60000000	0,14608868
404,80000000	0,14197410
405,00000000	0,14436162
405,20000000	0,14398045
405,40000000	0,14446617
405,60000000	0,14232137
405,80000000	0,14388866
406,00000000	0,14575960
406,20000000	0,14440479
406,40000000	0,14359639
406,60000000	0,14433375
406,80000000	0,14100842
407,00000000	0,14494768
407,20000000	0,14403389
407,40000000	0,14454435
407,60000000	0,14368096
407,80000000	0,14596121
408,00000000	0,14641525
408,20000000	0,14240153
408,40000000	0,14607573
408,60000000	0,14724907
408,80000000	0,14513969
409,00000000	0,14163588
409,20000000	0,14455579
409,40000000	0,14209386
409,60000000	0,14144528
409,80000000	0,14224589
410,00000000	0,14266381
410,20000000	0,14281260
410,40000000	0,14120353
410,60000000	0,14551305
410,80000000	0,14354065
411,00000000	0,14451814
411,20000000	0,14105139
411,40000000	0,14186214
411,60000000	0,14570429
411,80000000	0,14428096
412,00000000	0,14222918
412,20000000	0,14440134
412,40000000	0,14314995
412,60000000	0,14571382
412,80000000	0,14341621
413,00000000	0,14538957
413,20000000	0,14730350
413,40000000	0,14425077
413,60000000	0,14332483
413,80000000	0,14378507
414,00000000	0,14256284
414,20000000	0,14292265
414,40000000	0,14330426
414,60000000	0,14358618
414,80000000	0,14337621
415,00000000	0,14638539
415,20000000	0,14342803
415,40000000	0,14104439
415,60000000	0,13894102
415,80000000	0,14118681
416,00000000	0,14685366
416,20000000	0,14458988
416,40000000	0,14839596
416,60000000	0,14844141
416,80000000	0,14364839
417,00000000	0,14214909
417,20000000	0,14277454
417,40000000	0,14728474
417,60000000	0,14485655
417,80000000	0,14378545
418,00000000	0,14516588
418,20000000	0,14716012
418,40000000	0,14601754
418,60000000	0,14806845
418,80000000	0,14991836
419,00000000	0,14372901
419,20000000	0,14391186
419,40000000	0,14589015
419,60000000	0,14339696
419,80000000	0,14629608
420,00000000	0,14436552
420,20000000	0,14484649
420,40000000	0,14607310
420,60000000	0,14717457
420,80000000	0,14943567
421,00000000	0,15035403
421,20000000	0,14584625
421,40000000	0,14751402
421,60000000	0,14458332
421,80000000	0,14678304
422,00000000	0,15115654
422,20000000	0,14831231
422,40000000	0,14029431
422,60000000	0,15270468
422,80000000	0,14884941
423,00000000	0,14510276
423,20000000	0,14784034
423,40000000	0,14951865
423,60000000	0,14424509
423,80000000	0,14741526
424,00000000	0,14763642
424,20000000	0,15011711
424,40000000	0,14844607
424,60000000	0,14487889
424,80000000	0,14373600
425,00000000	0,14410275
425,20000000	0,14976910
425,40000000	0,14673557
425,60000000	0,14314941
425,80000000	0,14624145
426,00000000	0,14657864
426,20000000	0,14349608
426,40000000	0,14326788
426,60000000	0,14590778
426,80000000	0,14555191
427,00000000	0,14438065
427,20000000	0,14392442
427,40000000	0,14853810
427,60000000	0,14890810
427,80000000	0,14754568
428,00000000	0,14606806
428,20000000	0,14846842
428,40000000	0,15120219
428,60000000	0,14744546
428,80000000	0,15004160
429,00000000	0,15029196
429,20000000	0,15022328
429,40000000	0,14694366
429,60000000	0,14379908
429,80000000	0,14507996
430,00000000	0,14317776
430,20000000	0,14307428
430,40000000	0,15283689
430,60000000	0,15299661
430,80000000	0,15230070
431,00000000	0,14604606
431,20000000	0,14774440
431,40000000	0,14666428
431,60000000	0,15095140
431,80000000	0,15391364
432,00000000	0,15147503
432,20000000	0,14939672
432,40000000	0,15181837
432,60000000	0,15041217
432,80000000	0,14816989
433,00000000	0,14400811
433,20000000	0,15136998
433,40000000	0,15737425
433,60000000	0,15267063
433,80000000	0,14783397
434,00000000	0,14259689
434,20000000	0,14432401
434,40000000	0,14829408
434,60000000	0,15569598
434,80000000	0,15590801
435,00000000	0,15398718
435,20000000	0,15594663
435,40000000	0,15317136
435,60000000	0,15490130
435,80000000	0,15384599
436,00000000	0,15555113
436,20000000	0,15510883
436,40000000	0,15149848
436,60000000	0,15012414
436,80000000	0,15450342
437,00000000	0,15717926
437,20000000	0,15499852
437,40000000	0,15835298
437,60000000	0,15405750
437,80000000	0,15650921
438,00000000	0,15715856
438,20000000	0,15560509
438,40000000	0,15804068
438,60000000	0,15916880
438,80000000	0,16120132
439,00000000	0,15722629
439,20000000	0,15851829
439,40000000	0,16035762
439,60000000	0,15654861
439,80000000	0,15750967
440,00000000	0,15781617
440,20000000	0,15839610
440,40000000	0,15985487
440,60000000	0,16245493
440,80000000	0,15741640
441,00000000	0,15345627
441,20000000	0,16537611
441,40000000	0,16502281
441,60000000	0,15815182
441,80000000	0,16219295
442,00000000	0,16655014
442,20000000	0,15908062
442,40000000	0,15430413
442,60000000	0,15778974
442,80000000	0,16490903
443,00000000	0,16124389
443,20000000	0,16295549
443,40000000	0,16416192
443,60000000	0,15722130
443,80000000	0,15719481
444,00000000	0,17060472
444,20000000	0,17446465
444,40000000	0,16657379
444,60000000	0,16506797
444,80000000	0,16893366
445,00000000	0,16662315
445,20000000	0,16249889
445,40000000	0,16539510
445,60000000	0,16636414
445,80000000	0,16849165
446,00000000	0,16853477
446,20000000	0,17013702
446,40000000	0,16743932
446,60000000	0,17152990
446,80000000	0,17012713
447,00000000	0,16785198
447,20000000	0,16236498
447,40000000	0,16445751
447,60000000	0,16794394
447,80000000	0,17381149
448,00000000	0,17231488
448,20000000	0,17117599
448,40000000	0,17537370
448,60000000	0,17295895
448,80000000	0,18298123
449,00000000	0,18694396
449,20000000	0,17797359
449,40000000	0,17324502
449,60000000	0,17043495
449,80000000	0,17023114
450,00000000	0,17748140
450,20000000	0,17821238
450,40000000	0,17483548
450,60000000	0,16502326
450,80000000	0,17969789
451,00000000	0,17592630
451,20000000	0,18126122
451,40000000	0,18655895
451,60000000	0,18539673
451,80000000	0,18385581
452,00000000	0,18348476
452,20000000	0,19073754
452,40000000	0,18924231
452,60000000	0,18622203
452,80000000	0,19441010
453,00000000	0,19527301
453,20000000	0,18600487
453,40000000	0,18587396
453,60000000	0,18578920
453,80000000	0,18946083
454,00000000	0,17959701
454,20000000	0,18748360
454,40000000	0,18958203
454,60000000	0,18526416
454,80000000	0,19577586
455,00000000	0,19720796
455,20000000	0,19569454
455,40000000	0,18849815
455,60000000	0,19217422
455,80000000	0,19203183
456,00000000	0,19383010
456,20000000	0,19486221
456,40000000	0,19460780
456,60000000	0,19927105
456,80000000	0,20066384
457,00000000	0,19584368
457,20000000	0,19246912
457,40000000	0,19171899
457,60000000	0,20221212
457,80000000	0,19573170
458,00000000	0,19317714
458,20000000	0,19674733
458,40000000	0,20346627
458,60000000	0,19519137
458,80000000	0,19859809
459,00000000	0,19937902
459,20000000	0,19989856
459,40000000	0,19985310
459,60000000	0,20202004
459,80000000	0,20565807
460,00000000	0,20081707
460,20000000	0,20359229
460,40000000	0,20730368
460,60000000	0,20650322
460,80000000	0,20916053
461,00000000	0,20889548
461,20000000	0,20958282
461,40000000	0,21558233
461,60000000	0,21546102
461,80000000	0,22046218
462,00000000	0,21836724
462,20000000	0,21471110
462,40000000	0,21555045
462,60000000	0,22240753
462,80000000	0,22318858
463,00000000	0,20936378
463,20000000	0,21610943
463,40000000	0,21705019
463,60000000	0,21944845
463,80000000	0,21971798
464,00000000	0,22322446
464,20000000	0,22412340
464,40000000	0,22425795
464,60000000	0,21895788
464,80000000	0,21824539
465,00000000	0,22068867
465,20000000	0,22334962
465,40000000	0,21972653
465,60000000	0,21548939
465,80000000	0,21892601
466,00000000	0,22073958
466,20000000	0,22239091
466,40000000	0,22354837
466,60000000	0,23527267
466,80000000	0,23180998
467,00000000	0,23033091
467,20000000	0,23008500
467,40000000	0,23148558
467,60000000	0,23846092
467,80000000	0,24002521
468,00000000	0,23584508
468,20000000	0,23497707
468,40000000	0,24011263
468,60000000	0,24136349
468,80000000	0,24522335
469,00000000	0,24811001
469,20000000	0,24330168
469,40000000	0,24428910
469,60000000	0,25030723
469,80000000	0,24675836
470,00000000	0,24216286
470,20000000	0,23853870
470,40000000	0,24377414
470,60000000	0,25291820
470,80000000	0,24792265
471,00000000	0,25036345
471,20000000	0,24835537
471,40000000	0,25507334
471,60000000	0,25613231
471,80000000	0,25944316
472,00000000	0,25635134
472,20000000	0,25488351
472,40000000	0,26449654
472,60000000	0,26226639
472,80000000	0,25958877
473,00000000	0,26339325
473,20000000	0,26611609
473,40000000	0,26695890
473,60000000	0,27001797
473,80000000	0,27031996
474,00000000	0,27632926
474,20000000	0,26886644
474,40000000	0,27363508
474,60000000	0,28158209
474,80000000	0,28465675
475,00000000	0,28053355
475,20000000	0,28529708
475,40000000	0,28832046
475,60000000	0,26811609
475,80000000	0,27523853
476,00000000	0,27883568
476,20000000	0,27519633
476,40000000	0,27982973
476,60000000	0,29057456
476,80000000	0,28759496
477,00000000	0,28761610
477,20000000	0,29823755
477,40000000	0,30898254
477,60000000	0,30896922
477,80000000	0,29622569
478,00000000	0,30447974
478,20000000	0,31359683
478,40000000	0,31345903
478,60000000	0,30059818
478,80000000	0,30441451
479,00000000	0,30996333
479,20000000	0,30323820
479,40000000	0,30502266
479,60000000	0,30735882
479,80000000	0,30223318
480,00000000	0,31174594
480,20000000	0,32311423
480,40000000	0,32192540
480,60000000	0,32403774
480,80000000	0,32151478
481,00000000	0,32619720
481,20000000	0,32207104
481,40000000	0,32755800
481,60000000	0,32841640
481,80000000	0,32762948
482,00000000	0,32895663
482,20000000	0,32631574
482,40000000	0,32977213
482,60000000	0,33187811
482,80000000	0,32906935
483,00000000	0,32651387
483,20000000	0,34167895
483,40000000	0,34435990
483,60000000	0,34274445
483,80000000	0,34977759
484,00000000	0,35829236
484,20000000	0,35375766
484,40000000	0,35101531
484,60000000	0,35221149
484,80000000	0,35521584
485,00000000	0,35676078
485,20000000	0,34401589
485,40000000	0,35132132
485,60000000	0,35971584
485,80000000	0,35518405
486,00000000	0,35776188
486,20000000	0,37022689
486,40000000	0,36717911
486,60000000	0,36716392
486,80000000	0,37758148
487,00000000	0,38108401
487,20000000	0,38197452
487,40000000	0,38468750
487,60000000	0,38716179
487,80000000	0,37680463
488,00000000	0,37808640
488,20000000	0,38321262
488,40000000	0,38484705
488,60000000	0,38652561
488,80000000	0,38567518
489,00000000	0,38238725
489,20000000	0,38733518
489,40000000	0,38921948
489,60000000	0,38919286
489,80000000	0,39441274
490,00000000	0,40047530
490,20000000	0,40599949
490,40000000	0,40509546
490,60000000	0,40279638
490,80000000	0,39974585
491,00000000	0,39970473
491,20000000	0,39916889
491,40000000	0,40618839
491,60000000	0,41171463
491,80000000	0,41251697
492,00000000	0,41523749
492,20000000	0,41964532
492,40000000	0,42180714
492,60000000	0,41981230
492,80000000	0,42121462
493,00000000	0,41988935
493,20000000	0,41351451
493,40000000	0,41652598
493,60000000	0,43081920
493,80000000	0,42834453
494,00000000	0,42932742
494,20000000	0,44032288
494,40000000	0,44377879
494,60000000	0,44163908
494,80000000	0,44678549
495,00000000	0,45080286
495,20000000	0,44314603
495,40000000	0,43761447
495,60000000	0,44088862
495,80000000	0,43986977
496,00000000	0,44294413
496,20000000	0,44722024
496,40000000	0,45465536
496,60000000	0,46099650
496,80000000	0,46859462
497,00000000	0,46445913
497,20000000	0,46368512
497,40000000	0,47232467
497,60000000	0,46178824
497,80000000	0,45632966
498,00000000	0,46258221
498,20000000	0,46358123
498,40000000	0,47221677
498,60000000	0,48486833
498,80000000	0,48788493
499,00000000	0,48720414
499,20000000	0,48790568
499,40000000	0,48847577
499,60000000	0,48224790
499,80000000	0,48316755
500,00000000	0,48250371
500,20000000	0,47936752
500,40000000	0,48473574
500,60000000	0,49656104
500,80000000	0,49997957
501,00000000	0,50349154
501,20000000	0,50853004
501,40000000	0,50351462
501,60000000	0,49889081
501,80000000	0,50232952
502,00000000	0,50374416
502,20000000	0,49538386
502,40000000	0,50097682
502,60000000	0,51126722
502,80000000	0,51080178
503,00000000	0,51436118
503,20000000	0,52530433
503,40000000	0,52758440
503,60000000	0,52490233
503,80000000	0,52931978
504,00000000	0,52518797
504,20000000	0,51813045
504,40000000	0,52344572
504,60000000	0,52789775
504,80000000	0,52859505
505,00000000	0,54368480
505,20000000	0,55344406
505,40000000	0,55256236
505,60000000	0,55160454
505,80000000	0,55030813
506,00000000	0,54665163
506,20000000	0,54489313
506,40000000	0,54778153
506,60000000	0,55138407
506,80000000	0,54952049
507,00000000	0,55697582
507,20000000	0,56160226
507,40000000	0,56657601
507,60000000	0,56991490
507,80000000	0,56826446
508,00000000	0,56097869
508,20000000	0,55881029
508,40000000	0,55914316
508,60000000	0,55801936
508,80000000	0,56303446
509,00000000	0,57396249
509,20000000	0,58040260
509,40000000	0,58224201
509,60000000	0,58095844
509,80000000	0,57996569
510,00000000	0,57620435
510,20000000	0,57521139
510,40000000	0,57960136
510,60000000	0,58576516
510,80000000	0,59391126
511,00000000	0,59734095
511,20000000	0,59835036
511,40000000	0,59642757
511,60000000	0,59819331
511,80000000	0,59994920
512,00000000	0,59931176
512,20000000	0,59817978
512,40000000	0,59991741
512,60000000	0,60733564
512,80000000	0,61197846
513,00000000	0,61563967
513,20000000	0,61663850
513,40000000	0,61471197
513,60000000	0,61029154
513,80000000	0,60882712
514,00000000	0,61463159
514,20000000	0,61724848
514,40000000	0,62117578
514,60000000	0,62756225
514,80000000	0,62928366
515,00000000	0,62660584
515,20000000	0,62933134
515,40000000	0,62818530
515,60000000	0,63154215
515,80000000	0,63623156
516,00000000	0,63895138
516,20000000	0,63930936
516,40000000	0,64419553
516,60000000	0,64548486
516,80000000	0,64084066
517,00000000	0,64454685
517,20000000	0,64977196
517,40000000	0,65088350
517,60000000	0,65513850
517,80000000	0,65711708
518,00000000	0,65829624
518,20000000	0,66138835
518,40000000	0,65946333
518,60000000	0,65949379
518,80000000	0,66238477
519,00000000	0,66463234
519,20000000	0,66614019
519,40000000	0,67043241
519,60000000	0,67602299
519,80000000	0,67769997
520,00000000	0,67621120
520,20000000	0,67579775
520,40000000	0,67390576
520,60000000	0,67581095
520,80000000	0,68336682
521,00000000	0,68803588
521,20000000	0,69296759
521,40000000	0,69973628
521,60000000	0,69987948
521,80000000	0,69815207
522,00000000	0,69745624
522,20000000	0,69912496
522,40000000	0,70540189
522,60000000	0,70909430
522,80000000	0,71288740
523,00000000	0,71981551
523,20000000	0,72201907
523,40000000	0,71983921
523,60000000	0,72023946
523,80000000	0,71919744
524,00000000	0,72134493
524,20000000	0,72618274
524,40000000	0,73108108
524,60000000	0,73326937
524,80000000	0,73539607
525,00000000	0,73651061
525,20000000	0,73509435
525,40000000	0,73660742
525,60000000	0,74057347
525,80000000	0,74485309
526,00000000	0,75033658
526,20000000	0,75289053
526,40000000	0,75223667
526,60000000	0,75571469
526,80000000	0,75883556
527,00000000	0,76053996
527,20000000	0,76302586
527,40000000	0,76636130
527,60000000	0,76846645
527,80000000	0,77059656
528,00000000	0,77271164
528,20000000	0,77315863
528,40000000	0,77466261
528,60000000	0,77683490
528,80000000	0,78034158
529,00000000	0,78270247
529,20000000	0,78516805
529,40000000	0,78802010
529,60000000	0,79065849
529,80000000	0,79306257
530,00000000	0,79492242
530,20000000	0,79546868
530,40000000	0,79735380
530,60000000	0,80080765
530,80000000	0,80160433
531,00000000	0,80322572
531,20000000	0,80533909
531,40000000	0,80881015
531,60000000	0,81349132
531,80000000	0,81315433
532,00000000	0,81320135
532,20000000	0,81732241
532,40000000	0,82151024
532,60000000	0,82332795
532,80000000	0,82451518
533,00000000	0,82476675
533,20000000	0,82517905
533,40000000	0,82718339
533,60000000	0,82736196
533,80000000	0,82986553
534,00000000	0,83351825
534,20000000	0,83624817
534,40000000	0,83742882
534,60000000	0,83871178
534,80000000	0,84073979
535,00000000	0,84379364
535,20000000	0,84570326
535,40000000	0,84593161
535,60000000	0,84743938
535,80000000	0,84929447
536,00000000	0,85227143
536,20000000	0,85201400
536,40000000	0,85281385
536,60000000	0,85503240
536,80000000	0,85780142
537,00000000	0,85920154
537,20000000	0,85945142
537,40000000	0,86121802
537,60000000	0,86067664
537,80000000	0,86254338
538,00000000	0,86377567
538,20000000	0,86526475
538,40000000	0,86760083
538,60000000	0,87026643
538,80000000	0,87189357
539,00000000	0,87233375
539,20000000	0,87070408
539,40000000	0,87228233
539,60000000	0,87325206
539,80000000	0,87276265
540,00000000	0,87559328
540,20000000	0,87673588
540,40000000	0,87602506
540,60000000	0,87807941
540,80000000	0,87815658
541,00000000	0,87817710
541,20000000	0,87922478
541,40000000	0,87965258
541,60000000	0,88216727
541,80000000	0,88432930
542,00000000	0,88305743
542,20000000	0,88288517
542,40000000	0,88460027
542,60000000	0,88482803
542,80000000	0,88604454
543,00000000	0,88442449
543,20000000	0,88358540
543,40000000	0,88689894
543,60000000	0,89022046
543,80000000	0,89047110
544,00000000	0,89140200
544,20000000	0,89046013
544,40000000	0,89041398
544,60000000	0,89186719
544,80000000	0,89145069
545,00000000	0,89257728
545,20000000	0,89446937
545,40000000	0,89341531
545,60000000	0,89385800
545,80000000	0,89589434
546,00000000	0,89562297
546,20000000	0,89582293
546,40000000	0,89663810
546,60000000	0,89726877
546,80000000	0,89755323
547,00000000	0,89863885
547,20000000	0,89961543
547,40000000	0,90084493
547,60000000	0,90021863
547,80000000	0,90037477
548,00000000	0,90192848
548,20000000	0,90292160
548,40000000	0,90239334
548,60000000	0,90352489
548,80000000	0,90448644
549,00000000	0,90485315
549,20000000	0,90650708
549,40000000	0,90616958
549,60000000	0,90459056
549,80000000	0,90551605
550,00000000	0,90792686
550,20000000	0,90864415
550,40000000	0,90980435
550,60000000	0,91026766
550,80000000	0,91190814
551,00000000	0,91410840
551,20000000	0,91328845
551,40000000	0,91260068
551,60000000	0,91451027
551,80000000	0,91520022
552,00000000	0,91531055
552,20000000	0,91501374
552,40000000	0,91523166
552,60000000	0,91706399
552,80000000	0,91691408
553,00000000	0,91681555
553,20000000	0,91885896
553,40000000	0,92005019
553,60000000	0,92065664
553,80000000	0,92297891
554,00000000	0,92448930
554,20000000	0,92459082
554,40000000	0,92473398
554,60000000	0,92518930
554,80000000	0,92577020
555,00000000	0,92742620
555,20000000	0,92794900
555,40000000	0,92842393
555,60000000	0,92980800
555,80000000	0,93152242
556,00000000	0,93308410
556,20000000	0,93372227
556,40000000	0,93311590
556,60000000	0,93360914
556,80000000	0,93539805
557,00000000	0,93574261
557,20000000	0,93734619
557,40000000	0,93838602
557,60000000	0,93943974
557,80000000	0,94087526
558,00000000	0,94246287
558,20000000	0,94346086
558,40000000	0,94335701
558,60000000	0,94397244
558,80000000	0,94465586
559,00000000	0,94560726
559,20000000	0,94624562
559,40000000	0,94724417
559,60000000	0,94861619
559,80000000	0,95090405
560,00000000	0,95197899
560,20000000	0,95158528
560,40000000	0,95247441
560,60000000	0,95324615
560,80000000	0,95422377
561,00000000	0,95622827
561,20000000	0,95756343
561,40000000	0,95811120
561,60000000	0,95960709
561,80000000	0,96092397
562,00000000	0,96141520
562,20000000	0,96181877
562,40000000	0,96216010
562,60000000	0,96311148
562,80000000	0,96436690
563,00000000	0,96529429
563,20000000	0,96620547
563,40000000	0,96722341
563,60000000	0,96837118
563,80000000	0,96920446
564,00000000	0,96957591
564,20000000	0,96937616
564,40000000	0,97041493
564,60000000	0,97128014
564,80000000	0,97185407
565,00000000	0,97296773
565,20000000	0,97329844
565,40000000	0,97363530
565,60000000	0,97443138
565,80000000	0,97520002
566,00000000	0,97532728
566,20000000	0,97562921
566,40000000	0,97558114
566,60000000	0,97635310
566,80000000	0,97758226
567,00000000	0,97823349
567,20000000	0,97875774
567,40000000	0,97907043
567,60000000	0,97924477
567,80000000	0,97935080
568,00000000	0,97991198
568,20000000	0,98027683
568,40000000	0,98076753
568,60000000	0,98110763
568,80000000	0,98175478
569,00000000	0,98212286
569,20000000	0,98225998
569,40000000	0,98226178
569,60000000	0,98155582
569,80000000	0,98177833
570,00000000	0,98267215
570,20000000	0,98300932
570,40000000	0,98277551
570,60000000	0,98321929
570,80000000	0,98355486
571,00000000	0,98304977
571,20000000	0,98248910
571,40000000	0,98232170
571,60000000	0,98273668
571,80000000	0,98347454
572,00000000	0,98408756
572,20000000	0,98386400
572,40000000	0,98340391
572,60000000	0,98365277
572,80000000	0,98362508
573,00000000	0,98294380
573,20000000	0,98272195
573,40000000	0,98289719
573,60000000	0,98309860
573,80000000	0,98328626
574,00000000	0,98351950
574,20000000	0,98329634
574,40000000	0,98269878
574,60000000	0,98250138
574,80000000	0,98232702
575,00000000	0,98241908
575,20000000	0,98274587
575,40000000	0,98314576
575,60000000	0,98296927
575,80000000	0,98244828
576,00000000	0,98222766
576,20000000	0,98195347
576,40000000	0,98167674
576,60000000	0,98161431
576,80000000	0,98158387
577,00000000	0,98184920
577,20000000	0,98274262
577,40000000	0,98268640
577,60000000	0,98181315
577,80000000	0,98106608
578,00000000	0,98133880
578,20000000	0,98183494
578,40000000	0,98176826
578,60000000	0,98192803
578,80000000	0,98197157
579,00000000	0,98202021
579,20000000	0,98192857
579,40000000	0,98182089
579,60000000	0,98135329
579,80000000	0,98118122
580,00000000	0,98166409
580,20000000	0,98186292
580,40000000	0,98229607
580,60000000	0,98240682
580,80000000	0,98206701
581,00000000	0,98194608
581,20000000	0,98187347
581,40000000	0,98209076
581,60000000	0,98285988
581,80000000	0,98355577
582,00000000	0,98338692
582,20000000	0,98260331
582,40000000	0,98228920
582,60000000	0,98266894
582,80000000	0,98311876
583,00000000	0,98362728
583,20000000	0,98428182
583,40000000	0,98478382
583,60000000	0,98478803
583,80000000	0,98455428
584,00000000	0,98430665
584,20000000	0,98443785
584,40000000	0,98492876
584,60000000	0,98523736
584,80000000	0,98587740
585,00000000	0,98649077
585,20000000	0,98663056
585,40000000	0,98642423
585,60000000	0,98617085
585,80000000	0,98636907
586,00000000	0,98696552
586,20000000	0,98792878
586,40000000	0,98839553
586,60000000	0,98816012
586,80000000	0,98810712
587,00000000	0,98831066
587,20000000	0,98866544
587,40000000	0,98919612
587,60000000	0,98992900
587,80000000	0,99027099
588,00000000	0,99011763
588,20000000	0,99023364
588,40000000	0,99056808
588,60000000	0,99095441
588,80000000	0,99144145
589,00000000	0,99202062
589,20000000	0,99273871
589,40000000	0,99310565
589,60000000	0,99299166
589,80000000	0,99288683
590,00000000	0,99300883
590,20000000	0,99333253
590,40000000	0,99383198
590,60000000	0,99449946
590,80000000	0,99481999
591,00000000	0,99474527
591,20000000	0,99485674
591,40000000	0,99516470
591,60000000	0,99557210
591,80000000	0,99588098
592,00000000	0,99598630
592,20000000	0,99598950
592,40000000	0,99604040
592,60000000	0,99637394
592,80000000	0,99658053
593,00000000	0,99674997
593,20000000	0,99724374
593,40000000	0,99747505
593,60000000	0,99738441
593,80000000	0,99735917
594,00000000	0,99747553
594,20000000	0,99757654
594,40000000	0,99777472
594,60000000	0,99805380
594,80000000	0,99804572
595,00000000	0,99794365
595,20000000	0,99800886
595,40000000	0,99797206
595,60000000	0,99796861
595,80000000	0,99833598
596,00000000	0,99858697
596,20000000	0,99837382
596,40000000	0,99795827
596,60000000	0,99786782
596,80000000	0,99801687
597,00000000	0,99804361
597,20000000	0,99812838
597,40000000	0,99826241
597,60000000	0,99808744
597,80000000	0,99768729
598,00000000	0,99771264
598,20000000	0,99803600
598,40000000	0,99812600
598,60000000	0,99803057
598,80000000	0,99780693
599,00000000	0,99755815
599,20000000	0,99751121
599,40000000	0,99764638
599,60000000	0,99774152
599,80000000	0,99771145
600,00000000	0,99754452
600,20000000	0,99728691
600,40000000	0,99702671
600,60000000	0,99691271
600,80000000	0,99706162
601,00000000	0,99727875
601,20000000	0,99698525
601,40000000	0,99646839
601,60000000	0,99636224
601,80000000	0,99649948
602,00000000	0,99675475
602,20000000	0,99674324
602,40000000	0,99647118
602,60000000	0,99613812
602,80000000	0,99592030
603,00000000	0,99605907
603,20000000	0,99614227
603,40000000	0,99608776
603,60000000	0,99610575
603,80000000	0,99612909
604,00000000	0,99610937
604,20000000	0,99608247
604,40000000	0,99604506
604,60000000	0,99576583
604,80000000	0,99543750
605,00000000	0,99542463
605,20000000	0,99564423
605,40000000	0,99580873
605,60000000	0,99592227
605,80000000	0,99600532
606,00000000	0,99574650
606,20000000	0,99550512
606,40000000	0,99571962
606,60000000	0,99601041
606,80000000	0,99603872
607,00000000	0,99590522
607,20000000	0,99580357
607,40000000	0,99597007
607,60000000	0,99636104
607,80000000	0,99649598
608,00000000	0,99664788
608,20000000	0,99675658
608,40000000	0,99644470
608,60000000	0,99638093
608,80000000	0,99668902
609,00000000	0,99692748
609,20000000	0,99689369
609,40000000	0,99682416
609,60000000	0,99693628
609,80000000	0,99710302
610,00000000	0,99737222
610,20000000	0,99758488
610,40000000	0,99761354
610,60000000	0,99749718
610,80000000	0,99742604
611,00000000	0,99763373
611,20000000	0,99780431
611,40000000	0,99770041
611,60000000	0,99777971
611,80000000	0,99809025
612,00000000	0,99813795
612,20000000	0,99805196
612,40000000	0,99811926
612,60000000	0,99826684
612,80000000	0,99839847
613,00000000	0,99854234
613,20000000	0,99875410
613,40000000	0,99884340
613,60000000	0,99887851
613,80000000	0,99898176
614,00000000	0,99907581
614,20000000	0,99911113
614,40000000	0,99916127
614,60000000	0,99928599
614,80000000	0,99933751
615,00000000	0,99932945
615,20000000	0,99936897
615,40000000	0,99946925
615,60000000	0,99950484
615,80000000	0,99943468
616,00000000	0,99941939
616,20000000	0,99947889
616,40000000	0,99953474
616,60000000	0,99953924
616,80000000	0,99954864
617,00000000	0,99954399
617,20000000	0,99947285
617,40000000	0,99944434
617,60000000	0,99949180
617,80000000	0,99953582
618,00000000	0,99943554
618,20000000	0,99931252
618,40000000	0,99928627
618,60000000	0,99925884
618,80000000	0,99918837
619,00000000	0,99903808
619,20000000	0,99892825
619,40000000	0,99890339
619,60000000	0,99886198
619,80000000	0,99873168
620,00000000	0,99860795
620,20000000	0,99846744
620,40000000	0,99831686
620,60000000	0,99826804
620,80000000	0,99814129
621,00000000	0,99789644
621,20000000	0,99768957
621,40000000	0,99770331
621,60000000	0,99777885
621,80000000	0,99767365
622,00000000	0,99743031
622,20000000	0,99739927
622,40000000	0,99739893
622,60000000	0,99715022
622,80000000	0,99687025
623,00000000	0,99664405
623,20000000	0,99660270
623,40000000	0,99657468
623,60000000	0,99647041
623,80000000	0,99625363
624,00000000	0,99586077
624,20000000	0,99557803
624,40000000	0,99571951
624,60000000	0,99594936
624,80000000	0,99570262
625,00000000	0,99535676
625,20000000	0,99532020
625,40000000	0,99541734
625,60000000	0,99520843
625,80000000	0,99474617
626,00000000	0,99444703
626,20000000	0,99453395
626,40000000	0,99464407
626,60000000	0,99430121
626,80000000	0,99392046
627,00000000	0,99384605
627,20000000	0,99390258
627,40000000	0,99401252
627,60000000	0,99429172
627,80000000	0,99424503
628,00000000	0,99377753
628,20000000	0,99365184
628,40000000	0,99379355
628,60000000	0,99358663
628,80000000	0,99333325
629,00000000	0,99333745
629,20000000	0,99353861
629,40000000	0,99379375
629,60000000	0,99389799
629,80000000	0,99373211
630,00000000	0,99345785
630,20000000	0,99357598
630,40000000	0,99386073
630,60000000	0,99404515
630,80000000	0,99398420
631,00000000	0,99382497
631,20000000	0,99380410
631,40000000	0,99403108
631,60000000	0,99428796
631,80000000	0,99415696
632,00000000	0,99415785
632,20000000	0,99437331
632,40000000	0,99431837
632,60000000	0,99415188
632,80000000	0,99438713
633,00000000	0,99471696
633,20000000	0,99475045
633,40000000	0,99487403
633,60000000	0,99520716
633,80000000	0,99539872
634,00000000	0,99549093
634,20000000	0,99574889
634,40000000	0,99574588
634,60000000	0,99557135
634,80000000	0,99551988
635,00000000	0,99553769
635,20000000	0,99566454
635,40000000	0,99584956
635,60000000	0,99604467
635,80000000	0,99631391
636,00000000	0,99667229
636,20000000	0,99688606
636,40000000	0,99688663
636,60000000	0,99692882
636,80000000	0,99704288
637,00000000	0,99712380
637,20000000	0,99739374
637,40000000	0,99761218
637,60000000	0,99764018
637,80000000	0,99766084
638,00000000	0,99785713
638,20000000	0,99808512
638,40000000	0,99814809
638,60000000	0,99818581
638,80000000	0,99823522
639,00000000	0,99825566
639,20000000	0,99836564
639,40000000	0,99848768
639,60000000	0,99842266
639,80000000	0,99839721
640,00000000	0,99851388
640,20000000	0,99869747
640,40000000	0,99877061
640,60000000	0,99875249
640,80000000	0,99871706
641,00000000	0,99860355
641,20000000	0,99859948
641,40000000	0,99866966
641,60000000	0,99870209
641,80000000	0,99869191
642,00000000	0,99870943
642,20000000	0,99870826
642,40000000	0,99859235
642,60000000	0,99846408
642,80000000	0,99834230
643,00000000	0,99819457
643,20000000	0,99820658
643,40000000	0,99837437
643,60000000	0,99827977
643,80000000	0,99804458
644,00000000	0,99798027
644,20000000	0,99779988
644,40000000	0,99759626
644,60000000	0,99766138
644,80000000	0,99760279
645,00000000	0,99718267
645,20000000	0,99689953
645,40000000	0,99695521
645,60000000	0,99692199
645,80000000	0,99676367
646,00000000	0,99660121
646,20000000	0,99639619
646,40000000	0,99616664
646,60000000	0,99595071
646,80000000	0,99560992
647,00000000	0,99556220
647,20000000	0,99581563
647,40000000	0,99575318
647,60000000	0,99540646
647,80000000	0,99491099
648,00000000	0,99444041
648,20000000	0,99444542
648,40000000	0,99480367
648,60000000	0,99453399
648,80000000	0,99393946
649,00000000	0,99383919
649,20000000	0,99366992
649,40000000	0,99319910
649,60000000	0,99316695
649,80000000	0,99313560
650,00000000	0,99283115
650,20000000	0,99279219
650,40000000	0,99272659
650,60000000	0,99223362
650,80000000	0,99204847
651,00000000	0,99207540
651,20000000	0,99179033
651,40000000	0,99150331
651,60000000	0,99135853
651,80000000	0,99135536
652,00000000	0,99153137
652,20000000	0,99154968
652,40000000	0,99126445
652,60000000	0,99131008
652,80000000	0,99132607
653,00000000	0,99108322
653,20000000	0,99095594
653,40000000	0,99079410
653,60000000	0,99016765
653,80000000	0,99002770
654,00000000	0,99029233
654,20000000	0,99005910
654,40000000	0,98976430
654,60000000	0,98994708
654,80000000	0,99010151
655,00000000	0,98997137
655,20000000	0,99001119
655,40000000	0,99021477
655,60000000	0,99027507
655,80000000	0,99004924
656,00000000	0,98979936
656,20000000	0,98960823
656,40000000	0,98968760
656,60000000	0,99004896
656,80000000	0,99027935
657,00000000	0,99015467
657,20000000	0,99021352
657,40000000	0,99057338
657,60000000	0,99067687
657,80000000	0,99029705
658,00000000	0,99008769
658,20000000	0,98987566
658,40000000	0,98969315
658,60000000	0,99025669
658,80000000	0,99073719
659,00000000	0,99046431
659,20000000	0,99030486
659,40000000	0,99072380
659,60000000	0,99102178
659,80000000	0,99099143
660,00000000	0,99105500
660,20000000	0,99133929
660,40000000	0,99133039
660,60000000	0,99129568
660,80000000	0,99152944
661,00000000	0,99190818
661,20000000	0,99202240
661,40000000	0,99202885
661,60000000	0,99224204
661,80000000	0,99229356
662,00000000	0,99241138
662,20000000	0,99269915
662,40000000	0,99270569
662,60000000	0,99261845
662,80000000	0,99286512
663,00000000	0,99313244
663,20000000	0,99333500
663,40000000	0,99343616
663,60000000	0,99350960
663,80000000	0,99383853
664,00000000	0,99402943
664,20000000	0,99381684
664,40000000	0,99370270
664,60000000	0,99376582
664,80000000	0,99397336
665,00000000	0,99430643
665,20000000	0,99432928
665,40000000	0,99427103
665,60000000	0,99443690
665,80000000	0,99464756
666,00000000	0,99469679
666,20000000	0,99477766
666,40000000	0,99500670
666,60000000	0,99519956
666,80000000	0,99530438
667,00000000	0,99523839
667,20000000	0,99515081
667,40000000	0,99529682
667,60000000	0,99533820
667,80000000	0,99524424
668,00000000	0,99526789
668,20000000	0,99532385
668,40000000	0,99532912
668,60000000	0,99536220
668,80000000	0,99528937
669,00000000	0,99518622
669,20000000	0,99529058
669,40000000	0,99542892
669,60000000	0,99533500
669,80000000	0,99528080
670,00000000	0,99519780
670,20000000	0,99514406
670,40000000	0,99536320
670,60000000	0,99546864
670,80000000	0,99533733
671,00000000	0,99531244
671,20000000	0,99542532
671,40000000	0,99550028
671,60000000	0,99543632
671,80000000	0,99517516
672,00000000	0,99499202
672,20000000	0,99499112
672,40000000	0,99510764
672,60000000	0,99521698
672,80000000	0,99512633
673,00000000	0,99487932
673,20000000	0,99473340
673,40000000	0,99467660
673,60000000	0,99464436
673,80000000	0,99461761
674,00000000	0,99463061
674,20000000	0,99471581
674,40000000	0,99469476
674,60000000	0,99447289
674,80000000	0,99442727
675,00000000	0,99434234
675,20000000	0,99420526
675,40000000	0,99420264
675,60000000	0,99405618
675,80000000	0,99381962
676,00000000	0,99383214
676,20000000	0,99382588
676,40000000	0,99373446
676,60000000	0,99381812
676,80000000	0,99369434
677,00000000	0,99369514
677,20000000	0,99394362
677,40000000	0,99375060
677,60000000	0,99341093
677,80000000	0,99355414
678,00000000	0,99380472
678,20000000	0,99384703
678,40000000	0,99372657
678,60000000	0,99365929
678,80000000	0,99373085
679,00000000	0,99357530
679,20000000	0,99355618
679,40000000	0,99370899
679,60000000	0,99369205
679,80000000	0,99372811
680,00000000	0,99381247
680,20000000	0,99378737
680,40000000	0,99389742
680,60000000	0,99402198
680,80000000	0,99386508
681,00000000	0,99397666
681,20000000	0,99430407
681,40000000	0,99427172
681,60000000	0,99397232
681,80000000	0,99372832
682,00000000	0,99383544
682,20000000	0,99402565
682,40000000	0,99398614
682,60000000	0,99412387
682,80000000	0,99441016
683,00000000	0,99458297
683,20000000	0,99477462
683,40000000	0,99480998
683,60000000	0,99475873
683,80000000	0,99488796
684,00000000	0,99486187
684,20000000	0,99484912
684,40000000	0,99510487
684,60000000	0,99536079
684,80000000	0,99561465
685,00000000	0,99579063
685,20000000	0,99579063
685,40000000	0,99589488
685,60000000	0,99595136
685,80000000	0,99593401
686,00000000	0,99593755
686,20000000	0,99591985
686,40000000	0,99610506
686,60000000	0,99635033
686,80000000	0,99638346
687,00000000	0,99653328
687,20000000	0,99677238
687,40000000	0,99679964
687,60000000	0,99685448
687,80000000	0,99698905
688,00000000	0,99713401
688,20000000	0,99731949
688,40000000	0,99736913
688,60000000	0,99736455
688,80000000	0,99737557
689,00000000	0,99737656
689,20000000	0,99744978
689,40000000	0,99763991
689,60000000	0,99778748
689,80000000	0,99785963
690,00000000	0,99786094
690,20000000	0,99795179
690,40000000	0,99803418
690,60000000	0,99800968
690,80000000	0,99804364
691,00000000	0,99814486
691,20000000	0,99830020
691,40000000	0,99838441
691,60000000	0,99843353
691,80000000	0,99854514
692,00000000	0,99851074
692,20000000	0,99833885
692,40000000	0,99825750
692,60000000	0,99836630
692,80000000	0,99854858
693,00000000	0,99866092
693,20000000	0,99869189
693,40000000	0,99869489
693,60000000	0,99863309
693,80000000	0,99852768
694,00000000	0,99854142
694,20000000	0,99857357
694,40000000	0,99846442
694,60000000	0,99841831
694,80000000	0,99849066
695,00000000	0,99856929
695,20000000	0,99859738
695,40000000	0,99855674
695,60000000	0,99847613
695,80000000	0,99846530
696,00000000	0,99846891
696,20000000	0,99840285
696,40000000	0,99827647
696,60000000	0,99824397
696,80000000	0,99828986
697,00000000	0,99814891
697,20000000	0,99806626
697,40000000	0,99812423
697,60000000	0,99803651
697,80000000	0,99795466
698,00000000	0,99793027
698,20000000	0,99787058
698,40000000	0,99784166
698,60000000	0,99777013
698,80000000	0,99765786
699,00000000	0,99772512
699,20000000	0,99778523
699,40000000	0,99767729
699,60000000	0,99755443
699,80000000	0,99754610
700,00000000	0,99749960
700,20000000	0,99729812
700,40000000	0,99728124
700,60000000	0,99726704
700,80000000	0,99726360
701,00000000	0,99741411
701,20000000	0,99737656
701,40000000	0,99732118
701,60000000	0,99729667
701,80000000	0,99697860
702,00000000	0,99676984
702,20000000	0,99681303
702,40000000	0,99672262
702,60000000	0,99665736
702,80000000	0,99685159
703,00000000	0,99697537
703,20000000	0,99699045
703,40000000	0,99696287
703,60000000	0,99678317
703,80000000	0,99664281
704,00000000	0,99670606
704,20000000	0,99671231
704,40000000	0,99657935
704,60000000	0,99659702
704,80000000	0,99662358
705,00000000	0,99653325
705,20000000	0,99659560
705,40000000	0,99668113
705,60000000	0,99672459
705,80000000	0,99675835
706,00000000	0,99671776
706,20000000	0,99675984
706,40000000	0,99664974
706,60000000	0,99652203
706,80000000	0,99666603
707,00000000	0,99672440
707,20000000	0,99664141
707,40000000	0,99657960
707,60000000	0,99664748
707,80000000	0,99676261
708,00000000	0,99683208
708,20000000	0,99690299
708,40000000	0,99695708
708,60000000	0,99691781
708,80000000	0,99693069
709,00000000	0,99695349
709,20000000	0,99700871
709,40000000	0,99720726
709,60000000	0,99723894
709,80000000	0,99716150
710,00000000	0,99714966
710,20000000	0,99717301
710,40000000	0,99731995
710,60000000	0,99738301
710,80000000	0,99744760
711,00000000	0,99751754
711,20000000	0,99755631
711,40000000	0,99758611
711,60000000	0,99752309
711,80000000	0,99757308
712,00000000	0,99761268
712,20000000	0,99764672
712,40000000	0,99777668
712,60000000	0,99779706
712,80000000	0,99783899
713,00000000	0,99794965
713,20000000	0,99794611
713,40000000	0,99798607
713,60000000	0,99814111
713,80000000	0,99826157
714,00000000	0,99827058
714,20000000	0,99823192
714,40000000	0,99819139
714,60000000	0,99818006
714,80000000	0,99822665
715,00000000	0,99831385
715,20000000	0,99836888
715,40000000	0,99848000
715,60000000	0,99856502
715,80000000	0,99861148
716,00000000	0,99862950
716,20000000	0,99863618
716,40000000	0,99867825
716,60000000	0,99870949
716,80000000	0,99880336
717,00000000	0,99896260
717,20000000	0,99889548
717,40000000	0,99885914
717,60000000	0,99891969
717,80000000	0,99892319
718,00000000	0,99891053
718,20000000	0,99888945
718,40000000	0,99888035
718,60000000	0,99889311
718,80000000	0,99894244
719,00000000	0,99905110
719,20000000	0,99916477
719,40000000	0,99923792
719,60000000	0,99924408
719,80000000	0,99919591
720,00000000	0,99921313
720,20000000	0,99927178
720,40000000	0,99926797
720,60000000	0,99926719
720,80000000	0,99934489
721,00000000	0,99938030
721,20000000	0,99932324
721,40000000	0,99932428
721,60000000	0,99934003
721,80000000	0,99936744
722,00000000	0,99943832
722,20000000	0,99944520
722,40000000	0,99943169
722,60000000	0,99946049
722,80000000	0,99947025
723,00000000	0,99950768
723,20000000	0,99956623
723,40000000	0,99956419
723,60000000	0,99951526
723,80000000	0,99951276
724,00000000	0,99954001
724,20000000	0,99952792
724,40000000	0,99957402
724,60000000	0,99963434
724,80000000	0,99958779
725,00000000	0,99957072
725,20000000	0,99958080
725,40000000	0,99961769
725,60000000	0,99964463
725,80000000	0,99968541
726,00000000	0,99970879
726,20000000	0,99966217
726,40000000	0,99966340
726,60000000	0,99968517
726,80000000	0,99968056
727,00000000	0,99972094
727,20000000	0,99972308
727,40000000	0,99969317
727,60000000	0,99973346
727,80000000	0,99977565
728,00000000	0,99974370
728,20000000	0,99973755
728,40000000	0,99978505
728,60000000	0,99980808
728,80000000	0,99982342
729,00000000	0,99981245
729,20000000	0,99979337
729,40000000	0,99982634
729,60000000	0,99982897
729,80000000	0,99984751
730,00000000	0,99984578
730,20000000	0,99982631
730,40000000	0,99987694
730,60000000	0,99988222
730,80000000	0,99985202
731,00000000	0,99986335
731,20000000	0,99986550
731,40000000	0,99987384
731,60000000	0,99988448
731,80000000	0,99987566
732,00000000	0,99989157
732,20000000	0,99991956
732,40000000	0,99991481
732,60000000	0,99988574
732,80000000	0,99988688
733,00000000	0,99988038
733,20000000	0,99985623
733,40000000	0,99986133
733,60000000	0,99987082
733,80000000	0,99986041
734,00000000	0,99983344
734,20000000	0,99982586
734,40000000	0,99982229
734,60000000	0,99980530
734,80000000	0,99982625
735,00000000	0,99983982
735,20000000	0,99978253
735,40000000	0,99970240
735,60000000	0,99966395
735,80000000	0,99968663
736,00000000	0,99973618
736,20000000	0,99975955
736,40000000	0,99974665
736,60000000	0,99973031
736,80000000	0,99969419
737,00000000	0,99962440
737,20000000	0,99964263
737,40000000	0,99964490
737,60000000	0,99955161
737,80000000	0,99956416
738,00000000	0,99962112
738,20000000	0,99958282
738,40000000	0,99955111
738,60000000	0,99948295
738,80000000	0,99943519
739,00000000	0,99942003
739,20000000	0,99938047
739,40000000	0,99943969
739,60000000	0,99945884
739,80000000	0,99937430
740,00000000	0,99938695
740,20000000	0,99936587
740,40000000	0,99918394
740,60000000	0,99916077
740,80000000	0,99923037
741,00000000	0,99929061
741,20000000	0,99932021
741,40000000	0,99920988
741,60000000	0,99915307
741,80000000	0,99906038
742,00000000	0,99901778
742,20000000	0,99915451
742,40000000	0,99913006
742,60000000	0,99904209
742,80000000	0,99908204
743,00000000	0,99896351
743,20000000	0,99887535
743,40000000	0,99897772
743,60000000	0,99901590
743,80000000	0,99899703
744,00000000	0,99893922
744,20000000	0,99888412
744,40000000	0,99896011
744,60000000	0,99896285
744,80000000	0,99889712
745,00000000	0,99896041
745,20000000	0,99895794
745,40000000	0,99895632
745,60000000	0,99902919
745,80000000	0,99899978
746,00000000	0,99902147
746,20000000	0,99905194
746,40000000	0,99892620
746,60000000	0,99902898
746,80000000	0,99898943
747,00000000	0,99899250
747,20000000	0,99917133
747,40000000	0,99911357
747,60000000	0,99913039
747,80000000	0,99918648
748,00000000	0,99914097
748,20000000	0,99914937
748,40000000	0,99915985
748,60000000	0,99919921
748,80000000	0,99911744
749,00000000	0,99908947
749,20000000	0,99920111
749,40000000	0,99928997
749,60000000	0,99930292
749,80000000	0,99932420
750,00000000	0,99940760
750,20000000	0,99941842
750,40000000	0,99946806
750,60000000	0,99942384
750,80000000	0,99933516
751,00000000	0,99946890
751,20000000	0,99953862
751,40000000	0,99954500
751,60000000	0,99960562
751,80000000	0,99957430
752,00000000	0,99963813
752,20000000	0,99967814
752,40000000	0,99964846
752,60000000	0,99967408
752,80000000	0,99968980
753,00000000	0,99973926
753,20000000	0,99972340
753,40000000	0,99974233
753,60000000	0,99979894
753,80000000	0,99978036
754,00000000	0,99976642
754,20000000	0,99978771
754,40000000	0,99982122
754,60000000	0,99982369
754,80000000	0,99985193
755,00000000	0,99988212
755,20000000	0,99987234
755,40000000	0,99987635
755,60000000	0,99985310
755,80000000	0,99988659
756,00000000	0,99991513
756,20000000	0,99986493
756,40000000	0,99983559
756,60000000	0,99980186
756,80000000	0,99983467
757,00000000	0,99992399
757,20000000	0,99986037
757,40000000	0,99980682
757,60000000	0,99976690
757,80000000	0,99971868
758,00000000	0,99975952
758,20000000	0,99976681
758,40000000	0,99977099
758,60000000	0,99976274
758,80000000	0,99971868
759,00000000	0,99964001
759,20000000	0,99957571
759,40000000	0,99952585
759,60000000	0,99951028
759,80000000	0,99955860
760,00000000	0,99949319
760,20000000	0,99942334
760,40000000	0,99944452
760,60000000	0,99943462
760,80000000	0,99931159
761,00000000	0,99917323
761,20000000	0,99925580
761,40000000	0,99923989
761,60000000	0,99908251
761,80000000	0,99912235
762,00000000	0,99907392
762,20000000	0,99899713
762,40000000	0,99906292
762,60000000	0,99903385
762,80000000	0,99900246
763,00000000	0,99904756
763,20000000	0,99896156
763,40000000	0,99880856
763,60000000	0,99878421
763,80000000	0,99882379
764,00000000	0,99880207
764,20000000	0,99869187
764,40000000	0,99866932
764,60000000	0,99873189
764,80000000	0,99877689
765,00000000	0,99876510
765,20000000	0,99870518
765,40000000	0,99868765
765,60000000	0,99869050
765,80000000	0,99862530
766,00000000	0,99862473
766,20000000	0,99853130
766,40000000	0,99852964
766,60000000	0,99858993
766,80000000	0,99857507
767,00000000	0,99861054
767,20000000	0,99860217
767,40000000	0,99846521
767,60000000	0,99844925
767,80000000	0,99856465
768,00000000	0,99857986
768,20000000	0,99865387
768,40000000	0,99863441
768,60000000	0,99871364
768,80000000	0,99875136
769,00000000	0,99876631
769,20000000	0,99879997
769,40000000	0,99868085
769,60000000	0,99887626
769,80000000	0,99899259
770,00000000	0,99886358
770,20000000	0,99889263
770,40000000	0,99890575
770,60000000	0,99895459
770,80000000	0,99901330
771,00000000	0,99907168
771,20000000	0,99913236
771,40000000	0,99907751
771,60000000	0,99912930
771,80000000	0,99918212
772,00000000	0,99924197
772,20000000	0,99940599
772,40000000	0,99940820
772,60000000	0,99932731
772,80000000	0,99933858
773,00000000	0,99939255
773,20000000	0,99946867
773,40000000	0,99950878
773,60000000	0,99955295
773,80000000	0,99960170
774,00000000	0,99963428
774,20000000	0,99964835
774,40000000	0,99962186
774,60000000	0,99964623
774,80000000	0,99966941
775,00000000	0,99967313
775,20000000	0,99969185
775,40000000	0,99967756
775,60000000	0,99967136
775,80000000	0,99966220
776,00000000	0,99966727
776,20000000	0,99965815
776,40000000	0,99962788
776,60000000	0,99960285
776,80000000	0,99957583
777,00000000	0,99955503
777,20000000	0,99948287
777,40000000	0,99939122
777,60000000	0,99933893
777,80000000	0,99926161
778,00000000	0,99925833
778,20000000	0,99917181
778,40000000	0,99911686
778,60000000	0,99901200
778,80000000	0,99887839
779,00000000	0,99877179
779,20000000	0,99873751
779,40000000	0,99864090
779,60000000	0,99852216
779,80000000	0,99831114
780,00000000	0,99816307
780,20000000	0,99809532
780,40000000	0,99794110
780,60000000	0,99779460
780,80000000	0,99762892
781,00000000	0,99757266
781,20000000	0,99737397
781,40000000	0,99710072
781,60000000	0,99694756
781,80000000	0,99666679
782,00000000	0,99665750
782,20000000	0,99666407
782,40000000	0,99624917
782,60000000	0,99578552
782,80000000	0,99568365
783,00000000	0,99560245
783,20000000	0,99542527
783,40000000	0,99535802
783,60000000	0,99496463
783,80000000	0,99447654
784,00000000	0,99458620
784,20000000	0,99460087
784,40000000	0,99432727
784,60000000	0,99409000
784,80000000	0,99365593
785,00000000	0,99340408
785,20000000	0,99324491
785,40000000	0,99321311
785,60000000	0,99259990
785,80000000	0,99242674
786,00000000	0,99258120
786,20000000	0,99210460
786,40000000	0,99172648
786,60000000	0,99144865
786,80000000	0,99161001
787,00000000	0,99170909
787,20000000	0,99148072
787,40000000	0,99103343
787,60000000	0,99031439
787,80000000	0,99031895
788,00000000	0,99031006
788,20000000	0,99028806
788,40000000	0,99003500
788,60000000	0,98981745
788,80000000	0,98981129
789,00000000	0,98943808
789,20000000	0,98905769
789,40000000	0,98907454
789,60000000	0,98891757
789,80000000	0,98874103
790,00000000	0,98871273
790,20000000	0,98870533
790,40000000	0,98828492
790,60000000	0,98821026
790,80000000	0,98852379
791,00000000	0,98838052
791,20000000	0,98826193
791,40000000	0,98812483
791,60000000	0,98794682
791,80000000	0,98809467
792,00000000	0,98794497
792,20000000	0,98742761
792,40000000	0,98736196
792,60000000	0,98757909
792,80000000	0,98786322
793,00000000	0,98766633
793,20000000	0,98781459
793,40000000	0,98773708
793,60000000	0,98740589
793,80000000	0,98785647
794,00000000	0,98793770
794,20000000	0,98755548
794,40000000	0,98763845
794,60000000	0,98785411
794,80000000	0,98787902
795,00000000	0,98785759
795,20000000	0,98798852
795,40000000	0,98768396
795,60000000	0,98816066
795,80000000	0,98824752
796,00000000	0,98816349
796,20000000	0,98845070
796,40000000	0,98867936
796,60000000	0,98886460
796,80000000	0,98897704
797,00000000	0,98871667
797,20000000	0,98900452
797,40000000	0,98928635
797,60000000	0,98937170
797,80000000	0,98935475
798,00000000	0,98933269
798,20000000	0,98943464
798,40000000	0,98949976
798,60000000	0,98970426
798,80000000	0,98972567
799,00000000	0,98983524
799,20000000	0,99031812
799,40000000	0,99020320
799,60000000	0,99015474
799,80000000	0,99035081
800,00000000	0,99020644
800,20000000	0,99041946
800,40000000	0,99062797
800,60000000	0,99078907
800,80000000	0,99085602
801,00000000	0,99117644
801,20000000	0,99080133
801,40000000	0,99067778
801,60000000	0,99105263
801,80000000	0,99101660
802,00000000	0,99134292
802,20000000	0,99107353
802,40000000	0,99095256
802,60000000	0,99098299
802,80000000	0,99097998
803,00000000	0,99119412
803,20000000	0,99077492
803,40000000	0,99080130
803,60000000	0,99081987
803,80000000	0,99060162
804,00000000	0,99074679
804,20000000	0,99057820
804,40000000	0,99019046
804,60000000	0,99033088
804,80000000	0,99031494
805,00000000	0,99026746
805,20000000	0,99029201
805,40000000	0,99026670
805,60000000	0,98996414
805,80000000	0,98968775
806,00000000	0,98949033
806,20000000	0,98891845
806,40000000	0,98907231
806,60000000	0,98900731
806,80000000	0,98865949
807,00000000	0,98873077
807,20000000	0,98873984
807,40000000	0,98806875
807,60000000	0,98757642
807,80000000	0,98728236
808,00000000	0,98710933
808,20000000	0,98744401
808,40000000	0,98708098
808,60000000	0,98608748
808,80000000	0,98560411
809,00000000	0,98578749
809,20000000	0,98577850
809,40000000	0,98565024
809,60000000	0,98465605
809,80000000	0,98410432
810,00000000	0,98436907
810,20000000	0,98455782
810,40000000	0,98391272
810,60000000	0,98291193
810,80000000	0,98303099
811,00000000	0,98301036
811,20000000	0,98233268
811,40000000	0,98267492
811,60000000	0,98249978
811,80000000	0,98199357
812,00000000	0,98167086
812,20000000	0,98106563
812,40000000	0,98072492
812,60000000	0,98077276
812,80000000	0,97988049
813,00000000	0,97944611
813,20000000	0,97943809
813,40000000	0,97942127
813,60000000	0,97934239
813,80000000	0,97831491
814,00000000	0,97848882
814,20000000	0,97875038
814,40000000	0,97805297
814,60000000	0,97782342
814,80000000	0,97758383
815,00000000	0,97707660
815,20000000	0,97703274
815,40000000	0,97676663
815,60000000	0,97562035
815,80000000	0,97593863
816,00000000	0,97599196
816,20000000	0,97534365
816,40000000	0,97461941
816,60000000	0,97483576
816,80000000	0,97547659
817,00000000	0,97532451
817,20000000	0,97431575
817,40000000	0,97328640
817,60000000	0,97415163
817,80000000	0,97473151
818,00000000	0,97422553
818,20000000	0,97365962
818,40000000	0,97334758
818,60000000	0,97389552
818,80000000	0,97438670
819,00000000	0,97338401
819,20000000	0,97327958
819,40000000	0,97340130
819,60000000	0,97236183
819,80000000	0,97245545
820,00000000	0,97279582
820,20000000	0,97228768
820,40000000	0,97258961
820,60000000	0,97199087
820,80000000	0,97148314
821,00000000	0,97239480
821,20000000	0,97263778
821,40000000	0,97231091
821,60000000	0,97148901
821,80000000	0,97149297
822,00000000	0,97212171
822,20000000	0,97281230
822,40000000	0,97197142
822,60000000	0,97128021
822,80000000	0,97139114
823,00000000	0,97055671
823,20000000	0,97083218
823,40000000	0,97091190
823,60000000	0,97024041
823,80000000	0,97109133
824,00000000	0,97040258
824,20000000	0,96926265
824,40000000	0,96974290
824,60000000	0,97002097
824,80000000	0,96881796
825,00000000	0,96990657
825,20000000	0,96971801
825,40000000	0,96902587
825,60000000	0,96968271
825,80000000	0,96806987
826,00000000	0,96760090
826,20000000	0,96868512
826,40000000	0,96834199
826,60000000	0,96758871
826,80000000	0,96801183
827,00000000	0,96783984
827,20000000	0,96750541
827,40000000	0,96802188
827,60000000	0,96615965
827,80000000	0,96614134
828,00000000	0,96626699
828,20000000	0,96499802
828,40000000	0,96604335
828,60000000	0,96617792
828,80000000	0,96507140
829,00000000	0,96429439
829,20000000	0,96324386
829,40000000	0,96232107
829,60000000	0,96417203
829,80000000	0,96206556
830,00000000	0,96097287
830,20000000	0,96165559
830,40000000	0,95982964
830,60000000	0,96071433
830,80000000	0,96020773
831,00000000	0,95921499
831,20000000	0,95970321
831,40000000	0,95911922
831,60000000	0,95764710
831,80000000	0,95873188
832,00000000	0,95767626
832,20000000	0,95575969
832,40000000	0,95707214
832,60000000	0,95529050
832,80000000	0,95572796
833,00000000	0,95568838
833,20000000	0,95370833
833,40000000	0,95417895
833,60000000	0,95499195
833,80000000	0,95323054
834,00000000	0,95334086
834,20000000	0,95253910
834,40000000	0,95083274
834,60000000	0,95191065
834,80000000	0,95150040
835,00000000	0,95092152
835,20000000	0,95070864
835,40000000	0,94840511
835,60000000	0,94918721
835,80000000	0,94906232
836,00000000	0,94762000
836,20000000	0,94814768
836,40000000	0,94761434
836,60000000	0,94727580
836,80000000	0,94791446
837,00000000	0,94578727
837,20000000	0,94523714
837,40000000	0,94720069
837,60000000	0,94678722
837,80000000	0,94618960
838,00000000	0,94541440
838,20000000	0,94512393
838,40000000	0,94598164
838,60000000	0,94577113
838,80000000	0,94443693
839,00000000	0,94553333
839,20000000	0,94526653
839,40000000	0,94500908
839,60000000	0,94531972
839,80000000	0,94429972
840,00000000	0,94464766
840,20000000	0,94490631
840,40000000	0,94486645
840,60000000	0,94516825
840,80000000	0,94502187
841,00000000	0,94539210
841,20000000	0,94551873
841,40000000	0,94569082
841,60000000	0,94598351
841,80000000	0,94657973
842,00000000	0,94711094
842,20000000	0,94703707
842,40000000	0,94748570
842,60000000	0,94718577
842,80000000	0,94718531
843,00000000	0,94886978
843,20000000	0,94873488
843,40000000	0,94900502
843,60000000	0,94962525
843,80000000	0,95017325
844,00000000	0,95141183
844,20000000	0,95135223
844,40000000	0,95143862
844,60000000	0,95297240
844,80000000	0,95285339
845,00000000	0,95351931
845,20000000	0,95451734
845,40000000	0,95466872
845,60000000	0,95542155
845,80000000	0,95600749
846,00000000	0,95669141
846,20000000	0,95705267
846,40000000	0,95765844
846,60000000	0,95926823
846,80000000	0,96013662
847,00000000	0,96101195
847,20000000	0,96136366
847,40000000	0,96209085
847,60000000	0,96389950
847,80000000	0,96455327
848,00000000	0,96463975
848,20000000	0,96603502
848,40000000	0,96642724
848,60000000	0,96699713
848,80000000	0,96804833
849,00000000	0,96843294
849,20000000	0,96982484
849,40000000	0,97042418
849,60000000	0,97070982
849,80000000	0,97216039
850,00000000	0,97248306
850,20000000	0,97310551
850,40000000	0,97398806
850,60000000	0,97462652
850,80000000	0,97612675
851,00000000	0,97634093
851,20000000	0,97678571
851,40000000	0,97800050
851,60000000	0,97790328
851,80000000	0,97943571
852,00000000	0,97990470
852,20000000	0,98025667
852,40000000	0,98148226
852,60000000	0,98176655
852,80000000	0,98278095
853,00000000	0,98395779
853,20000000	0,98293649
853,40000000	0,98344540
853,60000000	0,98478358
853,80000000	0,98475103
854,00000000	0,98555837
854,20000000	0,98561579
854,40000000	0,98563725
854,60000000	0,98673956
854,80000000	0,98647257
855,00000000	0,98668335
855,20000000	0,98757286
855,40000000	0,98742872
855,60000000	0,98838753
855,80000000	0,98833798
856,00000000	0,98842910
856,20000000	0,98934725
856,40000000	0,98868462
856,60000000	0,98926234
856,80000000	0,98936285
857,00000000	0,98872227
857,20000000	0,98932799
857,40000000	0,98939306
857,60000000	0,98902504
857,80000000	0,98978414
858,00000000	0,98887610
858,20000000	0,98905706
858,40000000	0,98910115
858,60000000	0,98796032
858,80000000	0,98850872
859,00000000	0,98862072
859,20000000	0,98803786
859,40000000	0,98832582
859,60000000	0,98766158
859,80000000	0,98775948
860,00000000	0,98784120
860,20000000	0,98700895
860,40000000	0,98701314
860,60000000	0,98730015
860,80000000	0,98656349
861,00000000	0,98684321
861,20000000	0,98607828
861,40000000	0,98578803
861,60000000	0,98521277
861,80000000	0,98502257
862,00000000	0,98434116
862,20000000	0,98396931
862,40000000	0,98349647
862,60000000	0,98358967
862,80000000	0,98334385
863,00000000	0,98275824
863,20000000	0,98203220
863,40000000	0,98195419
863,60000000	0,98164913
863,80000000	0,98134067
864,00000000	0,98033088
864,20000000	0,98066431
864,40000000	0,97986369
864,60000000	0,97951759
864,80000000	0,98005977
865,00000000	0,97891742
865,20000000	0,97852530
865,40000000	0,97857060
865,60000000	0,97789053
865,80000000	0,97804414
866,00000000	0,97670422
866,20000000	0,97638346
866,40000000	0,97785420
866,60000000	0,97646218
866,80000000	0,97601696
867,00000000	0,97554295
867,20000000	0,97467469
867,40000000	0,97547682
867,60000000	0,97456043
867,80000000	0,97458684
868,00000000	0,97455241
868,20000000	0,97341118
868,40000000	0,97401258
868,60000000	0,97419844
868,80000000	0,97344397
869,00000000	0,97400289
869,20000000	0,97273473
869,40000000	0,97308374
869,60000000	0,97285794
869,80000000	0,97244818
870,00000000	0,97233192
870,20000000	0,97172761
870,40000000	0,97224633
870,60000000	0,97249088
870,80000000	0,97129140
871,00000000	0,97154232
871,20000000	0,97226687
871,40000000	0,97212844
871,60000000	0,97109001
871,80000000	0,97071021
872,00000000	0,97124082
872,20000000	0,97143583
872,40000000	0,97004269
872,60000000	0,97008188
872,80000000	0,97082027
873,00000000	0,97102898
873,20000000	0,97102127
873,40000000	0,96998813
873,60000000	0,96994253
873,80000000	0,97061042
874,00000000	0,96997946
874,20000000	0,97039154
874,40000000	0,96938450
874,60000000	0,96867297
874,80000000	0,96984153
875,00000000	0,96924531
875,20000000	0,97004461
875,40000000	0,96894773
875,60000000	0,96787741
875,80000000	0,96921590
876,00000000	0,96932106
876,20000000	0,96852570
876,40000000	0,96808131
876,60000000	0,96745763
876,80000000	0,96885766
877,00000000	0,96741809
877,20000000	0,96693836
877,40000000	0,96731928
877,60000000	0,96648942
877,80000000	0,96705968
878,00000000	0,96581834
878,20000000	0,96605679
878,40000000	0,96708333
878,60000000	0,96575280
878,80000000	0,96464003
879,00000000	0,96395267
879,20000000	0,96413263
879,40000000	0,96470480
879,60000000	0,96308910
879,80000000	0,96310996
880,00000000	0,96296666
880,20000000	0,96287489
880,40000000	0,96277071
880,60000000	0,96182300
880,80000000	0,96187719
881,00000000	0,96104866
881,20000000	0,96030011
881,40000000	0,96038895
881,60000000	0,95961048
881,80000000	0,95968858
882,00000000	0,95856683
882,20000000	0,95833487
882,40000000	0,95843609
882,60000000	0,95732127
882,80000000	0,95731281
883,00000000	0,95599456
883,20000000	0,95620904
883,40000000	0,95511904
883,60000000	0,95559833
883,80000000	0,95537606
884,00000000	0,95415941
884,20000000	0,95317029
884,40000000	0,95376086
884,60000000	0,95340406
884,80000000	0,95248186
885,00000000	0,95091694
885,20000000	0,95142326
885,40000000	0,95107107
885,60000000	0,95049856
885,80000000	0,94992134
886,00000000	0,95079237
886,20000000	0,94952364
886,40000000	0,94855809
886,60000000	0,94880123
886,80000000	0,94850119
887,00000000	0,94725478
887,20000000	0,94596887
887,40000000	0,94668808
887,60000000	0,94735688
887,80000000	0,94637390
888,00000000	0,94630863
888,20000000	0,94637244
888,40000000	0,94514371
888,60000000	0,94552065
888,80000000	0,94454681
889,00000000	0,94472648
889,20000000	0,94479105
889,40000000	0,94342652
889,60000000	0,94447182
889,80000000	0,94303333
890,00000000	0,94454928
890,20000000	0,94419479
890,40000000	0,94305452
890,60000000	0,94457104
890,80000000	0,94231374
891,00000000	0,94374648
891,20000000	0,94378595
891,40000000	0,94243010
891,60000000	0,94309615
891,80000000	0,94209372
892,00000000	0,94326362
892,20000000	0,94275171
892,40000000	0,94223572
892,60000000	0,94509676
892,80000000	0,94297715
893,00000000	0,94409861
893,20000000	0,94315057
893,40000000	0,94400509
893,60000000	0,94476786
893,80000000	0,94343589
894,00000000	0,94488149
894,20000000	0,94317507
894,40000000	0,94436971
894,60000000	0,94603214
894,80000000	0,94415872
895,00000000	0,94631873
895,20000000	0,94581655
895,40000000	0,94694733
895,60000000	0,94634080
895,80000000	0,94647092
896,00000000	0,94716018
896,20000000	0,94628188
896,40000000	0,94651739
896,60000000	0,94774847
896,80000000	0,94713806
897,00000000	0,94876677
897,20000000	0,94868611
897,40000000	0,95033925
897,60000000	0,94944793
897,80000000	0,95047607
898,00000000	0,95050413
898,20000000	0,94972150
898,40000000	0,95034632
898,60000000	0,95056021
898,80000000	0,95197365
899,00000000	0,95183419
899,20000000	0,95201213
899,40000000	0,95277201
899,60000000	0,95224461
899,80000000	0,95411046
900,00000000	0,95354667
