200,00000000	0,98830699
200,20000000	0,98711417
200,40000000	0,98552727
200,60000000	0,98610767
200,80000000	0,98528690
201,00000000	0,98166685
201,20000000	0,98400090
201,40000000	0,97315657
201,60000000	0,98467071
201,80000000	0,98135349
202,00000000	0,97821422
202,20000000	0,95224987
202,40000000	0,97596660
202,60000000	0,97365841
202,80000000	0,97052086
203,00000000	0,95729592
203,20000000	0,96534504
203,40000000	0,96632324
203,60000000	0,97010764
203,80000000	0,96780531
204,00000000	0,94912819
204,20000000	0,95616577
204,40000000	0,96273138
204,60000000	0,96500270
204,80000000	0,94993459
205,00000000	0,95156819
205,20000000	0,93261126
205,40000000	0,96108660
205,60000000	0,94826500
205,80000000	0,92324451
206,00000000	0,93636009
206,20000000	0,93424718
206,40000000	0,94132440
206,60000000	0,92034118
206,80000000	0,94645660
207,00000000	0,94723871
207,20000000	0,91391246
207,40000000	0,91229295
207,60000000	0,91771802
207,80000000	0,91253590
208,00000000	0,91473060
208,20000000	0,91100436
208,40000000	0,92376765
208,60000000	0,91747185
208,80000000	0,89206895
209,00000000	0,91406797
209,20000000	0,90101673
209,40000000	0,88650082
209,60000000	0,89294239
209,80000000	0,89643556
210,00000000	0,89543402
210,20000000	0,87578305
210,40000000	0,87889051
210,60000000	0,88360972
210,80000000	0,87842503
211,00000000	0,87396394
211,20000000	0,85931076
211,40000000	0,88260874
211,60000000	0,85561557
211,80000000	0,84002840
212,00000000	0,86908501
212,20000000	0,83037930
212,40000000	0,85018336
212,60000000	0,82915424
212,80000000	0,86987942
213,00000000	0,85051026
213,20000000	0,83520800
213,40000000	0,85985009
213,60000000	0,81427440
213,80000000	0,82224447
214,00000000	0,84342189
214,20000000	0,83485850
214,40000000	0,85014281
214,60000000	0,81091465
214,80000000	0,80376174
215,00000000	0,84686474
215,20000000	0,83593574
215,40000000	0,82899761
215,60000000	0,80301361
215,80000000	0,78672760
216,00000000	0,83514677
216,20000000	0,79028400
216,40000000	0,82051353
216,60000000	0,80395246
216,80000000	0,78270453
217,00000000	0,80927130
217,20000000	0,77929946
217,40000000	0,78523221
217,60000000	0,81972498
217,80000000	0,81089574
218,00000000	0,78007543
218,20000000	0,79031362
218,40000000	0,74263020
218,60000000	0,79150505
218,80000000	0,79152509
219,00000000	0,79303381
219,20000000	0,79239299
219,40000000	0,78303740
219,60000000	0,78286684
219,80000000	0,77808059
220,00000000	0,77729258
220,20000000	0,77634621
220,40000000	0,79488763
220,60000000	0,77534824
220,80000000	0,80876305
221,00000000	0,79305717
221,20000000	0,78144659
221,40000000	0,77314429
221,60000000	0,76561821
221,80000000	0,77775995
222,00000000	0,78275926
222,20000000	0,78944198
222,40000000	0,80720877
222,60000000	0,78669679
222,80000000	0,78558378
223,00000000	0,80133158
223,20000000	0,78710282
223,40000000	0,78468443
223,60000000	0,77633028
223,80000000	0,79715703
224,00000000	0,80478572
224,20000000	0,82575379
224,40000000	0,80579635
224,60000000	0,79684818
224,80000000	0,81349509
225,00000000	0,79094508
225,20000000	0,79006012
225,40000000	0,78310941
225,60000000	0,81590913
225,80000000	0,80843806
226,00000000	0,82105386
226,20000000	0,80574147
226,40000000	0,82769525
226,60000000	0,84261582
226,80000000	0,82330281
227,00000000	0,81571938
227,20000000	0,83029579
227,40000000	0,83156794
227,60000000	0,82730001
227,80000000	0,84776260
228,00000000	0,83599726
228,20000000	0,84668624
228,40000000	0,84919053
228,60000000	0,83378464
228,80000000	0,85841571
229,00000000	0,85686468
229,20000000	0,85474277
229,40000000	0,84964254
229,60000000	0,85657769
229,80000000	0,86492344
230,00000000	0,86570869
230,20000000	0,86893326
230,40000000	0,87216377
230,60000000	0,88228175
230,80000000	0,88414654
231,00000000	0,89341285
231,20000000	0,90274201
231,40000000	0,89291693
231,60000000	0,91011094
231,80000000	0,90196313
232,00000000	0,89998688
232,20000000	0,90273407
232,40000000	0,89945326
232,60000000	0,91249872
232,80000000	0,92036272
233,00000000	0,92350224
233,20000000	0,92882910
233,40000000	0,93494281
233,60000000	0,93774608
233,80000000	0,93742789
234,00000000	0,94607440
234,20000000	0,94513394
234,40000000	0,93602457
234,60000000	0,94503186
234,80000000	0,94345350
235,00000000	0,95182271
235,20000000	0,95906068
235,40000000	0,96430413
235,60000000	0,95961766
235,80000000	0,96280341
236,00000000	0,97362446
236,20000000	0,97189151
236,40000000	0,97094087
236,60000000	0,96724146
236,80000000	0,96997801
237,00000000	0,97087823
237,20000000	0,97538539
237,40000000	0,98052920
237,60000000	0,97701793
237,80000000	0,97831953
238,00000000	0,98390946
238,20000000	0,98149644
238,40000000	0,98131458
238,60000000	0,98012046
238,80000000	0,98191739
239,00000000	0,97960708
239,20000000	0,98069266
239,40000000	0,97798418
239,60000000	0,97839474
239,80000000	0,97884553
240,00000000	0,97410974
240,20000000	0,97171886
240,40000000	0,97266451
240,60000000	0,97277863
240,80000000	0,96564230
241,00000000	0,95971547
241,20000000	0,96398819
241,40000000	0,95815085
241,60000000	0,96065543
241,80000000	0,95507399
242,00000000	0,93947604
242,20000000	0,94012637
242,40000000	0,93976763
242,60000000	0,93006980
242,80000000	0,93211557
243,00000000	0,92932591
243,20000000	0,92095708
243,40000000	0,90950256
243,60000000	0,90578656
243,80000000	0,90448559
244,00000000	0,90105074
244,20000000	0,89440438
244,40000000	0,88079246
244,60000000	0,87332475
244,80000000	0,86764761
245,00000000	0,85774980
245,20000000	0,86370058
245,40000000	0,84429132
245,60000000	0,83538252
245,80000000	0,82647733
246,00000000	0,82284889
246,20000000	0,82080208
246,40000000	0,79923792
246,60000000	0,78755098
246,80000000	0,77674715
247,00000000	0,79080468
247,20000000	0,78799585
247,40000000	0,77351654
247,60000000	0,76077461
247,80000000	0,75099638
248,00000000	0,74630505
248,20000000	0,74627967
248,40000000	0,74086495
248,60000000	0,72193086
248,80000000	0,71552899
249,00000000	0,71697799
249,20000000	0,70937091
249,40000000	0,69276368
249,60000000	0,69287140
249,80000000	0,69179507
250,00000000	0,67494263
250,20000000	0,69310477
250,40000000	0,67917288
250,60000000	0,66392050
250,80000000	0,65476005
251,00000000	0,64744745
251,20000000	0,66797136
251,40000000	0,65167726
251,60000000	0,64193269
251,80000000	0,64026855
252,00000000	0,62902117
252,20000000	0,64471702
252,40000000	0,65234984
252,60000000	0,63301063
252,80000000	0,62517389
253,00000000	0,60314986
253,20000000	0,60186337
253,40000000	0,61916424
253,60000000	0,60623394
253,80000000	0,62193237
254,00000000	0,59801504
254,20000000	0,59699103
254,40000000	0,60614229
254,60000000	0,59408336
254,80000000	0,59723526
255,00000000	0,61001918
255,20000000	0,59996113
255,40000000	0,61009968
255,60000000	0,60226032
255,80000000	0,60588739
256,00000000	0,61208931
256,20000000	0,61707350
256,40000000	0,62652212
256,60000000	0,60721926
256,80000000	0,60599117
257,00000000	0,60971631
257,20000000	0,61970766
257,40000000	0,62998743
257,60000000	0,62740582
257,80000000	0,62390596
258,00000000	0,63313460
258,20000000	0,63863035
258,40000000	0,63787981
258,60000000	0,64308243
258,80000000	0,64344268
259,00000000	0,65539773
259,20000000	0,65746000
259,40000000	0,65827842
259,60000000	0,65927190
259,80000000	0,67554038
260,00000000	0,67706250
260,20000000	0,67818925
260,40000000	0,68703344
260,60000000	0,70628033
260,80000000	0,71491234
261,00000000	0,70436673
261,20000000	0,70503546
261,40000000	0,70856918
261,60000000	0,71038173
261,80000000	0,70575153
262,00000000	0,71083458
262,20000000	0,70329901
262,40000000	0,69993552
262,60000000	0,71366921
262,80000000	0,70193612
263,00000000	0,69327981
263,20000000	0,69900524
263,40000000	0,68843877
263,60000000	0,68460759
263,80000000	0,67513712
264,00000000	0,65911335
264,20000000	0,65199315
264,40000000	0,64496508
264,60000000	0,63095113
264,80000000	0,63063988
265,00000000	0,61629518
265,20000000	0,59670029
265,40000000	0,58638033
265,60000000	0,57717051
265,80000000	0,56343766
266,00000000	0,55333845
266,20000000	0,55713550
266,40000000	0,55306279
266,60000000	0,52748941
266,80000000	0,51645410
267,00000000	0,51133785
267,20000000	0,49873255
267,40000000	0,49123859
267,60000000	0,48671035
267,80000000	0,47733087
268,00000000	0,48148028
268,20000000	0,47057330
268,40000000	0,43777559
268,60000000	0,44851109
268,80000000	0,45029863
269,00000000	0,44235042
269,20000000	0,42929614
269,40000000	0,42225822
269,60000000	0,42750727
269,80000000	0,43229303
270,00000000	0,41832138
270,20000000	0,40183773
270,40000000	0,41376914
270,60000000	0,41497229
270,80000000	0,40413497
271,00000000	0,39355590
271,20000000	0,38691439
271,40000000	0,39382261
271,60000000	0,39392993
271,80000000	0,38943636
272,00000000	0,39974175
272,20000000	0,40345144
272,40000000	0,37647033
272,60000000	0,38634780
272,80000000	0,39857790
273,00000000	0,40960211
273,20000000	0,39163863
273,40000000	0,39086435
273,60000000	0,39615152
273,80000000	0,39838770
274,00000000	0,40099931
274,20000000	0,38436654
274,40000000	0,39086712
274,60000000	0,39531117
274,80000000	0,38052678
275,00000000	0,38138799
275,20000000	0,38592467
275,40000000	0,38823747
275,60000000	0,39389121
275,80000000	0,39122260
276,00000000	0,38028299
276,20000000	0,37310834
276,40000000	0,36419854
276,60000000	0,36315461
276,80000000	0,35983789
277,00000000	0,35324949
277,20000000	0,36065287
277,40000000	0,36012367
277,60000000	0,35146196
277,80000000	0,34635386
278,00000000	0,33064636
278,20000000	0,33449590
278,40000000	0,32935827
278,60000000	0,33449574
278,80000000	0,32981782
279,00000000	0,30674201
279,20000000	0,31161561
279,40000000	0,30790522
279,60000000	0,29970654
279,80000000	0,31352551
280,00000000	0,31339992
280,20000000	0,29941704
280,40000000	0,30876430
280,60000000	0,30250901
280,80000000	0,29831442
281,00000000	0,30659530
281,20000000	0,28654064
281,40000000	0,29241339
281,60000000	0,28992547
281,80000000	0,27929248
282,00000000	0,29105827
282,20000000	0,28713621
282,40000000	0,27660891
282,60000000	0,27934390
282,80000000	0,27164001
283,00000000	0,26134162
283,20000000	0,26158717
283,40000000	0,26561802
283,60000000	0,25985471
283,80000000	0,26912253
284,00000000	0,26158984
284,20000000	0,26196937
284,40000000	0,25839209
284,60000000	0,24850288
284,80000000	0,24798328
285,00000000	0,24432631
285,20000000	0,23320050
285,40000000	0,24426561
285,60000000	0,25278631
285,80000000	0,24512799
286,00000000	0,24185077
286,20000000	0,24459506
286,40000000	0,23854059
286,60000000	0,22324473
286,80000000	0,22094992
287,00000000	0,22450371
287,20000000	0,23233652
287,40000000	0,22588194
287,60000000	0,22351421
287,80000000	0,22220219
288,00000000	0,21825095
288,20000000	0,22282547
288,40000000	0,22698235
288,60000000	0,22116334
288,80000000	0,21438691
289,00000000	0,21284899
289,20000000	0,20696563
289,40000000	0,20618858
289,60000000	0,21056154
289,80000000	0,21048142
290,00000000	0,20737239
290,20000000	0,20873496
290,40000000	0,21786589
290,60000000	0,21331882
290,80000000	0,21030006
291,00000000	0,21105087
291,20000000	0,20277678
291,40000000	0,19891742
291,60000000	0,20462135
291,80000000	0,19759923
292,00000000	0,20310045
292,20000000	0,20827694
292,40000000	0,20182541
292,60000000	0,20579317
292,80000000	0,20163707
293,00000000	0,19421719
293,20000000	0,19666713
293,40000000	0,21014318
293,60000000	0,21141584
293,80000000	0,21216777
294,00000000	0,20322407
294,20000000	0,19384185
294,40000000	0,20160411
294,60000000	0,19303236
294,80000000	0,18604237
295,00000000	0,20236265
295,20000000	0,21518758
295,40000000	0,21291875
295,60000000	0,20910851
295,80000000	0,19973670
296,00000000	0,19287965
296,20000000	0,19477433
296,40000000	0,19324111
296,60000000	0,19167554
296,80000000	0,19273323
297,00000000	0,19684556
297,20000000	0,19878739
297,40000000	0,20529497
297,60000000	0,20665217
297,80000000	0,20053970
298,00000000	0,19919414
298,20000000	0,19886752
298,40000000	0,19685890
298,60000000	0,19570469
298,80000000	0,19486289
299,00000000	0,19663677
299,20000000	0,19696358
299,40000000	0,19555626
299,60000000	0,19988373
299,80000000	0,19940124
300,00000000	0,20097723
300,20000000	0,20443103
300,40000000	0,20356270
300,60000000	0,20153894
300,80000000	0,19561679
301,00000000	0,19293759
301,20000000	0,19549081
301,40000000	0,19145366
301,60000000	0,19248005
301,80000000	0,19708690
302,00000000	0,19827360
302,20000000	0,19671156
302,40000000	0,20297679
302,60000000	0,19963399
302,80000000	0,19617299
303,00000000	0,19351011
303,20000000	0,19080799
303,40000000	0,18838842
303,60000000	0,18618623
303,80000000	0,18555359
304,00000000	0,19039670
304,20000000	0,18875291
304,40000000	0,18626472
304,60000000	0,18698247
304,80000000	0,18911225
305,00000000	0,19490619
305,20000000	0,19918313
305,40000000	0,19761974
305,60000000	0,20151956
305,80000000	0,20199028
306,00000000	0,19384270
306,20000000	0,19224698
306,40000000	0,19889660
306,60000000	0,20082792
306,80000000	0,19455067
307,00000000	0,19314650
307,20000000	0,19337685
307,40000000	0,19005467
307,60000000	0,18712811
307,80000000	0,19205048
308,00000000	0,19321106
308,20000000	0,19512215
308,40000000	0,19607861
308,60000000	0,19169726
308,80000000	0,19278916
309,00000000	0,19672506
309,20000000	0,20344041
309,40000000	0,20338917
309,60000000	0,20077813
309,80000000	0,20417426
310,00000000	0,20037981
310,20000000	0,19746618
310,40000000	0,20204286
310,60000000	0,20186839
310,80000000	0,19655160
311,00000000	0,19664339
311,20000000	0,19076469
311,40000000	0,18182161
311,60000000	0,19084879
311,80000000	0,19829858
312,00000000	0,19909136
312,20000000	0,20352497
312,40000000	0,20309492
312,60000000	0,19593226
312,80000000	0,19278261
313,00000000	0,19717680
313,20000000	0,19907779
313,40000000	0,20518526
313,60000000	0,21374806
313,80000000	0,21125718
314,00000000	0,20081407
314,20000000	0,19767560
314,40000000	0,19932659
314,60000000	0,20103559
314,80000000	0,20381994
315,00000000	0,21220178
315,20000000	0,21453434
315,40000000	0,20754336
315,60000000	0,20447889
315,80000000	0,20339207
316,00000000	0,20181163
316,20000000	0,20346409
316,40000000	0,21108510
316,60000000	0,21579280
316,80000000	0,21635043
317,00000000	0,21173898
317,20000000	0,20684790
317,40000000	0,20866879
317,60000000	0,20856411
317,80000000	0,20805460
318,00000000	0,21508959
318,20000000	0,21915008
318,40000000	0,21339947
318,60000000	0,21246954
318,80000000	0,21759482
319,00000000	0,21137647
319,20000000	0,20341650
319,40000000	0,21286277
319,60000000	0,22262697
319,80000000	0,22083629
320,00000000	0,21899713
320,20000000	0,22383327
320,40000000	0,22617452
320,60000000	0,22541662
320,80000000	0,22749896
321,00000000	0,22674995
321,20000000	0,22990097
321,40000000	0,23448119
321,60000000	0,22935052
321,80000000	0,22811308
322,00000000	0,23255803
322,20000000	0,23178947
322,40000000	0,22860539
322,60000000	0,23091032
322,80000000	0,23613497
323,00000000	0,23759547
323,20000000	0,23966137
323,40000000	0,24203503
323,60000000	0,24377284
323,80000000	0,24693660
324,00000000	0,24868588
324,20000000	0,24585522
324,40000000	0,24349414
324,60000000	0,24621009
324,80000000	0,24829603
325,00000000	0,24659433
325,20000000	0,24771790
325,40000000	0,25245913
325,60000000	0,25626221
325,80000000	0,25946912
326,00000000	0,26248316
326,20000000	0,26488106
326,40000000	0,26748203
326,60000000	0,26973951
326,80000000	0,27037323
327,00000000	0,27030943
327,20000000	0,27345400
327,40000000	0,27780416
327,60000000	0,28027580
327,80000000	0,28199663
328,00000000	0,28420949
328,20000000	0,28763538
328,40000000	0,29061320
328,60000000	0,29309041
328,80000000	0,29566732
329,00000000	0,29850695
329,20000000	0,30191436
329,40000000	0,30624933
329,60000000	0,31065338
329,80000000	0,31432872
330,00000000	0,31838274
330,20000000	0,32247991
330,40000000	0,32536101
330,60000000	0,32860043
330,80000000	0,33363001
331,00000000	0,33831701
331,20000000	0,34232724
331,40000000	0,34635276
331,60000000	0,35062537
331,80000000	0,35514487
332,00000000	0,36018798
332,20000000	0,36579834
332,40000000	0,37086262
332,60000000	0,37559571
332,80000000	0,38060320
333,00000000	0,38612838
333,20000000	0,39220454
333,40000000	0,39998745
333,60000000	0,40845312
333,80000000	0,41487651
334,00000000	0,42023099
334,20000000	0,42874569
334,40000000	0,43858211
334,60000000	0,44539697
334,80000000	0,45187579
335,00000000	0,46037658
335,20000000	0,46888100
335,40000000	0,47591479
335,60000000	0,48309978
335,80000000	0,49103311
336,00000000	0,49983147
336,20000000	0,50921473
336,40000000	0,51953772
336,60000000	0,53083669
336,80000000	0,54067831
337,00000000	0,55095086
337,20000000	0,56360260
337,40000000	0,57676079
337,60000000	0,58827402
337,80000000	0,59977012
338,00000000	0,61197785
338,20000000	0,62370000
338,40000000	0,63670437
338,60000000	0,65168195
338,80000000	0,66352602
339,00000000	0,67521050
339,20000000	0,68946118
339,40000000	0,70262939
339,60000000	0,71524169
339,80000000	0,73110035
340,00000000	0,74616236
340,20000000	0,75713371
340,40000000	0,77033448
340,60000000	0,78636966
340,80000000	0,80184072
341,00000000	0,81643376
341,20000000	0,83156062
341,40000000	0,84514075
341,60000000	0,85785873
341,80000000	0,87217907
342,00000000	0,88557296
342,20000000	0,89781841
342,40000000	0,90946390
342,60000000	0,92084342
342,80000000	0,93129884
343,00000000	0,94135495
343,20000000	0,95086716
343,40000000	0,95922740
343,60000000	0,96744020
343,80000000	0,97528303
344,00000000	0,98179157
344,20000000	0,98694939
344,40000000	0,99108609
344,60000000	0,99465322
344,80000000	0,99716538
345,00000000	0,99857163
345,20000000	0,99903723
345,40000000	0,99873127
345,60000000	0,99727398
345,80000000	0,99435440
346,00000000	0,99063617
346,20000000	0,98639752
346,40000000	0,98078183
346,60000000	0,97514236
346,80000000	0,96820025
347,00000000	0,96002633
347,20000000	0,95208388
347,40000000	0,94199713
347,60000000	0,93139277
347,80000000	0,92070509
348,00000000	0,91099843
348,20000000	0,90108255
348,40000000	0,88874433
348,60000000	0,87598282
348,80000000	0,86556233
349,00000000	0,85595232
349,20000000	0,84294775
349,40000000	0,83049492
349,60000000	0,81848120
349,80000000	0,80321123
350,00000000	0,79044954
350,20000000	0,78160459
350,40000000	0,76832173
350,60000000	0,75309510
350,80000000	0,73763898
351,00000000	0,72612873
351,20000000	0,71684453
351,40000000	0,70349379
351,60000000	0,69293014
351,80000000	0,68131965
352,00000000	0,67081548
352,20000000	0,65979377
352,40000000	0,64817437
352,60000000	0,63933987
352,80000000	0,62752159
353,00000000	0,61462342
353,20000000	0,60511343
353,40000000	0,59505006
353,60000000	0,58620853
353,80000000	0,57751341
354,00000000	0,56740697
354,20000000	0,55706904
354,40000000	0,54965137
354,60000000	0,54177180
354,80000000	0,53340678
355,00000000	0,52389357
355,20000000	0,51465434
355,40000000	0,50753063
355,60000000	0,49904117
355,80000000	0,49263362
356,00000000	0,48596706
356,20000000	0,47611912
356,40000000	0,47115271
356,60000000	0,46734182
356,80000000	0,46035865
357,00000000	0,45191096
357,20000000	0,44526973
357,40000000	0,44175316
357,60000000	0,43655991
357,80000000	0,43006207
358,00000000	0,42502273
358,20000000	0,41945738
358,40000000	0,41416550
358,60000000	0,40718429
358,80000000	0,39992554
359,00000000	0,39543215
359,20000000	0,39310686
359,40000000	0,38969112
359,60000000	0,38397672
359,80000000	0,37759657
360,00000000	0,37352117
360,20000000	0,37121323
360,40000000	0,36775282
360,60000000	0,36289984
360,80000000	0,35813741
361,00000000	0,35378886
361,20000000	0,35079969
361,40000000	0,34844402
361,60000000	0,34443562
361,80000000	0,34130900
362,00000000	0,33827185
362,20000000	0,33483145
362,40000000	0,33093403
362,60000000	0,32716690
362,80000000	0,32566389
363,00000000	0,32493190
363,20000000	0,32041963
363,40000000	0,31498358
363,60000000	0,31152153
363,80000000	0,31092664
364,00000000	0,30920927
364,20000000	0,30572726
364,40000000	0,30316605
364,60000000	0,29976886
364,80000000	0,29668652
365,00000000	0,29407474
365,20000000	0,29091057
365,40000000	0,29012502
365,60000000	0,28871081
365,80000000	0,28617533
366,00000000	0,28410347
366,20000000	0,28149014
366,40000000	0,27994100
366,60000000	0,27929418
366,80000000	0,27726828
367,00000000	0,27385451
367,20000000	0,27239910
367,40000000	0,27209009
367,60000000	0,26996179
367,80000000	0,26615874
368,00000000	0,26397126
368,20000000	0,26429419
368,40000000	0,26282134
368,60000000	0,25912535
368,80000000	0,25683292
369,00000000	0,25591090
369,20000000	0,25558585
369,40000000	0,25373446
369,60000000	0,25119531
369,80000000	0,25000294
370,00000000	0,24957487
370,20000000	0,24841653
370,40000000	0,24618063
370,60000000	0,24451874
370,80000000	0,24381274
371,00000000	0,24290657
371,20000000	0,24158152
371,40000000	0,23990738
371,60000000	0,23890132
371,80000000	0,23864408
372,00000000	0,23723734
372,20000000	0,23537887
372,40000000	0,23424202
372,60000000	0,23436170
372,80000000	0,23362538
373,00000000	0,23083949
373,20000000	0,22978073
373,40000000	0,22993580
373,60000000	0,22887777
373,80000000	0,22749605
374,00000000	0,22548909
374,20000000	0,22469386
374,40000000	0,22467873
374,60000000	0,22346846
374,80000000	0,22163015
375,00000000	0,21977711
375,20000000	0,21913406
375,40000000	0,21857394
375,60000000	0,21722810
375,80000000	0,21605076
376,00000000	0,21544538
376,20000000	0,21548138
376,40000000	0,21455112
376,60000000	0,21279457
376,80000000	0,21213110
377,00000000	0,21192340
377,20000000	0,21138187
377,40000000	0,21013876
377,60000000	0,20924898
377,80000000	0,20925873
378,00000000	0,20844823
378,20000000	0,20735567
378,40000000	0,20705123
378,60000000	0,20683328
378,80000000	0,20636378
379,00000000	0,20528765
379,20000000	0,20438794
379,40000000	0,20426734
379,60000000	0,20374424
379,80000000	0,20279157
380,00000000	0,20179629
380,20000000	0,20144359
380,40000000	0,20166261
380,60000000	0,20104680
380,80000000	0,19996608
381,00000000	0,19923847
381,20000000	0,19883924
381,40000000	0,19849952
381,60000000	0,19767910
381,80000000	0,19721608
382,00000000	0,19714559
382,20000000	0,19627264
382,40000000	0,19532637
382,60000000	0,19483526
382,80000000	0,19461039
383,00000000	0,19415744
383,20000000	0,19323945
383,40000000	0,19278794
383,60000000	0,19254130
383,80000000	0,19192006
384,00000000	0,19118305
384,20000000	0,19054121
384,40000000	0,19029273
384,60000000	0,18990913
384,80000000	0,18904609
385,00000000	0,18840312
385,20000000	0,18812406
385,40000000	0,18796295
385,60000000	0,18729037
385,80000000	0,18651474
386,00000000	0,18640378
386,20000000	0,18591901
386,40000000	0,18514566
386,60000000	0,18462777
386,80000000	0,18418539
387,00000000	0,18385598
387,20000000	0,18321285
387,40000000	0,18252075
387,60000000	0,18209793
387,80000000	0,18204026
388,00000000	0,18198293
388,20000000	0,18125861
388,40000000	0,18109170
388,60000000	0,18113143
388,80000000	0,18034016
389,00000000	0,17984924
389,20000000	0,17922621
389,40000000	0,17880772
389,60000000	0,17894602
389,80000000	0,17772270
390,00000000	0,17662339
390,20000000	0,17711654
390,40000000	0,17730679
390,60000000	0,17633097
390,80000000	0,17549154
391,00000000	0,17605022
391,20000000	0,17595130
391,40000000	0,17437728
391,60000000	0,17375292
391,80000000	0,17396820
392,00000000	0,17434650
392,20000000	0,17403345
392,40000000	0,17189600
392,60000000	0,17098954
392,80000000	0,17290377
393,00000000	0,17354911
393,20000000	0,17161516
393,40000000	0,17050005
393,60000000	0,17097535
393,80000000	0,17139007
394,00000000	0,17071204
394,20000000	0,16992853
394,40000000	0,17007686
394,60000000	0,17009997
394,80000000	0,16961833
395,00000000	0,16891580
395,20000000	0,16842249
395,40000000	0,16850365
395,60000000	0,16779701
395,80000000	0,16763956
396,00000000	0,16899706
396,20000000	0,16836503
396,40000000	0,16679149
396,60000000	0,16659397
396,80000000	0,16745440
397,00000000	0,16912863
397,20000000	0,16834746
397,40000000	0,16628014
397,60000000	0,16700676
397,80000000	0,16773884
398,00000000	0,16571286
398,20000000	0,16365996
398,40000000	0,16469583
398,60000000	0,16616640
398,80000000	0,16598705
399,00000000	0,16642698
399,20000000	0,16684162
399,40000000	0,16598193
399,60000000	0,16565713
399,80000000	0,16588635
400,00000000	0,16563263
400,20000000	0,16601865
400,40000000	0,16598261
400,60000000	0,16424266
400,80000000	0,16360755
401,00000000	0,16401383
401,20000000	0,16173987
401,40000000	0,15966761
401,60000000	0,16120665
401,80000000	0,16274184
402,00000000	0,16226539
402,20000000	0,16151504
402,40000000	0,16103928
402,60000000	0,16048289
402,80000000	0,16106025
403,00000000	0,16208544
403,20000000	0,16237472
403,40000000	0,16219706
403,60000000	0,16071791
403,80000000	0,15879036
404,00000000	0,15832633
404,20000000	0,16007338
404,40000000	0,16003269
404,60000000	0,15725283
404,80000000	0,15747685
405,00000000	0,15915122
405,20000000	0,16063546
405,40000000	0,16155014
405,60000000	0,15972667
405,80000000	0,16034768
406,00000000	0,16156414
406,20000000	0,15913140
406,40000000	0,15999874
406,60000000	0,16332427
406,80000000	0,16239284
407,00000000	0,15919433
407,20000000	0,15952456
407,40000000	0,16069162
407,60000000	0,15816487
407,80000000	0,15695630
408,00000000	0,15985887
408,20000000	0,16162060
408,40000000	0,15823619
408,60000000	0,15514065
408,80000000	0,15706172
409,00000000	0,15844466
409,20000000	0,15646688
409,40000000	0,15410865
409,60000000	0,15475035
409,80000000	0,15668573
410,00000000	0,15575403
410,20000000	0,15609539
410,40000000	0,15914587
410,60000000	0,15827312
410,80000000	0,15415389
411,00000000	0,15512782
411,20000000	0,15947284
411,40000000	0,15929132
411,60000000	0,15615552
411,80000000	0,15485268
412,00000000	0,15695273
412,20000000	0,15868024
412,40000000	0,15680023
412,60000000	0,15553393
412,80000000	0,15675020
413,00000000	0,15838190
413,20000000	0,15654418
413,40000000	0,15254256
413,60000000	0,15386094
413,80000000	0,15656535
414,00000000	0,15571859
414,20000000	0,15620501
414,40000000	0,15793472
414,60000000	0,15728834
414,80000000	0,15649835
415,00000000	0,15850202
415,20000000	0,15971732
415,40000000	0,15810784
415,60000000	0,15400771
415,80000000	0,15119004
416,00000000	0,15386488
416,20000000	0,15504024
416,40000000	0,15394619
416,60000000	0,15567263
416,80000000	0,15674273
417,00000000	0,15414710
417,20000000	0,15011878
417,40000000	0,15079335
417,60000000	0,15399332
417,80000000	0,15338485
418,00000000	0,15120443
418,20000000	0,15194889
418,40000000	0,15321947
418,60000000	0,15006769
418,80000000	0,14903435
419,00000000	0,15367195
419,20000000	0,15609531
419,40000000	0,15407960
419,60000000	0,15198395
419,80000000	0,15147009
420,00000000	0,15197615
420,20000000	0,15398633
420,40000000	0,15564456
420,60000000	0,15784557
420,80000000	0,15769810
421,00000000	0,15135841
421,20000000	0,15035148
421,40000000	0,15429128
421,60000000	0,15475146
421,80000000	0,15493517
422,00000000	0,15586294
422,20000000	0,15598965
422,40000000	0,15268449
422,60000000	0,15251686
422,80000000	0,15758832
423,00000000	0,15833705
423,20000000	0,15564462
423,40000000	0,15398440
423,60000000	0,15519462
423,80000000	0,15546095
424,00000000	0,15213693
424,20000000	0,15004875
424,40000000	0,15174579
424,60000000	0,15361327
424,80000000	0,15156620
425,00000000	0,15172661
425,20000000	0,15237456
425,40000000	0,14640815
425,60000000	0,14271878
425,80000000	0,14887561
426,00000000	0,15504748
426,20000000	0,15066665
426,40000000	0,14507565
426,60000000	0,14656265
426,80000000	0,14701023
427,00000000	0,14479993
427,20000000	0,14735239
427,40000000	0,15408182
427,60000000	0,15573642
427,80000000	0,15082034
428,00000000	0,14465307
428,20000000	0,14433460
428,40000000	0,14723962
428,60000000	0,14562750
428,80000000	0,14637523
429,00000000	0,15170735
429,20000000	0,15532164
429,40000000	0,15490690
429,60000000	0,15667922
429,80000000	0,15981054
430,00000000	0,15505251
430,20000000	0,15334045
430,40000000	0,15949995
430,60000000	0,15999642
430,80000000	0,15351709
431,00000000	0,15341426
431,20000000	0,16138903
431,40000000	0,16331583
431,60000000	0,15991609
431,80000000	0,15913280
432,00000000	0,16044294
432,20000000	0,15959528
432,40000000	0,15815962
432,60000000	0,16180355
432,80000000	0,16129062
433,00000000	0,15469907
433,20000000	0,15127872
433,40000000	0,15135581
433,60000000	0,15162603
433,80000000	0,14944436
434,00000000	0,15016824
434,20000000	0,15397620
434,40000000	0,15278049
434,60000000	0,15010401
434,80000000	0,15104421
435,00000000	0,15027669
435,20000000	0,14898910
435,40000000	0,14940101
435,60000000	0,15377793
435,80000000	0,15964758
436,00000000	0,15543827
436,20000000	0,15213391
436,40000000	0,15671324
436,60000000	0,15778229
436,80000000	0,16008987
437,00000000	0,16190228
437,20000000	0,16125080
437,40000000	0,15913913
437,60000000	0,15955124
437,80000000	0,16843727
438,00000000	0,17160987
438,20000000	0,16631294
438,40000000	0,15895825
438,60000000	0,15636329
438,80000000	0,15981671
439,00000000	0,16226188
439,20000000	0,16563898
439,40000000	0,16876011
439,60000000	0,16296097
439,80000000	0,15478783
440,00000000	0,15743399
440,20000000	0,16037643
440,40000000	0,16120055
440,60000000	0,16465549
440,80000000	0,16467449
441,00000000	0,16293915
441,20000000	0,16011486
441,40000000	0,16136392
441,60000000	0,16691420
441,80000000	0,16700742
442,00000000	0,16579905
442,20000000	0,16700620
442,40000000	0,16409775
442,60000000	0,16226523
442,80000000	0,16495862
443,00000000	0,17192516
443,20000000	0,17500285
443,40000000	0,16764139
443,60000000	0,16598806
443,80000000	0,16973556
444,00000000	0,17236066
444,20000000	0,17562943
444,40000000	0,17253542
444,60000000	0,16796411
444,80000000	0,16650043
445,00000000	0,16904804
445,20000000	0,17402937
445,40000000	0,17553225
445,60000000	0,17632589
445,80000000	0,17829067
446,00000000	0,18086654
446,20000000	0,18149582
446,40000000	0,17966611
446,60000000	0,17654790
446,80000000	0,17574058
447,00000000	0,18084692
447,20000000	0,18944463
447,40000000	0,19117020
447,60000000	0,18498445
447,80000000	0,18582741
448,00000000	0,19569268
448,20000000	0,20289026
448,40000000	0,19276852
448,60000000	0,18033309
448,80000000	0,18380202
449,00000000	0,19134066
449,20000000	0,20003911
449,40000000	0,20408787
449,60000000	0,19932224
449,80000000	0,19235982
450,00000000	0,19183433
450,20000000	0,20356277
450,40000000	0,20900598
450,60000000	0,19818825
450,80000000	0,19159293
451,00000000	0,19998183
451,20000000	0,21057216
451,40000000	0,21284575
451,60000000	0,20733615
451,80000000	0,20728618
452,00000000	0,21443329
452,20000000	0,22411691
452,40000000	0,22758890
452,60000000	0,21534445
452,80000000	0,20573060
453,00000000	0,20922207
453,20000000	0,22158072
453,40000000	0,23556191
453,60000000	0,23544496
453,80000000	0,22359063
454,00000000	0,22051730
454,20000000	0,23635337
454,40000000	0,25313629
454,60000000	0,25163970
454,80000000	0,24073019
455,00000000	0,23680887
455,20000000	0,24054447
455,40000000	0,24817429
455,60000000	0,25332856
455,80000000	0,25520068
456,00000000	0,25668717
456,20000000	0,25687173
456,40000000	0,26147059
456,60000000	0,26569248
456,80000000	0,26802724
457,00000000	0,26750525
457,20000000	0,26820227
457,40000000	0,27328077
457,60000000	0,27758117
457,80000000	0,28026096
458,00000000	0,27891612
458,20000000	0,27956942
458,40000000	0,28169284
458,60000000	0,28622409
458,80000000	0,28822022
459,00000000	0,28909090
459,20000000	0,29404145
459,40000000	0,29601185
459,60000000	0,29899651
459,80000000	0,30318642
460,00000000	0,30440430
460,20000000	0,29892169
460,40000000	0,29509264
460,60000000	0,29671702
460,80000000	0,30617245
461,00000000	0,31410264
461,20000000	0,31185495
461,40000000	0,30688326
461,60000000	0,30160011
461,80000000	0,30189259
462,00000000	0,31078938
462,20000000	0,31846145
462,40000000	0,30896713
462,60000000	0,30261199
462,80000000	0,31183881
463,00000000	0,32364590
463,20000000	0,33024072
463,40000000	0,32021101
463,60000000	0,30894337
463,80000000	0,30968561
464,00000000	0,32052970
464,20000000	0,32879691
464,40000000	0,32462651
464,60000000	0,31345327
464,80000000	0,31187524
465,00000000	0,32165779
465,20000000	0,32552390
465,40000000	0,31870790
465,60000000	0,30924112
465,80000000	0,31451161
466,00000000	0,32310360
466,20000000	0,33184588
466,40000000	0,32965754
466,60000000	0,31582087
466,80000000	0,31414278
467,00000000	0,31838326
467,20000000	0,32687687
467,40000000	0,32102007
467,60000000	0,30788610
467,80000000	0,30882874
468,00000000	0,31497054
468,20000000	0,32354744
468,40000000	0,32481694
468,60000000	0,31702419
468,80000000	0,30913880
469,00000000	0,31045753
469,20000000	0,31688432
469,40000000	0,31626620
469,60000000	0,30947137
469,80000000	0,31306098
470,00000000	0,31865670
470,20000000	0,31786736
470,40000000	0,31978501
470,60000000	0,31658858
470,80000000	0,31048628
471,00000000	0,31400500
471,20000000	0,32664837
471,40000000	0,32089112
471,60000000	0,31203952
471,80000000	0,31851138
472,00000000	0,31671624
472,20000000	0,31243285
472,40000000	0,31202422
472,60000000	0,30960806
472,80000000	0,31138668
473,00000000	0,31084420
473,20000000	0,30550454
473,40000000	0,30534319
473,60000000	0,31088459
473,80000000	0,31628179
474,00000000	0,31375815
474,20000000	0,31182421
474,40000000	0,31395966
474,60000000	0,31498544
474,80000000	0,31828856
475,00000000	0,31563266
475,20000000	0,31632147
475,40000000	0,32526712
475,60000000	0,32105531
475,80000000	0,31474250
476,00000000	0,30748232
476,20000000	0,30219488
476,40000000	0,31145671
476,60000000	0,31626262
476,80000000	0,32028208
477,00000000	0,31695959
477,20000000	0,30952820
477,40000000	0,32109629
477,60000000	0,32801689
477,80000000	0,32393029
478,00000000	0,31448023
478,20000000	0,31249097
478,40000000	0,31989887
478,60000000	0,31676477
478,80000000	0,31502940
479,00000000	0,30885246
479,20000000	0,30902862
479,40000000	0,32232082
479,60000000	0,32517225
479,80000000	0,32574452
480,00000000	0,32198481
480,20000000	0,32477768
480,40000000	0,33266891
480,60000000	0,32754602
480,80000000	0,32926659
481,00000000	0,32670330
481,20000000	0,32449395
481,40000000	0,33269730
481,60000000	0,33518292
481,80000000	0,34153052
482,00000000	0,33622396
482,20000000	0,32866074
482,40000000	0,33011636
482,60000000	0,32858535
482,80000000	0,33223869
483,00000000	0,32943807
483,20000000	0,32449471
483,40000000	0,32719124
483,60000000	0,33400893
483,80000000	0,34343600
484,00000000	0,34299372
484,20000000	0,33855543
484,40000000	0,33979313
484,60000000	0,34375902
484,80000000	0,35347338
485,00000000	0,34722577
485,20000000	0,33741981
485,40000000	0,34359483
485,60000000	0,34753033
485,80000000	0,35421838
486,00000000	0,35148959
486,20000000	0,34835061
486,40000000	0,35192833
486,60000000	0,34694929
486,80000000	0,35407917
487,00000000	0,35926939
487,20000000	0,36549942
487,40000000	0,36421375
487,60000000	0,35271698
487,80000000	0,36488183
488,00000000	0,37051628
488,20000000	0,36802558
488,40000000	0,37088942
488,60000000	0,37020777
488,80000000	0,36857525
489,00000000	0,36626021
489,20000000	0,37911963
489,40000000	0,38905287
489,60000000	0,37758029
489,80000000	0,36587031
490,00000000	0,36236030
490,20000000	0,37553960
490,40000000	0,38861345
490,60000000	0,39395987
490,80000000	0,39271925
491,00000000	0,37799498
491,20000000	0,38046653
491,40000000	0,39635158
491,60000000	0,40089200
491,80000000	0,40258061
492,00000000	0,39780880
492,20000000	0,40041228
492,40000000	0,41308713
492,60000000	0,41487098
492,80000000	0,41573749
493,00000000	0,40666120
493,20000000	0,39803306
493,40000000	0,40488783
493,60000000	0,41343575
493,80000000	0,42181147
494,00000000	0,42914451
494,20000000	0,43547850
494,40000000	0,43145937
494,60000000	0,42904794
494,80000000	0,43519762
495,00000000	0,43562320
495,20000000	0,43233621
495,40000000	0,43578599
495,60000000	0,44782609
495,80000000	0,44669691
496,00000000	0,44132991
496,20000000	0,44110096
496,40000000	0,43120907
496,60000000	0,43637397
496,80000000	0,45939370
497,00000000	0,46714638
497,20000000	0,45816325
497,40000000	0,44660117
497,60000000	0,45564006
497,80000000	0,47119706
498,00000000	0,47908057
498,20000000	0,48590346
498,40000000	0,48132002
498,60000000	0,48228897
498,80000000	0,49226987
499,00000000	0,50198824
499,20000000	0,49875153
499,40000000	0,48412099
499,60000000	0,47872677
499,80000000	0,47551508
500,00000000	0,49387363
500,20000000	0,51401696
500,40000000	0,50691765
500,60000000	0,50137699
500,80000000	0,49563085
501,00000000	0,50856811
501,20000000	0,52912901
501,40000000	0,53528382
501,60000000	0,53155223
501,80000000	0,51098312
502,00000000	0,50564022
502,20000000	0,52342246
502,40000000	0,53632338
502,60000000	0,53740959
502,80000000	0,52355419
503,00000000	0,52287275
503,20000000	0,53372981
503,40000000	0,55593070
503,60000000	0,57709073
503,80000000	0,56652392
504,00000000	0,55668870
504,20000000	0,55147467
504,40000000	0,57015944
504,60000000	0,59160051
504,80000000	0,58255525
505,00000000	0,56541506
505,20000000	0,55005406
505,40000000	0,55952566
505,60000000	0,58206857
505,80000000	0,59489445
506,00000000	0,59296783
506,20000000	0,57552593
506,40000000	0,57792506
506,60000000	0,59971211
506,80000000	0,61922002
507,00000000	0,62969685
507,20000000	0,61620017
507,40000000	0,61090257
507,60000000	0,61944852
507,80000000	0,62866217
508,00000000	0,63185820
508,20000000	0,61375293
508,40000000	0,61234722
508,60000000	0,62352710
508,80000000	0,64580681
509,00000000	0,65777658
509,20000000	0,65077533
509,40000000	0,64564131
509,60000000	0,64278938
509,80000000	0,65695372
510,00000000	0,66525515
510,20000000	0,66765940
510,40000000	0,66886668
510,60000000	0,66229930
510,80000000	0,66470400
511,00000000	0,66770439
511,20000000	0,67290812
511,40000000	0,67184961
511,60000000	0,66995019
511,80000000	0,68590262
512,00000000	0,68846481
512,20000000	0,69233079
512,40000000	0,69391382
512,60000000	0,69021016
512,80000000	0,69628618
513,00000000	0,69763277
513,20000000	0,70361311
513,40000000	0,70573644
513,60000000	0,70804029
513,80000000	0,70799179
514,00000000	0,70861696
514,20000000	0,71146300
514,40000000	0,71439360
514,60000000	0,72295447
514,80000000	0,72114396
515,00000000	0,72082473
515,20000000	0,72421618
515,40000000	0,72759651
515,60000000	0,73549262
515,80000000	0,73881747
516,00000000	0,73511020
516,20000000	0,73280308
516,40000000	0,73694773
516,60000000	0,74025425
516,80000000	0,74185708
517,00000000	0,75156264
517,20000000	0,74999229
517,40000000	0,74927043
517,60000000	0,74947060
517,80000000	0,75215351
518,00000000	0,75621643
518,20000000	0,75545773
518,40000000	0,76209078
518,60000000	0,76189514
518,80000000	0,76481755
519,00000000	0,76332765
519,20000000	0,76524168
519,40000000	0,77211178
519,60000000	0,77508271
519,80000000	0,78129522
520,00000000	0,77938227
520,20000000	0,77784074
520,40000000	0,77412154
520,60000000	0,77226156
520,80000000	0,77352121
521,00000000	0,76872154
521,20000000	0,77691480
521,40000000	0,77803154
521,60000000	0,78184102
521,80000000	0,78708969
522,00000000	0,78508805
522,20000000	0,78913091
522,40000000	0,78865634
522,60000000	0,79695727
522,80000000	0,79466898
523,00000000	0,79574801
523,20000000	0,79721635
523,40000000	0,79744502
523,60000000	0,80601954
523,80000000	0,80162840
524,00000000	0,80430740
524,20000000	0,80291123
524,40000000	0,80322702
524,60000000	0,80744624
524,80000000	0,80754465
525,00000000	0,81303553
525,20000000	0,80923846
525,40000000	0,81114724
525,60000000	0,81062473
525,80000000	0,80598554
526,00000000	0,80737890
526,20000000	0,80131404
526,40000000	0,81236981
526,60000000	0,81671811
526,80000000	0,81721911
527,00000000	0,81709350
527,20000000	0,81772007
527,40000000	0,82623968
527,60000000	0,82348607
527,80000000	0,82851420
528,00000000	0,82557810
528,20000000	0,82140686
528,40000000	0,82620955
528,60000000	0,82102976
528,80000000	0,82615189
529,00000000	0,82874022
529,20000000	0,83165720
529,40000000	0,83375938
529,60000000	0,82845134
529,80000000	0,83327037
530,00000000	0,83205673
530,20000000	0,83734012
530,40000000	0,83790589
530,60000000	0,83843426
530,80000000	0,83922907
531,00000000	0,83200743
531,20000000	0,83946933
531,40000000	0,84029740
531,60000000	0,84532581
531,80000000	0,84476364
532,00000000	0,84197145
532,20000000	0,84380516
532,40000000	0,84217031
532,60000000	0,84882404
532,80000000	0,84480007
533,00000000	0,84829293
533,20000000	0,84438574
533,40000000	0,84341972
533,60000000	0,85516759
533,80000000	0,84845701
534,00000000	0,85238093
534,20000000	0,85433028
534,40000000	0,86198042
534,60000000	0,85847131
534,80000000	0,85088817
535,00000000	0,85767054
535,20000000	0,85591069
535,40000000	0,85964646
535,60000000	0,85605305
535,80000000	0,86116843
536,00000000	0,86302639
536,20000000	0,85941237
536,40000000	0,86078048
536,60000000	0,85786732
536,80000000	0,86486702
537,00000000	0,85965561
537,20000000	0,86214417
537,40000000	0,86266239
537,60000000	0,86453735
537,80000000	0,86785161
538,00000000	0,86057707
538,20000000	0,86737886
538,40000000	0,86223826
538,60000000	0,86552199
538,80000000	0,86413253
539,00000000	0,86285748
539,20000000	0,86279487
539,40000000	0,85719924
539,60000000	0,86622589
539,80000000	0,85951377
540,00000000	0,86217698
540,20000000	0,86166804
540,40000000	0,86636422
540,60000000	0,87078733
540,80000000	0,86315614
541,00000000	0,86420496
541,20000000	0,85652332
541,40000000	0,86558629
541,60000000	0,86451204
541,80000000	0,86355029
542,00000000	0,86514713
542,20000000	0,85921343
542,40000000	0,86363995
542,60000000	0,86016771
542,80000000	0,86491893
543,00000000	0,86021297
543,20000000	0,85886725
543,40000000	0,85563050
543,60000000	0,85438527
543,80000000	0,85936545
544,00000000	0,85332695
544,20000000	0,85934977
544,40000000	0,85493763
544,60000000	0,85530823
544,80000000	0,85453241
545,00000000	0,85301444
545,20000000	0,85765368
545,40000000	0,85127480
545,60000000	0,85259615
545,80000000	0,84777455
546,00000000	0,85120475
546,20000000	0,85012144
546,40000000	0,85009571
546,60000000	0,84774082
546,80000000	0,83978434
547,00000000	0,84334742
547,20000000	0,83733944
547,40000000	0,84116341
547,60000000	0,83793937
547,80000000	0,83775138
548,00000000	0,84029132
548,20000000	0,83472224
548,40000000	0,83352254
548,60000000	0,82919107
548,80000000	0,83686567
549,00000000	0,83258243
549,20000000	0,83255568
549,40000000	0,83274356
549,60000000	0,83032905
549,80000000	0,83122889
550,00000000	0,82577705
550,20000000	0,82884686
550,40000000	0,82382880
550,60000000	0,82347966
550,80000000	0,82145716
551,00000000	0,82815025
551,20000000	0,82962364
551,40000000	0,82457372
551,60000000	0,82335253
551,80000000	0,82073566
552,00000000	0,82492990
552,20000000	0,81930187
552,40000000	0,82121470
552,60000000	0,81841329
552,80000000	0,81972070
553,00000000	0,82059956
553,20000000	0,82034547
553,40000000	0,81892127
553,60000000	0,81334209
553,80000000	0,81724251
554,00000000	0,81465617
554,20000000	0,81624290
554,40000000	0,81371240
554,60000000	0,81292807
554,80000000	0,81066845
555,00000000	0,80900394
555,20000000	0,81364603
555,40000000	0,81152063
555,60000000	0,81217469
555,80000000	0,80814613
556,00000000	0,80988822
556,20000000	0,81214955
556,40000000	0,81045017
556,60000000	0,81036758
556,80000000	0,80911654
557,00000000	0,81243200
557,20000000	0,80663110
557,40000000	0,80568933
557,60000000	0,80932756
557,80000000	0,81332635
558,00000000	0,80918831
558,20000000	0,80687021
558,40000000	0,80892392
558,60000000	0,80759840
558,80000000	0,81016298
559,00000000	0,80965653
559,20000000	0,81033907
559,40000000	0,81131942
559,60000000	0,81003659
559,80000000	0,81041432
560,00000000	0,81121935
560,20000000	0,81280973
560,40000000	0,81327875
560,60000000	0,81596591
560,80000000	0,81220708
561,00000000	0,81217678
561,20000000	0,81468597
561,40000000	0,81766599
561,60000000	0,81662791
561,80000000	0,81344600
562,00000000	0,81234528
562,20000000	0,81327972
562,40000000	0,81606543
562,60000000	0,81582109
562,80000000	0,81646403
563,00000000	0,81501433
563,20000000	0,81384855
563,40000000	0,81629564
563,60000000	0,81668938
563,80000000	0,81689289
564,00000000	0,81607314
564,20000000	0,81934639
564,40000000	0,82097099
564,60000000	0,81819632
564,80000000	0,81540127
565,00000000	0,81782291
565,20000000	0,81844065
565,40000000	0,81811969
565,60000000	0,82071157
565,80000000	0,81878597
566,00000000	0,81969090
566,20000000	0,82270892
566,40000000	0,82377971
566,60000000	0,82265099
566,80000000	0,82322125
567,00000000	0,82265369
567,20000000	0,82397595
567,40000000	0,82547134
567,60000000	0,82849347
567,80000000	0,83156545
568,00000000	0,82906709
568,20000000	0,82707096
568,40000000	0,82403298
568,60000000	0,82583520
568,80000000	0,82563175
569,00000000	0,82715980
569,20000000	0,82908091
569,40000000	0,82713106
569,60000000	0,82726545
569,80000000	0,83055657
570,00000000	0,83087857
570,20000000	0,82648535
570,40000000	0,82345925
570,60000000	0,82514687
570,80000000	0,82835567
571,00000000	0,82832305
571,20000000	0,82710838
571,40000000	0,82816927
571,60000000	0,82851446
571,80000000	0,82912510
572,00000000	0,82943466
572,20000000	0,82850492
572,40000000	0,82954451
572,60000000	0,82831729
572,80000000	0,82742574
573,00000000	0,82698444
573,20000000	0,82810398
573,40000000	0,82843590
573,60000000	0,82928526
573,80000000	0,82702421
574,00000000	0,82687064
574,20000000	0,82816025
574,40000000	0,82751855
574,60000000	0,82563802
574,80000000	0,82718339
575,00000000	0,83049480
575,20000000	0,82957932
575,40000000	0,82780094
575,60000000	0,82895065
575,80000000	0,82881013
576,00000000	0,82827422
576,20000000	0,82982591
576,40000000	0,82874735
576,60000000	0,82571654
576,80000000	0,82726111
577,00000000	0,82843375
577,20000000	0,82496421
577,40000000	0,82462449
577,60000000	0,82663867
577,80000000	0,82486355
578,00000000	0,82311936
578,20000000	0,82388101
578,40000000	0,82813339
578,60000000	0,82980524
578,80000000	0,82358215
579,00000000	0,82292919
579,20000000	0,82479209
579,40000000	0,82475707
579,60000000	0,82427233
579,80000000	0,82294670
580,00000000	0,82083702
580,20000000	0,82230695
580,40000000	0,82540507
580,60000000	0,82475039
580,80000000	0,82090981
581,00000000	0,82206809
581,20000000	0,82653910
581,40000000	0,82746411
581,60000000	0,82575023
581,80000000	0,82720653
582,00000000	0,82755252
582,20000000	0,82315421
582,40000000	0,82403048
582,60000000	0,82487182
582,80000000	0,82435485
583,00000000	0,82564232
583,20000000	0,82628376
583,40000000	0,82689918
583,60000000	0,82675428
583,80000000	0,82607761
584,00000000	0,82577739
584,20000000	0,82433951
584,40000000	0,82493951
584,60000000	0,83078634
584,80000000	0,83060839
585,00000000	0,82619627
585,20000000	0,82919596
585,40000000	0,83165547
585,60000000	0,82766506
585,80000000	0,82751331
586,00000000	0,82956553
586,20000000	0,82772451
586,40000000	0,82840563
586,60000000	0,82966696
586,80000000	0,83125815
587,00000000	0,83081690
587,20000000	0,82986925
587,40000000	0,83554338
587,60000000	0,83721011
587,80000000	0,83230861
588,00000000	0,83183481
588,20000000	0,83250100
588,40000000	0,83269026
588,60000000	0,83351633
588,80000000	0,83513613
589,00000000	0,83683447
589,20000000	0,83659631
589,40000000	0,83928180
589,60000000	0,83751897
589,80000000	0,83733575
590,00000000	0,83949845
590,20000000	0,84179894
590,40000000	0,84035619
590,60000000	0,84015161
590,80000000	0,84449194
591,00000000	0,84597093
591,20000000	0,84243880
591,40000000	0,84133432
591,60000000	0,84341863
591,80000000	0,84401654
592,00000000	0,84740342
592,20000000	0,84890110
592,40000000	0,84805702
592,60000000	0,84634775
592,80000000	0,84912506
593,00000000	0,84877862
593,20000000	0,84763527
593,40000000	0,85051981
593,60000000	0,85416589
593,80000000	0,85115566
594,00000000	0,85065814
594,20000000	0,85483923
594,40000000	0,85730754
594,60000000	0,85267167
594,80000000	0,85356479
595,00000000	0,85748084
595,20000000	0,85601965
595,40000000	0,85776086
595,60000000	0,86124919
595,80000000	0,86250087
596,00000000	0,86018954
596,20000000	0,86210903
596,40000000	0,86265473
596,60000000	0,85996551
596,80000000	0,86516726
597,00000000	0,86897460
597,20000000	0,86589805
597,40000000	0,86528265
597,60000000	0,86963803
597,80000000	0,87255174
598,00000000	0,86814961
598,20000000	0,86847413
598,40000000	0,87215111
598,60000000	0,87323736
598,80000000	0,87118880
599,00000000	0,87192307
599,20000000	0,87216741
599,40000000	0,87382155
599,60000000	0,87789891
599,80000000	0,87856100
600,00000000	0,87799095
600,20000000	0,87829422
600,40000000	0,88051531
600,60000000	0,88023770
600,80000000	0,87767672
601,00000000	0,88240300
601,20000000	0,88385993
601,40000000	0,88061816
601,60000000	0,88355661
601,80000000	0,88765507
602,00000000	0,88594034
602,20000000	0,88359573
602,40000000	0,88706936
602,60000000	0,88838730
602,80000000	0,88702352
603,00000000	0,88854758
603,20000000	0,89026947
603,40000000	0,88827095
603,60000000	0,89055178
603,80000000	0,89041692
604,00000000	0,88903457
604,20000000	0,88907485
604,40000000	0,89239991
604,60000000	0,89202966
604,80000000	0,89104114
605,00000000	0,89297455
605,20000000	0,89454697
605,40000000	0,89326438
605,60000000	0,89289949
605,80000000	0,89577303
606,00000000	0,89545081
606,20000000	0,89448376
606,40000000	0,89784560
606,60000000	0,89891820
606,80000000	0,89633055
607,00000000	0,89821909
607,20000000	0,89902299
607,40000000	0,89865354
607,60000000	0,90058139
607,80000000	0,90274541
608,00000000	0,89962804
608,20000000	0,90119801
608,40000000	0,90402066
608,60000000	0,90379535
608,80000000	0,90206999
609,00000000	0,90507995
609,20000000	0,90625962
609,40000000	0,90444197
609,60000000	0,90459261
609,80000000	0,90830451
610,00000000	0,90763133
610,20000000	0,90817871
610,40000000	0,90919481
610,60000000	0,91013167
610,80000000	0,90826797
611,00000000	0,91003377
611,20000000	0,91044967
611,40000000	0,91034659
611,60000000	0,91111991
611,80000000	0,91192548
612,00000000	0,91117889
612,20000000	0,91184214
612,40000000	0,91418470
612,60000000	0,91447160
612,80000000	0,91463228
613,00000000	0,91699335
613,20000000	0,91728723
613,40000000	0,91493502
613,60000000	0,91670755
613,80000000	0,92060591
614,00000000	0,92032067
614,20000000	0,91837504
614,40000000	0,91965783
614,60000000	0,92057662
614,80000000	0,91906592
615,00000000	0,92016247
615,20000000	0,92170644
615,40000000	0,92038114
615,60000000	0,92205303
615,80000000	0,92322636
616,00000000	0,92396873
616,20000000	0,92344721
616,40000000	0,92591353
616,60000000	0,92662400
616,80000000	0,92732530
617,00000000	0,92913433
617,20000000	0,93135172
617,40000000	0,92787936
617,60000000	0,92867395
617,80000000	0,93138973
618,00000000	0,93216736
618,20000000	0,93050265
618,40000000	0,93336301
618,60000000	0,93334384
618,80000000	0,93209784
619,00000000	0,93293185
619,20000000	0,93628207
619,40000000	0,93428454
619,60000000	0,93555365
619,80000000	0,93809570
620,00000000	0,93955896
620,20000000	0,93626988
620,40000000	0,93922088
620,60000000	0,94090161
620,80000000	0,94119174
621,00000000	0,94179460
621,20000000	0,94322572
621,40000000	0,94140831
621,60000000	0,94404404
621,80000000	0,94474490
622,00000000	0,94429248
622,20000000	0,94406892
622,40000000	0,94845414
622,60000000	0,94728762
622,80000000	0,94630317
623,00000000	0,94768393
623,20000000	0,94891275
623,40000000	0,94713338
623,60000000	0,95021522
623,80000000	0,95181589
624,00000000	0,95202622
624,20000000	0,95108792
624,40000000	0,95186593
624,60000000	0,95215244
624,80000000	0,95225660
625,00000000	0,95406337
625,20000000	0,95501766
625,40000000	0,95459765
625,60000000	0,95531443
625,80000000	0,95558810
626,00000000	0,95435568
626,20000000	0,95520804
626,40000000	0,95733513
626,60000000	0,95805976
626,80000000	0,95750370
627,00000000	0,95798073
627,20000000	0,95795667
627,40000000	0,95916789
627,60000000	0,95975440
627,80000000	0,96047729
628,00000000	0,96031103
628,20000000	0,96059474
628,40000000	0,96051976
628,60000000	0,96210661
628,80000000	0,96252535
629,00000000	0,96361909
629,20000000	0,96444015
629,40000000	0,96477987
629,60000000	0,96218504
629,80000000	0,96308519
630,00000000	0,96421183
630,20000000	0,96536479
630,40000000	0,96472434
630,60000000	0,96614445
630,80000000	0,96518829
631,00000000	0,96571443
631,20000000	0,96499603
631,40000000	0,96579922
631,60000000	0,96525450
631,80000000	0,96722153
632,00000000	0,96746737
632,20000000	0,96801845
632,40000000	0,96690376
632,60000000	0,96832917
632,80000000	0,96700344
633,00000000	0,96857490
633,20000000	0,96892651
633,40000000	0,96979517
633,60000000	0,96803357
633,80000000	0,96903371
634,00000000	0,97011834
634,20000000	0,96967817
634,40000000	0,96910013
634,60000000	0,97138648
634,80000000	0,97082669
635,00000000	0,97037744
635,20000000	0,96891318
635,40000000	0,97056746
635,60000000	0,97106887
635,80000000	0,97086075
636,00000000	0,97055435
636,20000000	0,97260083
636,40000000	0,97050269
636,60000000	0,97092672
636,80000000	0,97191709
637,00000000	0,97295867
637,20000000	0,97207730
637,40000000	0,97327222
637,60000000	0,97216780
637,80000000	0,97313130
638,00000000	0,97264694
638,20000000	0,97350100
638,40000000	0,97302671
638,60000000	0,97491514
638,80000000	0,97435120
639,00000000	0,97437157
639,20000000	0,97486794
639,40000000	0,97585958
639,60000000	0,97429190
639,80000000	0,97426586
640,00000000	0,97529960
640,20000000	0,97632121
640,40000000	0,97393860
640,60000000	0,97525899
640,80000000	0,97576864
641,00000000	0,97614076
641,20000000	0,97660629
641,40000000	0,97707225
641,60000000	0,97661587
641,80000000	0,97784520
642,00000000	0,97699134
642,20000000	0,97712409
642,40000000	0,97700287
642,60000000	0,97831022
642,80000000	0,97900280
643,00000000	0,97918935
643,20000000	0,97918830
643,40000000	0,97905676
643,60000000	0,97849406
643,80000000	0,97955347
644,00000000	0,97973253
644,20000000	0,98074189
644,40000000	0,98022162
644,60000000	0,98022427
644,80000000	0,98123436
645,00000000	0,98154285
645,20000000	0,98136228
645,40000000	0,98223089
645,60000000	0,98227422
645,80000000	0,98210547
646,00000000	0,98225972
646,20000000	0,98276061
646,40000000	0,98352181
646,60000000	0,98350317
646,80000000	0,98359224
647,00000000	0,98382491
647,20000000	0,98366375
647,40000000	0,98363893
647,60000000	0,98494039
647,80000000	0,98537077
648,00000000	0,98489204
648,20000000	0,98465565
648,40000000	0,98581431
648,60000000	0,98591195
648,80000000	0,98582691
649,00000000	0,98634047
649,20000000	0,98715898
649,40000000	0,98600275
649,60000000	0,98548340
649,80000000	0,98673003
650,00000000	0,98784850
650,20000000	0,98650077
650,40000000	0,98690041
650,60000000	0,98782291
650,80000000	0,98711517
651,00000000	0,98615678
651,20000000	0,98786381
651,40000000	0,98768810
651,60000000	0,98705751
651,80000000	0,98632190
652,00000000	0,98754927
652,20000000	0,98691511
652,40000000	0,98646206
652,60000000	0,98639787
652,80000000	0,98774630
653,00000000	0,98600091
653,20000000	0,98552052
653,40000000	0,98633022
653,60000000	0,98706018
653,80000000	0,98571758
654,00000000	0,98664163
654,20000000	0,98688085
654,40000000	0,98636048
654,60000000	0,98493561
654,80000000	0,98586722
655,00000000	0,98589474
655,20000000	0,98493513
655,40000000	0,98357930
655,60000000	0,98529695
655,80000000	0,98463201
656,00000000	0,98405897
656,20000000	0,98332399
656,40000000	0,98444856
656,60000000	0,98312070
656,80000000	0,98324547
657,00000000	0,98298552
657,20000000	0,98382363
657,40000000	0,98205961
657,60000000	0,98259144
657,80000000	0,98232239
658,00000000	0,98207260
658,20000000	0,98023159
658,40000000	0,98203162
658,60000000	0,98041718
658,80000000	0,97993358
659,00000000	0,97936814
659,20000000	0,98191539
659,40000000	0,97881013
659,60000000	0,97902954
659,80000000	0,97913775
660,00000000	0,97975732
660,20000000	0,97628683
660,40000000	0,97743712
660,60000000	0,97750217
660,80000000	0,97668435
661,00000000	0,97443285
661,20000000	0,97708559
661,40000000	0,97536295
661,60000000	0,97375461
661,80000000	0,97320475
662,00000000	0,97507197
662,20000000	0,97384545
662,40000000	0,97395842
662,60000000	0,97327684
662,80000000	0,97388094
663,00000000	0,97189444
663,20000000	0,97186793
663,40000000	0,97305950
663,60000000	0,97173115
663,80000000	0,97049273
664,00000000	0,97097927
664,20000000	0,97195929
664,40000000	0,96959393
664,60000000	0,96956040
664,80000000	0,97106394
665,00000000	0,96882123
665,20000000	0,96669032
665,40000000	0,96907133
665,60000000	0,96999079
665,80000000	0,96839871
666,00000000	0,96657486
666,20000000	0,96959760
666,40000000	0,96735750
666,60000000	0,96654260
666,80000000	0,96687695
667,00000000	0,96811596
667,20000000	0,96505847
667,40000000	0,96663182
667,60000000	0,96621447
667,80000000	0,96603699
668,00000000	0,96231734
668,20000000	0,96704512
668,40000000	0,96647991
668,60000000	0,96493790
668,80000000	0,96400814
669,00000000	0,96637922
669,20000000	0,96288202
669,40000000	0,96417424
669,60000000	0,96436431
669,80000000	0,96621610
670,00000000	0,96202804
670,20000000	0,96219053
670,40000000	0,96377854
670,60000000	0,96401143
670,80000000	0,96142348
671,00000000	0,96406813
671,20000000	0,96400891
671,40000000	0,96158246
671,60000000	0,96003267
671,80000000	0,96384511
672,00000000	0,96382990
672,20000000	0,96064865
672,40000000	0,96214209
672,60000000	0,96451178
672,80000000	0,96202342
673,00000000	0,96064302
673,20000000	0,96376861
673,40000000	0,96359071
673,60000000	0,96247538
673,80000000	0,96222858
674,00000000	0,96453724
674,20000000	0,95992070
674,40000000	0,96156286
674,60000000	0,96265898
674,80000000	0,96482620
675,00000000	0,95879021
675,20000000	0,96101609
675,40000000	0,96246425
675,60000000	0,96151555
675,80000000	0,95884334
676,00000000	0,96255999
676,20000000	0,96089704
676,40000000	0,96070606
676,60000000	0,96065749
676,80000000	0,96365095
677,00000000	0,96096172
677,20000000	0,96025433
677,40000000	0,96149598
677,60000000	0,96180579
677,80000000	0,95780185
678,00000000	0,95910402
678,20000000	0,96105605
678,40000000	0,96060987
678,60000000	0,95858541
678,80000000	0,96065556
679,00000000	0,96260947
679,20000000	0,95812029
679,40000000	0,96028057
679,60000000	0,96048555
679,80000000	0,96101819
680,00000000	0,95852856
680,20000000	0,96150721
680,40000000	0,95998197
680,60000000	0,95835551
680,80000000	0,95766893
681,00000000	0,96053385
681,20000000	0,95704980
681,40000000	0,95816673
681,60000000	0,95827075
681,80000000	0,95921566
682,00000000	0,95686835
682,20000000	0,95731964
682,40000000	0,95655366
682,60000000	0,95712316
682,80000000	0,95492603
683,00000000	0,95754122
683,20000000	0,95779417
683,40000000	0,95656714
683,60000000	0,95589231
683,80000000	0,95701537
684,00000000	0,95633317
684,20000000	0,95513226
684,40000000	0,95788181
684,60000000	0,95529302
684,80000000	0,95415775
685,00000000	0,95351371
685,20000000	0,95477817
685,40000000	0,95404769
685,60000000	0,95529902
685,80000000	0,95432181
686,00000000	0,95532173
686,20000000	0,95251216
686,40000000	0,95516144
686,60000000	0,95432633
686,80000000	0,95382060
687,00000000	0,95327130
687,20000000	0,95394867
687,40000000	0,95153255
687,60000000	0,95076415
687,80000000	0,95217460
688,00000000	0,95311158
688,20000000	0,95159176
688,40000000	0,95249511
688,60000000	0,95176757
688,80000000	0,95124446
689,00000000	0,95145966
689,20000000	0,95007997
689,40000000	0,95200077
689,60000000	0,95048422
689,80000000	0,94948941
690,00000000	0,94922112
690,20000000	0,95130254
690,40000000	0,94973774
690,60000000	0,95048494
690,80000000	0,95059556
691,00000000	0,95000937
691,20000000	0,94915094
691,40000000	0,95035383
691,60000000	0,94879799
691,80000000	0,95039464
692,00000000	0,94919082
692,20000000	0,94910212
692,40000000	0,94920602
692,60000000	0,94797619
692,80000000	0,94822055
693,00000000	0,94758905
693,20000000	0,94854517
693,40000000	0,94943997
693,60000000	0,94812286
693,80000000	0,94769649
694,00000000	0,94897529
694,20000000	0,94778086
694,40000000	0,94988415
694,60000000	0,94803100
694,80000000	0,94941874
695,00000000	0,94941933
695,20000000	0,94919269
695,40000000	0,94658457
695,60000000	0,94807636
695,80000000	0,94841380
696,00000000	0,94853203
696,20000000	0,94794133
696,40000000	0,94846400
696,60000000	0,94695122
696,80000000	0,94747692
697,00000000	0,94724698
697,20000000	0,94676745
697,40000000	0,94829834
697,60000000	0,94836286
697,80000000	0,94881521
698,00000000	0,94940810
698,20000000	0,94870380
698,40000000	0,94735746
698,60000000	0,94808879
698,80000000	0,94797350
699,00000000	0,94902822
699,20000000	0,94872057
699,40000000	0,94865502
699,60000000	0,94850332
699,80000000	0,94922967
700,00000000	0,94927183
700,20000000	0,95048423
700,40000000	0,95058556
700,60000000	0,94950764
700,80000000	0,95044766
701,00000000	0,94928421
701,20000000	0,94939654
701,40000000	0,94853506
701,60000000	0,95014854
701,80000000	0,95013624
702,00000000	0,95150226
702,20000000	0,94844642
702,40000000	0,94880180
702,60000000	0,94908226
702,80000000	0,95095130
703,00000000	0,95037986
703,20000000	0,94982876
703,40000000	0,94953608
703,60000000	0,94891936
703,80000000	0,94847468
704,00000000	0,94954928
704,20000000	0,95112916
704,40000000	0,95031985
704,60000000	0,94989330
704,80000000	0,94979301
705,00000000	0,95012193
705,20000000	0,94963489
705,40000000	0,95060658
705,60000000	0,94806793
705,80000000	0,95040685
706,00000000	0,94982361
706,20000000	0,94691833
706,40000000	0,94785919
706,60000000	0,94977808
706,80000000	0,94954928
707,00000000	0,94879727
707,20000000	0,94889552
707,40000000	0,94883943
707,60000000	0,94839653
707,80000000	0,94818601
708,00000000	0,95021481
708,20000000	0,94811556
708,40000000	0,94774336
708,60000000	0,94719800
708,80000000	0,94835598
709,00000000	0,94852356
709,20000000	0,94826812
709,40000000	0,94659204
709,60000000	0,94805178
709,80000000	0,94837934
710,00000000	0,94622364
710,20000000	0,94519847
710,40000000	0,94770731
710,60000000	0,94716269
710,80000000	0,94519276
711,00000000	0,94519701
711,20000000	0,94499195
711,40000000	0,94679955
711,60000000	0,94312060
711,80000000	0,94531339
712,00000000	0,94573009
712,20000000	0,94492974
712,40000000	0,94388973
712,60000000	0,94496417
712,80000000	0,94293978
713,00000000	0,94320265
713,20000000	0,94361930
713,40000000	0,94207425
713,60000000	0,94364622
713,80000000	0,94381715
714,00000000	0,94277684
714,20000000	0,94205797
714,40000000	0,94234903
714,60000000	0,94134975
714,80000000	0,94238487
715,00000000	0,94177688
715,20000000	0,94130969
715,40000000	0,94262549
715,60000000	0,94172583
715,80000000	0,94080251
716,00000000	0,94123717
716,20000000	0,94037295
716,40000000	0,94160746
716,60000000	0,94096190
716,80000000	0,93931184
717,00000000	0,94117611
717,20000000	0,94044664
717,40000000	0,94210304
717,60000000	0,94029706
717,80000000	0,93976302
718,00000000	0,93965806
718,20000000	0,94102522
718,40000000	0,93829873
718,60000000	0,94058141
718,80000000	0,94043437
719,00000000	0,94046055
719,20000000	0,94155826
719,40000000	0,94094565
719,60000000	0,94191327
719,80000000	0,94195486
720,00000000	0,94024012
720,20000000	0,94023837
720,40000000	0,94344370
720,60000000	0,94127137
720,80000000	0,94207077
721,00000000	0,94191432
721,20000000	0,94258621
721,40000000	0,94264289
721,60000000	0,94325733
721,80000000	0,94396764
722,00000000	0,94443527
722,20000000	0,94296139
722,40000000	0,94378856
722,60000000	0,94499848
722,80000000	0,94346875
723,00000000	0,94578753
723,20000000	0,94453499
723,40000000	0,94450116
723,60000000	0,94509464
723,80000000	0,94540950
724,00000000	0,94532559
724,20000000	0,94720755
724,40000000	0,94577938
724,60000000	0,94688772
724,80000000	0,94765487
725,00000000	0,94642725
725,20000000	0,94865135
725,40000000	0,94826193
725,60000000	0,94882390
725,80000000	0,94825511
726,00000000	0,94835222
726,20000000	0,94825707
726,40000000	0,95029893
726,60000000	0,94887569
726,80000000	0,95087159
727,00000000	0,94948054
727,20000000	0,95031805
727,40000000	0,95184432
727,60000000	0,95107581
727,80000000	0,95219212
728,00000000	0,95292851
728,20000000	0,95293987
728,40000000	0,95354820
728,60000000	0,95534392
728,80000000	0,95327371
729,00000000	0,95511295
729,20000000	0,95492240
729,40000000	0,95529318
729,60000000	0,95557723
729,80000000	0,95542642
730,00000000	0,95678715
730,20000000	0,95796389
730,40000000	0,95600408
730,60000000	0,95844280
730,80000000	0,95938350
731,00000000	0,95831493
731,20000000	0,95951459
731,40000000	0,95842415
731,60000000	0,95968867
731,80000000	0,96045332
732,00000000	0,96013282
732,20000000	0,96065881
732,40000000	0,96144709
732,60000000	0,96060382
732,80000000	0,96192182
733,00000000	0,96268049
733,20000000	0,96226570
733,40000000	0,96340396
733,60000000	0,96239696
733,80000000	0,96419016
734,00000000	0,96447279
734,20000000	0,96388643
734,40000000	0,96525749
734,60000000	0,96568535
734,80000000	0,96437114
735,00000000	0,96552193
735,20000000	0,96472105
735,40000000	0,96578658
735,60000000	0,96649535
735,80000000	0,96537356
736,00000000	0,96591361
736,20000000	0,96534607
736,40000000	0,96569074
736,60000000	0,96644689
736,80000000	0,96582617
737,00000000	0,96590727
737,20000000	0,96753408
737,40000000	0,96585129
737,60000000	0,96710630
737,80000000	0,96732899
738,00000000	0,96640980
738,20000000	0,96827343
738,40000000	0,96700944
738,60000000	0,96706905
738,80000000	0,96802891
739,00000000	0,96796664
739,20000000	0,96791768
739,40000000	0,96817734
739,60000000	0,96799541
739,80000000	0,96939198
740,00000000	0,96902005
740,20000000	0,96779511
740,40000000	0,96918833
740,60000000	0,96918790
740,80000000	0,96948470
741,00000000	0,96971223
741,20000000	0,96876031
741,40000000	0,96956034
741,60000000	0,96971528
741,80000000	0,96873480
742,00000000	0,97005810
742,20000000	0,96885092
742,40000000	0,96868530
742,60000000	0,96979103
742,80000000	0,96875822
743,00000000	0,96986641
743,20000000	0,96934178
743,40000000	0,96868376
743,60000000	0,96943610
743,80000000	0,96994157
744,00000000	0,96908171
744,20000000	0,97043811
744,40000000	0,96871541
744,60000000	0,96910390
744,80000000	0,96959322
745,00000000	0,96919449
745,20000000	0,97061309
745,40000000	0,96998501
745,60000000	0,97019072
745,80000000	0,96974208
746,00000000	0,96929619
746,20000000	0,96990382
746,40000000	0,97057974
746,60000000	0,96998905
746,80000000	0,97076561
747,00000000	0,96999861
747,20000000	0,96908078
747,40000000	0,97108584
747,60000000	0,97044347
747,80000000	0,97042056
748,00000000	0,97064288
748,20000000	0,97047093
748,40000000	0,97049325
748,60000000	0,97099068
748,80000000	0,97117047
749,00000000	0,97129095
749,20000000	0,97100376
749,40000000	0,97171192
749,60000000	0,97176131
749,80000000	0,97106342
750,00000000	0,97224024
750,20000000	0,97141140
750,40000000	0,97128239
750,60000000	0,97197272
750,80000000	0,97110561
751,00000000	0,97221385
751,20000000	0,97287978
751,40000000	0,97230015
751,60000000	0,97239214
751,80000000	0,97339820
752,00000000	0,97321797
752,20000000	0,97377613
752,40000000	0,97375989
752,60000000	0,97443859
752,80000000	0,97423720
753,00000000	0,97394612
753,20000000	0,97544457
753,40000000	0,97487312
753,60000000	0,97457004
753,80000000	0,97459681
754,00000000	0,97510026
754,20000000	0,97554857
754,40000000	0,97555937
754,60000000	0,97554900
754,80000000	0,97582881
755,00000000	0,97701989
755,20000000	0,97781623
755,40000000	0,97750051
755,60000000	0,97705104
755,80000000	0,97763012
756,00000000	0,97790613
756,20000000	0,97748495
756,40000000	0,97833054
756,60000000	0,97804697
756,80000000	0,97779320
757,00000000	0,97858563
757,20000000	0,97843348
757,40000000	0,97842505
757,60000000	0,97910357
757,80000000	0,97944443
758,00000000	0,97960114
758,20000000	0,97959340
758,40000000	0,97996372
758,60000000	0,98109159
758,80000000	0,98090566
759,00000000	0,98076202
759,20000000	0,98129055
759,40000000	0,98118366
759,60000000	0,98150550
759,80000000	0,98138090
760,00000000	0,98157400
760,20000000	0,98160021
760,40000000	0,98120307
760,60000000	0,98231492
760,80000000	0,98285652
761,00000000	0,98269043
761,20000000	0,98242606
761,40000000	0,98236865
761,60000000	0,98332331
761,80000000	0,98381665
762,00000000	0,98270134
762,20000000	0,98316637
762,40000000	0,98359479
762,60000000	0,98350043
762,80000000	0,98414254
763,00000000	0,98341341
763,20000000	0,98427702
763,40000000	0,98445952
763,60000000	0,98371992
763,80000000	0,98406943
764,00000000	0,98402232
764,20000000	0,98443334
764,40000000	0,98494247
764,60000000	0,98382572
764,80000000	0,98440033
765,00000000	0,98520337
765,20000000	0,98468158
765,40000000	0,98462055
765,60000000	0,98454125
765,80000000	0,98452152
766,00000000	0,98568903
766,20000000	0,98446050
766,40000000	0,98419442
766,60000000	0,98558236
766,80000000	0,98485018
767,00000000	0,98472778
767,20000000	0,98427966
767,40000000	0,98498432
767,60000000	0,98516502
767,80000000	0,98465329
768,00000000	0,98554041
768,20000000	0,98529936
768,40000000	0,98514692
768,60000000	0,98528057
768,80000000	0,98473103
769,00000000	0,98528394
769,20000000	0,98552944
769,40000000	0,98467777
769,60000000	0,98456999
769,80000000	0,98498822
770,00000000	0,98500143
770,20000000	0,98512628
770,40000000	0,98415181
770,60000000	0,98458240
770,80000000	0,98460822
771,00000000	0,98468675
771,20000000	0,98424595
771,40000000	0,98452596
771,60000000	0,98504795
771,80000000	0,98525380
772,00000000	0,98471591
772,20000000	0,98411641
772,40000000	0,98475043
772,60000000	0,98498431
772,80000000	0,98531294
773,00000000	0,98529468
773,20000000	0,98533833
773,40000000	0,98504933
773,60000000	0,98488841
773,80000000	0,98499451
774,00000000	0,98464695
774,20000000	0,98520307
774,40000000	0,98514084
774,60000000	0,98509832
774,80000000	0,98558465
775,00000000	0,98617955
775,20000000	0,98469939
775,40000000	0,98508289
775,60000000	0,98505693
775,80000000	0,98537228
776,00000000	0,98596130
776,20000000	0,98517357
776,40000000	0,98548248
776,60000000	0,98640206
776,80000000	0,98551602
777,00000000	0,98542495
777,20000000	0,98622742
777,40000000	0,98574550
777,60000000	0,98646049
777,80000000	0,98656140
778,00000000	0,98606682
778,20000000	0,98640293
778,40000000	0,98618027
778,60000000	0,98674978
778,80000000	0,98704362
779,00000000	0,98706242
779,20000000	0,98774304
779,40000000	0,98730811
779,60000000	0,98713977
779,80000000	0,98746142
780,00000000	0,98835246
780,20000000	0,98742493
780,40000000	0,98740021
780,60000000	0,98875872
780,80000000	0,98896574
781,00000000	0,98839308
781,20000000	0,98868877
781,40000000	0,98912879
781,60000000	0,98881680
781,80000000	0,98949105
782,00000000	0,98882132
782,20000000	0,98947359
782,40000000	0,99038450
782,60000000	0,99005926
782,80000000	0,99011989
783,00000000	0,99042092
783,20000000	0,99060702
783,40000000	0,99074797
783,60000000	0,99121752
783,80000000	0,99100552
784,00000000	0,99159931
784,20000000	0,99169782
784,40000000	0,99163397
784,60000000	0,99204590
784,80000000	0,99207842
785,00000000	0,99264214
785,20000000	0,99281180
785,40000000	0,99267871
785,60000000	0,99291125
785,80000000	0,99294016
786,00000000	0,99298106
786,20000000	0,99377054
786,40000000	0,99356059
786,60000000	0,99431449
786,80000000	0,99408991
787,00000000	0,99382652
787,20000000	0,99443979
787,40000000	0,99437049
787,60000000	0,99495131
787,80000000	0,99498838
788,00000000	0,99512939
788,20000000	0,99547290
788,40000000	0,99538096
788,60000000	0,99529463
788,80000000	0,99522738
789,00000000	0,99554135
789,20000000	0,99594771
789,40000000	0,99600484
789,60000000	0,99571573
789,80000000	0,99610143
790,00000000	0,99617426
790,20000000	0,99612059
790,40000000	0,99648882
790,60000000	0,99596819
790,80000000	0,99642892
791,00000000	0,99647359
791,20000000	0,99656609
791,40000000	0,99685539
791,60000000	0,99666387
791,80000000	0,99645908
792,00000000	0,99706771
792,20000000	0,99717531
792,40000000	0,99694132
792,60000000	0,99714320
792,80000000	0,99704669
793,00000000	0,99719591
793,20000000	0,99710388
793,40000000	0,99742111
793,60000000	0,99722434
793,80000000	0,99721685
794,00000000	0,99738007
794,20000000	0,99716717
794,40000000	0,99738429
794,60000000	0,99732835
794,80000000	0,99719355
795,00000000	0,99707099
795,20000000	0,99698696
795,40000000	0,99708138
795,60000000	0,99722452
795,80000000	0,99681544
796,00000000	0,99666979
796,20000000	0,99701061
796,40000000	0,99705605
796,60000000	0,99729190
796,80000000	0,99693463
797,00000000	0,99669200
797,20000000	0,99704858
797,40000000	0,99684773
797,60000000	0,99654388
797,80000000	0,99684772
798,00000000	0,99667294
798,20000000	0,99659979
798,40000000	0,99675046
798,60000000	0,99654731
798,80000000	0,99672269
799,00000000	0,99701410
799,20000000	0,99648703
799,40000000	0,99658396
799,60000000	0,99669312
799,80000000	0,99637694
800,00000000	0,99643177
800,20000000	0,99595792
800,40000000	0,99640940
800,60000000	0,99585199
800,80000000	0,99608432
801,00000000	0,99615031
801,20000000	0,99613056
801,40000000	0,99616131
801,60000000	0,99588210
801,80000000	0,99585709
802,00000000	0,99563123
802,20000000	0,99595067
802,40000000	0,99613865
802,60000000	0,99585924
802,80000000	0,99581001
803,00000000	0,99570428
803,20000000	0,99551416
803,40000000	0,99568468
803,60000000	0,99555919
803,80000000	0,99565306
804,00000000	0,99600179
804,20000000	0,99558757
804,40000000	0,99536483
804,60000000	0,99531665
804,80000000	0,99506055
805,00000000	0,99539811
805,20000000	0,99599731
805,40000000	0,99543111
805,60000000	0,99530918
805,80000000	0,99529180
806,00000000	0,99467250
806,20000000	0,99528187
806,40000000	0,99509969
806,60000000	0,99506017
806,80000000	0,99585777
807,00000000	0,99528169
807,20000000	0,99525570
807,40000000	0,99574492
807,60000000	0,99478186
807,80000000	0,99475633
808,00000000	0,99561910
808,20000000	0,99495741
808,40000000	0,99529580
808,60000000	0,99505205
808,80000000	0,99473910
809,00000000	0,99533616
809,20000000	0,99548504
809,40000000	0,99541905
809,60000000	0,99515728
809,80000000	0,99515160
810,00000000	0,99512419
810,20000000	0,99561220
810,40000000	0,99496670
810,60000000	0,99525252
810,80000000	0,99479668
811,00000000	0,99507838
811,20000000	0,99561600
811,40000000	0,99537934
811,60000000	0,99490793
811,80000000	0,99547218
812,00000000	0,99534435
812,20000000	0,99515002
812,40000000	0,99586286
812,60000000	0,99500221
812,80000000	0,99522080
813,00000000	0,99546742
813,20000000	0,99496449
813,40000000	0,99544009
813,60000000	0,99528652
813,80000000	0,99413477
814,00000000	0,99581851
814,20000000	0,99530164
814,40000000	0,99444827
814,60000000	0,99635250
814,80000000	0,99542392
815,00000000	0,99512743
815,20000000	0,99647859
815,40000000	0,99508768
815,60000000	0,99536996
815,80000000	0,99622146
816,00000000	0,99513753
816,20000000	0,99604523
816,40000000	0,99580098
816,60000000	0,99477994
816,80000000	0,99639564
817,00000000	0,99587623
817,20000000	0,99536813
817,40000000	0,99642578
817,60000000	0,99569828
817,80000000	0,99543416
818,00000000	0,99634222
818,20000000	0,99550958
818,40000000	0,99612857
818,60000000	0,99620341
818,80000000	0,99553801
819,00000000	0,99615054
819,20000000	0,99638549
819,40000000	0,99569144
819,60000000	0,99644775
819,80000000	0,99625136
820,00000000	0,99637979
820,20000000	0,99676394
820,40000000	0,99608323
820,60000000	0,99668865
820,80000000	0,99671283
821,00000000	0,99603154
821,20000000	0,99685232
821,40000000	0,99713139
821,60000000	0,99641638
821,80000000	0,99680247
822,00000000	0,99623683
822,20000000	0,99669764
822,40000000	0,99731791
822,60000000	0,99673286
822,80000000	0,99676108
823,00000000	0,99713819
823,20000000	0,99687693
823,40000000	0,99715556
823,60000000	0,99702498
823,80000000	0,99619069
824,00000000	0,99717475
824,20000000	0,99680797
824,40000000	0,99618518
824,60000000	0,99712121
824,80000000	0,99666384
825,00000000	0,99642559
825,20000000	0,99759883
825,40000000	0,99659537
825,60000000	0,99666203
825,80000000	0,99706833
826,00000000	0,99636032
826,20000000	0,99691700
826,40000000	0,99682367
826,60000000	0,99639273
826,80000000	0,99696061
827,00000000	0,99652871
827,20000000	0,99624572
827,40000000	0,99672900
827,60000000	0,99642115
827,80000000	0,99551404
828,00000000	0,99685307
828,20000000	0,99626844
828,40000000	0,99533381
828,60000000	0,99629681
828,80000000	0,99530203
829,00000000	0,99541870
829,20000000	0,99631899
829,40000000	0,99467403
829,60000000	0,99535350
829,80000000	0,99510070
830,00000000	0,99396889
830,20000000	0,99490063
830,40000000	0,99358661
830,60000000	0,99404989
830,80000000	0,99505451
831,00000000	0,99307300
831,20000000	0,99349598
831,40000000	0,99353859
831,60000000	0,99189895
831,80000000	0,99338175
832,00000000	0,99257452
832,20000000	0,99164639
832,40000000	0,99201896
832,60000000	0,99145883
832,80000000	0,99096259
833,00000000	0,99244368
833,20000000	0,99050870
833,40000000	0,99067172
833,60000000	0,99173973
833,80000000	0,98893227
834,00000000	0,99014863
834,20000000	0,98904613
834,40000000	0,98754252
834,60000000	0,98986692
834,80000000	0,98818992
835,00000000	0,98821819
835,20000000	0,98832174
835,40000000	0,98558706
835,60000000	0,98727215
835,80000000	0,98785425
836,00000000	0,98440100
836,20000000	0,98609188
836,40000000	0,98540233
836,60000000	0,98347771
836,80000000	0,98514784
837,00000000	0,98344089
837,20000000	0,98309476
837,40000000	0,98406363
837,60000000	0,98038700
837,80000000	0,98195133
838,00000000	0,98272777
838,20000000	0,97895144
838,40000000	0,98135375
838,60000000	0,97971306
838,80000000	0,97809701
839,00000000	0,98091577
839,20000000	0,97725998
839,40000000	0,97691914
839,60000000	0,97873143
839,80000000	0,97642923
840,00000000	0,97637939
840,20000000	0,97701692
840,40000000	0,97416420
840,60000000	0,97689887
840,80000000	0,97455878
841,00000000	0,97345301
841,20000000	0,97606235
841,40000000	0,97277632
841,60000000	0,97222537
841,80000000	0,97524679
842,00000000	0,97083488
842,20000000	0,97284063
842,40000000	0,97232260
842,60000000	0,96932244
842,80000000	0,97321518
843,00000000	0,96922349
843,20000000	0,96842192
843,40000000	0,97163717
843,60000000	0,96795000
843,80000000	0,96767698
844,00000000	0,96951272
844,20000000	0,96632696
844,40000000	0,96810181
844,60000000	0,96807232
844,80000000	0,96369915
845,00000000	0,96922476
845,20000000	0,96496672
845,40000000	0,96448591
845,60000000	0,96800586
845,80000000	0,96360968
846,00000000	0,96377556
846,20000000	0,96633757
846,40000000	0,96139691
846,60000000	0,96529777
846,80000000	0,96482943
847,00000000	0,96140320
847,20000000	0,96649663
847,40000000	0,96383341
847,60000000	0,96272480
847,80000000	0,96612413
848,00000000	0,96130481
848,20000000	0,96353072
848,40000000	0,96405095
848,60000000	0,95998752
848,80000000	0,96416538
849,00000000	0,96166832
849,20000000	0,96178281
849,40000000	0,96533416
849,60000000	0,96173220
849,80000000	0,96300443
850,00000000	0,96413661
850,20000000	0,96080651
850,40000000	0,96355042
850,60000000	0,96265462
850,80000000	0,96066511
851,00000000	0,96385857
851,20000000	0,96318767
851,40000000	0,96104754
851,60000000	0,96473725
851,80000000	0,96194009
852,00000000	0,96398160
852,20000000	0,96418079
852,40000000	0,96104320
852,60000000	0,96510322
852,80000000	0,96437615
853,00000000	0,96249936
853,20000000	0,96574934
853,40000000	0,96312576
853,60000000	0,96419849
853,80000000	0,96549289
854,00000000	0,96370089
854,20000000	0,96610999
854,40000000	0,96748956
854,60000000	0,96462569
854,80000000	0,96719005
855,00000000	0,96605941
855,20000000	0,96531271
855,40000000	0,96780324
855,60000000	0,96570393
855,80000000	0,96757249
856,00000000	0,96847239
856,20000000	0,96784529
856,40000000	0,96961487
856,60000000	0,96908296
856,80000000	0,96773243
857,00000000	0,97050315
857,20000000	0,96880762
857,40000000	0,96933803
857,60000000	0,97132521
857,80000000	0,97055331
858,00000000	0,97236634
858,20000000	0,97187149
858,40000000	0,97050217
858,60000000	0,97296345
858,80000000	0,97136967
859,00000000	0,97222863
859,20000000	0,97350981
859,40000000	0,97250107
859,60000000	0,97420354
859,80000000	0,97465967
860,00000000	0,97414719
860,20000000	0,97567673
860,40000000	0,97497375
860,60000000	0,97498836
860,80000000	0,97641349
861,00000000	0,97618123
861,20000000	0,97646696
861,40000000	0,97853512
861,60000000	0,97762934
861,80000000	0,97759564
862,00000000	0,97797733
862,20000000	0,97716024
862,40000000	0,97978357
862,60000000	0,97919010
862,80000000	0,97927919
863,00000000	0,98100394
863,20000000	0,97946734
863,40000000	0,98076520
863,60000000	0,98108271
863,80000000	0,98041902
864,00000000	0,98187197
864,20000000	0,98171392
864,40000000	0,98140948
864,60000000	0,98234761
864,80000000	0,98293363
865,00000000	0,98377096
865,20000000	0,98356254
865,40000000	0,98237458
865,60000000	0,98393197
865,80000000	0,98362351
866,00000000	0,98357239
866,20000000	0,98524664
866,40000000	0,98473144
866,60000000	0,98543693
866,80000000	0,98541467
867,00000000	0,98566051
867,20000000	0,98621154
867,40000000	0,98624183
867,60000000	0,98561662
867,80000000	0,98653525
868,00000000	0,98740122
868,20000000	0,98649478
868,40000000	0,98745287
868,60000000	0,98708829
868,80000000	0,98816257
869,00000000	0,98824204
869,20000000	0,98775551
869,40000000	0,98915799
869,60000000	0,98846887
869,80000000	0,98858858
870,00000000	0,98895027
870,20000000	0,98894824
870,40000000	0,98918094
870,60000000	0,99018003
870,80000000	0,99003119
871,00000000	0,99007445
871,20000000	0,99095518
871,40000000	0,98990966
871,60000000	0,99057059
871,80000000	0,99073903
872,00000000	0,99068261
872,20000000	0,99152677
872,40000000	0,99077055
872,60000000	0,99170759
872,80000000	0,99147022
873,00000000	0,99183153
873,20000000	0,99236542
873,40000000	0,99194618
873,60000000	0,99232532
873,80000000	0,99224335
874,00000000	0,99289742
874,20000000	0,99247203
874,40000000	0,99316336
874,60000000	0,99303173
874,80000000	0,99295365
875,00000000	0,99353791
875,20000000	0,99313304
875,40000000	0,99430782
875,60000000	0,99354632
875,80000000	0,99374056
876,00000000	0,99438723
876,20000000	0,99394457
876,40000000	0,99484744
876,60000000	0,99455925
876,80000000	0,99462242
877,00000000	0,99534048
877,20000000	0,99522735
877,40000000	0,99528784
877,60000000	0,99537555
877,80000000	0,99558588
878,00000000	0,99555536
878,20000000	0,99571452
878,40000000	0,99523944
878,60000000	0,99646339
878,80000000	0,99586800
879,00000000	0,99617221
879,20000000	0,99648697
879,40000000	0,99630288
879,60000000	0,99707508
879,80000000	0,99657143
880,00000000	0,99688564
880,20000000	0,99699123
880,40000000	0,99689715
880,60000000	0,99703558
880,80000000	0,99736404
881,00000000	0,99753336
881,20000000	0,99762401
881,40000000	0,99774422
881,60000000	0,99763371
881,80000000	0,99786409
882,00000000	0,99778258
882,20000000	0,99793255
882,40000000	0,99811300
882,60000000	0,99818043
882,80000000	0,99867135
883,00000000	0,99823410
883,20000000	0,99870913
883,40000000	0,99849455
883,60000000	0,99874577
883,80000000	0,99881310
884,00000000	0,99866559
884,20000000	0,99877725
884,40000000	0,99890128
884,60000000	0,99925174
884,80000000	0,99904079
885,00000000	0,99931596
885,20000000	0,99911813
885,40000000	0,99923862
885,60000000	0,99928554
885,80000000	0,99914745
886,00000000	0,99964321
886,20000000	0,99951780
886,40000000	0,99959953
886,60000000	0,99949874
886,80000000	0,99971119
887,00000000	0,99970127
887,20000000	0,99965550
887,40000000	0,99982805
887,60000000	0,99974061
887,80000000	0,99979554
888,00000000	0,99969595
888,20000000	0,99987861
888,40000000	0,99985670
888,60000000	0,99982203
888,80000000	0,99992175
889,00000000	0,99983985
889,20000000	0,99995526
889,40000000	0,99984495
889,60000000	0,99991914
889,80000000	0,99990922
890,00000000	0,99984821
890,20000000	0,99994658
890,40000000	0,99987106
890,60000000	0,99995670
890,80000000	0,99985114
891,00000000	0,99991872
891,20000000	0,99990432
891,40000000	0,99983912
891,60000000	0,99991887
891,80000000	0,99986747
892,00000000	0,99993823
892,20000000	0,99976601
892,40000000	0,99973860
892,60000000	0,99980858
892,80000000	0,99978372
893,00000000	0,99989936
893,20000000	0,99969315
893,40000000	0,99981414
893,60000000	0,99976606
893,80000000	0,99982738
894,00000000	0,99970373
894,20000000	0,99960578
894,40000000	0,99976454
894,60000000	0,99933764
894,80000000	0,99973272
895,00000000	0,99962900
895,20000000	0,99966559
895,40000000	0,99955198
895,60000000	0,99961834
895,80000000	0,99965301
896,00000000	0,99961729
896,20000000	0,99967136
896,40000000	0,99947043
896,60000000	0,99968470
896,80000000	0,99940788
897,00000000	0,99965324
897,20000000	0,99951276
897,40000000	0,99960681
897,60000000	0,99961122
897,80000000	0,99936970
898,00000000	0,99972703
898,20000000	0,99937414
898,40000000	0,99968656
898,60000000	0,99951278
898,80000000	0,99951999
899,00000000	0,99955505
899,20000000	0,99948111
899,40000000	0,99957185
899,60000000	0,99945985
899,80000000	0,99964812
900,00000000	0,99947664
