150,00000000	0,99508352
150,20000000	0,99551803
150,40000000	0,99478960
150,60000000	0,99485482
150,80000000	0,99243592
151,00000000	0,99139659
151,20000000	0,98937651
151,40000000	0,99219858
151,60000000	0,99380338
151,80000000	0,98831289
152,00000000	0,99556582
152,20000000	0,99253071
152,40000000	0,98933569
152,60000000	0,99371110
152,80000000	0,98684064
153,00000000	0,98961531
153,20000000	0,99255074
153,40000000	0,98905575
153,60000000	0,99301646
153,80000000	0,98933123
154,00000000	0,98404731
154,20000000	0,99154986
154,40000000	0,98920516
154,60000000	0,99198460
154,80000000	0,98809119
155,00000000	0,98298841
155,20000000	0,99066887
155,40000000	0,98480576
155,60000000	0,98329157
155,80000000	0,98633754
156,00000000	0,99000589
156,20000000	0,98731715
156,40000000	0,98701771
156,60000000	0,98097024
156,80000000	0,98184463
157,00000000	0,98643926
157,20000000	0,99065322
157,40000000	0,98471127
157,60000000	0,99026688
157,80000000	0,98515335
158,00000000	0,97363958
158,20000000	0,97420154
158,40000000	0,97677886
158,60000000	0,98506367
158,80000000	0,98709282
159,00000000	0,97682837
159,20000000	0,98519884
159,40000000	0,98201063
159,60000000	0,97288813
159,80000000	0,98394935
160,00000000	0,97808790
160,20000000	0,97938865
160,40000000	0,98614668
160,60000000	0,98358848
160,80000000	0,97995455
161,00000000	0,98024113
161,20000000	0,97661787
161,40000000	0,97503699
161,60000000	0,98353242
161,80000000	0,98273218
162,00000000	0,97743191
162,20000000	0,98369710
162,40000000	0,98381491
162,60000000	0,96927166
162,80000000	0,97545135
163,00000000	0,97849837
163,20000000	0,98153940
163,40000000	0,97878042
163,60000000	0,97975424
163,80000000	0,97758665
164,00000000	0,97966216
164,20000000	0,98048769
164,40000000	0,97803697
164,60000000	0,98059078
164,80000000	0,98214470
165,00000000	0,98243779
165,20000000	0,97835183
165,40000000	0,98105762
165,60000000	0,97878286
165,80000000	0,97788698
166,00000000	0,97688813
166,20000000	0,98461288
166,40000000	0,97549061
166,60000000	0,98271326
166,80000000	0,98171878
167,00000000	0,97905405
167,20000000	0,98016945
167,40000000	0,97720731
167,60000000	0,97547097
167,80000000	0,97753933
168,00000000	0,98321506
168,20000000	0,97830787
168,40000000	0,98075006
168,60000000	0,98460758
168,80000000	0,98207645
169,00000000	0,98065506
169,20000000	0,98454492
169,40000000	0,98193181
169,60000000	0,97975466
169,80000000	0,98624873
170,00000000	0,98252893
170,20000000	0,97631701
170,40000000	0,97970610
170,60000000	0,98078219
170,80000000	0,98321930
171,00000000	0,98526943
171,20000000	0,98232271
171,40000000	0,98430971
171,60000000	0,98466505
171,80000000	0,98171117
172,00000000	0,97605471
172,20000000	0,97923851
172,40000000	0,98070321
172,60000000	0,98354682
172,80000000	0,98299401
173,00000000	0,98302607
173,20000000	0,98569727
173,40000000	0,98551889
173,60000000	0,98145315
173,80000000	0,97993447
174,00000000	0,98121599
174,20000000	0,98215508
174,40000000	0,98353204
174,60000000	0,98387928
174,80000000	0,97801338
175,00000000	0,98103328
175,20000000	0,98590588
175,40000000	0,98008420
175,60000000	0,98158031
175,80000000	0,98185454
176,00000000	0,98128564
176,20000000	0,98485104
176,40000000	0,98213986
176,60000000	0,98437261
176,80000000	0,98281885
177,00000000	0,98367829
177,20000000	0,97870546
177,40000000	0,98307669
177,60000000	0,98417838
177,80000000	0,98182924
178,00000000	0,97658234
178,20000000	0,97518864
178,40000000	0,97994499
178,60000000	0,97608111
178,80000000	0,97838690
179,00000000	0,98279131
179,20000000	0,98087449
179,40000000	0,97814479
179,60000000	0,97952847
179,80000000	0,98280385
180,00000000	0,97949195
180,20000000	0,97548083
180,40000000	0,97932222
180,60000000	0,97728160
180,80000000	0,97759363
181,00000000	0,97838909
181,20000000	0,97633684
181,40000000	0,97798046
181,60000000	0,98023340
181,80000000	0,97773510
182,00000000	0,97657758
182,20000000	0,97104010
182,40000000	0,97201675
182,60000000	0,97595358
182,80000000	0,97538221
183,00000000	0,97755453
183,20000000	0,97110800
183,40000000	0,96796970
183,60000000	0,97478731
183,80000000	0,97796717
184,00000000	0,97229252
184,20000000	0,96951352
184,40000000	0,97450178
184,60000000	0,96851701
184,80000000	0,96747053
185,00000000	0,96931755
185,20000000	0,97011024
185,40000000	0,96851126
185,60000000	0,96732968
185,80000000	0,96441562
186,00000000	0,96986926
186,20000000	0,96776762
186,40000000	0,97168586
186,60000000	0,96784999
186,80000000	0,96814819
187,00000000	0,96666227
187,20000000	0,96641616
187,40000000	0,96540866
187,60000000	0,96188793
187,80000000	0,95728300
188,00000000	0,95867787
188,20000000	0,95778379
188,40000000	0,95389358
188,60000000	0,96042126
188,80000000	0,96193441
189,00000000	0,95994917
189,20000000	0,96014875
189,40000000	0,95513319
189,60000000	0,96400932
189,80000000	0,95024529
190,00000000	0,94992457
190,20000000	0,95589909
190,40000000	0,95911793
190,60000000	0,95118169
190,80000000	0,95073694
191,00000000	0,96055677
191,20000000	0,96341146
191,40000000	0,95620901
191,60000000	0,94828176
191,80000000	0,95636041
192,00000000	0,95939525
192,20000000	0,95427880
192,40000000	0,94732255
192,60000000	0,95451647
192,80000000	0,95094203
193,00000000	0,95155215
193,20000000	0,95205544
193,40000000	0,94717349
193,60000000	0,94572874
193,80000000	0,95691909
194,00000000	0,95679356
194,20000000	0,95406639
194,40000000	0,95222822
194,60000000	0,95927248
194,80000000	0,95577303
195,00000000	0,94112883
195,20000000	0,94041712
195,40000000	0,95673253
195,60000000	0,95963041
195,80000000	0,94706207
196,00000000	0,94283716
196,20000000	0,94977669
196,40000000	0,95339862
196,60000000	0,95801473
196,80000000	0,94824923
197,00000000	0,94910341
197,20000000	0,95340116
197,40000000	0,95374495
197,60000000	0,94582250
197,80000000	0,94161065
198,00000000	0,95143391
198,20000000	0,95665435
198,40000000	0,95378074
198,60000000	0,94843665
198,80000000	0,94911602
199,00000000	0,94764707
199,20000000	0,95032109
199,40000000	0,94307049
199,60000000	0,93645374
199,80000000	0,94851066
200,00000000	0,94845926
200,20000000	0,94204919
200,40000000	0,94098302
200,60000000	0,94441821
200,80000000	0,95254313
201,00000000	0,95505667
201,20000000	0,94979600
201,40000000	0,94709291
201,60000000	0,94471544
201,80000000	0,95081223
202,00000000	0,94531468
202,20000000	0,94503602
202,40000000	0,94900922
202,60000000	0,94459437
202,80000000	0,94601442
203,00000000	0,94581831
203,20000000	0,93761004
203,40000000	0,94297720
203,60000000	0,94430186
203,80000000	0,94854942
204,00000000	0,94402232
204,20000000	0,94032067
204,40000000	0,94517328
204,60000000	0,94722165
204,80000000	0,94389078
205,00000000	0,94461300
205,20000000	0,94930056
205,40000000	0,94753782
205,60000000	0,94179016
205,80000000	0,94415043
206,00000000	0,94055654
206,20000000	0,94342083
206,40000000	0,93913206
206,60000000	0,93779774
206,80000000	0,94051431
207,00000000	0,93980996
207,20000000	0,94175918
207,40000000	0,94227205
207,60000000	0,94105702
207,80000000	0,94131398
208,00000000	0,93701001
208,20000000	0,93953884
208,40000000	0,94339078
208,60000000	0,94056485
208,80000000	0,94103628
209,00000000	0,93799748
209,20000000	0,94071833
209,40000000	0,94190635
209,60000000	0,94083411
209,80000000	0,93743807
210,00000000	0,93453755
210,20000000	0,93737637
210,40000000	0,93354746
210,60000000	0,93351293
210,80000000	0,93726326
211,00000000	0,93694304
211,20000000	0,93920892
211,40000000	0,93601703
211,60000000	0,93588161
211,80000000	0,93250064
212,00000000	0,93573011
212,20000000	0,93623821
212,40000000	0,93654052
212,60000000	0,93676462
212,80000000	0,93956743
213,00000000	0,93772149
213,20000000	0,94056917
213,40000000	0,93933557
213,60000000	0,93708382
213,80000000	0,93617054
214,00000000	0,93769443
214,20000000	0,93592516
214,40000000	0,93470037
214,60000000	0,93507843
214,80000000	0,93509627
215,00000000	0,93672922
215,20000000	0,93504485
215,40000000	0,93781671
215,60000000	0,93622513
215,80000000	0,93171281
216,00000000	0,93103069
216,20000000	0,93305618
216,40000000	0,93397318
216,60000000	0,93578260
216,80000000	0,93756400
217,00000000	0,93915351
217,20000000	0,94122538
217,40000000	0,93684134
217,60000000	0,93407010
217,80000000	0,93384640
218,00000000	0,93382409
218,20000000	0,93491730
218,40000000	0,93497407
218,60000000	0,93944006
218,80000000	0,94105136
219,00000000	0,93885421
219,20000000	0,93751328
219,40000000	0,93704123
219,60000000	0,93275313
219,80000000	0,93253701
220,00000000	0,93297306
220,20000000	0,93604138
220,40000000	0,93733759
220,60000000	0,93757142
220,80000000	0,93676473
221,00000000	0,93523249
221,20000000	0,93761781
221,40000000	0,93852378
221,60000000	0,93823302
221,80000000	0,93914784
222,00000000	0,94066657
222,20000000	0,94063356
222,40000000	0,94057029
222,60000000	0,94022812
222,80000000	0,94416012
223,00000000	0,93891005
223,20000000	0,93534403
223,40000000	0,93546159
223,60000000	0,94265119
223,80000000	0,94690359
224,00000000	0,94464779
224,20000000	0,94515860
224,40000000	0,94763415
224,60000000	0,95137142
224,80000000	0,94860564
225,00000000	0,94647938
225,20000000	0,94540909
225,40000000	0,94910656
225,60000000	0,94863708
225,80000000	0,95092674
226,00000000	0,95020084
226,20000000	0,95053367
226,40000000	0,95041892
226,60000000	0,94857628
226,80000000	0,94748869
227,00000000	0,94510055
227,20000000	0,95185426
227,40000000	0,95334555
227,60000000	0,95254898
227,80000000	0,95248921
228,00000000	0,95606917
228,20000000	0,95668785
228,40000000	0,95484703
228,60000000	0,95406499
228,80000000	0,95383999
229,00000000	0,95364475
229,20000000	0,95536015
229,40000000	0,95355911
229,60000000	0,95507357
229,80000000	0,95693357
230,00000000	0,95864900
230,20000000	0,96057933
230,40000000	0,96098270
230,60000000	0,96003971
230,80000000	0,95939221
231,00000000	0,96061429
231,20000000	0,95965666
231,40000000	0,96077718
231,60000000	0,96113344
231,80000000	0,96187004
232,00000000	0,95947778
232,20000000	0,95963255
232,40000000	0,95881715
232,60000000	0,96202661
232,80000000	0,96433907
233,00000000	0,96557907
233,20000000	0,96616221
233,40000000	0,97018231
233,60000000	0,97038473
233,80000000	0,96848680
234,00000000	0,96649296
234,20000000	0,96808853
234,40000000	0,96708940
234,60000000	0,96671387
234,80000000	0,96870136
235,00000000	0,96793928
235,20000000	0,96780993
235,40000000	0,96694059
235,60000000	0,97112643
235,80000000	0,96976583
236,00000000	0,96596053
236,20000000	0,96272183
236,40000000	0,96641735
236,60000000	0,96655567
236,80000000	0,96873142
237,00000000	0,96826496
237,20000000	0,97174771
237,40000000	0,97199890
237,60000000	0,96900647
237,80000000	0,96930771
238,00000000	0,97004701
238,20000000	0,97332088
238,40000000	0,97400103
238,60000000	0,97319082
238,80000000	0,97087259
239,00000000	0,97168291
239,20000000	0,96950706
239,40000000	0,96898685
239,60000000	0,96864494
239,80000000	0,96942206
240,00000000	0,97241372
240,20000000	0,97308794
240,40000000	0,97304623
240,60000000	0,97215449
240,80000000	0,97026523
241,00000000	0,97252674
241,20000000	0,97282740
241,40000000	0,97309901
241,60000000	0,97198632
241,80000000	0,97352586
242,00000000	0,97299060
242,20000000	0,97287494
242,40000000	0,97323913
242,60000000	0,97338596
242,80000000	0,97280743
243,00000000	0,97327215
243,20000000	0,97359125
243,40000000	0,97402897
243,60000000	0,97412469
243,80000000	0,97462567
244,00000000	0,97591107
244,20000000	0,97685133
244,40000000	0,97652764
244,60000000	0,97428049
244,80000000	0,97457127
245,00000000	0,97709671
245,20000000	0,97783088
245,40000000	0,97783191
245,60000000	0,97610512
245,80000000	0,97452062
246,00000000	0,97639826
246,20000000	0,97750568
246,40000000	0,97648283
246,60000000	0,97663532
246,80000000	0,97745201
247,00000000	0,97967751
247,20000000	0,97960176
247,40000000	0,97908848
247,60000000	0,97833853
247,80000000	0,97904115
248,00000000	0,97923445
248,20000000	0,98040788
248,40000000	0,97937225
248,60000000	0,97974398
248,80000000	0,98232738
249,00000000	0,98192814
249,20000000	0,97982054
249,40000000	0,97983238
249,60000000	0,98111937
249,80000000	0,98305411
250,00000000	0,98389225
250,20000000	0,98356693
250,40000000	0,98346101
250,60000000	0,98358026
250,80000000	0,98338487
251,00000000	0,98277671
251,20000000	0,98390356
251,40000000	0,98461833
251,60000000	0,98590717
251,80000000	0,98528040
252,00000000	0,98436274
252,20000000	0,98401161
252,40000000	0,98436870
252,60000000	0,98590738
252,80000000	0,98699370
253,00000000	0,98783674
253,20000000	0,98861996
253,40000000	0,98838885
253,60000000	0,98806625
253,80000000	0,98803236
254,00000000	0,98861067
254,20000000	0,98854556
254,40000000	0,98778785
254,60000000	0,98937835
254,80000000	0,99047863
255,00000000	0,99077474
255,20000000	0,99006181
255,40000000	0,98921669
255,60000000	0,99021223
255,80000000	0,99178801
256,00000000	0,99130930
256,20000000	0,99043565
256,40000000	0,99118050
256,60000000	0,99241045
256,80000000	0,99330223
257,00000000	0,99303870
257,20000000	0,99202705
257,40000000	0,99256081
257,60000000	0,99359802
257,80000000	0,99368543
258,00000000	0,99380648
258,20000000	0,99429946
258,40000000	0,99544389
258,60000000	0,99643775
258,80000000	0,99596864
259,00000000	0,99522308
259,20000000	0,99557386
259,40000000	0,99551079
259,60000000	0,99588974
259,80000000	0,99636830
260,00000000	0,99695755
260,20000000	0,99718319
260,40000000	0,99734309
260,60000000	0,99727459
260,80000000	0,99707569
261,00000000	0,99791436
261,20000000	0,99840562
261,40000000	0,99801945
261,60000000	0,99768249
261,80000000	0,99756310
262,00000000	0,99807491
262,20000000	0,99859593
262,40000000	0,99858434
262,60000000	0,99862922
262,80000000	0,99893484
263,00000000	0,99903902
263,20000000	0,99897869
263,40000000	0,99904282
263,60000000	0,99920521
263,80000000	0,99921495
264,00000000	0,99931290
264,20000000	0,99925633
264,40000000	0,99944942
264,60000000	0,99970470
264,80000000	0,99988645
265,00000000	0,99995195
265,20000000	0,99996186
265,40000000	0,99988041
265,60000000	0,99987540
265,80000000	0,99990616
266,00000000	0,99992079
266,20000000	0,99990559
266,40000000	0,99986401
266,60000000	0,99985194
266,80000000	0,99996143
267,00000000	0,99995121
267,20000000	0,99980474
267,40000000	0,99977975
267,60000000	0,99981385
267,80000000	0,99990237
268,00000000	0,99989336
268,20000000	0,99969545
268,40000000	0,99941798
268,60000000	0,99901429
268,80000000	0,99894168
269,00000000	0,99947945
269,20000000	0,99913176
269,40000000	0,99829321
269,60000000	0,99825832
269,80000000	0,99860162
270,00000000	0,99903499
270,20000000	0,99876560
270,40000000	0,99821577
270,60000000	0,99810803
270,80000000	0,99729861
271,00000000	0,99693030
271,20000000	0,99660830
271,40000000	0,99573538
271,60000000	0,99692717
271,80000000	0,99735683
272,00000000	0,99701281
272,20000000	0,99722203
272,40000000	0,99516698
272,60000000	0,99460762
272,80000000	0,99501019
273,00000000	0,99292822
273,20000000	0,99379320
273,40000000	0,99459800
273,60000000	0,99315690
273,80000000	0,99440272
274,00000000	0,99323925
274,20000000	0,99089021
274,40000000	0,99120030
274,60000000	0,98916674
274,80000000	0,98944510
275,00000000	0,99113676
275,20000000	0,98785479
275,40000000	0,98754637
275,60000000	0,98811920
275,80000000	0,98567287
276,00000000	0,98820727
276,20000000	0,98731671
276,40000000	0,98547510
276,60000000	0,98834287
276,80000000	0,98579424
277,00000000	0,98325349
277,20000000	0,98333894
277,40000000	0,98051324
277,60000000	0,98349460
277,80000000	0,98549481
278,00000000	0,98142078
278,20000000	0,98003013
278,40000000	0,97822859
278,60000000	0,97452012
278,80000000	0,97669401
279,00000000	0,97583418
279,20000000	0,97453959
279,40000000	0,97526379
279,60000000	0,97293128
279,80000000	0,97110875
280,00000000	0,97214032
280,20000000	0,96948573
280,40000000	0,96917565
280,60000000	0,97168052
280,80000000	0,97063087
281,00000000	0,96704193
281,20000000	0,96660542
281,40000000	0,96748132
281,60000000	0,96690427
281,80000000	0,96537398
282,00000000	0,96187975
282,20000000	0,95878708
282,40000000	0,95914669
282,60000000	0,95871905
282,80000000	0,95725232
283,00000000	0,95558734
283,20000000	0,95407407
283,40000000	0,95745924
283,60000000	0,95866673
283,80000000	0,95436756
284,00000000	0,94977025
284,20000000	0,94603447
284,40000000	0,94423918
284,60000000	0,94714940
284,80000000	0,94981870
285,00000000	0,94673119
285,20000000	0,94591123
285,40000000	0,94349556
285,60000000	0,94182480
285,80000000	0,94241757
286,00000000	0,93640630
286,20000000	0,93243426
286,40000000	0,93629441
286,60000000	0,93906016
286,80000000	0,94016488
287,00000000	0,93776065
287,20000000	0,93173524
287,40000000	0,92670875
287,60000000	0,92614977
287,80000000	0,93139592
288,00000000	0,93535783
288,20000000	0,93417411
288,40000000	0,93411788
288,60000000	0,93249208
288,80000000	0,92908135
289,00000000	0,92396844
289,20000000	0,91915068
289,40000000	0,91924723
289,60000000	0,92157618
289,80000000	0,92322890
290,00000000	0,92090069
290,20000000	0,91870551
290,40000000	0,91579991
290,60000000	0,91474410
290,80000000	0,91624041
291,00000000	0,91626351
291,20000000	0,91606951
291,40000000	0,91379636
291,60000000	0,91522139
291,80000000	0,91798752
292,00000000	0,91428703
292,20000000	0,91165358
292,40000000	0,91075706
292,60000000	0,90915351
292,80000000	0,91014485
293,00000000	0,91101860
293,20000000	0,91149010
293,40000000	0,90886826
293,60000000	0,90504327
293,80000000	0,90194913
294,00000000	0,90097723
294,20000000	0,90432937
294,40000000	0,90530742
294,60000000	0,90646338
294,80000000	0,90806284
295,00000000	0,90754352
295,20000000	0,90422014
295,40000000	0,89916100
295,60000000	0,90277786
295,80000000	0,90303612
296,00000000	0,89986999
296,20000000	0,90072806
296,40000000	0,89940195
296,60000000	0,89960105
296,80000000	0,90150915
297,00000000	0,90106944
297,20000000	0,89501711
297,40000000	0,89179081
297,60000000	0,89369550
297,80000000	0,89611617
298,00000000	0,89709032
298,20000000	0,89675380
298,40000000	0,89764938
298,60000000	0,89623168
298,80000000	0,89403544
299,00000000	0,89203079
299,20000000	0,89048968
299,40000000	0,88426402
299,60000000	0,87847826
299,80000000	0,88329800
300,00000000	0,88957470
300,20000000	0,89010689
300,40000000	0,88935333
300,60000000	0,89092821
300,80000000	0,89293867
301,00000000	0,89162123
301,20000000	0,88938156
301,40000000	0,88639579
301,60000000	0,88431170
301,80000000	0,88399688
302,00000000	0,88255409
302,20000000	0,88505305
302,40000000	0,88582681
302,60000000	0,88436807
302,80000000	0,89043035
303,00000000	0,89614579
303,20000000	0,89247782
303,40000000	0,88610599
303,60000000	0,88307896
303,80000000	0,88281267
304,00000000	0,88243232
304,20000000	0,88026620
304,40000000	0,88064207
304,60000000	0,88012110
304,80000000	0,87728262
305,00000000	0,87803128
305,20000000	0,87902392
305,40000000	0,87916385
305,60000000	0,87673122
305,80000000	0,87619656
306,00000000	0,88063266
306,20000000	0,88106662
306,40000000	0,87609764
306,60000000	0,87378972
306,80000000	0,87380758
307,00000000	0,87604339
307,20000000	0,87441001
307,40000000	0,87357151
307,60000000	0,87447887
307,80000000	0,87055170
308,00000000	0,87002365
308,20000000	0,87062890
308,40000000	0,87105469
308,60000000	0,87210969
308,80000000	0,87376017
309,00000000	0,87035212
309,20000000	0,86278881
309,40000000	0,86431122
309,60000000	0,87108118
309,80000000	0,86756722
310,00000000	0,86397246
310,20000000	0,86456777
310,40000000	0,86098967
310,60000000	0,85609785
310,80000000	0,85595999
311,00000000	0,85593904
311,20000000	0,85533684
311,40000000	0,85543962
311,60000000	0,85461416
311,80000000	0,85717801
312,00000000	0,85766478
312,20000000	0,85701436
312,40000000	0,85785186
312,60000000	0,85750820
312,80000000	0,86032843
313,00000000	0,86330530
313,20000000	0,86051099
313,40000000	0,85474556
313,60000000	0,85387847
313,80000000	0,85471722
314,00000000	0,85279115
314,20000000	0,85734867
314,40000000	0,86165063
314,60000000	0,85750001
314,80000000	0,84796037
315,00000000	0,84760969
315,20000000	0,84874167
315,40000000	0,84941954
315,60000000	0,85191209
315,80000000	0,84851257
316,00000000	0,84395153
316,20000000	0,84654955
316,40000000	0,85374174
316,60000000	0,85350287
316,80000000	0,84921495
317,00000000	0,84715914
317,20000000	0,84855460
317,40000000	0,84905835
317,60000000	0,85315911
317,80000000	0,85700835
318,00000000	0,85476182
318,20000000	0,84898890
318,40000000	0,84634859
318,60000000	0,84864354
318,80000000	0,85492082
319,00000000	0,85600453
319,20000000	0,85719605
319,40000000	0,86028917
319,60000000	0,85978261
319,80000000	0,86113433
320,00000000	0,86181506
320,20000000	0,85828088
320,40000000	0,85699095
320,60000000	0,85995842
320,80000000	0,86061618
321,00000000	0,86024193
321,20000000	0,86302177
321,40000000	0,86693447
321,60000000	0,86954899
321,80000000	0,87075572
322,00000000	0,86873369
322,20000000	0,86272224
322,40000000	0,86661043
322,60000000	0,87605594
322,80000000	0,87608331
323,00000000	0,87386875
323,20000000	0,87607063
323,40000000	0,87468512
323,60000000	0,87405320
323,80000000	0,87522559
324,00000000	0,87666614
324,20000000	0,88022205
324,40000000	0,88393836
324,60000000	0,88840890
324,80000000	0,89171859
325,00000000	0,89060383
325,20000000	0,88885583
325,40000000	0,88991519
325,60000000	0,89019410
325,80000000	0,89243468
326,00000000	0,89688024
326,20000000	0,89808223
326,40000000	0,90111017
326,60000000	0,90358318
326,80000000	0,90309691
327,00000000	0,90375822
327,20000000	0,90366110
327,40000000	0,90457007
327,60000000	0,90841032
327,80000000	0,91428299
328,00000000	0,91855714
328,20000000	0,92051389
328,40000000	0,92405936
328,60000000	0,92655807
328,80000000	0,92380055
329,00000000	0,92438170
329,20000000	0,92623954
329,40000000	0,92777662
329,60000000	0,92975073
329,80000000	0,93449736
330,00000000	0,93862231
330,20000000	0,93944423
330,40000000	0,94061004
330,60000000	0,94247761
330,80000000	0,94463930
331,00000000	0,94483648
331,20000000	0,94710199
331,40000000	0,95059371
331,60000000	0,95410987
331,80000000	0,95682991
332,00000000	0,95847788
332,20000000	0,96014407
332,40000000	0,96036986
332,60000000	0,95950206
332,80000000	0,96044602
333,00000000	0,96361649
333,20000000	0,96767327
333,40000000	0,97038729
333,60000000	0,97129962
333,80000000	0,97244912
334,00000000	0,97292749
334,20000000	0,97391292
334,40000000	0,97593926
334,60000000	0,97651253
334,80000000	0,97686234
335,00000000	0,97716553
335,20000000	0,97885336
335,40000000	0,98117548
335,60000000	0,98080066
335,80000000	0,97990906
336,00000000	0,98039930
336,20000000	0,98080265
336,40000000	0,98159048
336,60000000	0,98357655
336,80000000	0,98342184
337,00000000	0,98335302
337,20000000	0,98434922
337,40000000	0,98456596
337,60000000	0,98385885
337,80000000	0,98188516
338,00000000	0,98086424
338,20000000	0,98130588
338,40000000	0,98176180
338,60000000	0,98076949
338,80000000	0,97850980
339,00000000	0,97723418
339,20000000	0,97714941
339,40000000	0,97572952
339,60000000	0,97372404
339,80000000	0,97321361
340,00000000	0,97241103
340,20000000	0,97054169
340,40000000	0,96903653
340,60000000	0,96747620
340,80000000	0,96654413
341,00000000	0,96415250
341,20000000	0,96076403
341,40000000	0,95839967
341,60000000	0,95663219
341,80000000	0,95472399
342,00000000	0,95281770
342,20000000	0,94974124
342,40000000	0,94402934
342,60000000	0,93973073
342,80000000	0,93770974
343,00000000	0,93675729
343,20000000	0,93454998
343,40000000	0,93219928
343,60000000	0,92924253
343,80000000	0,92605596
344,00000000	0,92149801
344,20000000	0,91458220
344,40000000	0,91025488
344,60000000	0,90843448
344,80000000	0,90783201
345,00000000	0,90440806
345,20000000	0,90035362
345,40000000	0,89666191
345,60000000	0,89353912
345,80000000	0,89057266
346,00000000	0,88430937
346,20000000	0,87863858
346,40000000	0,87400451
346,60000000	0,86859545
346,80000000	0,86458859
347,00000000	0,86353046
347,20000000	0,86125563
347,40000000	0,85790733
347,60000000	0,85411175
347,80000000	0,85071068
348,00000000	0,84732144
348,20000000	0,84256353
348,40000000	0,83730758
348,60000000	0,83240158
348,80000000	0,82963577
349,00000000	0,82494759
349,20000000	0,82254615
349,40000000	0,82060925
349,60000000	0,81709394
349,80000000	0,81403088
350,00000000	0,80744648
350,20000000	0,80183408
350,40000000	0,79897577
350,60000000	0,79550632
350,80000000	0,79368703
351,00000000	0,79427088
351,20000000	0,79316970
351,40000000	0,78872189
351,60000000	0,78143210
351,80000000	0,77869527
352,00000000	0,77861309
352,20000000	0,77406042
352,40000000	0,77075116
352,60000000	0,76943808
352,80000000	0,76924254
353,00000000	0,76661675
353,20000000	0,76153308
353,40000000	0,75932516
353,60000000	0,75872498
353,80000000	0,75793655
354,00000000	0,75442965
354,20000000	0,75258654
354,40000000	0,75203340
354,60000000	0,75068383
354,80000000	0,74933929
355,00000000	0,74692795
355,20000000	0,74448105
355,40000000	0,74238992
355,60000000	0,74081127
355,80000000	0,73927817
356,00000000	0,74087689
356,20000000	0,74331657
356,40000000	0,74190252
356,60000000	0,73934711
356,80000000	0,73896281
357,00000000	0,73811234
357,20000000	0,73394431
357,40000000	0,73075196
357,60000000	0,73051944
357,80000000	0,73119605
358,00000000	0,73182146
358,20000000	0,73220280
358,40000000	0,73111669
358,60000000	0,72856920
358,80000000	0,72819313
359,00000000	0,72803500
359,20000000	0,72671864
359,40000000	0,72634396
359,60000000	0,72668545
359,80000000	0,72613943
360,00000000	0,72299881
360,20000000	0,71994997
360,40000000	0,71733355
360,60000000	0,71584623
360,80000000	0,71421194
361,00000000	0,70987241
361,20000000	0,70677937
361,40000000	0,70500864
361,60000000	0,70167492
361,80000000	0,69671003
362,00000000	0,69219101
362,20000000	0,68904984
362,40000000	0,68553069
362,60000000	0,67920861
362,80000000	0,67260255
363,00000000	0,66807591
363,20000000	0,66395743
363,40000000	0,65864433
363,60000000	0,65012449
363,80000000	0,64379401
364,00000000	0,63906504
364,20000000	0,63225469
364,40000000	0,62672142
364,60000000	0,61958854
364,80000000	0,61332094
365,00000000	0,60641053
365,20000000	0,59616245
365,40000000	0,58847211
365,60000000	0,58267715
365,80000000	0,57800489
366,00000000	0,57048422
366,20000000	0,56170625
366,40000000	0,55691934
366,60000000	0,54953590
366,80000000	0,54055867
367,00000000	0,53421074
367,20000000	0,52975715
367,40000000	0,52396940
367,60000000	0,51501254
367,80000000	0,50860773
368,00000000	0,50337735
368,20000000	0,49746407
368,40000000	0,49234309
368,60000000	0,48728364
368,80000000	0,48142258
369,00000000	0,47175720
369,20000000	0,46406267
369,40000000	0,46142147
369,60000000	0,45900900
369,80000000	0,45636506
370,00000000	0,45026718
370,20000000	0,44206892
370,40000000	0,43801284
370,60000000	0,43505097
370,80000000	0,42947466
371,00000000	0,42273162
371,20000000	0,41658846
371,40000000	0,41293439
371,60000000	0,41015703
371,80000000	0,40818157
372,00000000	0,40681343
372,20000000	0,40118671
372,40000000	0,39551919
372,60000000	0,39470495
372,80000000	0,39185629
373,00000000	0,38476156
373,20000000	0,38133835
373,40000000	0,38107471
373,60000000	0,37664005
373,80000000	0,37219893
374,00000000	0,37153844
374,20000000	0,37036755
374,40000000	0,36823038
374,60000000	0,36488183
374,80000000	0,36042154
375,00000000	0,35656532
375,20000000	0,35403998
375,40000000	0,35241686
375,60000000	0,35122658
375,80000000	0,35100630
376,00000000	0,34945783
376,20000000	0,34352850
376,40000000	0,33750371
376,60000000	0,33710996
376,80000000	0,33711903
377,00000000	0,33547871
377,20000000	0,33565409
377,40000000	0,33417304
377,60000000	0,32991236
377,80000000	0,32730636
378,00000000	0,32567965
378,20000000	0,32264501
378,40000000	0,32032599
378,60000000	0,31875836
378,80000000	0,31732303
379,00000000	0,31638208
379,20000000	0,31453925
379,40000000	0,31115424
379,60000000	0,30902367
379,80000000	0,30818848
380,00000000	0,30616131
380,20000000	0,30444538
380,40000000	0,30413442
380,60000000	0,30380015
380,80000000	0,30244583
381,00000000	0,29994308
381,20000000	0,29766296
381,40000000	0,29615610
381,60000000	0,29602441
381,80000000	0,29725123
382,00000000	0,29607076
382,20000000	0,29208675
382,40000000	0,29015317
382,60000000	0,29121208
382,80000000	0,29059987
383,00000000	0,28817393
383,20000000	0,28569398
383,40000000	0,28355460
383,60000000	0,28368345
383,80000000	0,28268738
384,00000000	0,27970919
384,20000000	0,27982351
384,40000000	0,28064385
384,60000000	0,27985672
384,80000000	0,27849103
385,00000000	0,27624748
385,20000000	0,27529102
385,40000000	0,27584544
385,60000000	0,27350694
385,80000000	0,26927845
386,00000000	0,26796096
386,20000000	0,26931649
386,40000000	0,26964591
386,60000000	0,26775982
386,80000000	0,26713228
387,00000000	0,26819027
387,20000000	0,26761566
387,40000000	0,26530859
387,60000000	0,26304055
387,80000000	0,26226814
388,00000000	0,26157560
388,20000000	0,25959166
388,40000000	0,25914153
388,60000000	0,25842638
388,80000000	0,25617823
389,00000000	0,25493106
389,20000000	0,25419443
389,40000000	0,25397149
389,60000000	0,25405317
389,80000000	0,25334597
390,00000000	0,25264703
390,20000000	0,25168599
390,40000000	0,24947025
390,60000000	0,24868792
390,80000000	0,24970240
391,00000000	0,25009128
391,20000000	0,24914258
391,40000000	0,24741514
391,60000000	0,24732133
391,80000000	0,24764571
392,00000000	0,24688856
392,20000000	0,24561764
392,40000000	0,24388995
392,60000000	0,24269881
392,80000000	0,24216127
393,00000000	0,24215691
393,20000000	0,24181493
393,40000000	0,24051684
393,60000000	0,24009151
393,80000000	0,24033784
394,00000000	0,23976717
394,20000000	0,23824978
394,40000000	0,23732215
394,60000000	0,23738939
394,80000000	0,23658645
395,00000000	0,23539722
395,20000000	0,23505424
395,40000000	0,23502575
395,60000000	0,23419655
395,80000000	0,23271297
396,00000000	0,23152506
396,20000000	0,23120240
396,40000000	0,23156090
396,60000000	0,23128893
396,80000000	0,23030683
397,00000000	0,22964005
397,20000000	0,22921583
397,40000000	0,22825011
397,60000000	0,22765811
397,80000000	0,22760959
398,00000000	0,22714836
398,20000000	0,22706252
398,40000000	0,22692042
398,60000000	0,22625054
398,80000000	0,22533970
399,00000000	0,22461950
399,20000000	0,22450349
399,40000000	0,22435894
399,60000000	0,22396699
399,80000000	0,22342199
400,00000000	0,22313717
400,20000000	0,22301075
400,40000000	0,22244226
400,60000000	0,22154260
400,80000000	0,22057125
401,00000000	0,22013885
401,20000000	0,21969183
401,40000000	0,21894306
401,60000000	0,21843858
401,80000000	0,21810910
402,00000000	0,21804933
402,20000000	0,21775786
402,40000000	0,21703975
402,60000000	0,21665548
402,80000000	0,21662411
403,00000000	0,21622334
403,20000000	0,21560797
403,40000000	0,21495344
403,60000000	0,21432126
403,80000000	0,21409602
404,00000000	0,21385028
404,20000000	0,21329613
404,40000000	0,21275284
404,60000000	0,21254997
404,80000000	0,21237024
405,00000000	0,21185812
405,20000000	0,21142284
405,40000000	0,21117411
405,60000000	0,21085367
405,80000000	0,21048625
406,00000000	0,20997493
406,20000000	0,20959690
406,40000000	0,20957804
406,60000000	0,20931022
406,80000000	0,20863229
407,00000000	0,20791501
407,20000000	0,20761195
407,40000000	0,20758578
407,60000000	0,20729972
407,80000000	0,20674049
408,00000000	0,20633129
408,20000000	0,20628291
408,40000000	0,20615490
408,60000000	0,20585882
408,80000000	0,20542149
409,00000000	0,20495176
409,20000000	0,20468691
409,40000000	0,20446774
409,60000000	0,20405405
409,80000000	0,20371485
410,00000000	0,20351451
410,20000000	0,20319957
410,40000000	0,20285441
410,60000000	0,20258503
410,80000000	0,20234360
411,00000000	0,20212286
411,20000000	0,20186446
411,40000000	0,20142524
411,60000000	0,20107445
411,80000000	0,20090274
412,00000000	0,20075070
412,20000000	0,20053035
412,40000000	0,20011724
412,60000000	0,19968724
412,80000000	0,19955756
413,00000000	0,19945888
413,20000000	0,19913148
413,40000000	0,19882166
413,60000000	0,19865698
413,80000000	0,19846626
414,00000000	0,19825754
414,20000000	0,19803948
414,40000000	0,19776903
414,60000000	0,19761722
414,80000000	0,19754028
415,00000000	0,19737054
415,20000000	0,19709838
415,40000000	0,19685788
415,60000000	0,19672426
415,80000000	0,19655159
416,00000000	0,19626189
416,20000000	0,19600292
416,40000000	0,19590493
416,60000000	0,19578585
416,80000000	0,19557616
417,00000000	0,19538487
417,20000000	0,19523493
417,40000000	0,19511999
417,60000000	0,19502143
417,80000000	0,19483683
418,00000000	0,19464266
418,20000000	0,19451525
418,40000000	0,19436915
418,60000000	0,19420300
418,80000000	0,19406224
419,00000000	0,19390539
419,20000000	0,19378963
419,40000000	0,19364631
419,60000000	0,19342775
419,80000000	0,19334282
420,00000000	0,19331263
420,20000000	0,19316399
420,40000000	0,19298680
420,60000000	0,19285977
420,80000000	0,19283709
421,00000000	0,19285943
421,20000000	0,19275317
421,40000000	0,19259183
421,60000000	0,19249831
421,80000000	0,19246557
422,00000000	0,19240748
422,20000000	0,19230000
422,40000000	0,19212939
422,60000000	0,19196717
422,80000000	0,19203116
423,00000000	0,19205311
423,20000000	0,19188815
423,40000000	0,19180768
423,60000000	0,19179130
423,80000000	0,19181481
424,00000000	0,19175819
424,20000000	0,19162036
424,40000000	0,19167571
424,60000000	0,19177757
424,80000000	0,19160212
425,00000000	0,19140123
425,20000000	0,19145087
425,40000000	0,19160382
425,60000000	0,19162032
425,80000000	0,19148817
426,00000000	0,19139071
426,20000000	0,19149051
426,40000000	0,19151561
426,60000000	0,19140522
426,80000000	0,19139731
427,00000000	0,19128423
427,20000000	0,19109145
427,40000000	0,19120591
427,60000000	0,19138505
427,80000000	0,19130656
428,00000000	0,19130417
428,20000000	0,19141533
428,40000000	0,19153789
428,60000000	0,19165491
428,80000000	0,19159080
429,00000000	0,19169128
429,20000000	0,19184232
429,40000000	0,19161327
429,60000000	0,19150316
429,80000000	0,19162355
430,00000000	0,19189115
430,20000000	0,19200550
430,40000000	0,19187779
430,60000000	0,19158033
430,80000000	0,19149184
431,00000000	0,19183196
431,20000000	0,19198219
431,40000000	0,19169898
431,60000000	0,19157930
431,80000000	0,19209008
432,00000000	0,19237699
432,20000000	0,19220517
432,40000000	0,19217291
432,60000000	0,19234440
432,80000000	0,19236315
433,00000000	0,19226097
433,20000000	0,19210618
433,40000000	0,19198593
433,60000000	0,19222435
433,80000000	0,19256155
434,00000000	0,19268154
434,20000000	0,19256327
434,40000000	0,19276717
434,60000000	0,19294764
434,80000000	0,19316505
435,00000000	0,19330048
435,20000000	0,19304927
435,40000000	0,19297351
435,60000000	0,19352595
435,80000000	0,19390837
436,00000000	0,19382081
436,20000000	0,19365845
436,40000000	0,19386779
436,60000000	0,19460339
436,80000000	0,19449398
437,00000000	0,19444862
437,20000000	0,19459129
437,40000000	0,19454909
437,60000000	0,19507636
437,80000000	0,19560211
438,00000000	0,19575099
438,20000000	0,19552676
438,40000000	0,19572321
438,60000000	0,19618165
438,80000000	0,19600180
439,00000000	0,19612812
439,20000000	0,19690891
439,40000000	0,19705911
439,60000000	0,19677757
439,80000000	0,19670546
440,00000000	0,19736814
440,20000000	0,19823859
440,40000000	0,19790176
440,60000000	0,19748915
440,80000000	0,19770672
441,00000000	0,19853497
441,20000000	0,19926015
441,40000000	0,19918762
441,60000000	0,19984043
441,80000000	0,19998920
442,00000000	0,20030014
442,20000000	0,20118900
442,40000000	0,20149576
442,60000000	0,20189982
442,80000000	0,20182084
443,00000000	0,20187979
443,20000000	0,20196624
443,40000000	0,20273631
443,60000000	0,20368337
443,80000000	0,20382798
444,00000000	0,20418226
444,20000000	0,20448176
444,40000000	0,20507305
444,60000000	0,20660345
444,80000000	0,20727008
445,00000000	0,20732291
445,20000000	0,20749607
445,40000000	0,20686935
445,60000000	0,20685235
445,80000000	0,20759442
446,00000000	0,20852819
446,20000000	0,20876601
446,40000000	0,20849861
446,60000000	0,20925140
446,80000000	0,21036081
447,00000000	0,21093618
447,20000000	0,21187039
447,40000000	0,21277487
447,60000000	0,21404630
447,80000000	0,21446645
448,00000000	0,21380118
448,20000000	0,21471800
448,40000000	0,21602372
448,60000000	0,21642096
448,80000000	0,21695881
449,00000000	0,21810075
449,20000000	0,21847563
449,40000000	0,21899218
449,60000000	0,21934732
449,80000000	0,22054570
450,00000000	0,22175729
450,20000000	0,22186224
450,40000000	0,22207323
450,60000000	0,22361007
450,80000000	0,22437303
451,00000000	0,22548806
451,20000000	0,22688399
451,40000000	0,22868247
451,60000000	0,23066176
451,80000000	0,23189149
452,00000000	0,23109240
452,20000000	0,23088731
452,40000000	0,23238644
452,60000000	0,23463342
452,80000000	0,23522501
453,00000000	0,23586615
453,20000000	0,23817456
453,40000000	0,23843103
453,60000000	0,23804943
453,80000000	0,23902315
454,00000000	0,24242230
454,20000000	0,24359974
454,40000000	0,24400225
454,60000000	0,24503529
454,80000000	0,24493403
455,00000000	0,24778267
455,20000000	0,25074094
455,40000000	0,25102515
455,60000000	0,25192928
455,80000000	0,25400907
456,00000000	0,25606576
456,20000000	0,25793968
456,40000000	0,25923765
456,60000000	0,25975209
456,80000000	0,26116376
457,00000000	0,26326849
457,20000000	0,26399803
457,40000000	0,26571580
457,60000000	0,26991353
457,80000000	0,27301450
458,00000000	0,27492788
458,20000000	0,27571595
458,40000000	0,27744829
458,60000000	0,27964399
458,80000000	0,28291793
459,00000000	0,28719030
459,20000000	0,29198031
459,40000000	0,29401453
459,60000000	0,29326659
459,80000000	0,29598896
460,00000000	0,29973176
460,20000000	0,30182922
460,40000000	0,30466841
460,60000000	0,30826524
460,80000000	0,31162586
461,00000000	0,31436568
461,20000000	0,31653051
461,40000000	0,32050456
461,60000000	0,32406490
461,80000000	0,32619139
462,00000000	0,33033708
462,20000000	0,33584137
462,40000000	0,33766619
462,60000000	0,33922556
462,80000000	0,34556739
463,00000000	0,35236511
463,20000000	0,35726838
463,40000000	0,36225292
463,60000000	0,36653240
463,80000000	0,36788161
464,00000000	0,37297677
464,20000000	0,38059059
464,40000000	0,38472869
464,60000000	0,38857740
464,80000000	0,39535449
465,00000000	0,40176503
465,20000000	0,40848150
465,40000000	0,41472742
465,60000000	0,42089859
465,80000000	0,42621917
466,00000000	0,43330917
466,20000000	0,44112287
466,40000000	0,44591132
466,60000000	0,45189327
466,80000000	0,45938774
467,00000000	0,46965319
467,20000000	0,47910987
467,40000000	0,48725570
467,60000000	0,49581132
467,80000000	0,50606709
468,00000000	0,51280995
468,20000000	0,52047968
468,40000000	0,52954249
468,60000000	0,53815839
468,80000000	0,54812324
469,00000000	0,55833859
469,20000000	0,57076366
469,40000000	0,58318709
469,60000000	0,59213479
469,80000000	0,60344080
470,00000000	0,61452930
470,20000000	0,62424009
470,40000000	0,63411813
470,60000000	0,64554556
470,80000000	0,65760502
471,00000000	0,66839115
471,20000000	0,68047401
471,40000000	0,69258900
471,60000000	0,70141321
471,80000000	0,71226540
472,00000000	0,72576044
472,20000000	0,73719018
472,40000000	0,74780295
472,60000000	0,75717048
472,80000000	0,76587725
473,00000000	0,77429273
473,20000000	0,78195043
473,40000000	0,79045426
473,60000000	0,79749730
473,80000000	0,80136546
474,00000000	0,80933861
474,20000000	0,81947127
474,40000000	0,82447861
474,60000000	0,82482915
474,80000000	0,82972958
475,00000000	0,83414748
475,20000000	0,83636886
475,40000000	0,83883790
475,60000000	0,84027650
475,80000000	0,83918449
476,00000000	0,83975532
476,20000000	0,83851775
476,40000000	0,83741671
476,60000000	0,83496915
476,80000000	0,83158541
477,00000000	0,82798323
477,20000000	0,82500285
477,40000000	0,82220221
477,60000000	0,81783328
477,80000000	0,81146508
478,00000000	0,80910501
478,20000000	0,80699759
478,40000000	0,80274359
478,60000000	0,79693818
478,80000000	0,79027673
479,00000000	0,78705723
479,20000000	0,78409766
479,40000000	0,77618307
479,60000000	0,76998191
479,80000000	0,76509703
480,00000000	0,76114211
480,20000000	0,75680788
480,40000000	0,75369101
480,60000000	0,75069747
480,80000000	0,74581674
481,00000000	0,74013312
481,20000000	0,73461978
481,40000000	0,73004155
481,60000000	0,72599799
481,80000000	0,71967530
482,00000000	0,71573812
482,20000000	0,71261454
482,40000000	0,71218727
482,60000000	0,71403781
482,80000000	0,71183612
483,00000000	0,70607376
483,20000000	0,70124020
483,40000000	0,69689955
483,60000000	0,69101190
483,80000000	0,68828568
484,00000000	0,69203132
484,20000000	0,69142839
484,40000000	0,69178933
484,60000000	0,69647321
484,80000000	0,69655225
485,00000000	0,69146680
485,20000000	0,68825871
485,40000000	0,68436628
485,60000000	0,67996297
485,80000000	0,68099778
486,00000000	0,68257452
486,20000000	0,68191905
486,40000000	0,68507266
486,60000000	0,68859184
486,80000000	0,68788381
487,00000000	0,68501051
487,20000000	0,68514240
487,40000000	0,68462363
487,60000000	0,68023749
487,80000000	0,68088760
488,00000000	0,68418910
488,20000000	0,68519353
488,40000000	0,69140879
488,60000000	0,69573131
488,80000000	0,69448612
489,00000000	0,69702784
489,20000000	0,69871776
489,40000000	0,69503502
489,60000000	0,69477514
489,80000000	0,69961105
490,00000000	0,70520972
490,20000000	0,70854559
490,40000000	0,71264686
490,60000000	0,71443826
490,80000000	0,71554715
491,00000000	0,71904088
491,20000000	0,72145856
491,40000000	0,72121322
491,60000000	0,72046832
491,80000000	0,72230523
492,00000000	0,72532138
492,20000000	0,73219776
492,40000000	0,73845353
492,60000000	0,73923639
492,80000000	0,74292274
493,00000000	0,74576545
493,20000000	0,74705642
493,40000000	0,75021845
493,60000000	0,75453284
493,80000000	0,75638992
494,00000000	0,76219037
494,20000000	0,77077267
494,40000000	0,77090454
494,60000000	0,76984828
494,80000000	0,77727890
495,00000000	0,78245581
495,20000000	0,78246409
495,40000000	0,78319619
495,60000000	0,78575557
495,80000000	0,78889562
496,00000000	0,79313631
496,20000000	0,79707805
496,40000000	0,79830578
496,60000000	0,80127910
496,80000000	0,80409209
497,00000000	0,80582697
497,20000000	0,80953576
497,40000000	0,81630772
497,60000000	0,82075375
497,80000000	0,82249112
498,00000000	0,82736936
498,20000000	0,83202904
498,40000000	0,83443395
498,60000000	0,84027134
498,80000000	0,84301671
499,00000000	0,84043968
499,20000000	0,84062678
499,40000000	0,84709955
499,60000000	0,85130562
499,80000000	0,85166561
500,00000000	0,85570802
500,20000000	0,86178781
500,40000000	0,86637826
500,60000000	0,86818511
500,80000000	0,87137868
501,00000000	0,87678233
501,20000000	0,87933578
501,40000000	0,88062584
501,60000000	0,88363773
501,80000000	0,88941362
502,00000000	0,89260346
502,20000000	0,89376384
502,40000000	0,89705523
502,60000000	0,89749266
502,80000000	0,89740107
503,00000000	0,89933715
503,20000000	0,90399055
503,40000000	0,90738516
503,60000000	0,90997072
503,80000000	0,91428537
504,00000000	0,91780075
504,20000000	0,91886761
504,40000000	0,92057679
504,60000000	0,92368465
504,80000000	0,92682391
505,00000000	0,92926337
505,20000000	0,93184797
505,40000000	0,93455751
505,60000000	0,93650204
505,80000000	0,93957557
506,00000000	0,94040579
506,20000000	0,94159209
506,40000000	0,94530268
506,60000000	0,94767509
506,80000000	0,94765225
507,00000000	0,94834980
507,20000000	0,95094161
507,40000000	0,95413592
507,60000000	0,95680417
507,80000000	0,95884881
508,00000000	0,96088125
508,20000000	0,96363636
508,40000000	0,96400677
508,60000000	0,96456685
508,80000000	0,96553106
509,00000000	0,96632800
509,20000000	0,96873647
509,40000000	0,97058152
509,60000000	0,97194795
509,80000000	0,97434125
510,00000000	0,97552149
510,20000000	0,97611041
510,40000000	0,97645429
510,60000000	0,97657055
510,80000000	0,97649189
511,00000000	0,97823701
511,20000000	0,98077158
511,40000000	0,98214212
511,60000000	0,98261105
511,80000000	0,98384575
512,00000000	0,98394276
512,20000000	0,98321785
512,40000000	0,98343678
512,60000000	0,98444899
512,80000000	0,98411678
513,00000000	0,98437760
513,20000000	0,98450281
513,40000000	0,98476380
513,60000000	0,98571246
513,80000000	0,98606425
514,00000000	0,98636013
514,20000000	0,98662785
514,40000000	0,98700915
514,60000000	0,98693482
514,80000000	0,98621141
515,00000000	0,98614914
515,20000000	0,98633568
515,40000000	0,98494569
515,60000000	0,98394379
515,80000000	0,98418602
516,00000000	0,98356303
516,20000000	0,98314870
516,40000000	0,98393412
516,60000000	0,98461302
516,80000000	0,98456822
517,00000000	0,98305896
517,20000000	0,98093469
517,40000000	0,97982165
517,60000000	0,97980870
517,80000000	0,97889210
518,00000000	0,97790466
518,20000000	0,97797169
518,40000000	0,97878608
518,60000000	0,97920646
518,80000000	0,97865510
519,00000000	0,97686011
519,20000000	0,97365306
519,40000000	0,97050064
519,60000000	0,96970284
519,80000000	0,97002076
520,00000000	0,97072649
520,20000000	0,97193987
520,40000000	0,97265191
520,60000000	0,97205763
520,80000000	0,96997792
521,00000000	0,96644648
521,20000000	0,96371265
521,40000000	0,96124317
521,60000000	0,95957333
521,80000000	0,96025473
522,00000000	0,96294784
522,20000000	0,96329292
522,40000000	0,96103021
522,60000000	0,95775323
522,80000000	0,95433989
523,00000000	0,95204524
523,20000000	0,95122089
523,40000000	0,94982473
523,60000000	0,95106773
523,80000000	0,95383420
524,00000000	0,95409446
524,20000000	0,95173004
524,40000000	0,94955171
524,60000000	0,94461272
524,80000000	0,93979423
525,00000000	0,93741261
525,20000000	0,93870784
525,40000000	0,93961700
525,60000000	0,94102280
525,80000000	0,94046061
526,00000000	0,93758619
526,20000000	0,93345701
526,40000000	0,93214351
526,60000000	0,93047521
526,80000000	0,92885110
527,00000000	0,92945463
527,20000000	0,92941113
527,40000000	0,92734753
527,60000000	0,92782333
527,80000000	0,92592848
528,00000000	0,92035668
528,20000000	0,91908265
528,40000000	0,91971513
528,60000000	0,91842448
528,80000000	0,91959245
529,00000000	0,91986655
529,20000000	0,91367164
529,40000000	0,91112608
529,60000000	0,91262520
529,80000000	0,90755352
530,00000000	0,90339209
530,20000000	0,90843151
530,40000000	0,90898612
530,60000000	0,90680547
530,80000000	0,90635094
531,00000000	0,90192611
531,20000000	0,89626370
531,40000000	0,89789223
531,60000000	0,89612468
531,80000000	0,89473360
532,00000000	0,89936827
532,20000000	0,89925090
532,40000000	0,89254227
532,60000000	0,89306534
532,80000000	0,89060686
533,00000000	0,88256527
533,20000000	0,88322436
533,40000000	0,88726345
533,60000000	0,88577022
533,80000000	0,88689229
534,00000000	0,88908232
534,20000000	0,88280461
534,40000000	0,87940913
534,60000000	0,87912306
534,80000000	0,87641998
535,00000000	0,87482703
535,20000000	0,87885191
535,40000000	0,88007280
535,60000000	0,87867571
535,80000000	0,87640915
536,00000000	0,87349289
536,20000000	0,87039399
536,40000000	0,87098981
536,60000000	0,86837656
536,80000000	0,86925376
537,00000000	0,87302601
537,20000000	0,87022130
537,40000000	0,86626429
537,60000000	0,86885077
537,80000000	0,86581072
538,00000000	0,86301860
538,20000000	0,86632591
538,40000000	0,86510091
538,60000000	0,86405007
538,80000000	0,86550020
539,00000000	0,86300937
539,20000000	0,86269880
539,40000000	0,86203935
539,60000000	0,86008722
539,80000000	0,85940912
540,00000000	0,85863561
540,20000000	0,85758670
540,40000000	0,85955123
540,60000000	0,85874580
540,80000000	0,85684781
541,00000000	0,85832634
541,20000000	0,85941570
541,40000000	0,85882885
541,60000000	0,85682462
541,80000000	0,85412120
542,00000000	0,85242153
542,20000000	0,85521155
542,40000000	0,85588428
542,60000000	0,85715170
542,80000000	0,85581673
543,00000000	0,85592544
543,20000000	0,85533770
543,40000000	0,85295377
543,60000000	0,85116497
543,80000000	0,85290989
544,00000000	0,85674557
544,20000000	0,85810586
544,40000000	0,85596031
544,60000000	0,85590381
544,80000000	0,85472158
545,00000000	0,85102358
545,20000000	0,85211506
545,40000000	0,85551021
545,60000000	0,85484150
545,80000000	0,85498150
546,00000000	0,85490383
546,20000000	0,85396430
546,40000000	0,85480138
546,60000000	0,85383908
546,80000000	0,85469046
547,00000000	0,85631730
547,20000000	0,85626020
547,40000000	0,85649172
547,60000000	0,85533710
547,80000000	0,85652384
548,00000000	0,85563380
548,20000000	0,85576265
548,40000000	0,85869606
548,60000000	0,86151563
548,80000000	0,86092599
549,00000000	0,85985272
549,20000000	0,85760428
549,40000000	0,85790510
549,60000000	0,86113176
549,80000000	0,86196443
550,00000000	0,86229722
550,20000000	0,86458003
550,40000000	0,86303134
550,60000000	0,86085847
550,80000000	0,85985959
551,00000000	0,86281424
551,20000000	0,86512208
551,40000000	0,86599249
551,60000000	0,86916784
551,80000000	0,86977253
552,00000000	0,86716075
552,20000000	0,86763283
552,40000000	0,86795599
552,60000000	0,86784405
552,80000000	0,87126932
553,00000000	0,87118319
553,20000000	0,87230804
553,40000000	0,87362308
553,60000000	0,87163200
553,80000000	0,87324017
554,00000000	0,87404490
554,20000000	0,87488308
554,40000000	0,87730903
554,60000000	0,87441850
554,80000000	0,87432292
555,00000000	0,87750992
555,20000000	0,87690721
555,40000000	0,88042629
555,60000000	0,88355825
555,80000000	0,88409190
556,00000000	0,88424093
556,20000000	0,88171621
556,40000000	0,88369085
556,60000000	0,88811508
556,80000000	0,88540753
557,00000000	0,88811174
557,20000000	0,88959873
557,40000000	0,88701310
557,60000000	0,88899835
557,80000000	0,88907232
558,00000000	0,88929176
558,20000000	0,89247968
558,40000000	0,89136924
558,60000000	0,89504743
558,80000000	0,89590135
559,00000000	0,89256559
559,20000000	0,89492335
559,40000000	0,89560325
559,60000000	0,89935353
559,80000000	0,90387938
560,00000000	0,90068746
560,20000000	0,90025620
560,40000000	0,90092247
560,60000000	0,89923398
560,80000000	0,90303251
561,00000000	0,90383130
561,20000000	0,90449432
561,40000000	0,90948442
561,60000000	0,90645726
561,80000000	0,90622161
562,00000000	0,90730298
562,20000000	0,90454621
562,40000000	0,90878560
562,60000000	0,91018333
562,80000000	0,90984906
563,00000000	0,91103386
563,20000000	0,90893205
563,40000000	0,91333168
563,60000000	0,91655022
563,80000000	0,91435260
564,00000000	0,91763973
564,20000000	0,91955828
564,40000000	0,91817763
564,60000000	0,91883648
564,80000000	0,91539057
565,00000000	0,91867594
565,20000000	0,92214774
565,40000000	0,91925901
565,60000000	0,91932153
565,80000000	0,92011852
566,00000000	0,92027030
566,20000000	0,92228503
566,40000000	0,92259501
566,60000000	0,92482301
566,80000000	0,92601742
567,00000000	0,92374535
567,20000000	0,92670755
567,40000000	0,92860633
567,60000000	0,92583820
567,80000000	0,92844091
568,00000000	0,92952408
568,20000000	0,92910269
568,40000000	0,92832310
568,60000000	0,92555524
568,80000000	0,92758851
569,00000000	0,92825067
569,20000000	0,92662892
569,40000000	0,92874119
569,60000000	0,92988517
569,80000000	0,92993748
570,00000000	0,92929018
570,20000000	0,92870250
570,40000000	0,93247664
570,60000000	0,93424302
570,80000000	0,93262741
571,00000000	0,93430565
571,20000000	0,93674746
571,40000000	0,93577435
571,60000000	0,93699548
571,80000000	0,93833997
572,00000000	0,94003366
572,20000000	0,93844259
572,40000000	0,93647099
572,60000000	0,93775628
572,80000000	0,93810154
573,00000000	0,93745987
573,20000000	0,93864823
573,40000000	0,93911155
573,60000000	0,93909353
573,80000000	0,93731827
574,00000000	0,93735594
574,20000000	0,94061444
574,40000000	0,94185699
574,60000000	0,94284024
574,80000000	0,94465683
575,00000000	0,94632796
575,20000000	0,94822684
575,40000000	0,94835362
575,60000000	0,94930869
575,80000000	0,95175394
576,00000000	0,95086403
576,20000000	0,95058089
576,40000000	0,95143347
576,60000000	0,94975861
576,80000000	0,94957781
577,00000000	0,94939449
577,20000000	0,95010710
577,40000000	0,94991821
577,60000000	0,94901338
577,80000000	0,94905116
578,00000000	0,95160245
578,20000000	0,95264459
578,40000000	0,95283712
578,60000000	0,95434985
578,80000000	0,95579498
579,00000000	0,95715086
579,20000000	0,95680656
579,40000000	0,95892222
579,60000000	0,96005410
579,80000000	0,96077384
580,00000000	0,96161424
580,20000000	0,96157832
580,40000000	0,96159637
580,60000000	0,96124438
580,80000000	0,96129963
581,00000000	0,96161514
581,20000000	0,96123182
581,40000000	0,96025576
581,60000000	0,96024985
581,80000000	0,96023835
582,00000000	0,96077417
582,20000000	0,96115733
582,40000000	0,96232617
582,60000000	0,96330684
582,80000000	0,96496273
583,00000000	0,96693240
583,20000000	0,96766661
583,40000000	0,96840673
583,60000000	0,96947940
583,80000000	0,97036645
584,00000000	0,96972048
584,20000000	0,96954504
584,40000000	0,97009207
584,60000000	0,97137793
584,80000000	0,97166762
585,00000000	0,97153327
585,20000000	0,97146296
585,40000000	0,97173065
585,60000000	0,97235592
585,80000000	0,97254720
586,00000000	0,97298369
586,20000000	0,97357971
586,40000000	0,97429261
586,60000000	0,97564637
586,80000000	0,97587058
587,00000000	0,97656449
587,20000000	0,97731204
587,40000000	0,97784108
587,60000000	0,97875359
587,80000000	0,97828923
588,00000000	0,97911365
588,20000000	0,98020312
588,40000000	0,98069831
588,60000000	0,98093144
588,80000000	0,98102477
589,00000000	0,98099106
589,20000000	0,98159098
589,40000000	0,98223359
589,60000000	0,98204344
589,80000000	0,98142380
590,00000000	0,98194385
590,20000000	0,98262555
590,40000000	0,98296841
590,60000000	0,98385001
590,80000000	0,98468213
591,00000000	0,98547472
591,20000000	0,98559267
591,40000000	0,98571431
591,60000000	0,98623129
591,80000000	0,98727117
592,00000000	0,98712100
592,20000000	0,98733561
592,40000000	0,98782449
592,60000000	0,98810272
592,80000000	0,98878082
593,00000000	0,98904766
593,20000000	0,98911901
593,40000000	0,98941040
593,60000000	0,98961604
593,80000000	0,98956290
594,00000000	0,98988634
594,20000000	0,99025239
594,40000000	0,99091348
594,60000000	0,99138644
594,80000000	0,99137576
595,00000000	0,99137446
595,20000000	0,99192038
595,40000000	0,99252058
595,60000000	0,99297428
595,80000000	0,99330733
596,00000000	0,99333335
596,20000000	0,99361423
596,40000000	0,99394549
596,60000000	0,99430241
596,80000000	0,99488801
597,00000000	0,99491478
597,20000000	0,99486796
597,40000000	0,99489611
597,60000000	0,99494794
597,80000000	0,99557194
598,00000000	0,99560516
598,20000000	0,99569237
598,40000000	0,99618393
598,60000000	0,99623932
598,80000000	0,99610613
599,00000000	0,99671040
599,20000000	0,99706980
599,40000000	0,99698350
599,60000000	0,99694694
599,80000000	0,99719564
600,00000000	0,99785083
600,20000000	0,99809463
600,40000000	0,99811110
600,60000000	0,99795961
600,80000000	0,99807425
601,00000000	0,99826335
601,20000000	0,99852650
601,40000000	0,99864997
601,60000000	0,99870477
601,80000000	0,99861734
602,00000000	0,99876985
602,20000000	0,99889448
602,40000000	0,99899610
602,60000000	0,99905257
602,80000000	0,99922847
603,00000000	0,99937299
603,20000000	0,99941840
603,40000000	0,99950647
603,60000000	0,99960530
603,80000000	0,99968465
604,00000000	0,99973172
604,20000000	0,99974308
604,40000000	0,99979022
604,60000000	0,99986466
604,80000000	0,99991402
605,00000000	0,99989216
605,20000000	0,99988872
605,40000000	0,99988099
605,60000000	0,99988210
605,80000000	0,99989355
606,00000000	0,99988867
606,20000000	0,99985680
606,40000000	0,99980576
606,60000000	0,99977083
606,80000000	0,99975262
607,00000000	0,99968564
607,20000000	0,99955721
607,40000000	0,99950901
607,60000000	0,99942269
607,80000000	0,99935457
608,00000000	0,99932163
608,20000000	0,99933488
608,40000000	0,99925260
608,60000000	0,99907308
608,80000000	0,99893133
609,00000000	0,99890715
609,20000000	0,99892112
609,40000000	0,99872609
609,60000000	0,99855900
609,80000000	0,99829693
610,00000000	0,99810620
610,20000000	0,99792148
610,40000000	0,99778654
610,60000000	0,99781468
610,80000000	0,99742637
611,00000000	0,99700068
611,20000000	0,99697330
611,40000000	0,99706282
611,60000000	0,99706998
611,80000000	0,99669210
612,00000000	0,99640027
612,20000000	0,99625047
612,40000000	0,99624999
612,60000000	0,99599355
612,80000000	0,99557518
613,00000000	0,99534205
613,20000000	0,99518906
613,40000000	0,99480613
613,60000000	0,99469617
613,80000000	0,99418600
614,00000000	0,99357829
614,20000000	0,99330390
614,40000000	0,99313252
614,60000000	0,99292026
614,80000000	0,99282909
615,00000000	0,99231954
615,20000000	0,99178244
615,40000000	0,99167786
615,60000000	0,99161493
615,80000000	0,99141758
616,00000000	0,99119667
616,20000000	0,99063004
616,40000000	0,98991753
616,60000000	0,98982004
616,80000000	0,98977222
617,00000000	0,98952680
617,20000000	0,98894630
617,40000000	0,98820014
617,60000000	0,98749489
617,80000000	0,98710411
618,00000000	0,98744496
618,20000000	0,98681224
618,40000000	0,98602023
618,60000000	0,98531869
618,80000000	0,98508147
619,00000000	0,98550533
619,20000000	0,98534182
619,40000000	0,98453714
619,60000000	0,98379113
619,80000000	0,98376014
620,00000000	0,98373593
620,20000000	0,98334808
620,40000000	0,98243117
620,60000000	0,98125235
620,80000000	0,98060398
621,00000000	0,98036872
621,20000000	0,98035060
621,40000000	0,98024480
621,60000000	0,97957519
621,80000000	0,97831138
622,00000000	0,97750099
622,20000000	0,97797728
622,40000000	0,97841983
622,60000000	0,97720938
622,80000000	0,97530418
623,00000000	0,97521761
623,20000000	0,97574094
623,40000000	0,97574830
623,60000000	0,97525025
623,80000000	0,97418715
624,00000000	0,97302053
624,20000000	0,97252306
624,40000000	0,97299230
624,60000000	0,97248760
624,80000000	0,97141129
625,00000000	0,96985585
625,20000000	0,96883363
625,40000000	0,96915585
625,60000000	0,96942733
625,80000000	0,96911463
626,00000000	0,96749690
626,20000000	0,96674954
626,40000000	0,96684306
626,60000000	0,96631746
626,80000000	0,96615312
627,00000000	0,96506543
627,20000000	0,96354116
627,40000000	0,96262321
627,60000000	0,96293544
627,80000000	0,96332031
628,00000000	0,96250932
628,20000000	0,96125337
628,40000000	0,96013345
628,60000000	0,96004283
628,80000000	0,96010366
629,00000000	0,96017336
629,20000000	0,95890160
629,40000000	0,95733842
629,60000000	0,95672066
629,80000000	0,95722839
630,00000000	0,95617268
630,20000000	0,95555900
630,40000000	0,95433837
630,60000000	0,95399338
630,80000000	0,95403287
631,00000000	0,95267226
631,20000000	0,95210125
631,40000000	0,95100335
631,60000000	0,95100584
631,80000000	0,95114632
632,00000000	0,95026293
632,20000000	0,94939367
632,40000000	0,94833227
632,60000000	0,94685227
632,80000000	0,94710986
633,00000000	0,94772649
633,20000000	0,94674005
633,40000000	0,94532997
633,60000000	0,94368438
633,80000000	0,94322676
634,00000000	0,94389636
634,20000000	0,94402561
634,40000000	0,94295378
634,60000000	0,94151741
634,80000000	0,93965420
635,00000000	0,94082800
635,20000000	0,94139991
635,40000000	0,94002669
635,60000000	0,93872244
635,80000000	0,93739112
636,00000000	0,93869248
636,20000000	0,93881436
636,40000000	0,93784276
636,60000000	0,93699433
636,80000000	0,93354196
637,00000000	0,93253389
637,20000000	0,93409921
637,40000000	0,93398204
637,60000000	0,93336364
637,80000000	0,93144966
638,00000000	0,93025577
638,20000000	0,93153295
638,40000000	0,93163175
638,60000000	0,93124604
638,80000000	0,93014825
639,00000000	0,92856809
639,20000000	0,92861998
639,40000000	0,92793343
639,60000000	0,92787432
639,80000000	0,92798853
640,00000000	0,92606623
640,20000000	0,92514075
640,40000000	0,92514099
640,60000000	0,92467903
640,80000000	0,92659442
641,00000000	0,92585335
641,20000000	0,92341352
641,40000000	0,92308585
641,60000000	0,92281246
641,80000000	0,92430141
642,00000000	0,92373792
642,20000000	0,92139706
642,40000000	0,92044578
642,60000000	0,92048762
642,80000000	0,92087978
643,00000000	0,92101232
643,20000000	0,91841011
643,40000000	0,91688256
643,60000000	0,91747971
643,80000000	0,91876411
644,00000000	0,91980835
644,20000000	0,91778905
644,40000000	0,91692919
644,60000000	0,91655176
644,80000000	0,91681929
645,00000000	0,91771841
645,20000000	0,91681640
645,40000000	0,91707146
645,60000000	0,91527856
645,80000000	0,91543981
646,00000000	0,91536983
646,20000000	0,91397141
646,40000000	0,91427050
646,60000000	0,91314137
646,80000000	0,91443602
647,00000000	0,91585601
647,20000000	0,91615330
647,40000000	0,91594829
647,60000000	0,91364398
647,80000000	0,91474848
648,00000000	0,91627594
648,20000000	0,91715051
648,40000000	0,91475596
648,60000000	0,91302272
648,80000000	0,91238526
649,00000000	0,91226928
649,20000000	0,91399627
649,40000000	0,91239224
649,60000000	0,91106460
649,80000000	0,91099171
650,00000000	0,91380037
650,20000000	0,91568824
650,40000000	0,91520166
650,60000000	0,91429357
650,80000000	0,91374583
651,00000000	0,91630360
651,20000000	0,91802229
651,40000000	0,91610214
651,60000000	0,91411855
651,80000000	0,91284686
652,00000000	0,91293895
652,20000000	0,91597228
652,40000000	0,91681528
652,60000000	0,91520831
652,80000000	0,91282701
653,00000000	0,91408152
653,20000000	0,91722805
653,40000000	0,91875524
653,60000000	0,91929712
653,80000000	0,91699545
654,00000000	0,91554987
654,20000000	0,91759270
654,40000000	0,91964029
654,60000000	0,91913740
654,80000000	0,91867582
655,00000000	0,91763585
655,20000000	0,91801716
655,40000000	0,92058223
655,60000000	0,92137911
655,80000000	0,92111593
656,00000000	0,91771270
656,20000000	0,91845532
656,40000000	0,92145938
656,60000000	0,92310345
656,80000000	0,92269304
657,00000000	0,92014604
657,20000000	0,91999611
657,40000000	0,92010505
657,60000000	0,92069777
657,80000000	0,92055430
658,00000000	0,92020662
658,20000000	0,92043351
658,40000000	0,91921882
658,60000000	0,92232525
658,80000000	0,92261031
659,00000000	0,92352301
659,20000000	0,92514659
659,40000000	0,92296683
659,60000000	0,92391160
659,80000000	0,92434134
660,00000000	0,92504951
660,20000000	0,92503314
660,40000000	0,92525377
660,60000000	0,92487564
660,80000000	0,92228276
661,00000000	0,92315664
661,20000000	0,92273756
661,40000000	0,92399863
661,60000000	0,92495221
661,80000000	0,92634445
662,00000000	0,92648391
662,20000000	0,92637944
662,40000000	0,92836813
662,60000000	0,92689877
662,80000000	0,92679898
663,00000000	0,92565763
663,20000000	0,92430894
663,40000000	0,92634774
663,60000000	0,92765502
663,80000000	0,92829894
664,00000000	0,92815610
664,20000000	0,92712063
664,40000000	0,92649308
664,60000000	0,92776126
664,80000000	0,92567967
665,00000000	0,92671537
665,20000000	0,92898400
665,40000000	0,92834062
665,60000000	0,93055092
665,80000000	0,92940445
666,00000000	0,92811060
666,20000000	0,92700995
666,40000000	0,92514689
666,60000000	0,92671288
666,80000000	0,92477768
667,00000000	0,92819512
667,20000000	0,92798273
667,40000000	0,92963236
667,60000000	0,92931949
667,80000000	0,92799836
668,00000000	0,92947441
668,20000000	0,92576357
668,40000000	0,92725576
668,60000000	0,92579431
668,80000000	0,92669957
669,00000000	0,92761054
669,20000000	0,92701330
669,40000000	0,92931924
669,60000000	0,92466164
669,80000000	0,92561244
670,00000000	0,92579683
670,20000000	0,92675130
670,40000000	0,92722703
670,60000000	0,92702959
670,80000000	0,92674392
671,00000000	0,92482158
671,20000000	0,92853436
671,40000000	0,92395188
671,60000000	0,92384837
671,80000000	0,92547097
672,00000000	0,92561023
672,20000000	0,92690207
672,40000000	0,92368347
672,60000000	0,92730154
672,80000000	0,92605156
673,00000000	0,92821908
673,20000000	0,92779131
673,40000000	0,92432427
673,60000000	0,92637422
673,80000000	0,92454652
674,00000000	0,92812101
674,20000000	0,92450000
674,40000000	0,92434720
674,60000000	0,92446232
674,80000000	0,92532991
675,00000000	0,92886514
675,20000000	0,92582651
675,40000000	0,92734908
675,60000000	0,92400069
675,80000000	0,92493898
676,00000000	0,92678978
676,20000000	0,92510646
676,40000000	0,92704865
676,60000000	0,92473914
676,80000000	0,92828596
677,00000000	0,92657462
677,20000000	0,92669628
677,40000000	0,92514071
677,60000000	0,92177165
677,80000000	0,92359926
678,00000000	0,92298131
678,20000000	0,92794315
678,40000000	0,92846412
678,60000000	0,92913047
678,80000000	0,92810183
679,00000000	0,92677849
679,20000000	0,92936113
679,40000000	0,92226171
679,60000000	0,92431112
679,80000000	0,92313857
680,00000000	0,92708856
680,20000000	0,93018253
680,40000000	0,92971300
680,60000000	0,93118937
680,80000000	0,92956010
681,00000000	0,92974980
681,20000000	0,92733465
681,40000000	0,92935196
681,60000000	0,92783176
681,80000000	0,92948821
682,00000000	0,93130957
682,20000000	0,92881154
682,40000000	0,93337603
682,60000000	0,93032031
682,80000000	0,93431471
683,00000000	0,93315772
683,20000000	0,93014396
683,40000000	0,93296025
683,60000000	0,92999848
683,80000000	0,93275113
684,00000000	0,93254184
684,20000000	0,93443577
684,40000000	0,93387566
684,60000000	0,93534932
684,80000000	0,93738604
685,00000000	0,93389286
685,20000000	0,93402129
685,40000000	0,92788897
685,60000000	0,93211113
685,80000000	0,93510924
686,00000000	0,93676541
686,20000000	0,93965354
686,40000000	0,93742151
686,60000000	0,94105613
686,80000000	0,93767980
687,00000000	0,93599081
687,20000000	0,93463007
687,40000000	0,93517226
687,60000000	0,93736733
687,80000000	0,93852138
688,00000000	0,94043132
688,20000000	0,94111074
688,40000000	0,94402351
688,60000000	0,93943536
688,80000000	0,94034410
689,00000000	0,93995608
689,20000000	0,93895868
689,40000000	0,94355448
689,60000000	0,94220694
689,80000000	0,94276285
690,00000000	0,94207839
690,20000000	0,94394659
690,40000000	0,94507795
690,60000000	0,94376215
690,80000000	0,94135336
691,00000000	0,94006544
691,20000000	0,94279056
691,40000000	0,94280915
691,60000000	0,94531340
691,80000000	0,94608528
692,00000000	0,94687237
692,20000000	0,94668736
692,40000000	0,94800130
692,60000000	0,94774227
692,80000000	0,94439328
693,00000000	0,94424715
693,20000000	0,94465427
693,40000000	0,94546931
693,60000000	0,94787875
693,80000000	0,95118164
694,00000000	0,95272511
694,20000000	0,95228279
694,40000000	0,94936020
694,60000000	0,94699855
694,80000000	0,94766602
695,00000000	0,94760267
695,20000000	0,94769694
695,40000000	0,94993821
695,60000000	0,95152249
695,80000000	0,95363732
696,00000000	0,95370616
696,20000000	0,95236672
696,40000000	0,95022322
696,60000000	0,95109973
696,80000000	0,95166181
697,00000000	0,94946606
697,20000000	0,95079581
697,40000000	0,95282631
697,60000000	0,95273752
697,80000000	0,95545291
698,00000000	0,95476107
698,20000000	0,95200266
698,40000000	0,95288002
698,60000000	0,95265705
698,80000000	0,95166535
699,00000000	0,95429207
699,20000000	0,95377193
699,40000000	0,95536057
699,60000000	0,95824440
699,80000000	0,95637182
700,00000000	0,95480516
700,20000000	0,95257968
700,40000000	0,95291584
700,60000000	0,95120935
700,80000000	0,95456636
701,00000000	0,95647338
701,20000000	0,95741103
701,40000000	0,95919702
701,60000000	0,95842987
701,80000000	0,95811504
702,00000000	0,95670644
702,20000000	0,95484465
702,40000000	0,95492484
702,60000000	0,95589749
702,80000000	0,95610277
703,00000000	0,95907892
703,20000000	0,96092558
703,40000000	0,96067327
703,60000000	0,95874346
703,80000000	0,95929663
704,00000000	0,95924717
704,20000000	0,95883750
704,40000000	0,95990092
704,60000000	0,95844854
704,80000000	0,96022926
705,00000000	0,96157337
705,20000000	0,96175481
705,40000000	0,96130796
705,60000000	0,96194691
705,80000000	0,96241512
706,00000000	0,96310523
706,20000000	0,96298859
706,40000000	0,96167036
706,60000000	0,96230266
706,80000000	0,96348856
707,00000000	0,96452324
707,20000000	0,96467564
707,40000000	0,96597744
707,60000000	0,96551466
707,80000000	0,96539157
708,00000000	0,96493125
708,20000000	0,96508360
708,40000000	0,96561203
708,60000000	0,96580788
708,80000000	0,96802219
709,00000000	0,96797551
709,20000000	0,96891219
709,40000000	0,96911773
709,60000000	0,96862012
709,80000000	0,96723638
710,00000000	0,96779764
710,20000000	0,96856623
710,40000000	0,96898581
710,60000000	0,97068444
710,80000000	0,97149000
711,00000000	0,97301331
711,20000000	0,97197279
711,40000000	0,97237800
711,60000000	0,97113941
711,80000000	0,97154312
712,00000000	0,97106118
712,20000000	0,97243601
712,40000000	0,97482233
712,60000000	0,97549188
712,80000000	0,97653710
713,00000000	0,97565293
713,20000000	0,97625813
713,40000000	0,97507013
713,60000000	0,97577834
713,80000000	0,97548355
714,00000000	0,97602590
714,20000000	0,97787338
714,40000000	0,97841053
714,60000000	0,97842774
714,80000000	0,97842625
715,00000000	0,97921208
715,20000000	0,97859167
715,40000000	0,97948160
715,60000000	0,97922695
715,80000000	0,97999551
716,00000000	0,98096417
716,20000000	0,98079305
716,40000000	0,98124320
716,60000000	0,98123524
716,80000000	0,98238490
717,00000000	0,98248963
717,20000000	0,98220035
717,40000000	0,98221644
717,60000000	0,98371317
717,80000000	0,98458808
718,00000000	0,98380235
718,20000000	0,98532036
718,40000000	0,98563960
718,60000000	0,98477043
718,80000000	0,98388746
719,00000000	0,98433744
719,20000000	0,98566689
719,40000000	0,98592824
719,60000000	0,98657455
719,80000000	0,98687110
720,00000000	0,98784648
720,20000000	0,98787908
720,40000000	0,98702001
720,60000000	0,98677066
720,80000000	0,98641896
721,00000000	0,98752249
721,20000000	0,98789350
721,40000000	0,98764617
721,60000000	0,98826645
721,80000000	0,99034024
722,00000000	0,99040583
722,20000000	0,98873737
722,40000000	0,98844803
722,60000000	0,98929192
722,80000000	0,98999929
723,00000000	0,98922550
723,20000000	0,98895015
723,40000000	0,99054456
723,60000000	0,99170653
723,80000000	0,99073755
724,00000000	0,98973687
724,20000000	0,99021308
724,40000000	0,99132580
724,60000000	0,99157668
724,80000000	0,99036738
725,00000000	0,99084117
725,20000000	0,99156689
725,40000000	0,99209657
725,60000000	0,99112915
725,80000000	0,99042787
726,00000000	0,99166958
726,20000000	0,99267498
726,40000000	0,99239105
726,60000000	0,99150679
726,80000000	0,99175363
727,00000000	0,99279105
727,20000000	0,99270182
727,40000000	0,99196823
727,60000000	0,99273749
727,80000000	0,99301991
728,00000000	0,99233399
728,20000000	0,99275827
728,40000000	0,99231861
728,60000000	0,99307751
728,80000000	0,99381721
729,00000000	0,99389529
729,20000000	0,99335782
729,40000000	0,99391627
729,60000000	0,99368847
729,80000000	0,99288075
730,00000000	0,99285176
730,20000000	0,99360108
730,40000000	0,99451459
730,60000000	0,99412959
730,80000000	0,99426367
731,00000000	0,99468930
731,20000000	0,99509651
731,40000000	0,99431313
731,60000000	0,99401190
731,80000000	0,99475686
732,00000000	0,99514151
732,20000000	0,99510483
732,40000000	0,99500654
732,60000000	0,99541988
732,80000000	0,99628064
733,00000000	0,99588821
733,20000000	0,99546721
733,40000000	0,99546661
733,60000000	0,99584796
733,80000000	0,99623985
734,00000000	0,99600821
734,20000000	0,99585510
734,40000000	0,99669389
734,60000000	0,99732132
734,80000000	0,99671422
735,00000000	0,99653334
735,20000000	0,99676871
735,40000000	0,99712613
735,60000000	0,99720208
735,80000000	0,99733009
736,00000000	0,99771203
736,20000000	0,99776838
736,40000000	0,99777721
736,60000000	0,99765957
736,80000000	0,99782039
737,00000000	0,99784150
737,20000000	0,99802665
737,40000000	0,99820165
737,60000000	0,99839633
737,80000000	0,99849831
738,00000000	0,99852106
738,20000000	0,99851290
738,40000000	0,99841774
738,60000000	0,99881945
738,80000000	0,99879744
739,00000000	0,99864948
739,20000000	0,99910756
739,40000000	0,99928001
739,60000000	0,99933269
739,80000000	0,99911962
740,00000000	0,99917615
740,20000000	0,99941940
740,40000000	0,99933491
740,60000000	0,99921806
740,80000000	0,99941217
741,00000000	0,99964141
741,20000000	0,99963933
741,40000000	0,99968748
741,60000000	0,99957400
741,80000000	0,99968134
742,00000000	0,99976415
742,20000000	0,99961090
742,40000000	0,99966973
742,60000000	0,99978967
742,80000000	0,99983906
743,00000000	0,99968141
743,20000000	0,99971977
743,40000000	0,99975302
743,60000000	0,99962964
743,80000000	0,99956228
744,00000000	0,99954629
744,20000000	0,99969044
744,40000000	0,99953000
744,60000000	0,99948993
744,80000000	0,99928149
745,00000000	0,99935715
745,20000000	0,99932285
745,40000000	0,99907717
745,60000000	0,99886805
745,80000000	0,99885525
746,00000000	0,99892717
746,20000000	0,99849401
746,40000000	0,99842004
746,60000000	0,99820302
746,80000000	0,99821375
747,00000000	0,99786064
747,20000000	0,99746254
747,40000000	0,99737637
747,60000000	0,99733192
747,80000000	0,99708894
748,00000000	0,99665006
748,20000000	0,99636562
748,40000000	0,99658092
748,60000000	0,99605035
748,80000000	0,99533802
749,00000000	0,99534278
749,20000000	0,99557489
749,40000000	0,99523204
749,60000000	0,99452365
749,80000000	0,99425676
750,00000000	0,99386859
750,20000000	0,99332469
750,40000000	0,99286690
750,60000000	0,99277463
750,80000000	0,99289761
751,00000000	0,99273769
751,20000000	0,99205096
751,40000000	0,99161742
751,60000000	0,99129397
751,80000000	0,99068076
752,00000000	0,98964420
752,20000000	0,98939658
752,40000000	0,98989988
752,60000000	0,99004138
752,80000000	0,98879544
753,00000000	0,98819328
753,20000000	0,98770587
753,40000000	0,98738486
753,60000000	0,98596068
753,80000000	0,98567208
754,00000000	0,98611513
754,20000000	0,98642718
754,40000000	0,98579117
754,60000000	0,98427259
754,80000000	0,98433132
755,00000000	0,98404389
755,20000000	0,98291146
755,40000000	0,98214598
755,60000000	0,98139089
755,80000000	0,98263346
756,00000000	0,98209472
756,20000000	0,98079103
756,40000000	0,98022941
756,60000000	0,97998713
756,80000000	0,97919230
757,00000000	0,97797292
757,20000000	0,97783687
757,40000000	0,97805097
757,60000000	0,97756625
757,80000000	0,97671866
758,00000000	0,97578909
758,20000000	0,97528448
758,40000000	0,97403650
758,60000000	0,97385059
758,80000000	0,97337056
759,00000000	0,97333225
759,20000000	0,97220822
759,40000000	0,97096544
759,60000000	0,97024276
759,80000000	0,97023298
760,00000000	0,96975848
760,20000000	0,96809424
760,40000000	0,96797676
760,60000000	0,96743620
760,80000000	0,96710552
761,00000000	0,96622554
761,20000000	0,96535737
761,40000000	0,96515324
761,60000000	0,96408446
761,80000000	0,96327257
762,00000000	0,96269017
762,20000000	0,96243663
762,40000000	0,96377146
762,60000000	0,96241005
762,80000000	0,96117252
763,00000000	0,96012855
763,20000000	0,95881251
763,40000000	0,95904069
763,60000000	0,95787885
763,80000000	0,95782190
764,00000000	0,95846808
764,20000000	0,95825395
764,40000000	0,95650891
764,60000000	0,95553947
764,80000000	0,95447829
765,00000000	0,95439439
765,20000000	0,95431081
765,40000000	0,95396208
765,60000000	0,95204610
765,80000000	0,95275031
766,00000000	0,95059817
766,20000000	0,95031995
766,40000000	0,94992959
766,60000000	0,94831681
766,80000000	0,94734146
767,00000000	0,94892640
767,20000000	0,94796237
767,40000000	0,94689413
767,60000000	0,94611879
767,80000000	0,94469660
768,00000000	0,94585450
768,20000000	0,94390574
768,40000000	0,94187303
768,60000000	0,94150608
768,80000000	0,94364760
769,00000000	0,94174651
769,20000000	0,94037226
769,40000000	0,93745260
769,60000000	0,93967123
769,80000000	0,93937528
770,00000000	0,93755341
770,20000000	0,93664093
770,40000000	0,93632562
770,60000000	0,93716288
770,80000000	0,93524155
771,00000000	0,93366910
771,20000000	0,93448605
771,40000000	0,93489846
771,60000000	0,93327190
771,80000000	0,93102414
772,00000000	0,92957887
772,20000000	0,93159698
772,40000000	0,93035444
772,60000000	0,92948630
772,80000000	0,92958448
773,00000000	0,92844859
773,20000000	0,92720164
773,40000000	0,92676418
773,60000000	0,92681808
773,80000000	0,92700032
774,00000000	0,92655064
774,20000000	0,92596006
774,40000000	0,92313194
774,60000000	0,92044970
774,80000000	0,92202039
775,00000000	0,92244845
775,20000000	0,92217838
775,40000000	0,92060058
775,60000000	0,91867557
775,80000000	0,91819057
776,00000000	0,91892172
776,20000000	0,91873316
776,40000000	0,91765926
776,60000000	0,91693629
776,80000000	0,91812795
777,00000000	0,91481793
777,20000000	0,91418097
777,40000000	0,91260635
777,60000000	0,91638104
777,80000000	0,91522961
778,00000000	0,91171920
778,20000000	0,90887242
778,40000000	0,91124621
778,60000000	0,91137750
778,80000000	0,91179893
779,00000000	0,90730176
779,20000000	0,91051611
779,40000000	0,90959743
779,60000000	0,90632000
779,80000000	0,90532606
780,00000000	0,90616406
780,20000000	0,90854579
780,40000000	0,90590843
780,60000000	0,90162139
780,80000000	0,90328281
781,00000000	0,90258563
781,20000000	0,90091768
781,40000000	0,90088064
781,60000000	0,90050060
781,80000000	0,90249640
782,00000000	0,89942625
782,20000000	0,89811102
782,40000000	0,89547315
782,60000000	0,90188971
782,80000000	0,89732254
783,00000000	0,89470792
783,20000000	0,89349703
783,40000000	0,89595805
783,60000000	0,89380290
783,80000000	0,89268270
784,00000000	0,88983492
784,20000000	0,89327689
784,40000000	0,89153011
784,60000000	0,88950732
784,80000000	0,88718881
785,00000000	0,88929185
785,20000000	0,88826458
785,40000000	0,88562454
785,60000000	0,88866168
785,80000000	0,88667456
786,00000000	0,88261545
786,20000000	0,87931518
786,40000000	0,88418790
786,60000000	0,88473886
786,80000000	0,88229609
787,00000000	0,87889039
787,20000000	0,88053013
787,40000000	0,87763795
787,60000000	0,87656234
787,80000000	0,87293079
788,00000000	0,88006185
788,20000000	0,87842836
788,40000000	0,87773077
788,60000000	0,86932427
788,80000000	0,87352762
789,00000000	0,87496471
789,20000000	0,87347044
789,40000000	0,86657127
789,60000000	0,87058475
789,80000000	0,86961234
790,00000000	0,86890750
790,20000000	0,86692781
790,40000000	0,86578401
790,60000000	0,86637060
790,80000000	0,86427066
791,00000000	0,86300515
791,20000000	0,86057027
791,40000000	0,86307266
791,60000000	0,86227205
791,80000000	0,86206879
792,00000000	0,85785491
792,20000000	0,85949809
792,40000000	0,85634180
792,60000000	0,85302653
792,80000000	0,85422612
793,00000000	0,85738057
793,20000000	0,85590373
793,40000000	0,85367911
793,60000000	0,84847749
793,80000000	0,85322808
794,00000000	0,85088912
794,20000000	0,84867657
794,40000000	0,84835767
794,60000000	0,84701972
794,80000000	0,84980353
795,00000000	0,84800188
795,20000000	0,84367250
795,40000000	0,84247639
795,60000000	0,84522442
795,80000000	0,84583396
796,00000000	0,84141298
796,20000000	0,84172817
796,40000000	0,84175152
796,60000000	0,83776896
796,80000000	0,83696933
797,00000000	0,83753248
797,20000000	0,83886263
797,40000000	0,83766013
797,60000000	0,83649310
797,80000000	0,83692610
798,00000000	0,83375314
798,20000000	0,83283569
798,40000000	0,83423285
798,60000000	0,82915941
798,80000000	0,82828712
799,00000000	0,82696528
799,20000000	0,83288793
799,40000000	0,83083406
799,60000000	0,82879760
799,80000000	0,83080995
800,00000000	0,82728665
800,20000000	0,82699753
800,40000000	0,82492572
800,60000000	0,83038072
800,80000000	0,83074720
801,00000000	0,82776036
801,20000000	0,82251757
801,40000000	0,82119346
801,60000000	0,82612949
801,80000000	0,82058678
802,00000000	0,82105860
802,20000000	0,82059812
802,40000000	0,82014426
802,60000000	0,82289717
802,80000000	0,81943444
803,00000000	0,81592217
803,20000000	0,81542709
803,40000000	0,81853339
803,60000000	0,81829466
803,80000000	0,81590760
804,00000000	0,81553344
804,20000000	0,81150361
804,40000000	0,81405307
804,60000000	0,81199422
804,80000000	0,81426895
805,00000000	0,81390192
805,20000000	0,81079382
805,40000000	0,81031286
805,60000000	0,81393076
805,80000000	0,81340207
806,00000000	0,81216935
806,20000000	0,80975901
806,40000000	0,81225522
806,60000000	0,80813822
806,80000000	0,80900541
807,00000000	0,80860006
807,20000000	0,81028525
807,40000000	0,81205108
807,60000000	0,80900375
807,80000000	0,80541355
808,00000000	0,80293845
808,20000000	0,80967970
808,40000000	0,80838466
808,60000000	0,80479843
808,80000000	0,80520803
809,00000000	0,80776525
809,20000000	0,80353521
809,40000000	0,80389328
809,60000000	0,80242840
809,80000000	0,80549533
810,00000000	0,80094460
810,20000000	0,80212940
810,40000000	0,80032837
810,60000000	0,80229592
810,80000000	0,80193070
811,00000000	0,80179265
811,20000000	0,80254456
811,40000000	0,80105608
811,60000000	0,79765216
811,80000000	0,79746378
812,00000000	0,79667560
812,20000000	0,79696274
812,40000000	0,79630684
812,60000000	0,79912166
812,80000000	0,79764174
813,00000000	0,79625261
813,20000000	0,79637111
813,40000000	0,79456182
813,60000000	0,79600396
813,80000000	0,79210898
814,00000000	0,79417489
814,20000000	0,79331245
814,40000000	0,79211253
814,60000000	0,79017168
814,80000000	0,78977928
815,00000000	0,78818583
815,20000000	0,78906006
815,40000000	0,78840798
815,60000000	0,78831801
815,80000000	0,78705043
816,00000000	0,78756386
816,20000000	0,78576808
816,40000000	0,78398702
816,60000000	0,78005370
816,80000000	0,78296482
817,00000000	0,78290638
817,20000000	0,78326765
817,40000000	0,78031552
817,60000000	0,78228503
817,80000000	0,77580872
818,00000000	0,77398747
818,20000000	0,77837271
818,40000000	0,77582592
818,60000000	0,77620367
818,80000000	0,77454945
819,00000000	0,77165592
819,20000000	0,77345726
819,40000000	0,77344793
819,60000000	0,76975332
819,80000000	0,76867603
820,00000000	0,76998828
820,20000000	0,76661910
820,40000000	0,76516472
820,60000000	0,76108392
820,80000000	0,76437059
821,00000000	0,76349192
821,20000000	0,76130157
821,40000000	0,75947856
821,60000000	0,75378820
821,80000000	0,75966991
822,00000000	0,75802418
822,20000000	0,75655124
822,40000000	0,75340689
822,60000000	0,75177513
822,80000000	0,75318728
823,00000000	0,75154448
823,20000000	0,74837126
823,40000000	0,74760774
823,60000000	0,74781080
823,80000000	0,74925911
824,00000000	0,74391906
824,20000000	0,73995638
824,40000000	0,74103289
824,60000000	0,73929280
824,80000000	0,73868583
825,00000000	0,73682267
825,20000000	0,73376893
825,40000000	0,73367523
825,60000000	0,73149546
825,80000000	0,72995711
826,00000000	0,73420440
826,20000000	0,72888905
826,40000000	0,72862568
826,60000000	0,72941773
826,80000000	0,72750952
827,00000000	0,72424714
827,20000000	0,72036949
827,40000000	0,72456625
827,60000000	0,72375995
827,80000000	0,72013628
828,00000000	0,71624114
828,20000000	0,71697180
828,40000000	0,71618179
828,60000000	0,71835979
828,80000000	0,71380963
829,00000000	0,71551744
829,20000000	0,71530471
829,40000000	0,71393353
829,60000000	0,70644018
829,80000000	0,70313775
830,00000000	0,70615976
830,20000000	0,71096199
830,40000000	0,71132580
830,60000000	0,70281339
830,80000000	0,70108227
831,00000000	0,70208840
831,20000000	0,70426970
831,40000000	0,69914179
831,60000000	0,69612478
831,80000000	0,69583565
832,00000000	0,69974199
832,20000000	0,70146134
832,40000000	0,69507539
832,60000000	0,69008788
832,80000000	0,69699550
833,00000000	0,69534984
833,20000000	0,69634868
833,40000000	0,68858686
833,60000000	0,68932943
833,80000000	0,69163288
834,00000000	0,69482195
834,20000000	0,69335946
834,40000000	0,68750444
834,60000000	0,68913059
834,80000000	0,68541313
835,00000000	0,69108488
835,20000000	0,68482385
835,40000000	0,67732248
835,60000000	0,68708328
835,80000000	0,68733920
836,00000000	0,68576581
836,20000000	0,67710362
836,40000000	0,68040741
836,60000000	0,68482171
836,80000000	0,68843886
837,00000000	0,68181638
837,20000000	0,67808786
837,40000000	0,67354801
837,60000000	0,68440078
837,80000000	0,68707436
838,00000000	0,67704253
838,20000000	0,68003868
838,40000000	0,67939871
838,60000000	0,67940079
838,80000000	0,68121867
839,00000000	0,67401133
839,20000000	0,67696411
839,40000000	0,68768658
839,60000000	0,68209807
839,80000000	0,67366923
840,00000000	0,67156540
840,20000000	0,67404315
840,40000000	0,68327024
840,60000000	0,68684911
840,80000000	0,67583234
841,00000000	0,67028284
841,20000000	0,67731348
841,40000000	0,68026919
841,60000000	0,68012740
841,80000000	0,67806497
842,00000000	0,67793031
842,20000000	0,68042656
842,40000000	0,68156982
842,60000000	0,67798418
842,80000000	0,67431768
843,00000000	0,67930793
843,20000000	0,68439307
843,40000000	0,68574076
843,60000000	0,67653030
843,80000000	0,67610860
844,00000000	0,67991163
844,20000000	0,68622710
844,40000000	0,68354617
844,60000000	0,67861727
844,80000000	0,68191441
845,00000000	0,67953549
845,20000000	0,68576921
845,40000000	0,68213221
845,60000000	0,67800227
845,80000000	0,68060753
846,00000000	0,68989827
846,20000000	0,68631044
846,40000000	0,68497936
846,60000000	0,67404273
846,80000000	0,68540359
847,00000000	0,69020413
847,20000000	0,68586134
847,40000000	0,67713881
847,60000000	0,68001055
847,80000000	0,68755539
848,00000000	0,69025484
848,20000000	0,68969721
848,40000000	0,68158108
848,60000000	0,68386417
848,80000000	0,68831596
849,00000000	0,69050195
849,20000000	0,68541280
849,40000000	0,68377024
849,60000000	0,69122711
849,80000000	0,69391863
850,00000000	0,68907534
850,20000000	0,68429085
850,40000000	0,68516793
850,60000000	0,69248782
850,80000000	0,69072655
851,00000000	0,68869097
851,20000000	0,69023352
851,40000000	0,68873861
851,60000000	0,69313573
851,80000000	0,69128915
852,00000000	0,69106244
852,20000000	0,68696429
852,40000000	0,68843227
852,60000000	0,69326148
852,80000000	0,69020523
853,00000000	0,68590603
853,20000000	0,69106346
853,40000000	0,69135760
853,60000000	0,69264763
853,80000000	0,68815740
854,00000000	0,68563987
854,20000000	0,69335076
854,40000000	0,69409512
854,60000000	0,69249081
854,80000000	0,68906722
855,00000000	0,68673960
855,20000000	0,69151161
855,40000000	0,69464731
855,60000000	0,68899198
855,80000000	0,68926952
856,00000000	0,68748865
856,20000000	0,69098703
856,40000000	0,69086885
856,60000000	0,68822722
856,80000000	0,68991009
857,00000000	0,68635439
857,20000000	0,69029014
857,40000000	0,69216879
857,60000000	0,68599569
857,80000000	0,68696405
858,00000000	0,68957613
858,20000000	0,69207546
858,40000000	0,68299720
858,60000000	0,68596187
858,80000000	0,68870331
859,00000000	0,69010025
859,20000000	0,68376532
859,40000000	0,68656386
859,60000000	0,68630710
859,80000000	0,68801662
860,00000000	0,68800887
860,20000000	0,68365401
860,40000000	0,68440810
860,60000000	0,68300423
860,80000000	0,68474847
861,00000000	0,68592189
861,20000000	0,68282385
861,40000000	0,67826050
861,60000000	0,68310005
861,80000000	0,68363292
862,00000000	0,68045251
862,20000000	0,68261358
862,40000000	0,68100778
862,60000000	0,67947219
862,80000000	0,68407204
863,00000000	0,67911971
863,20000000	0,67772327
863,40000000	0,67693050
863,60000000	0,68046933
863,80000000	0,67834226
864,00000000	0,67606060
864,20000000	0,67293291
864,40000000	0,67577310
864,60000000	0,67727146
864,80000000	0,67691036
865,00000000	0,67219888
865,20000000	0,67724862
865,40000000	0,67187549
865,60000000	0,67707188
865,80000000	0,67250856
866,00000000	0,66805917
866,20000000	0,67201686
866,40000000	0,67711333
866,60000000	0,67051004
866,80000000	0,66849139
867,00000000	0,67620862
867,20000000	0,67300322
867,40000000	0,67101786
867,60000000	0,67229132
867,80000000	0,66777620
868,00000000	0,67087380
868,20000000	0,67119691
868,40000000	0,67184206
868,60000000	0,66846229
868,80000000	0,66706266
869,00000000	0,67095672
869,20000000	0,66846374
869,40000000	0,66855510
869,60000000	0,66606063
869,80000000	0,66970153
870,00000000	0,66727447
870,20000000	0,66603738
870,40000000	0,66479975
870,60000000	0,66120422
870,80000000	0,66721268
871,00000000	0,66534532
871,20000000	0,66473295
871,40000000	0,66434861
871,60000000	0,66279735
871,80000000	0,66755423
872,00000000	0,66567558
872,20000000	0,66262141
872,40000000	0,66513703
872,60000000	0,66679631
872,80000000	0,66322203
873,00000000	0,66322875
873,20000000	0,66286930
873,40000000	0,66216353
873,60000000	0,66282323
873,80000000	0,66894386
874,00000000	0,66424332
874,20000000	0,65955169
874,40000000	0,66096549
874,60000000	0,66334271
874,80000000	0,66215415
875,00000000	0,66146995
875,20000000	0,66128055
875,40000000	0,66342958
875,60000000	0,66116464
875,80000000	0,66171917
876,00000000	0,66099103
876,20000000	0,66132630
876,40000000	0,66144916
876,60000000	0,66312494
876,80000000	0,65876357
877,00000000	0,66190553
877,20000000	0,66265415
877,40000000	0,66264178
877,60000000	0,66003883
877,80000000	0,65960901
878,00000000	0,65991902
878,20000000	0,66140351
878,40000000	0,66066240
878,60000000	0,65771025
878,80000000	0,65937513
879,00000000	0,65688567
879,20000000	0,66297417
879,40000000	0,65607461
879,60000000	0,66366543
879,80000000	0,65788884
880,00000000	0,65956107
880,20000000	0,66033316
880,40000000	0,65703441
880,60000000	0,65286835
880,80000000	0,65838454
881,00000000	0,65940781
881,20000000	0,65941105
881,40000000	0,65173957
881,60000000	0,65485163
881,80000000	0,65990992
882,00000000	0,65627860
882,20000000	0,65487527
882,40000000	0,65777381
882,60000000	0,65687447
882,80000000	0,65556740
883,00000000	0,65752099
883,20000000	0,65397770
883,40000000	0,65059782
883,60000000	0,65421219
883,80000000	0,65896252
884,00000000	0,65225780
884,20000000	0,65236489
884,40000000	0,65379662
884,60000000	0,65507423
884,80000000	0,65225140
885,00000000	0,65469213
885,20000000	0,64948290
885,40000000	0,65114010
885,60000000	0,65529444
885,80000000	0,65293394
886,00000000	0,65176629
886,20000000	0,64335911
886,40000000	0,65090542
886,60000000	0,65626566
886,80000000	0,65002590
887,00000000	0,64869254
887,20000000	0,64811964
887,40000000	0,64941635
887,60000000	0,65316027
887,80000000	0,64721447
888,00000000	0,64722401
888,20000000	0,64820780
888,40000000	0,65065344
888,60000000	0,64933858
888,80000000	0,64365332
889,00000000	0,64726658
889,20000000	0,64902810
889,40000000	0,64870447
889,60000000	0,64607003
889,80000000	0,64489200
890,00000000	0,64692141
890,20000000	0,64610171
890,40000000	0,65091846
890,60000000	0,64730737
890,80000000	0,64622599
891,00000000	0,64537856
891,20000000	0,64943435
891,40000000	0,64583762
891,60000000	0,64542654
891,80000000	0,64689495
892,00000000	0,65073353
892,20000000	0,64048227
892,40000000	0,64497474
892,60000000	0,64305533
892,80000000	0,64488557
893,00000000	0,64650103
893,20000000	0,64752643
893,40000000	0,64278401
893,60000000	0,64157692
893,80000000	0,64974077
894,00000000	0,64531257
894,20000000	0,64468962
894,40000000	0,64231812
894,60000000	0,64643027
894,80000000	0,64908470
895,00000000	0,64638457
895,20000000	0,64261185
895,40000000	0,64607598
895,60000000	0,64760549
895,80000000	0,64854812
896,00000000	0,64525032
896,20000000	0,64882220
896,40000000	0,64294247
896,60000000	0,64928488
896,80000000	0,65325152
897,00000000	0,64984723
897,20000000	0,64550882
897,40000000	0,64699630
897,60000000	0,65557487
897,80000000	0,65097576
898,00000000	0,64904440
898,20000000	0,65020173
898,40000000	0,65636158
898,60000000	0,65367412
898,80000000	0,65563263
899,00000000	0,65125709
899,20000000	0,65473255
899,40000000	0,65168856
899,60000000	0,65820020
899,80000000	0,65185055
900,00000000	0,65919406
