150,00000000	0,99903903
150,20000000	0,99422837
150,40000000	0,98521836
150,60000000	0,98737352
150,80000000	0,99154631
151,00000000	0,99854499
151,20000000	0,99189153
151,40000000	0,98399123
151,60000000	0,99222246
151,80000000	0,99505006
152,00000000	0,98132482
152,20000000	0,99884341
152,40000000	0,98779650
152,60000000	0,99933280
152,80000000	0,98564604
153,00000000	0,99579917
153,20000000	0,97839821
153,40000000	0,99152312
153,60000000	0,98762833
153,80000000	0,97845372
154,00000000	0,99754134
154,20000000	0,99774412
154,40000000	0,99231683
154,60000000	0,99636425
154,80000000	0,98491349
155,00000000	0,99341329
155,20000000	0,99772088
155,40000000	0,98695420
155,60000000	0,98523436
155,80000000	0,99622950
156,00000000	0,99070514
156,20000000	0,98971669
156,40000000	0,99054611
156,60000000	0,99717184
156,80000000	0,99455882
157,00000000	0,99449545
157,20000000	0,98914978
157,40000000	0,98980978
157,60000000	0,99859094
157,80000000	0,99789576
158,00000000	0,99426532
158,20000000	0,99082057
158,40000000	0,98813826
158,60000000	0,99894961
158,80000000	0,98648266
159,00000000	0,98787628
159,20000000	0,99238534
159,40000000	0,99193809
159,60000000	0,99118377
159,80000000	0,98592939
160,00000000	0,99891518
160,20000000	0,99090502
160,40000000	0,99850385
160,60000000	0,99471248
160,80000000	0,99429243
161,00000000	0,98776236
161,20000000	0,99896098
161,40000000	0,99233467
161,60000000	0,99807540
161,80000000	0,99575242
162,00000000	0,98608816
162,20000000	0,99073062
162,40000000	0,99650339
162,60000000	0,99817559
162,80000000	0,98607915
163,00000000	0,99947353
163,20000000	0,99533784
163,40000000	0,99534602
163,60000000	0,99958128
163,80000000	0,99303433
164,00000000	0,99688182
164,20000000	0,99680242
164,40000000	0,99735611
164,60000000	0,99282574
164,80000000	0,99994976
165,00000000	0,99812638
165,20000000	0,99250893
165,40000000	0,99009935
165,60000000	0,99846621
165,80000000	0,99855116
166,00000000	0,99344257
166,20000000	0,99965486
166,40000000	0,99793295
166,60000000	0,99860345
166,80000000	0,99405474
167,00000000	0,99910893
167,20000000	0,99971161
167,40000000	0,99983068
167,60000000	0,99742201
167,80000000	0,99894240
168,00000000	0,99860099
168,20000000	0,99845708
168,40000000	0,99984336
168,60000000	0,99966340
168,80000000	0,99868165
169,00000000	0,99837518
169,20000000	0,99821518
169,40000000	0,99766082
169,60000000	0,99840386
169,80000000	0,99892315
170,00000000	0,99775217
170,20000000	0,99815738
170,40000000	0,99584653
170,60000000	0,99844283
170,80000000	0,99992726
171,00000000	0,99968252
171,20000000	0,99845780
171,40000000	0,99862009
171,60000000	0,99949776
171,80000000	0,99906613
172,00000000	0,99837712
172,20000000	0,99943974
172,40000000	0,99960489
172,60000000	0,99994213
172,80000000	0,99858348
173,00000000	0,99915546
173,20000000	0,99981189
173,40000000	0,99957365
173,60000000	0,99996008
173,80000000	0,99940500
174,00000000	0,99881908
174,20000000	0,99931188
174,40000000	0,99851178
174,60000000	0,99879762
174,80000000	0,99936508
175,00000000	0,99819831
175,20000000	0,99936434
175,40000000	0,99877226
175,60000000	0,99938532
175,80000000	0,99922704
176,00000000	0,99824584
176,20000000	0,99765355
176,40000000	0,99657254
176,60000000	0,99841992
176,80000000	0,99971950
177,00000000	0,99853297
177,20000000	0,99848146
177,40000000	0,99935363
177,60000000	0,99861675
177,80000000	0,99870575
178,00000000	0,99917698
178,20000000	0,99814085
178,40000000	0,99925985
178,60000000	0,99860616
178,80000000	0,99807044
179,00000000	0,99892885
179,20000000	0,99917416
179,40000000	0,99923392
179,60000000	0,99576882
179,80000000	0,99906229
180,00000000	0,99922975
180,20000000	0,99837145
180,40000000	0,99900783
180,60000000	0,99798844
180,80000000	0,99924679
181,00000000	0,99822743
181,20000000	0,99881697
181,40000000	0,99735386
181,60000000	0,99789734
181,80000000	0,99783831
182,00000000	0,99944609
182,20000000	0,99756331
182,40000000	0,99674476
182,60000000	0,99660272
182,80000000	0,99870948
183,00000000	0,99896741
183,20000000	0,99871907
183,40000000	0,99672878
183,60000000	0,99871270
183,80000000	0,99792132
184,00000000	0,99908181
184,20000000	0,99806383
184,40000000	0,99293901
184,60000000	0,99588492
184,80000000	0,99957951
185,00000000	0,99584721
185,20000000	0,99949512
185,40000000	0,99339900
185,60000000	0,99592665
185,80000000	0,99849371
186,00000000	0,99735186
186,20000000	0,99877709
186,40000000	0,99782734
186,60000000	0,99771941
186,80000000	0,99954981
187,00000000	0,99660908
187,20000000	0,99595142
187,40000000	0,99901315
187,60000000	0,99540766
187,80000000	0,99578274
188,00000000	0,99803809
188,20000000	0,99805248
188,40000000	0,99663145
188,60000000	0,99610428
188,80000000	0,99801986
189,00000000	0,99888044
189,20000000	0,99611983
189,40000000	0,99780952
189,60000000	0,99704593
189,80000000	0,99623624
190,00000000	0,99941976
190,20000000	0,99895612
190,40000000	0,99899485
190,60000000	0,99565677
190,80000000	0,99665584
191,00000000	0,99852202
191,20000000	0,99839396
191,40000000	0,99857104
191,60000000	0,99729460
191,80000000	0,99937572
192,00000000	0,99709818
192,20000000	0,99638679
192,40000000	0,99923855
192,60000000	0,99934667
192,80000000	0,99722535
193,00000000	0,99925550
193,20000000	0,99738776
193,40000000	0,99823617
193,60000000	0,99845920
193,80000000	0,99794600
194,00000000	0,99661550
194,20000000	0,99946102
194,40000000	0,99668015
194,60000000	0,99859681
194,80000000	0,99764529
195,00000000	0,99949790
195,20000000	0,99920168
195,40000000	0,99941321
195,60000000	0,99930835
195,80000000	0,99739980
196,00000000	0,99902909
196,20000000	0,99943943
196,40000000	0,99831434
196,60000000	0,99946437
196,80000000	0,99941663
197,00000000	0,99859107
197,20000000	0,99776867
197,40000000	0,99829036
197,60000000	0,99911068
197,80000000	0,99843357
198,00000000	0,99822675
198,20000000	0,99943897
198,40000000	0,99823073
198,60000000	0,99922117
198,80000000	0,99854860
199,00000000	0,99678784
199,20000000	0,99905321
199,40000000	0,99905973
199,60000000	0,99963069
199,80000000	0,99733957
200,00000000	0,99954548
200,20000000	0,99840680
200,40000000	0,99943748
200,60000000	0,99969846
200,80000000	0,99833137
201,00000000	0,99872641
201,20000000	0,99982069
201,40000000	0,99793633
201,60000000	0,99902444
201,80000000	0,99939994
202,00000000	0,99823303
202,20000000	0,99843636
202,40000000	0,99866963
202,60000000	0,99891923
202,80000000	0,99843336
203,00000000	0,99923821
203,20000000	0,99915031
203,40000000	0,99848164
203,60000000	0,99937026
203,80000000	0,99756483
204,00000000	0,99830591
204,20000000	0,99980816
204,40000000	0,99770778
204,60000000	0,99787304
204,80000000	0,99889860
205,00000000	0,99857886
205,20000000	0,99913179
205,40000000	0,99951050
205,60000000	0,99930978
205,80000000	0,99860081
206,00000000	0,99923395
206,20000000	0,99973881
206,40000000	0,99832745
206,60000000	0,99953603
206,80000000	0,99819428
207,00000000	0,99894585
207,20000000	0,99864343
207,40000000	0,99693917
207,60000000	0,99955410
207,80000000	0,99875691
208,00000000	0,99928020
208,20000000	0,99792469
208,40000000	0,99967427
208,60000000	0,99894741
208,80000000	0,99930855
209,00000000	0,99857039
209,20000000	0,99768389
209,40000000	0,99959867
209,60000000	0,99896310
209,80000000	0,99961484
210,00000000	0,99831262
210,20000000	0,99949987
210,40000000	0,99718508
210,60000000	0,99909381
210,80000000	0,99922888
211,00000000	0,99905792
211,20000000	0,99862528
211,40000000	0,99951970
211,60000000	0,99797454
211,80000000	0,99798570
212,00000000	0,99808877
212,20000000	0,99952071
212,40000000	0,99917510
212,60000000	0,99784637
212,80000000	0,99824758
213,00000000	0,99911240
213,20000000	0,99921182
213,40000000	0,99765201
213,60000000	0,99870214
213,80000000	0,99888110
214,00000000	0,99962559
214,20000000	0,99931019
214,40000000	0,99903695
214,60000000	0,99720785
214,80000000	0,99870611
215,00000000	0,99946968
215,20000000	0,99896935
215,40000000	0,99813900
215,60000000	0,99971521
215,80000000	0,99796686
216,00000000	0,99841109
216,20000000	0,99937202
216,40000000	0,99873458
216,60000000	0,99975966
216,80000000	0,99868570
217,00000000	0,99902278
217,20000000	0,99903667
217,40000000	0,99925327
217,60000000	0,99895394
217,80000000	0,99966922
218,00000000	0,99850321
218,20000000	0,99904023
218,40000000	0,99954043
218,60000000	0,99876845
218,80000000	0,99944078
219,00000000	0,99906747
219,20000000	0,99904354
219,40000000	0,99993717
219,60000000	0,99938297
219,80000000	0,99915529
220,00000000	0,99890082
220,20000000	0,99960650
220,40000000	0,99938566
220,60000000	0,99951939
220,80000000	0,99867457
221,00000000	0,99875486
221,20000000	0,99907865
221,40000000	0,99979998
221,60000000	0,99947255
221,80000000	0,99929653
222,00000000	0,99814433
222,20000000	0,99952864
222,40000000	0,99948639
222,60000000	0,99989490
222,80000000	0,99924886
223,00000000	0,99992745
223,20000000	0,99796994
223,40000000	0,99914803
223,60000000	0,99974455
223,80000000	0,99897029
224,00000000	0,99940222
224,20000000	0,99977515
224,40000000	0,99851606
224,60000000	0,99882449
224,80000000	0,99984312
225,00000000	0,99908448
225,20000000	0,99944812
225,40000000	0,99979388
225,60000000	0,99864814
225,80000000	0,99953957
226,00000000	0,99919323
226,20000000	0,99968081
226,40000000	0,99969646
226,60000000	0,99951475
226,80000000	0,99940080
227,00000000	0,99864071
227,20000000	0,99910281
227,40000000	0,99919479
227,60000000	0,99824670
227,80000000	0,99932988
228,00000000	0,99902909
228,20000000	0,99978760
228,40000000	0,99933351
228,60000000	0,99879157
228,80000000	0,99935558
229,00000000	0,99960987
229,20000000	0,99949340
229,40000000	0,99928828
229,60000000	0,99837310
229,80000000	0,99942691
230,00000000	0,99956850
230,20000000	0,99936197
230,40000000	0,99872092
230,60000000	0,99930363
230,80000000	0,99901282
231,00000000	0,99911250
231,20000000	0,99944317
231,40000000	0,99897830
231,60000000	0,99936091
231,80000000	0,99902563
232,00000000	0,99913943
232,20000000	0,99885405
232,40000000	0,99956685
232,60000000	0,99913758
232,80000000	0,99957272
233,00000000	0,99959057
233,20000000	0,99913082
233,40000000	0,99904601
233,60000000	0,99871483
233,80000000	0,99976438
234,00000000	0,99910156
234,20000000	0,99916532
234,40000000	0,99912203
234,60000000	0,99932494
234,80000000	0,99955386
235,00000000	0,99882597
235,20000000	0,99899000
235,40000000	0,99916718
235,60000000	0,99945658
235,80000000	0,99924305
236,00000000	0,99863275
236,20000000	0,99940149
236,40000000	0,99922718
236,60000000	0,99940066
236,80000000	0,99942694
237,00000000	0,99912812
237,20000000	0,99885907
237,40000000	0,99906037
237,60000000	0,99951203
237,80000000	0,99960620
238,00000000	0,99886340
238,20000000	0,99912430
238,40000000	0,99945589
238,60000000	0,99935142
238,80000000	0,99902735
239,00000000	0,99858750
239,20000000	0,99924691
239,40000000	0,99922297
239,60000000	0,99974490
239,80000000	0,99908997
240,00000000	0,99869558
240,20000000	0,99922649
240,40000000	0,99876854
240,60000000	0,99939102
240,80000000	0,99919957
241,00000000	0,99937206
241,20000000	0,99927490
241,40000000	0,99903955
241,60000000	0,99987017
241,80000000	0,99925673
242,00000000	0,99923564
242,20000000	0,99905919
242,40000000	0,99953145
242,60000000	0,99937036
242,80000000	0,99940627
243,00000000	0,99961639
243,20000000	0,99959720
243,40000000	0,99880560
243,60000000	0,99955860
243,80000000	0,99927658
244,00000000	0,99978022
244,20000000	0,99937406
244,40000000	0,99907262
244,60000000	0,99981531
244,80000000	0,99984651
245,00000000	0,99932472
245,20000000	0,99935396
245,40000000	0,99990006
245,60000000	0,99906217
245,80000000	0,99940678
246,00000000	0,99965637
246,20000000	0,99978872
246,40000000	0,99966750
246,60000000	0,99945566
246,80000000	0,99985124
247,00000000	0,99989897
247,20000000	0,99989444
247,40000000	0,99973921
247,60000000	0,99967658
247,80000000	0,99975479
248,00000000	0,99971086
248,20000000	0,99976435
248,40000000	0,99982075
248,60000000	0,99984884
248,80000000	0,99993290
249,00000000	0,99976823
249,20000000	0,99988254
249,40000000	0,99985898
249,60000000	0,99997862
249,80000000	0,99992259
250,00000000	0,99999239
250,20000000	0,99981870
250,40000000	0,99987234
250,60000000	0,99981065
250,80000000	0,99991655
251,00000000	0,99985557
251,20000000	0,99973795
251,40000000	0,99989916
251,60000000	0,99995953
251,80000000	0,99983978
252,00000000	0,99995577
252,20000000	0,99990536
252,40000000	0,99999682
252,60000000	0,99987933
252,80000000	0,99973307
253,00000000	0,99994550
253,20000000	0,99995938
253,40000000	0,99979533
253,60000000	0,99981054
253,80000000	0,99993114
254,00000000	0,99998300
254,20000000	0,99993246
254,40000000	0,99997606
254,60000000	0,99999684
254,80000000	0,99996097
255,00000000	0,99989640
255,20000000	0,99990784
255,40000000	0,99994920
255,60000000	0,99992427
255,80000000	0,99999881
256,00000000	0,99997176
256,20000000	0,99988338
256,40000000	0,99992514
256,60000000	0,99996743
256,80000000	0,99996265
257,00000000	0,99998639
257,20000000	0,99999305
257,40000000	0,99988336
257,60000000	0,99995263
257,80000000	0,99997004
258,00000000	0,99999614
258,20000000	0,99997734
258,40000000	0,99998906
258,60000000	0,99977779
258,80000000	0,99982444
259,00000000	0,99985250
259,20000000	0,99991310
259,40000000	0,99997144
259,60000000	0,99995447
259,80000000	0,99995310
260,00000000	0,99999550
260,20000000	0,99995895
260,40000000	0,99999582
260,60000000	0,99985678
260,80000000	0,99995453
261,00000000	0,99995141
261,20000000	0,99994600
261,40000000	0,99993928
261,60000000	0,99994653
261,80000000	0,99979388
262,00000000	0,99989608
262,20000000	0,99997574
262,40000000	0,99986622
262,60000000	0,99996696
262,80000000	0,99992214
263,00000000	0,99993017
263,20000000	0,99994250
263,40000000	0,99994830
263,60000000	0,99993078
263,80000000	0,99992876
264,00000000	0,99993291
264,20000000	0,99988328
264,40000000	0,99997817
264,60000000	0,99992134
264,80000000	0,99990222
265,00000000	0,99998073
265,20000000	0,99987726
265,40000000	0,99986828
265,60000000	0,99997646
265,80000000	0,99978866
266,00000000	0,99986682
266,20000000	0,99988144
266,40000000	0,99987127
266,60000000	0,99969685
266,80000000	0,99968356
267,00000000	0,99995021
267,20000000	0,99991110
267,40000000	0,99972109
267,60000000	0,99988267
267,80000000	0,99986146
268,00000000	0,99938854
268,20000000	0,99978372
268,40000000	0,99983828
268,60000000	0,99980175
268,80000000	0,99971353
269,00000000	0,99962181
269,20000000	0,99963467
269,40000000	0,99988296
269,60000000	0,99960329
269,80000000	0,99949751
270,00000000	0,99959512
270,20000000	0,99940795
270,40000000	0,99949272
270,60000000	0,99932013
270,80000000	0,99983430
271,00000000	0,99925484
271,20000000	0,99971158
271,40000000	0,99927286
271,60000000	0,99898050
271,80000000	0,99940180
272,00000000	0,99945438
272,20000000	0,99935444
272,40000000	0,99914201
272,60000000	0,99937914
272,80000000	0,99906106
273,00000000	0,99916773
273,20000000	0,99916366
273,40000000	0,99923271
273,60000000	0,99896387
273,80000000	0,99886690
274,00000000	0,99878583
274,20000000	0,99900999
274,40000000	0,99924679
274,60000000	0,99854628
274,80000000	0,99853634
275,00000000	0,99874943
275,20000000	0,99863336
275,40000000	0,99880949
275,60000000	0,99836331
275,80000000	0,99874099
276,00000000	0,99881064
276,20000000	0,99772383
276,40000000	0,99849108
276,60000000	0,99856164
276,80000000	0,99831725
277,00000000	0,99871424
277,20000000	0,99833727
277,40000000	0,99875739
277,60000000	0,99849115
277,80000000	0,99838892
278,00000000	0,99813400
278,20000000	0,99801935
278,40000000	0,99763514
278,60000000	0,99761307
278,80000000	0,99792229
279,00000000	0,99760331
279,20000000	0,99754498
279,40000000	0,99780374
279,60000000	0,99740607
279,80000000	0,99735466
280,00000000	0,99691084
280,20000000	0,99841147
280,40000000	0,99702279
280,60000000	0,99806714
280,80000000	0,99755827
281,00000000	0,99696162
281,20000000	0,99703973
281,40000000	0,99704368
281,60000000	0,99725591
281,80000000	0,99679911
282,00000000	0,99681656
282,20000000	0,99638453
282,40000000	0,99682814
282,60000000	0,99778026
282,80000000	0,99703326
283,00000000	0,99687243
283,20000000	0,99671673
283,40000000	0,99646802
283,60000000	0,99668182
283,80000000	0,99669822
284,00000000	0,99622527
284,20000000	0,99690799
284,40000000	0,99686593
284,60000000	0,99678253
284,80000000	0,99616138
285,00000000	0,99612538
285,20000000	0,99668579
285,40000000	0,99686066
285,60000000	0,99628541
285,80000000	0,99632252
286,00000000	0,99617829
286,20000000	0,99652800
286,40000000	0,99616064
286,60000000	0,99617634
286,80000000	0,99641114
287,00000000	0,99660022
287,20000000	0,99634359
287,40000000	0,99656141
287,60000000	0,99677785
287,80000000	0,99584399
288,00000000	0,99646098
288,20000000	0,99558727
288,40000000	0,99633680
288,60000000	0,99646933
288,80000000	0,99605383
289,00000000	0,99626982
289,20000000	0,99630819
289,40000000	0,99628202
289,60000000	0,99622003
289,80000000	0,99634983
290,00000000	0,99573584
290,20000000	0,99653552
290,40000000	0,99625809
290,60000000	0,99652747
290,80000000	0,99700422
291,00000000	0,99572758
291,20000000	0,99654154
291,40000000	0,99638444
291,60000000	0,99667728
291,80000000	0,99628770
292,00000000	0,99659627
292,20000000	0,99657841
292,40000000	0,99663486
292,60000000	0,99636608
292,80000000	0,99630350
293,00000000	0,99616998
293,20000000	0,99615189
293,40000000	0,99656640
293,60000000	0,99685209
293,80000000	0,99677987
294,00000000	0,99762137
294,20000000	0,99676075
294,40000000	0,99658740
294,60000000	0,99753706
294,80000000	0,99651473
295,00000000	0,99694783
295,20000000	0,99731242
295,40000000	0,99693429
295,60000000	0,99643566
295,80000000	0,99735838
296,00000000	0,99734069
296,20000000	0,99692036
296,40000000	0,99731246
296,60000000	0,99727366
296,80000000	0,99735011
297,00000000	0,99709733
297,20000000	0,99778115
297,40000000	0,99721916
297,60000000	0,99736309
297,80000000	0,99795497
298,00000000	0,99773482
298,20000000	0,99798756
298,40000000	0,99754055
298,60000000	0,99738691
298,80000000	0,99833852
299,00000000	0,99783220
299,20000000	0,99822077
299,40000000	0,99813811
299,60000000	0,99851601
299,80000000	0,99778119
300,00000000	0,99812173
300,20000000	0,99890481
300,40000000	0,99828035
300,60000000	0,99828318
300,80000000	0,99844393
301,00000000	0,99837572
301,20000000	0,99856217
301,40000000	0,99839970
301,60000000	0,99857499
301,80000000	0,99878314
302,00000000	0,99873474
302,20000000	0,99866985
302,40000000	0,99901144
302,60000000	0,99916157
302,80000000	0,99891545
303,00000000	0,99883105
303,20000000	0,99891097
303,40000000	0,99935801
303,60000000	0,99915909
303,80000000	0,99916686
304,00000000	0,99944055
304,20000000	0,99916497
304,40000000	0,99894897
304,60000000	0,99934680
304,80000000	0,99938140
305,00000000	0,99939615
305,20000000	0,99940275
305,40000000	0,99943331
305,60000000	0,99902948
305,80000000	0,99935609
306,00000000	0,99952333
306,20000000	0,99933819
306,40000000	0,99948706
306,60000000	0,99928620
306,80000000	0,99962875
307,00000000	0,99936348
307,20000000	0,99964968
307,40000000	0,99964297
307,60000000	0,99961818
307,80000000	0,99952758
308,00000000	0,99942765
308,20000000	0,99970371
308,40000000	0,99970884
308,60000000	0,99966303
308,80000000	0,99972122
309,00000000	0,99959980
309,20000000	0,99961998
309,40000000	0,99959987
309,60000000	0,99953772
309,80000000	0,99968430
310,00000000	0,99975351
310,20000000	0,99963161
310,40000000	0,99964957
310,60000000	0,99959455
310,80000000	0,99967751
311,00000000	0,99973653
311,20000000	0,99965705
311,40000000	0,99954934
311,60000000	0,99952649
311,80000000	0,99943794
312,00000000	0,99958550
312,20000000	0,99957078
312,40000000	0,99959862
312,60000000	0,99975592
312,80000000	0,99943344
313,00000000	0,99958256
313,20000000	0,99960784
313,40000000	0,99944528
313,60000000	0,99928074
313,80000000	0,99935870
314,00000000	0,99962347
314,20000000	0,99934123
314,40000000	0,99948083
314,60000000	0,99961742
314,80000000	0,99950657
315,00000000	0,99921103
315,20000000	0,99930176
315,40000000	0,99941051
315,60000000	0,99928971
315,80000000	0,99932103
316,00000000	0,99940345
316,20000000	0,99935546
316,40000000	0,99928295
316,60000000	0,99925527
316,80000000	0,99918919
317,00000000	0,99945130
317,20000000	0,99935670
317,40000000	0,99908482
317,60000000	0,99924418
317,80000000	0,99915346
318,00000000	0,99937954
318,20000000	0,99936183
318,40000000	0,99920073
318,60000000	0,99914449
318,80000000	0,99920636
319,00000000	0,99908901
319,20000000	0,99910096
319,40000000	0,99941490
319,60000000	0,99930474
319,80000000	0,99909000
320,00000000	0,99918176
320,20000000	0,99941329
320,40000000	0,99916176
320,60000000	0,99898165
320,80000000	0,99905434
321,00000000	0,99917710
321,20000000	0,99937124
321,40000000	0,99916882
321,60000000	0,99912068
321,80000000	0,99910413
322,00000000	0,99916229
322,20000000	0,99921750
322,40000000	0,99919618
322,60000000	0,99915987
322,80000000	0,99942650
323,00000000	0,99934719
323,20000000	0,99937540
323,40000000	0,99944551
323,60000000	0,99911838
323,80000000	0,99909869
324,00000000	0,99923335
324,20000000	0,99937395
324,40000000	0,99941219
324,60000000	0,99914636
324,80000000	0,99922534
325,00000000	0,99930815
325,20000000	0,99919501
325,40000000	0,99910350
325,60000000	0,99911545
325,80000000	0,99943532
326,00000000	0,99914719
326,20000000	0,99931772
326,40000000	0,99930180
326,60000000	0,99937421
326,80000000	0,99933939
327,00000000	0,99940127
327,20000000	0,99930427
327,40000000	0,99937269
327,60000000	0,99957635
327,80000000	0,99945052
328,00000000	0,99953681
328,20000000	0,99945651
328,40000000	0,99941925
328,60000000	0,99952411
328,80000000	0,99929931
329,00000000	0,99935301
329,20000000	0,99948743
329,40000000	0,99957404
329,60000000	0,99938016
329,80000000	0,99930725
330,00000000	0,99959857
330,20000000	0,99950156
330,40000000	0,99958709
330,60000000	0,99963462
330,80000000	0,99955487
331,00000000	0,99945048
331,20000000	0,99961703
331,40000000	0,99965205
331,60000000	0,99963384
331,80000000	0,99959293
332,00000000	0,99949599
332,20000000	0,99959821
332,40000000	0,99983445
332,60000000	0,99974467
332,80000000	0,99970919
333,00000000	0,99972164
333,20000000	0,99974165
333,40000000	0,99975431
333,60000000	0,99969191
333,80000000	0,99971487
334,00000000	0,99977097
334,20000000	0,99983828
334,40000000	0,99974197
334,60000000	0,99976925
334,80000000	0,99980814
335,00000000	0,99971540
335,20000000	0,99987330
335,40000000	0,99986948
335,60000000	0,99980554
335,80000000	0,99970871
336,00000000	0,99974621
336,20000000	0,99980418
336,40000000	0,99983944
336,60000000	0,99986786
336,80000000	0,99991865
337,00000000	0,99989271
337,20000000	0,99993266
337,40000000	0,99993730
337,60000000	0,99995081
337,80000000	0,99993990
338,00000000	0,99989895
338,20000000	0,99991535
338,40000000	0,99994821
338,60000000	0,99990052
338,80000000	0,99995207
339,00000000	0,99997423
339,20000000	0,99993791
339,40000000	0,99992604
339,60000000	0,99996118
339,80000000	0,99992158
340,00000000	0,99988332
340,20000000	0,99989049
340,40000000	0,99994304
340,60000000	0,99995544
340,80000000	0,99991687
341,00000000	0,99991638
341,20000000	0,99993258
341,40000000	0,99995293
341,60000000	0,99994831
341,80000000	0,99998470
342,00000000	0,99997652
342,20000000	0,99993995
342,40000000	0,99994580
342,60000000	0,99996937
342,80000000	0,99996382
343,00000000	0,99993476
343,20000000	0,99993005
343,40000000	0,99991540
343,60000000	0,99993235
343,80000000	0,99992158
344,00000000	0,99994658
344,20000000	0,99992528
344,40000000	0,99995133
344,60000000	0,99993294
344,80000000	0,99992690
345,00000000	0,99990366
345,20000000	0,99991686
345,40000000	0,99991138
345,60000000	0,99988925
345,80000000	0,99992009
346,00000000	0,99991530
346,20000000	0,99990501
346,40000000	0,99992552
346,60000000	0,99992389
346,80000000	0,99989919
347,00000000	0,99991867
347,20000000	0,99987395
347,40000000	0,99985252
347,60000000	0,99987820
347,80000000	0,99980583
348,00000000	0,99983992
348,20000000	0,99987153
348,40000000	0,99989968
348,60000000	0,99989110
348,80000000	0,99986459
349,00000000	0,99982728
349,20000000	0,99980289
349,40000000	0,99980430
349,60000000	0,99982788
349,80000000	0,99977811
350,00000000	0,99975550
350,20000000	0,99978261
350,40000000	0,99973836
350,60000000	0,99971304
350,80000000	0,99967140
351,00000000	0,99971356
351,20000000	0,99966537
351,40000000	0,99973779
351,60000000	0,99975291
351,80000000	0,99961854
352,00000000	0,99954878
352,20000000	0,99960574
352,40000000	0,99952205
352,60000000	0,99963293
352,80000000	0,99957303
353,00000000	0,99954761
353,20000000	0,99946390
353,40000000	0,99953555
353,60000000	0,99948700
353,80000000	0,99939035
354,00000000	0,99942696
354,20000000	0,99938735
354,40000000	0,99935645
354,60000000	0,99928670
354,80000000	0,99931773
355,00000000	0,99923866
355,20000000	0,99911938
355,40000000	0,99910369
355,60000000	0,99923611
355,80000000	0,99930581
356,00000000	0,99918183
356,20000000	0,99914690
356,40000000	0,99923852
356,60000000	0,99912873
356,80000000	0,99915859
357,00000000	0,99918369
357,20000000	0,99898478
357,40000000	0,99911320
357,60000000	0,99889421
357,80000000	0,99887602
358,00000000	0,99898683
358,20000000	0,99899787
358,40000000	0,99894544
358,60000000	0,99893969
358,80000000	0,99887215
359,00000000	0,99893833
359,20000000	0,99881209
359,40000000	0,99867029
359,60000000	0,99884686
359,80000000	0,99876885
360,00000000	0,99854512
360,20000000	0,99841506
360,40000000	0,99848087
360,60000000	0,99853404
360,80000000	0,99868078
361,00000000	0,99867801
361,20000000	0,99853977
361,40000000	0,99874350
361,60000000	0,99865787
361,80000000	0,99871318
362,00000000	0,99864972
362,20000000	0,99842670
362,40000000	0,99838340
362,60000000	0,99837543
362,80000000	0,99844219
363,00000000	0,99844615
363,20000000	0,99828870
363,40000000	0,99827635
363,60000000	0,99809199
363,80000000	0,99816099
364,00000000	0,99860946
364,20000000	0,99837735
364,40000000	0,99846876
364,60000000	0,99838920
364,80000000	0,99827681
365,00000000	0,99838026
365,20000000	0,99825690
365,40000000	0,99833167
365,60000000	0,99834379
365,80000000	0,99827549
366,00000000	0,99841767
366,20000000	0,99844693
366,40000000	0,99829136
366,60000000	0,99840324
366,80000000	0,99840864
367,00000000	0,99848868
367,20000000	0,99858014
367,40000000	0,99837245
367,60000000	0,99839624
367,80000000	0,99831067
368,00000000	0,99844468
368,20000000	0,99846348
368,40000000	0,99842788
368,60000000	0,99829358
368,80000000	0,99859249
369,00000000	0,99858582
369,20000000	0,99853050
369,40000000	0,99835779
369,60000000	0,99839428
369,80000000	0,99855119
370,00000000	0,99843278
370,20000000	0,99848492
370,40000000	0,99854769
370,60000000	0,99857530
370,80000000	0,99859922
371,00000000	0,99864317
371,20000000	0,99876715
371,40000000	0,99884780
371,60000000	0,99869270
371,80000000	0,99870682
372,00000000	0,99887435
372,20000000	0,99896946
372,40000000	0,99889611
372,60000000	0,99887561
372,80000000	0,99907943
373,00000000	0,99913517
373,20000000	0,99913649
373,40000000	0,99900933
373,60000000	0,99898686
373,80000000	0,99907912
374,00000000	0,99897458
374,20000000	0,99896643
374,40000000	0,99911291
374,60000000	0,99914392
374,80000000	0,99914471
375,00000000	0,99942196
375,20000000	0,99931462
375,40000000	0,99921186
375,60000000	0,99919784
375,80000000	0,99939749
376,00000000	0,99938604
376,20000000	0,99941342
376,40000000	0,99954105
376,60000000	0,99952753
376,80000000	0,99956131
377,00000000	0,99956779
377,20000000	0,99960875
377,40000000	0,99969878
377,60000000	0,99973216
377,80000000	0,99967235
378,00000000	0,99971010
378,20000000	0,99976454
378,40000000	0,99976398
378,60000000	0,99980023
378,80000000	0,99979270
379,00000000	0,99980411
379,20000000	0,99983152
379,40000000	0,99988612
379,60000000	0,99987571
379,80000000	0,99989045
380,00000000	0,99992904
380,20000000	0,99994873
380,40000000	0,99996276
380,60000000	0,99996163
380,80000000	0,99998420
381,00000000	0,99998900
381,20000000	0,99998618
381,40000000	0,99999833
381,60000000	0,99999874
381,80000000	0,99999975
382,00000000	0,99999920
382,20000000	0,99999066
382,40000000	0,99998898
382,60000000	0,99999362
382,80000000	0,99998517
383,00000000	0,99997533
383,20000000	0,99997643
383,40000000	0,99995445
383,60000000	0,99992256
383,80000000	0,99989955
384,00000000	0,99988474
384,20000000	0,99985680
384,40000000	0,99985308
384,60000000	0,99983886
384,80000000	0,99977494
385,00000000	0,99983527
385,20000000	0,99975294
385,40000000	0,99971944
385,60000000	0,99971909
385,80000000	0,99963820
386,00000000	0,99963175
386,20000000	0,99961866
386,40000000	0,99952156
386,60000000	0,99953757
386,80000000	0,99951901
387,00000000	0,99947638
387,20000000	0,99938838
387,40000000	0,99934985
387,60000000	0,99927484
387,80000000	0,99938362
388,00000000	0,99942992
388,20000000	0,99912111
388,40000000	0,99904510
388,60000000	0,99916873
388,80000000	0,99916270
389,00000000	0,99901094
389,20000000	0,99900370
389,40000000	0,99897043
389,60000000	0,99875765
389,80000000	0,99874991
390,00000000	0,99877315
390,20000000	0,99864053
390,40000000	0,99854387
390,60000000	0,99858273
390,80000000	0,99846031
391,00000000	0,99845138
391,20000000	0,99844719
391,40000000	0,99846572
391,60000000	0,99830855
391,80000000	0,99810469
392,00000000	0,99812113
392,20000000	0,99806488
392,40000000	0,99794207
392,60000000	0,99784338
392,80000000	0,99783351
393,00000000	0,99766523
393,20000000	0,99762081
393,40000000	0,99759083
393,60000000	0,99757393
393,80000000	0,99747509
394,00000000	0,99754162
394,20000000	0,99748626
394,40000000	0,99725680
394,60000000	0,99723597
394,80000000	0,99712425
395,00000000	0,99722830
395,20000000	0,99719448
395,40000000	0,99703577
395,60000000	0,99707112
395,80000000	0,99729652
396,00000000	0,99727163
396,20000000	0,99703058
396,40000000	0,99697542
396,60000000	0,99687626
396,80000000	0,99685388
397,00000000	0,99685535
397,20000000	0,99679196
397,40000000	0,99673778
397,60000000	0,99681877
397,80000000	0,99674912
398,00000000	0,99659481
398,20000000	0,99639062
398,40000000	0,99648939
398,60000000	0,99659917
398,80000000	0,99642109
399,00000000	0,99646715
399,20000000	0,99663492
399,40000000	0,99618574
399,60000000	0,99650331
399,80000000	0,99650733
400,00000000	0,99632971
400,20000000	0,99643220
400,40000000	0,99644378
400,60000000	0,99637877
400,80000000	0,99628819
401,00000000	0,99631422
401,20000000	0,99625596
401,40000000	0,99621441
401,60000000	0,99621551
401,80000000	0,99618852
402,00000000	0,99615751
402,20000000	0,99632615
402,40000000	0,99609771
402,60000000	0,99599153
402,80000000	0,99628436
403,00000000	0,99636552
403,20000000	0,99642646
403,40000000	0,99652267
403,60000000	0,99665037
403,80000000	0,99642025
404,00000000	0,99628684
404,20000000	0,99651197
404,40000000	0,99655871
404,60000000	0,99655366
404,80000000	0,99654572
405,00000000	0,99653881
405,20000000	0,99650858
405,40000000	0,99672332
405,60000000	0,99680069
405,80000000	0,99660234
406,00000000	0,99653924
406,20000000	0,99677540
406,40000000	0,99668908
406,60000000	0,99676885
406,80000000	0,99691193
407,00000000	0,99700406
407,20000000	0,99708943
407,40000000	0,99694891
407,60000000	0,99703717
407,80000000	0,99702259
408,00000000	0,99709306
408,20000000	0,99723854
408,40000000	0,99731623
408,60000000	0,99721887
408,80000000	0,99725470
409,00000000	0,99732860
409,20000000	0,99730476
409,40000000	0,99744348
409,60000000	0,99744068
409,80000000	0,99751691
410,00000000	0,99752877
410,20000000	0,99747974
410,40000000	0,99770463
410,60000000	0,99768516
410,80000000	0,99776838
411,00000000	0,99785869
411,20000000	0,99800467
411,40000000	0,99782157
411,60000000	0,99784588
411,80000000	0,99793461
412,00000000	0,99807291
412,20000000	0,99818340
412,40000000	0,99820741
412,60000000	0,99810963
412,80000000	0,99816883
413,00000000	0,99831357
413,20000000	0,99822324
413,40000000	0,99841892
413,60000000	0,99849670
413,80000000	0,99847670
414,00000000	0,99849806
414,20000000	0,99860175
414,40000000	0,99862094
414,60000000	0,99857514
414,80000000	0,99872504
415,00000000	0,99872289
415,20000000	0,99872112
415,40000000	0,99886822
415,60000000	0,99889645
415,80000000	0,99882269
416,00000000	0,99896176
416,20000000	0,99887708
416,40000000	0,99884454
416,60000000	0,99896704
416,80000000	0,99890854
417,00000000	0,99896874
417,20000000	0,99909008
417,40000000	0,99904480
417,60000000	0,99903108
417,80000000	0,99909483
418,00000000	0,99907871
418,20000000	0,99915467
418,40000000	0,99920497
418,60000000	0,99927788
418,80000000	0,99926881
419,00000000	0,99932197
419,20000000	0,99931947
419,40000000	0,99930141
419,60000000	0,99931914
419,80000000	0,99932438
420,00000000	0,99934359
420,20000000	0,99939228
420,40000000	0,99936218
420,60000000	0,99933151
420,80000000	0,99940492
421,00000000	0,99943977
421,20000000	0,99939673
421,40000000	0,99948184
421,60000000	0,99948003
421,80000000	0,99940988
422,00000000	0,99934723
422,20000000	0,99940058
422,40000000	0,99943207
422,60000000	0,99941507
422,80000000	0,99943678
423,00000000	0,99948422
423,20000000	0,99941421
423,40000000	0,99937013
423,60000000	0,99935541
423,80000000	0,99942845
424,00000000	0,99942422
424,20000000	0,99936827
424,40000000	0,99936404
424,60000000	0,99941783
424,80000000	0,99943908
425,00000000	0,99941727
425,20000000	0,99940360
425,40000000	0,99940957
425,60000000	0,99933675
425,80000000	0,99938778
426,00000000	0,99942023
426,20000000	0,99934174
426,40000000	0,99936732
426,60000000	0,99937655
426,80000000	0,99934966
427,00000000	0,99941145
427,20000000	0,99947446
427,40000000	0,99940551
427,60000000	0,99947541
427,80000000	0,99944976
428,00000000	0,99942936
428,20000000	0,99943412
428,40000000	0,99943548
428,60000000	0,99941098
428,80000000	0,99943607
429,00000000	0,99947855
429,20000000	0,99944101
429,40000000	0,99947182
429,60000000	0,99942781
429,80000000	0,99937857
430,00000000	0,99938142
430,20000000	0,99937020
430,40000000	0,99936529
430,60000000	0,99934559
430,80000000	0,99934242
431,00000000	0,99936958
431,20000000	0,99937949
431,40000000	0,99937731
431,60000000	0,99930494
431,80000000	0,99939693
432,00000000	0,99947622
432,20000000	0,99948889
432,40000000	0,99945322
432,60000000	0,99941506
432,80000000	0,99942847
433,00000000	0,99938863
433,20000000	0,99942947
433,40000000	0,99944443
433,60000000	0,99938930
433,80000000	0,99939701
434,00000000	0,99942353
434,20000000	0,99945078
434,40000000	0,99947217
434,60000000	0,99941338
434,80000000	0,99944331
435,00000000	0,99939329
435,20000000	0,99940637
435,40000000	0,99947675
435,60000000	0,99950629
435,80000000	0,99947032
436,00000000	0,99943785
436,20000000	0,99943442
436,40000000	0,99944002
436,60000000	0,99938655
436,80000000	0,99939742
437,00000000	0,99942074
437,20000000	0,99951440
437,40000000	0,99947327
437,60000000	0,99946286
437,80000000	0,99950905
438,00000000	0,99944540
438,20000000	0,99942889
438,40000000	0,99945688
438,60000000	0,99944775
438,80000000	0,99943067
439,00000000	0,99946161
439,20000000	0,99945656
439,40000000	0,99943218
439,60000000	0,99939676
439,80000000	0,99943859
440,00000000	0,99940418
440,20000000	0,99933327
440,40000000	0,99939917
440,60000000	0,99939471
440,80000000	0,99937215
441,00000000	0,99935112
441,20000000	0,99937596
441,40000000	0,99937382
441,60000000	0,99935462
441,80000000	0,99932951
442,00000000	0,99928177
442,20000000	0,99927090
442,40000000	0,99929771
442,60000000	0,99931653
442,80000000	0,99919002
443,00000000	0,99915458
443,20000000	0,99913367
443,40000000	0,99913789
443,60000000	0,99914467
443,80000000	0,99912460
444,00000000	0,99913015
444,20000000	0,99905558
444,40000000	0,99896976
444,60000000	0,99888938
444,80000000	0,99885833
445,00000000	0,99889995
445,20000000	0,99885645
445,40000000	0,99883229
445,60000000	0,99890202
445,80000000	0,99881567
446,00000000	0,99877065
446,20000000	0,99881360
446,40000000	0,99873596
446,60000000	0,99867767
446,80000000	0,99862053
447,00000000	0,99857236
447,20000000	0,99856554
447,40000000	0,99847910
447,60000000	0,99843511
447,80000000	0,99840575
448,00000000	0,99831836
448,20000000	0,99826361
448,40000000	0,99827712
448,60000000	0,99813624
448,80000000	0,99809944
449,00000000	0,99810442
449,20000000	0,99806976
449,40000000	0,99808870
449,60000000	0,99794050
449,80000000	0,99783340
450,00000000	0,99793890
450,20000000	0,99786119
450,40000000	0,99769429
450,60000000	0,99758384
450,80000000	0,99763261
451,00000000	0,99770846
451,20000000	0,99769797
451,40000000	0,99755480
451,60000000	0,99741917
451,80000000	0,99734906
452,00000000	0,99730385
452,20000000	0,99729856
452,40000000	0,99737369
452,60000000	0,99725898
452,80000000	0,99706168
453,00000000	0,99701222
453,20000000	0,99692309
453,40000000	0,99699729
453,60000000	0,99695335
453,80000000	0,99697575
454,00000000	0,99695259
454,20000000	0,99683041
454,40000000	0,99672733
454,60000000	0,99663958
454,80000000	0,99675494
455,00000000	0,99680924
455,20000000	0,99665415
455,40000000	0,99664453
455,60000000	0,99665902
455,80000000	0,99652721
456,00000000	0,99639186
456,20000000	0,99650872
456,40000000	0,99647134
456,60000000	0,99638143
456,80000000	0,99636734
457,00000000	0,99627326
457,20000000	0,99622020
457,40000000	0,99630828
457,60000000	0,99635554
457,80000000	0,99632659
458,00000000	0,99614923
458,20000000	0,99606351
458,40000000	0,99620405
458,60000000	0,99618616
458,80000000	0,99616753
459,00000000	0,99611229
459,20000000	0,99601472
459,40000000	0,99617135
459,60000000	0,99623511
459,80000000	0,99615354
460,00000000	0,99610372
460,20000000	0,99599835
460,40000000	0,99601478
460,60000000	0,99594510
460,80000000	0,99595323
461,00000000	0,99603723
461,20000000	0,99606693
461,40000000	0,99605393
461,60000000	0,99616112
461,80000000	0,99618856
462,00000000	0,99614428
462,20000000	0,99616078
462,40000000	0,99614488
462,60000000	0,99612277
462,80000000	0,99622374
463,00000000	0,99625807
463,20000000	0,99622344
463,40000000	0,99622238
463,60000000	0,99633464
463,80000000	0,99636713
464,00000000	0,99641415
464,20000000	0,99645626
464,40000000	0,99654347
464,60000000	0,99658417
464,80000000	0,99652409
465,00000000	0,99646224
465,20000000	0,99653186
465,40000000	0,99671152
465,60000000	0,99667698
465,80000000	0,99666076
466,00000000	0,99672783
466,20000000	0,99682991
466,40000000	0,99686657
466,60000000	0,99689311
466,80000000	0,99684671
467,00000000	0,99690274
467,20000000	0,99715989
467,40000000	0,99720853
467,60000000	0,99709130
467,80000000	0,99713205
468,00000000	0,99720937
468,20000000	0,99726889
468,40000000	0,99729437
468,60000000	0,99728022
468,80000000	0,99734872
469,00000000	0,99738715
469,20000000	0,99753129
469,40000000	0,99757309
469,60000000	0,99762167
469,80000000	0,99776670
470,00000000	0,99786132
470,20000000	0,99788292
470,40000000	0,99784679
470,60000000	0,99785026
470,80000000	0,99791567
471,00000000	0,99805810
471,20000000	0,99814887
471,40000000	0,99814703
471,60000000	0,99815104
471,80000000	0,99822871
472,00000000	0,99828663
472,20000000	0,99831988
472,40000000	0,99839572
472,60000000	0,99850436
472,80000000	0,99852684
473,00000000	0,99856265
473,20000000	0,99854014
473,40000000	0,99864253
473,60000000	0,99874180
473,80000000	0,99874210
474,00000000	0,99882297
474,20000000	0,99886477
474,40000000	0,99894055
474,60000000	0,99901814
474,80000000	0,99904100
475,00000000	0,99905861
475,20000000	0,99910527
475,40000000	0,99912346
475,60000000	0,99917427
475,80000000	0,99920885
476,00000000	0,99924934
476,20000000	0,99924032
476,40000000	0,99929198
476,60000000	0,99936652
476,80000000	0,99935921
477,00000000	0,99939135
477,20000000	0,99943625
477,40000000	0,99944760
477,60000000	0,99949807
477,80000000	0,99952823
478,00000000	0,99950778
478,20000000	0,99955175
478,40000000	0,99959404
478,60000000	0,99960373
478,80000000	0,99960139
479,00000000	0,99962687
479,20000000	0,99965071
479,40000000	0,99969327
479,60000000	0,99968977
479,80000000	0,99968877
480,00000000	0,99970256
480,20000000	0,99969615
480,40000000	0,99970076
480,60000000	0,99970448
480,80000000	0,99970062
481,00000000	0,99967758
481,20000000	0,99969536
481,40000000	0,99973443
481,60000000	0,99971709
481,80000000	0,99966943
482,00000000	0,99967060
482,20000000	0,99969697
482,40000000	0,99968454
482,60000000	0,99967637
482,80000000	0,99968758
483,00000000	0,99965977
483,20000000	0,99964030
483,40000000	0,99960775
483,60000000	0,99961275
483,80000000	0,99959373
484,00000000	0,99954937
484,20000000	0,99951304
484,40000000	0,99953853
484,60000000	0,99953660
484,80000000	0,99949902
485,00000000	0,99948348
485,20000000	0,99944809
485,40000000	0,99941978
485,60000000	0,99943626
485,80000000	0,99939729
486,00000000	0,99937290
486,20000000	0,99936949
486,40000000	0,99927254
486,60000000	0,99924426
486,80000000	0,99928256
487,00000000	0,99924326
487,20000000	0,99916506
487,40000000	0,99914974
487,60000000	0,99915863
487,80000000	0,99913269
488,00000000	0,99904919
488,20000000	0,99896357
488,40000000	0,99893966
488,60000000	0,99893045
488,80000000	0,99892029
489,00000000	0,99888218
489,20000000	0,99888026
489,40000000	0,99887920
489,60000000	0,99887576
489,80000000	0,99885787
490,00000000	0,99883085
490,20000000	0,99880032
490,40000000	0,99872409
490,60000000	0,99869006
490,80000000	0,99869697
491,00000000	0,99873524
491,20000000	0,99868063
491,40000000	0,99865059
491,60000000	0,99865910
491,80000000	0,99857669
492,00000000	0,99849942
492,20000000	0,99854408
492,40000000	0,99854666
492,60000000	0,99850077
492,80000000	0,99847422
493,00000000	0,99844367
493,20000000	0,99840487
493,40000000	0,99837041
493,60000000	0,99832789
493,80000000	0,99830621
494,00000000	0,99834050
494,20000000	0,99838972
494,40000000	0,99834474
494,60000000	0,99833411
494,80000000	0,99833748
495,00000000	0,99834787
495,20000000	0,99830407
495,40000000	0,99825421
495,60000000	0,99822020
495,80000000	0,99823945
496,00000000	0,99824585
496,20000000	0,99824973
496,40000000	0,99825406
496,60000000	0,99818798
496,80000000	0,99820263
497,00000000	0,99825384
497,20000000	0,99821623
497,40000000	0,99816353
497,60000000	0,99820130
497,80000000	0,99824166
498,00000000	0,99825585
498,20000000	0,99828392
498,40000000	0,99830050
498,60000000	0,99828623
498,80000000	0,99826870
499,00000000	0,99824880
499,20000000	0,99822636
499,40000000	0,99824391
499,60000000	0,99827056
499,80000000	0,99835211
500,00000000	0,99839768
500,20000000	0,99839371
500,40000000	0,99841290
500,60000000	0,99834418
500,80000000	0,99829115
501,00000000	0,99834027
501,20000000	0,99836331
501,40000000	0,99836311
501,60000000	0,99840543
501,80000000	0,99843136
502,00000000	0,99843536
502,20000000	0,99853257
502,40000000	0,99860627
502,60000000	0,99861062
502,80000000	0,99859318
503,00000000	0,99856643
503,20000000	0,99853719
503,40000000	0,99855702
503,60000000	0,99862161
503,80000000	0,99868208
504,00000000	0,99869267
504,20000000	0,99868247
504,40000000	0,99872707
504,60000000	0,99879951
504,80000000	0,99886015
505,00000000	0,99887152
505,20000000	0,99887618
505,40000000	0,99886267
505,60000000	0,99888663
505,80000000	0,99890065
506,00000000	0,99883740
506,20000000	0,99886648
506,40000000	0,99892666
506,60000000	0,99896243
506,80000000	0,99899171
507,00000000	0,99904045
507,20000000	0,99908775
507,40000000	0,99907291
507,60000000	0,99908600
507,80000000	0,99911493
508,00000000	0,99913549
508,20000000	0,99917014
508,40000000	0,99920899
508,60000000	0,99925193
508,80000000	0,99927999
509,00000000	0,99929750
509,20000000	0,99928313
509,40000000	0,99926971
509,60000000	0,99931292
509,80000000	0,99933427
510,00000000	0,99936295
510,20000000	0,99938668
510,40000000	0,99936537
510,60000000	0,99940312
510,80000000	0,99944790
511,00000000	0,99945962
511,20000000	0,99952248
511,40000000	0,99956867
511,60000000	0,99953712
511,80000000	0,99951372
512,00000000	0,99952721
512,20000000	0,99956260
512,40000000	0,99958948
512,60000000	0,99959600
512,80000000	0,99960767
513,00000000	0,99962617
513,20000000	0,99963411
513,40000000	0,99967163
513,60000000	0,99970417
513,80000000	0,99967399
514,00000000	0,99967644
514,20000000	0,99971138
514,40000000	0,99972621
514,60000000	0,99974996
514,80000000	0,99977294
515,00000000	0,99977046
515,20000000	0,99975809
515,40000000	0,99977350
515,60000000	0,99980150
515,80000000	0,99980998
516,00000000	0,99980554
516,20000000	0,99982395
516,40000000	0,99982351
516,60000000	0,99982380
516,80000000	0,99985516
517,00000000	0,99987152
517,20000000	0,99987601
517,40000000	0,99989182
517,60000000	0,99990036
517,80000000	0,99990033
518,00000000	0,99990774
518,20000000	0,99991704
518,40000000	0,99992800
518,60000000	0,99992428
518,80000000	0,99991888
519,00000000	0,99992936
519,20000000	0,99994560
519,40000000	0,99995240
519,60000000	0,99994275
519,80000000	0,99994141
520,00000000	0,99995128
520,20000000	0,99995478
520,40000000	0,99995650
520,60000000	0,99995372
520,80000000	0,99994761
521,00000000	0,99995399
521,20000000	0,99997000
521,40000000	0,99997179
521,60000000	0,99996738
521,80000000	0,99997435
522,00000000	0,99997448
522,20000000	0,99997582
522,40000000	0,99997656
522,60000000	0,99996685
522,80000000	0,99996076
523,00000000	0,99996700
523,20000000	0,99997148
523,40000000	0,99995689
523,60000000	0,99994540
523,80000000	0,99995415
524,00000000	0,99995448
524,20000000	0,99994279
524,40000000	0,99994287
524,60000000	0,99995193
524,80000000	0,99994713
525,00000000	0,99992945
525,20000000	0,99991168
525,40000000	0,99991192
525,60000000	0,99991357
525,80000000	0,99991486
526,00000000	0,99991846
526,20000000	0,99990889
526,40000000	0,99989953
526,60000000	0,99988402
526,80000000	0,99987337
527,00000000	0,99987468
527,20000000	0,99988221
527,40000000	0,99987534
527,60000000	0,99985783
527,80000000	0,99985804
528,00000000	0,99985858
528,20000000	0,99985177
528,40000000	0,99982257
528,60000000	0,99980542
528,80000000	0,99981057
529,00000000	0,99979992
529,20000000	0,99978866
529,40000000	0,99979349
529,60000000	0,99979438
529,80000000	0,99977500
530,00000000	0,99974053
530,20000000	0,99972823
530,40000000	0,99972381
530,60000000	0,99970764
530,80000000	0,99969583
531,00000000	0,99968836
531,20000000	0,99968330
531,40000000	0,99967432
531,60000000	0,99966873
531,80000000	0,99966162
532,00000000	0,99963867
532,20000000	0,99963572
532,40000000	0,99965219
532,60000000	0,99963858
532,80000000	0,99960580
533,00000000	0,99957118
533,20000000	0,99954110
533,40000000	0,99952068
533,60000000	0,99952432
533,80000000	0,99952201
534,00000000	0,99952535
534,20000000	0,99952194
534,40000000	0,99949451
534,60000000	0,99948534
534,80000000	0,99949875
535,00000000	0,99951199
535,20000000	0,99949506
535,40000000	0,99945593
535,60000000	0,99944159
535,80000000	0,99943840
536,00000000	0,99941109
536,20000000	0,99940035
536,40000000	0,99940726
536,60000000	0,99938045
536,80000000	0,99935772
537,00000000	0,99933027
537,20000000	0,99931859
537,40000000	0,99931355
537,60000000	0,99932636
537,80000000	0,99932372
538,00000000	0,99928466
538,20000000	0,99926779
538,40000000	0,99926584
538,60000000	0,99926389
538,80000000	0,99926576
539,00000000	0,99925558
539,20000000	0,99924259
539,40000000	0,99925912
539,60000000	0,99928216
539,80000000	0,99926962
540,00000000	0,99922117
540,20000000	0,99919190
540,40000000	0,99918768
540,60000000	0,99920077
540,80000000	0,99917367
541,00000000	0,99916432
541,20000000	0,99920436
541,40000000	0,99920228
541,60000000	0,99915418
541,80000000	0,99912498
542,00000000	0,99913055
542,20000000	0,99914798
542,40000000	0,99914643
542,60000000	0,99912136
542,80000000	0,99913018
543,00000000	0,99915387
543,20000000	0,99913245
543,40000000	0,99910472
543,60000000	0,99912207
543,80000000	0,99914913
544,00000000	0,99913626
544,20000000	0,99913064
544,40000000	0,99914075
544,60000000	0,99916488
544,80000000	0,99920535
545,00000000	0,99921982
545,20000000	0,99917778
545,40000000	0,99910946
545,60000000	0,99911204
545,80000000	0,99914577
546,00000000	0,99917473
546,20000000	0,99921834
546,40000000	0,99921545
546,60000000	0,99914332
546,80000000	0,99909488
547,00000000	0,99914273
547,20000000	0,99920023
547,40000000	0,99921859
547,60000000	0,99924725
547,80000000	0,99928227
548,00000000	0,99925322
548,20000000	0,99918315
548,40000000	0,99919055
548,60000000	0,99923204
548,80000000	0,99927512
549,00000000	0,99932584
549,20000000	0,99931548
549,40000000	0,99929924
549,60000000	0,99930086
549,80000000	0,99928150
550,00000000	0,99930380
550,20000000	0,99934761
550,40000000	0,99933594
550,60000000	0,99931338
550,80000000	0,99934251
551,00000000	0,99936085
551,20000000	0,99936740
551,40000000	0,99938967
551,60000000	0,99940608
551,80000000	0,99939868
552,00000000	0,99937528
552,20000000	0,99936644
552,40000000	0,99939940
552,60000000	0,99943783
552,80000000	0,99947399
553,00000000	0,99952158
553,20000000	0,99951286
553,40000000	0,99948177
553,60000000	0,99950038
553,80000000	0,99951519
554,00000000	0,99949041
554,20000000	0,99948014
554,40000000	0,99950139
554,60000000	0,99949751
554,80000000	0,99948652
555,00000000	0,99949256
555,20000000	0,99951181
555,40000000	0,99955871
555,60000000	0,99956594
555,80000000	0,99955741
556,00000000	0,99957482
556,20000000	0,99955970
556,40000000	0,99952541
556,60000000	0,99953188
556,80000000	0,99956411
557,00000000	0,99958515
557,20000000	0,99960802
557,40000000	0,99961760
557,60000000	0,99957444
557,80000000	0,99953501
558,00000000	0,99956456
558,20000000	0,99957552
558,40000000	0,99955116
558,60000000	0,99958250
558,80000000	0,99959804
559,00000000	0,99955836
559,20000000	0,99955791
559,40000000	0,99959084
559,60000000	0,99960177
559,80000000	0,99958655
560,00000000	0,99956923
560,20000000	0,99956020
560,40000000	0,99956677
560,60000000	0,99958351
560,80000000	0,99957607
561,00000000	0,99957036
561,20000000	0,99956278
561,40000000	0,99953368
561,60000000	0,99950101
561,80000000	0,99949244
562,00000000	0,99950927
562,20000000	0,99950714
562,40000000	0,99948524
562,60000000	0,99946721
562,80000000	0,99947859
563,00000000	0,99948917
563,20000000	0,99948067
563,40000000	0,99949631
563,60000000	0,99951202
563,80000000	0,99950259
564,00000000	0,99949791
564,20000000	0,99950676
564,40000000	0,99950861
564,60000000	0,99949237
564,80000000	0,99947492
565,00000000	0,99945139
565,20000000	0,99942609
565,40000000	0,99942691
565,60000000	0,99943172
565,80000000	0,99940627
566,00000000	0,99937140
566,20000000	0,99936633
566,40000000	0,99936954
566,60000000	0,99936043
566,80000000	0,99934420
567,00000000	0,99935317
567,20000000	0,99936284
567,40000000	0,99934377
567,60000000	0,99934096
567,80000000	0,99935211
568,00000000	0,99934997
568,20000000	0,99932945
568,40000000	0,99932152
568,60000000	0,99933058
568,80000000	0,99930806
569,00000000	0,99925378
569,20000000	0,99922675
569,40000000	0,99926267
569,60000000	0,99929251
569,80000000	0,99926065
570,00000000	0,99924567
570,20000000	0,99927265
570,40000000	0,99926088
570,60000000	0,99921805
570,80000000	0,99920365
571,00000000	0,99920552
571,20000000	0,99920560
571,40000000	0,99923047
571,60000000	0,99925697
571,80000000	0,99922571
572,00000000	0,99920348
572,20000000	0,99922686
572,40000000	0,99921286
572,60000000	0,99918163
572,80000000	0,99918711
573,00000000	0,99919656
573,20000000	0,99918160
573,40000000	0,99918381
573,60000000	0,99920371
573,80000000	0,99918601
574,00000000	0,99915453
574,20000000	0,99916524
574,40000000	0,99918101
574,60000000	0,99917329
574,80000000	0,99916011
575,00000000	0,99918029
575,20000000	0,99923073
575,40000000	0,99921936
575,60000000	0,99913995
575,80000000	0,99910406
576,00000000	0,99913913
576,20000000	0,99916216
576,40000000	0,99915534
576,60000000	0,99916740
576,80000000	0,99919627
577,00000000	0,99921456
577,20000000	0,99922624
577,40000000	0,99921841
577,60000000	0,99919425
577,80000000	0,99917761
578,00000000	0,99916668
578,20000000	0,99917167
578,40000000	0,99918053
578,60000000	0,99918576
578,80000000	0,99917853
579,00000000	0,99917469
579,20000000	0,99916140
579,40000000	0,99913108
579,60000000	0,99914596
579,80000000	0,99916203
580,00000000	0,99916362
580,20000000	0,99920964
580,40000000	0,99924021
580,60000000	0,99921680
580,80000000	0,99919258
581,00000000	0,99918539
581,20000000	0,99919605
581,40000000	0,99921605
581,60000000	0,99922893
581,80000000	0,99924530
582,00000000	0,99924626
582,20000000	0,99922092
582,40000000	0,99923470
582,60000000	0,99928944
582,80000000	0,99930196
583,00000000	0,99927066
583,20000000	0,99927272
583,40000000	0,99929344
583,60000000	0,99926985
583,80000000	0,99923083
584,00000000	0,99923811
584,20000000	0,99928534
584,40000000	0,99931119
584,60000000	0,99930930
584,80000000	0,99931732
585,00000000	0,99932574
585,20000000	0,99931929
585,40000000	0,99931353
585,60000000	0,99932331
585,80000000	0,99934289
586,00000000	0,99934846
586,20000000	0,99934661
586,40000000	0,99935473
586,60000000	0,99936620
586,80000000	0,99937325
587,00000000	0,99936763
587,20000000	0,99934693
587,40000000	0,99933689
587,60000000	0,99936463
587,80000000	0,99940019
588,00000000	0,99939851
588,20000000	0,99937728
588,40000000	0,99939128
588,60000000	0,99941780
588,80000000	0,99942917
589,00000000	0,99944828
589,20000000	0,99944538
589,40000000	0,99941682
589,60000000	0,99940935
589,80000000	0,99942493
590,00000000	0,99945311
590,20000000	0,99945485
590,40000000	0,99942913
590,60000000	0,99942820
590,80000000	0,99944105
591,00000000	0,99944833
591,20000000	0,99945159
591,40000000	0,99944170
591,60000000	0,99944174
591,80000000	0,99945201
592,00000000	0,99945248
592,20000000	0,99945722
592,40000000	0,99945388
592,60000000	0,99943491
592,80000000	0,99942059
593,00000000	0,99944299
593,20000000	0,99948574
593,40000000	0,99948079
593,60000000	0,99944935
593,80000000	0,99947083
594,00000000	0,99951003
594,20000000	0,99951012
594,40000000	0,99951765
594,60000000	0,99952607
594,80000000	0,99951206
595,00000000	0,99952085
595,20000000	0,99954722
595,40000000	0,99956713
595,60000000	0,99955306
595,80000000	0,99952560
596,00000000	0,99953391
596,20000000	0,99954826
596,40000000	0,99956498
596,60000000	0,99957474
596,80000000	0,99955260
597,00000000	0,99954539
597,20000000	0,99958718
597,40000000	0,99961446
597,60000000	0,99960538
597,80000000	0,99960559
598,00000000	0,99960684
598,20000000	0,99960524
598,40000000	0,99960580
598,60000000	0,99961010
598,80000000	0,99964273
599,00000000	0,99966052
599,20000000	0,99964617
599,40000000	0,99964456
599,60000000	0,99966651
599,80000000	0,99969722
600,00000000	0,99971063
600,20000000	0,99969448
600,40000000	0,99968315
600,60000000	0,99968867
600,80000000	0,99969903
601,00000000	0,99971703
601,20000000	0,99972711
601,40000000	0,99972239
601,60000000	0,99971738
601,80000000	0,99972883
602,00000000	0,99975171
602,20000000	0,99976111
602,40000000	0,99975227
602,60000000	0,99975783
602,80000000	0,99978335
603,00000000	0,99980353
603,20000000	0,99980763
603,40000000	0,99980308
603,60000000	0,99981322
603,80000000	0,99982070
604,00000000	0,99980580
604,20000000	0,99981207
604,40000000	0,99984236
604,60000000	0,99984992
604,80000000	0,99985387
605,00000000	0,99987603
605,20000000	0,99988184
605,40000000	0,99987541
605,60000000	0,99988205
605,80000000	0,99988607
606,00000000	0,99989467
606,20000000	0,99990786
606,40000000	0,99990727
606,60000000	0,99991395
606,80000000	0,99993090
607,00000000	0,99993348
607,20000000	0,99992852
607,40000000	0,99993675
607,60000000	0,99995064
607,80000000	0,99995652
608,00000000	0,99995617
608,20000000	0,99995684
608,40000000	0,99996323
608,60000000	0,99997060
608,80000000	0,99997095
609,00000000	0,99997068
609,20000000	0,99997347
609,40000000	0,99997437
609,60000000	0,99997850
609,80000000	0,99998728
610,00000000	0,99999003
610,20000000	0,99998617
610,40000000	0,99998607
610,60000000	0,99999136
610,80000000	0,99999485
611,00000000	0,99999430
611,20000000	0,99999213
611,40000000	0,99999551
611,60000000	0,99999473
611,80000000	0,99999194
612,00000000	0,99999124
612,20000000	0,99998929
612,40000000	0,99998921
612,60000000	0,99998878
612,80000000	0,99998481
613,00000000	0,99997894
613,20000000	0,99997799
613,40000000	0,99997836
613,60000000	0,99997390
613,80000000	0,99996322
614,00000000	0,99995396
614,20000000	0,99995347
614,40000000	0,99995798
614,60000000	0,99995295
614,80000000	0,99993659
615,00000000	0,99992729
615,20000000	0,99993026
615,40000000	0,99992878
615,60000000	0,99991677
615,80000000	0,99990925
616,00000000	0,99990332
616,20000000	0,99988238
616,40000000	0,99986955
616,60000000	0,99986921
616,80000000	0,99985941
617,00000000	0,99985328
617,20000000	0,99984713
617,40000000	0,99982877
617,60000000	0,99981060
617,80000000	0,99980673
618,00000000	0,99981784
618,20000000	0,99980266
618,40000000	0,99977261
618,60000000	0,99976337
618,80000000	0,99975388
619,00000000	0,99974427
619,20000000	0,99972214
619,40000000	0,99969457
619,60000000	0,99969538
619,80000000	0,99969663
620,00000000	0,99968471
620,20000000	0,99967123
620,40000000	0,99963503
620,60000000	0,99959464
620,80000000	0,99958559
621,00000000	0,99958247
621,20000000	0,99956806
621,40000000	0,99952830
621,60000000	0,99948245
621,80000000	0,99946449
622,00000000	0,99944666
622,20000000	0,99941140
622,40000000	0,99939320
622,60000000	0,99941378
622,80000000	0,99940500
623,00000000	0,99934216
623,20000000	0,99930700
623,40000000	0,99928161
623,60000000	0,99928030
623,80000000	0,99929177
624,00000000	0,99924579
624,20000000	0,99920586
624,40000000	0,99919812
624,60000000	0,99919130
624,80000000	0,99915739
625,00000000	0,99911719
625,20000000	0,99910130
625,40000000	0,99908173
625,60000000	0,99905344
625,80000000	0,99901957
626,00000000	0,99897217
626,20000000	0,99892744
626,40000000	0,99890829
626,60000000	0,99889153
626,80000000	0,99884428
627,00000000	0,99877240
627,20000000	0,99871115
627,40000000	0,99869931
627,60000000	0,99869980
627,80000000	0,99865077
628,00000000	0,99860680
628,20000000	0,99858622
628,40000000	0,99857045
628,60000000	0,99854515
628,80000000	0,99849477
629,00000000	0,99844849
629,20000000	0,99840895
629,40000000	0,99834250
629,60000000	0,99829285
629,80000000	0,99827814
630,00000000	0,99826480
630,20000000	0,99826621
630,40000000	0,99821592
630,60000000	0,99808284
630,80000000	0,99798571
631,00000000	0,99797322
631,20000000	0,99791092
631,40000000	0,99781431
631,60000000	0,99776144
631,80000000	0,99774877
632,00000000	0,99774628
632,20000000	0,99766295
632,40000000	0,99757630
632,60000000	0,99754214
632,80000000	0,99750287
633,00000000	0,99743203
633,20000000	0,99735916
633,40000000	0,99736049
633,60000000	0,99732908
633,80000000	0,99718537
634,00000000	0,99713049
634,20000000	0,99713964
634,40000000	0,99708307
634,60000000	0,99697889
634,80000000	0,99692159
635,00000000	0,99692340
635,20000000	0,99683836
635,40000000	0,99675645
635,60000000	0,99673246
635,80000000	0,99668218
636,00000000	0,99658565
636,20000000	0,99652580
636,40000000	0,99653221
636,60000000	0,99648055
636,80000000	0,99634660
637,00000000	0,99632576
637,20000000	0,99635381
637,40000000	0,99621906
637,60000000	0,99613066
637,80000000	0,99613196
638,00000000	0,99601258
638,20000000	0,99584278
638,40000000	0,99577486
638,60000000	0,99575082
638,80000000	0,99570564
639,00000000	0,99563476
639,20000000	0,99561837
639,40000000	0,99561502
639,60000000	0,99553848
639,80000000	0,99544104
640,00000000	0,99538259
640,20000000	0,99533270
640,40000000	0,99523489
640,60000000	0,99520556
640,80000000	0,99523811
641,00000000	0,99519057
641,20000000	0,99511304
641,40000000	0,99503090
641,60000000	0,99489748
641,80000000	0,99482184
642,00000000	0,99479364
642,20000000	0,99471255
642,40000000	0,99466399
642,60000000	0,99464685
642,80000000	0,99461812
643,00000000	0,99460029
643,20000000	0,99456480
643,40000000	0,99444374
643,60000000	0,99434701
643,80000000	0,99432084
644,00000000	0,99433535
644,20000000	0,99434352
644,40000000	0,99428061
644,60000000	0,99426669
644,80000000	0,99418479
645,00000000	0,99413307
645,20000000	0,99417494
645,40000000	0,99405693
645,60000000	0,99396365
645,80000000	0,99393024
646,00000000	0,99398243
646,20000000	0,99407940
646,40000000	0,99403392
646,60000000	0,99395430
646,80000000	0,99391725
647,00000000	0,99391381
647,20000000	0,99389664
647,40000000	0,99385733
647,60000000	0,99392693
647,80000000	0,99390378
648,00000000	0,99374545
648,20000000	0,99378952
648,40000000	0,99388841
648,60000000	0,99383045
648,80000000	0,99379614
649,00000000	0,99383108
649,20000000	0,99383791
649,40000000	0,99386029
649,60000000	0,99389313
649,80000000	0,99389468
650,00000000	0,99383145
650,20000000	0,99380939
650,40000000	0,99388924
650,60000000	0,99392760
650,80000000	0,99395809
651,00000000	0,99400052
651,20000000	0,99403024
651,40000000	0,99400881
651,60000000	0,99402262
651,80000000	0,99409053
652,00000000	0,99420643
652,20000000	0,99424311
652,40000000	0,99417096
652,60000000	0,99422864
652,80000000	0,99432335
653,00000000	0,99431486
653,20000000	0,99432498
653,40000000	0,99447791
653,60000000	0,99447752
653,80000000	0,99442169
654,00000000	0,99458150
654,20000000	0,99470205
654,40000000	0,99468547
654,60000000	0,99470104
654,80000000	0,99480402
655,00000000	0,99494705
655,20000000	0,99497587
655,40000000	0,99495795
655,60000000	0,99507947
655,80000000	0,99514274
656,00000000	0,99512843
656,20000000	0,99521954
656,40000000	0,99530453
656,60000000	0,99538003
656,80000000	0,99544331
657,00000000	0,99551381
657,20000000	0,99559705
657,40000000	0,99568484
657,60000000	0,99577533
657,80000000	0,99584193
658,00000000	0,99587359
658,20000000	0,99594003
658,40000000	0,99605391
658,60000000	0,99611592
658,80000000	0,99613384
659,00000000	0,99620460
659,20000000	0,99632992
659,40000000	0,99642703
659,60000000	0,99649923
659,80000000	0,99653746
660,00000000	0,99662661
660,20000000	0,99671677
660,40000000	0,99680927
660,60000000	0,99692862
660,80000000	0,99695866
661,00000000	0,99698308
661,20000000	0,99707563
661,40000000	0,99716746
661,60000000	0,99723689
661,80000000	0,99728541
662,00000000	0,99734319
662,20000000	0,99738855
662,40000000	0,99741523
662,60000000	0,99754771
662,80000000	0,99767729
663,00000000	0,99767911
663,20000000	0,99771311
663,40000000	0,99781108
663,60000000	0,99792072
663,80000000	0,99797588
664,00000000	0,99797407
664,20000000	0,99801153
664,40000000	0,99814777
664,60000000	0,99823091
664,80000000	0,99825442
665,00000000	0,99833392
665,20000000	0,99835811
665,40000000	0,99837239
665,60000000	0,99844731
665,80000000	0,99848169
666,00000000	0,99851338
666,20000000	0,99860515
666,40000000	0,99868015
666,60000000	0,99870841
666,80000000	0,99870592
667,00000000	0,99871394
667,20000000	0,99874989
667,40000000	0,99878932
667,60000000	0,99881156
667,80000000	0,99883496
668,00000000	0,99886321
668,20000000	0,99887547
668,40000000	0,99891949
668,60000000	0,99897476
668,80000000	0,99898731
669,00000000	0,99899032
669,20000000	0,99898948
669,40000000	0,99897539
669,60000000	0,99896344
669,80000000	0,99898822
670,00000000	0,99902630
670,20000000	0,99902267
670,40000000	0,99904236
670,60000000	0,99907354
670,80000000	0,99907296
671,00000000	0,99906617
671,20000000	0,99907236
671,40000000	0,99908531
671,60000000	0,99906613
671,80000000	0,99905209
672,00000000	0,99903836
672,20000000	0,99903560
672,40000000	0,99905047
672,60000000	0,99904539
672,80000000	0,99901700
673,00000000	0,99901349
673,20000000	0,99898099
673,40000000	0,99891999
673,60000000	0,99893821
673,80000000	0,99896014
674,00000000	0,99893653
674,20000000	0,99891184
674,40000000	0,99889666
674,60000000	0,99888165
674,80000000	0,99889413
675,00000000	0,99890923
675,20000000	0,99887741
675,40000000	0,99885289
675,60000000	0,99886598
675,80000000	0,99888725
676,00000000	0,99885558
676,20000000	0,99879253
676,40000000	0,99880208
676,60000000	0,99883517
676,80000000	0,99879011
677,00000000	0,99874837
677,20000000	0,99872451
677,40000000	0,99871204
677,60000000	0,99874844
677,80000000	0,99876448
678,00000000	0,99874859
678,20000000	0,99867688
678,40000000	0,99864071
678,60000000	0,99868621
678,80000000	0,99868791
679,00000000	0,99867160
679,20000000	0,99866075
679,40000000	0,99865523
679,60000000	0,99863528
679,80000000	0,99862012
680,00000000	0,99862162
680,20000000	0,99861861
680,40000000	0,99864093
680,60000000	0,99863445
680,80000000	0,99862432
681,00000000	0,99864378
681,20000000	0,99866581
681,40000000	0,99868229
681,60000000	0,99865890
681,80000000	0,99863750
682,00000000	0,99864199
682,20000000	0,99865752
682,40000000	0,99863063
682,60000000	0,99865918
682,80000000	0,99870828
683,00000000	0,99870138
683,20000000	0,99869352
683,40000000	0,99873225
683,60000000	0,99876714
683,80000000	0,99876330
684,00000000	0,99874992
684,20000000	0,99880272
684,40000000	0,99882040
684,60000000	0,99879690
684,80000000	0,99882867
685,00000000	0,99887179
685,20000000	0,99886021
685,40000000	0,99886062
685,60000000	0,99889258
685,80000000	0,99889670
686,00000000	0,99890628
686,20000000	0,99893139
686,40000000	0,99894598
686,60000000	0,99898360
686,80000000	0,99898749
687,00000000	0,99900607
687,20000000	0,99903263
687,40000000	0,99903777
687,60000000	0,99908857
687,80000000	0,99915090
688,00000000	0,99912952
688,20000000	0,99913912
688,40000000	0,99919422
688,60000000	0,99921435
688,80000000	0,99924637
689,00000000	0,99924975
689,20000000	0,99925023
689,40000000	0,99925945
689,60000000	0,99929685
689,80000000	0,99932168
690,00000000	0,99930888
690,20000000	0,99932269
690,40000000	0,99936029
690,60000000	0,99939532
690,80000000	0,99940352
691,00000000	0,99941734
691,20000000	0,99945560
691,40000000	0,99945219
691,60000000	0,99944184
691,80000000	0,99948554
692,00000000	0,99951751
692,20000000	0,99952300
692,40000000	0,99951058
692,60000000	0,99952270
692,80000000	0,99954581
693,00000000	0,99955559
693,20000000	0,99956476
693,40000000	0,99958753
693,60000000	0,99959343
693,80000000	0,99958276
694,00000000	0,99960445
694,20000000	0,99959021
694,40000000	0,99957415
694,60000000	0,99960487
694,80000000	0,99961112
695,00000000	0,99959028
695,20000000	0,99959286
695,40000000	0,99959130
695,60000000	0,99957182
695,80000000	0,99957125
696,00000000	0,99956867
696,20000000	0,99958550
696,40000000	0,99958283
696,60000000	0,99956679
696,80000000	0,99957764
697,00000000	0,99955688
697,20000000	0,99953952
697,40000000	0,99955076
697,60000000	0,99953668
697,80000000	0,99949185
698,00000000	0,99947609
698,20000000	0,99949137
698,40000000	0,99948112
698,60000000	0,99945609
698,80000000	0,99946643
699,00000000	0,99945045
699,20000000	0,99942509
699,40000000	0,99940896
699,60000000	0,99938742
699,80000000	0,99935836
700,00000000	0,99934837
700,20000000	0,99936124
700,40000000	0,99933087
700,60000000	0,99928517
700,80000000	0,99928479
701,00000000	0,99925156
701,20000000	0,99922768
701,40000000	0,99925039
701,60000000	0,99923381
701,80000000	0,99918805
702,00000000	0,99915527
702,20000000	0,99914852
702,40000000	0,99914174
702,60000000	0,99914253
702,80000000	0,99912212
703,00000000	0,99909525
703,20000000	0,99906904
703,40000000	0,99901268
703,60000000	0,99901211
703,80000000	0,99899590
704,00000000	0,99897888
704,20000000	0,99896950
704,40000000	0,99897557
704,60000000	0,99897476
704,80000000	0,99895821
705,00000000	0,99895935
705,20000000	0,99893813
705,40000000	0,99892242
705,60000000	0,99893736
705,80000000	0,99889556
706,00000000	0,99886922
706,20000000	0,99888945
706,40000000	0,99891966
706,60000000	0,99890597
706,80000000	0,99889810
707,00000000	0,99890311
707,20000000	0,99889783
707,40000000	0,99891209
707,60000000	0,99889994
707,80000000	0,99886100
708,00000000	0,99886364
708,20000000	0,99887169
708,40000000	0,99888403
708,60000000	0,99887165
708,80000000	0,99889374
709,00000000	0,99895029
709,20000000	0,99895539
709,40000000	0,99891255
709,60000000	0,99890393
709,80000000	0,99891815
710,00000000	0,99893967
710,20000000	0,99896693
710,40000000	0,99900496
710,60000000	0,99897059
710,80000000	0,99895623
711,00000000	0,99900002
711,20000000	0,99903068
711,40000000	0,99901555
711,60000000	0,99902286
711,80000000	0,99907171
712,00000000	0,99908127
712,20000000	0,99908818
712,40000000	0,99914021
712,60000000	0,99914868
712,80000000	0,99914755
713,00000000	0,99917320
713,20000000	0,99921686
713,40000000	0,99923297
713,60000000	0,99923982
713,80000000	0,99926421
714,00000000	0,99927631
714,20000000	0,99928156
714,40000000	0,99931636
714,60000000	0,99932921
714,80000000	0,99930780
715,00000000	0,99935131
715,20000000	0,99940105
715,40000000	0,99939296
715,60000000	0,99939829
715,80000000	0,99942745
716,00000000	0,99943776
716,20000000	0,99944297
716,40000000	0,99947490
716,60000000	0,99948461
716,80000000	0,99947863
717,00000000	0,99950133
717,20000000	0,99952216
717,40000000	0,99951455
717,60000000	0,99952070
717,80000000	0,99955722
718,00000000	0,99953731
718,20000000	0,99950788
718,40000000	0,99954073
718,60000000	0,99955176
718,80000000	0,99954628
719,00000000	0,99953706
719,20000000	0,99954891
719,40000000	0,99954503
719,60000000	0,99954396
719,80000000	0,99953290
720,00000000	0,99951388
720,20000000	0,99950149
720,40000000	0,99951308
720,60000000	0,99949737
720,80000000	0,99946181
721,00000000	0,99946521
721,20000000	0,99944389
721,40000000	0,99941897
721,60000000	0,99938713
721,80000000	0,99935557
722,00000000	0,99933476
722,20000000	0,99930258
722,40000000	0,99927862
722,60000000	0,99924998
722,80000000	0,99920601
723,00000000	0,99922110
723,20000000	0,99923124
723,40000000	0,99915855
723,60000000	0,99912076
723,80000000	0,99911352
724,00000000	0,99909247
724,20000000	0,99901399
724,40000000	0,99894313
724,60000000	0,99895219
724,80000000	0,99890283
725,00000000	0,99883234
725,20000000	0,99880947
725,40000000	0,99878650
725,60000000	0,99872396
725,80000000	0,99870502
726,00000000	0,99863996
726,20000000	0,99857130
726,40000000	0,99852593
726,60000000	0,99849723
726,80000000	0,99846758
727,00000000	0,99838300
727,20000000	0,99832519
727,40000000	0,99830085
727,60000000	0,99824596
727,80000000	0,99821436
728,00000000	0,99813648
728,20000000	0,99801240
728,40000000	0,99801838
728,60000000	0,99800820
728,80000000	0,99792945
729,00000000	0,99792639
729,20000000	0,99789672
729,40000000	0,99782333
729,60000000	0,99776457
729,80000000	0,99770070
730,00000000	0,99763893
730,20000000	0,99760186
730,40000000	0,99763675
730,60000000	0,99752887
730,80000000	0,99738802
731,00000000	0,99739517
731,20000000	0,99740186
731,40000000	0,99731511
731,60000000	0,99725904
731,80000000	0,99725591
732,00000000	0,99719765
732,20000000	0,99717990
732,40000000	0,99713071
732,60000000	0,99706757
732,80000000	0,99704505
733,00000000	0,99701276
733,20000000	0,99699027
733,40000000	0,99697804
733,60000000	0,99694095
733,80000000	0,99688579
734,00000000	0,99685431
734,20000000	0,99678776
734,40000000	0,99682825
734,60000000	0,99686989
734,80000000	0,99677326
735,00000000	0,99675682
735,20000000	0,99672937
735,40000000	0,99668011
735,60000000	0,99673145
735,80000000	0,99667393
736,00000000	0,99660085
736,20000000	0,99669060
736,40000000	0,99670174
736,60000000	0,99665233
736,80000000	0,99665775
737,00000000	0,99663051
737,20000000	0,99658351
737,40000000	0,99662500
737,60000000	0,99663108
737,80000000	0,99660018
738,00000000	0,99666310
738,20000000	0,99670677
738,40000000	0,99665098
738,60000000	0,99667178
738,80000000	0,99671420
739,00000000	0,99668736
739,20000000	0,99666744
739,40000000	0,99675951
739,60000000	0,99681984
739,80000000	0,99678964
740,00000000	0,99677818
740,20000000	0,99680388
740,40000000	0,99680412
740,60000000	0,99687330
740,80000000	0,99687151
741,00000000	0,99686989
741,20000000	0,99694373
741,40000000	0,99698679
741,60000000	0,99699513
741,80000000	0,99703155
742,00000000	0,99710821
742,20000000	0,99713879
742,40000000	0,99712897
742,60000000	0,99719455
742,80000000	0,99718101
743,00000000	0,99725694
743,20000000	0,99732993
743,40000000	0,99735982
743,60000000	0,99740809
743,80000000	0,99744008
744,00000000	0,99750511
744,20000000	0,99753845
744,40000000	0,99756940
744,60000000	0,99762477
744,80000000	0,99769819
745,00000000	0,99773856
745,20000000	0,99776922
745,40000000	0,99779737
745,60000000	0,99785584
745,80000000	0,99790603
746,00000000	0,99790295
746,20000000	0,99791244
746,40000000	0,99801694
746,60000000	0,99808873
746,80000000	0,99806854
747,00000000	0,99813797
747,20000000	0,99824349
747,40000000	0,99828902
747,60000000	0,99832642
747,80000000	0,99839859
748,00000000	0,99842319
748,20000000	0,99846940
748,40000000	0,99849805
748,60000000	0,99854092
748,80000000	0,99860633
749,00000000	0,99864176
749,20000000	0,99866157
749,40000000	0,99870281
749,60000000	0,99877612
749,80000000	0,99884055
750,00000000	0,99884770
750,20000000	0,99887127
750,40000000	0,99889687
750,60000000	0,99892433
750,80000000	0,99902043
751,00000000	0,99905944
751,20000000	0,99903973
751,40000000	0,99907869
751,60000000	0,99916219
751,80000000	0,99920199
752,00000000	0,99921089
752,20000000	0,99923036
752,40000000	0,99927517
752,60000000	0,99929530
752,80000000	0,99931718
753,00000000	0,99938294
753,20000000	0,99941637
753,40000000	0,99943037
753,60000000	0,99947955
753,80000000	0,99951374
754,00000000	0,99953546
754,20000000	0,99953779
754,40000000	0,99953243
754,60000000	0,99959112
754,80000000	0,99959913
755,00000000	0,99960748
755,20000000	0,99964704
755,40000000	0,99964534
755,60000000	0,99967318
755,80000000	0,99970906
756,00000000	0,99972157
756,20000000	0,99974489
756,40000000	0,99974982
756,60000000	0,99975498
756,80000000	0,99979186
757,00000000	0,99980799
757,20000000	0,99982119
757,40000000	0,99982026
757,60000000	0,99981016
757,80000000	0,99983120
758,00000000	0,99983790
758,20000000	0,99983139
758,40000000	0,99987439
758,60000000	0,99989339
758,80000000	0,99987240
759,00000000	0,99988461
759,20000000	0,99988808
759,40000000	0,99988503
759,60000000	0,99989221
759,80000000	0,99989393
760,00000000	0,99987962
760,20000000	0,99989412
760,40000000	0,99991088
760,60000000	0,99989905
760,80000000	0,99988346
761,00000000	0,99989557
761,20000000	0,99988903
761,40000000	0,99989282
761,60000000	0,99990359
761,80000000	0,99988436
762,00000000	0,99986652
762,20000000	0,99987446
762,40000000	0,99986778
762,60000000	0,99985915
762,80000000	0,99986833
763,00000000	0,99986586
763,20000000	0,99984443
763,40000000	0,99985057
763,60000000	0,99983012
763,80000000	0,99981987
764,00000000	0,99981169
764,20000000	0,99979295
764,40000000	0,99978748
764,60000000	0,99981377
764,80000000	0,99979110
765,00000000	0,99975634
765,20000000	0,99974977
765,40000000	0,99974189
765,60000000	0,99972555
765,80000000	0,99971996
766,00000000	0,99972642
766,20000000	0,99970167
766,40000000	0,99969288
766,60000000	0,99969404
766,80000000	0,99966477
767,00000000	0,99965651
767,20000000	0,99964522
767,40000000	0,99960549
767,60000000	0,99960889
767,80000000	0,99961610
768,00000000	0,99960408
768,20000000	0,99958704
768,40000000	0,99957104
768,60000000	0,99953696
768,80000000	0,99951668
769,00000000	0,99953147
769,20000000	0,99951432
769,40000000	0,99949756
769,60000000	0,99945922
769,80000000	0,99947482
770,00000000	0,99947135
770,20000000	0,99943434
770,40000000	0,99943576
770,60000000	0,99942634
770,80000000	0,99942221
771,00000000	0,99939622
771,20000000	0,99934197
771,40000000	0,99935347
771,60000000	0,99935552
771,80000000	0,99935563
772,00000000	0,99935601
772,20000000	0,99933719
772,40000000	0,99933086
772,60000000	0,99930570
772,80000000	0,99931492
773,00000000	0,99926252
773,20000000	0,99927298
773,40000000	0,99925024
773,60000000	0,99921801
773,80000000	0,99926309
774,00000000	0,99924886
774,20000000	0,99923097
774,40000000	0,99918615
774,60000000	0,99917025
774,80000000	0,99916589
775,00000000	0,99914910
775,20000000	0,99915801
775,40000000	0,99913914
775,60000000	0,99916061
775,80000000	0,99917889
776,00000000	0,99915546
776,20000000	0,99912695
776,40000000	0,99913578
776,60000000	0,99909955
776,80000000	0,99912095
777,00000000	0,99911705
777,20000000	0,99907201
777,40000000	0,99907749
777,60000000	0,99911818
777,80000000	0,99910501
778,00000000	0,99906580
778,20000000	0,99908218
778,40000000	0,99908592
778,60000000	0,99905577
778,80000000	0,99907326
779,00000000	0,99907621
779,20000000	0,99905410
779,40000000	0,99909161
779,60000000	0,99908605
779,80000000	0,99905218
780,00000000	0,99907581
780,20000000	0,99906318
780,40000000	0,99905781
780,60000000	0,99910155
780,80000000	0,99909200
781,00000000	0,99909375
781,20000000	0,99909971
781,40000000	0,99908733
781,60000000	0,99907067
781,80000000	0,99905885
782,00000000	0,99906988
782,20000000	0,99907836
782,40000000	0,99913350
782,60000000	0,99913778
782,80000000	0,99905364
783,00000000	0,99908381
783,20000000	0,99912481
783,40000000	0,99906024
783,60000000	0,99906080
783,80000000	0,99910538
784,00000000	0,99910032
784,20000000	0,99911149
784,40000000	0,99913087
784,60000000	0,99912565
784,80000000	0,99912557
785,00000000	0,99913146
785,20000000	0,99911023
785,40000000	0,99910548
785,60000000	0,99912537
785,80000000	0,99907502
786,00000000	0,99908091
786,20000000	0,99912878
786,40000000	0,99913610
786,60000000	0,99911201
786,80000000	0,99913457
787,00000000	0,99910526
787,20000000	0,99908925
787,40000000	0,99915099
787,60000000	0,99912123
787,80000000	0,99910510
788,00000000	0,99916991
788,20000000	0,99919539
788,40000000	0,99911458
788,60000000	0,99913400
788,80000000	0,99912374
789,00000000	0,99912875
789,20000000	0,99914612
789,40000000	0,99912100
789,60000000	0,99908780
789,80000000	0,99911190
790,00000000	0,99911404
790,20000000	0,99904083
790,40000000	0,99909286
790,60000000	0,99910485
790,80000000	0,99905140
791,00000000	0,99908438
791,20000000	0,99906331
791,40000000	0,99902247
791,60000000	0,99906252
791,80000000	0,99907218
792,00000000	0,99905793
792,20000000	0,99902139
792,40000000	0,99901816
792,60000000	0,99903390
792,80000000	0,99902409
793,00000000	0,99900996
793,20000000	0,99900031
793,40000000	0,99896521
793,60000000	0,99894539
793,80000000	0,99891612
794,00000000	0,99892522
794,20000000	0,99892267
794,40000000	0,99888370
794,60000000	0,99885587
794,80000000	0,99887310
795,00000000	0,99883916
795,20000000	0,99884588
795,40000000	0,99881008
795,60000000	0,99878243
795,80000000	0,99882840
796,00000000	0,99881416
796,20000000	0,99873610
796,40000000	0,99872766
796,60000000	0,99871113
796,80000000	0,99866297
797,00000000	0,99872241
797,20000000	0,99867971
797,40000000	0,99861343
797,60000000	0,99865015
797,80000000	0,99866878
798,00000000	0,99858365
798,20000000	0,99855428
798,40000000	0,99857611
798,60000000	0,99855423
798,80000000	0,99855529
799,00000000	0,99856169
799,20000000	0,99848622
799,40000000	0,99851167
799,60000000	0,99859003
799,80000000	0,99851106
800,00000000	0,99847219
800,20000000	0,99849467
800,40000000	0,99845676
800,60000000	0,99847222
800,80000000	0,99845639
801,00000000	0,99842853
801,20000000	0,99844941
801,40000000	0,99844179
801,60000000	0,99839821
801,80000000	0,99838691
802,00000000	0,99841847
802,20000000	0,99835683
802,40000000	0,99839555
802,60000000	0,99841996
802,80000000	0,99838989
803,00000000	0,99841866
803,20000000	0,99836468
803,40000000	0,99842619
803,60000000	0,99840995
803,80000000	0,99840094
804,00000000	0,99835795
804,20000000	0,99843824
804,40000000	0,99846578
804,60000000	0,99838894
804,80000000	0,99843354
805,00000000	0,99844297
805,20000000	0,99842544
805,40000000	0,99852024
805,60000000	0,99847056
805,80000000	0,99845104
806,00000000	0,99853050
806,20000000	0,99855313
806,40000000	0,99858338
806,60000000	0,99858396
806,80000000	0,99857915
807,00000000	0,99853998
807,20000000	0,99863826
807,40000000	0,99864961
807,60000000	0,99862056
807,80000000	0,99868053
808,00000000	0,99869274
808,20000000	0,99868211
808,40000000	0,99872860
808,60000000	0,99876543
808,80000000	0,99885777
809,00000000	0,99886925
809,20000000	0,99882103
809,40000000	0,99886637
809,60000000	0,99892238
809,80000000	0,99892880
810,00000000	0,99898128
810,20000000	0,99901590
810,40000000	0,99898774
810,60000000	0,99900937
810,80000000	0,99909966
811,00000000	0,99913250
811,20000000	0,99914546
811,40000000	0,99922232
811,60000000	0,99921978
811,80000000	0,99926415
812,00000000	0,99929069
812,20000000	0,99930992
812,40000000	0,99934852
812,60000000	0,99938193
812,80000000	0,99939909
813,00000000	0,99945037
813,20000000	0,99946756
813,40000000	0,99945916
813,60000000	0,99952819
813,80000000	0,99957565
814,00000000	0,99959160
814,20000000	0,99961534
814,40000000	0,99966707
814,60000000	0,99964768
814,80000000	0,99968843
815,00000000	0,99974606
815,20000000	0,99975163
815,40000000	0,99979587
815,60000000	0,99980770
815,80000000	0,99983046
816,00000000	0,99985654
816,20000000	0,99986372
816,40000000	0,99988275
816,60000000	0,99990851
816,80000000	0,99992788
817,00000000	0,99993382
817,20000000	0,99994866
817,40000000	0,99996378
817,60000000	0,99996713
817,80000000	0,99998191
818,00000000	0,99998381
818,20000000	0,99998986
818,40000000	0,99999857
818,60000000	0,99999899
818,80000000	0,99999763
819,00000000	0,99999561
819,20000000	0,99999631
819,40000000	0,99998628
819,60000000	0,99997580
819,80000000	0,99997678
820,00000000	0,99996726
820,20000000	0,99994787
820,40000000	0,99992549
820,60000000	0,99991463
820,80000000	0,99990555
821,00000000	0,99989191
821,20000000	0,99985436
821,40000000	0,99984335
821,60000000	0,99980768
821,80000000	0,99976187
822,00000000	0,99975752
822,20000000	0,99973312
822,40000000	0,99967172
822,60000000	0,99964811
822,80000000	0,99964067
823,00000000	0,99958157
823,20000000	0,99953324
823,40000000	0,99948409
823,60000000	0,99945769
823,80000000	0,99941396
824,00000000	0,99934753
824,20000000	0,99927229
824,40000000	0,99928317
824,60000000	0,99920685
824,80000000	0,99909131
825,00000000	0,99909745
825,20000000	0,99901919
825,40000000	0,99899802
825,60000000	0,99894539
825,80000000	0,99887444
826,00000000	0,99881562
826,20000000	0,99876767
826,40000000	0,99866391
826,60000000	0,99858107
826,80000000	0,99849563
827,00000000	0,99847586
827,20000000	0,99843405
827,40000000	0,99832151
827,60000000	0,99824839
827,80000000	0,99819408
828,00000000	0,99811568
828,20000000	0,99798863
828,40000000	0,99806097
828,60000000	0,99793685
828,80000000	0,99782154
829,00000000	0,99786480
829,20000000	0,99770589
829,40000000	0,99763970
829,60000000	0,99758809
829,80000000	0,99747986
830,00000000	0,99738150
830,20000000	0,99743002
830,40000000	0,99736521
830,60000000	0,99725468
830,80000000	0,99725155
831,00000000	0,99708690
831,20000000	0,99704808
831,40000000	0,99699466
831,60000000	0,99687148
831,80000000	0,99692677
832,00000000	0,99685294
832,20000000	0,99669465
832,40000000	0,99671933
832,60000000	0,99664678
832,80000000	0,99649793
833,00000000	0,99659832
833,20000000	0,99650538
833,40000000	0,99631685
833,60000000	0,99629887
833,80000000	0,99629322
834,00000000	0,99627101
834,20000000	0,99624028
834,40000000	0,99611643
834,60000000	0,99612375
834,80000000	0,99607186
835,00000000	0,99605439
835,20000000	0,99603835
835,40000000	0,99607110
835,60000000	0,99593830
835,80000000	0,99586699
836,00000000	0,99591818
836,20000000	0,99586070
836,40000000	0,99586732
836,60000000	0,99595545
836,80000000	0,99587220
837,00000000	0,99587257
837,20000000	0,99579088
837,40000000	0,99573469
837,60000000	0,99586214
837,80000000	0,99577835
838,00000000	0,99573084
838,20000000	0,99584112
838,40000000	0,99581374
838,60000000	0,99580291
838,80000000	0,99576883
839,00000000	0,99580801
839,20000000	0,99590669
839,40000000	0,99589530
839,60000000	0,99577991
839,80000000	0,99588092
840,00000000	0,99595264
840,20000000	0,99592213
840,40000000	0,99594428
840,60000000	0,99605903
840,80000000	0,99601992
841,00000000	0,99601555
841,20000000	0,99598298
841,40000000	0,99605934
841,60000000	0,99614903
841,80000000	0,99611530
842,00000000	0,99629815
842,20000000	0,99632650
842,40000000	0,99625417
842,60000000	0,99635851
842,80000000	0,99639952
843,00000000	0,99645231
843,20000000	0,99654935
843,40000000	0,99661602
843,60000000	0,99665995
843,80000000	0,99674541
844,00000000	0,99673762
844,20000000	0,99674400
844,40000000	0,99693091
844,60000000	0,99699173
844,80000000	0,99694031
845,00000000	0,99706219
845,20000000	0,99714594
845,40000000	0,99717676
845,60000000	0,99720518
845,80000000	0,99729359
846,00000000	0,99739007
846,20000000	0,99746635
846,40000000	0,99748323
846,60000000	0,99757913
846,80000000	0,99766186
847,00000000	0,99772968
847,20000000	0,99782356
847,40000000	0,99781264
847,60000000	0,99786438
847,80000000	0,99798705
848,00000000	0,99799828
848,20000000	0,99808639
848,40000000	0,99817706
848,60000000	0,99820821
848,80000000	0,99833727
849,00000000	0,99835705
849,20000000	0,99838948
849,40000000	0,99851502
849,60000000	0,99854902
849,80000000	0,99857529
850,00000000	0,99869845
850,20000000	0,99870170
850,40000000	0,99873626
850,60000000	0,99884206
850,80000000	0,99888046
851,00000000	0,99896410
851,20000000	0,99903528
851,40000000	0,99905443
851,60000000	0,99910487
851,80000000	0,99913697
852,00000000	0,99914185
852,20000000	0,99923194
852,40000000	0,99927883
852,60000000	0,99933000
852,80000000	0,99940599
853,00000000	0,99943149
853,20000000	0,99945878
853,40000000	0,99950872
853,60000000	0,99954418
853,80000000	0,99955321
854,00000000	0,99957511
854,20000000	0,99961302
854,40000000	0,99963719
854,60000000	0,99968760
854,80000000	0,99972743
855,00000000	0,99975358
855,20000000	0,99976405
855,40000000	0,99978112
855,60000000	0,99981732
855,80000000	0,99982187
856,00000000	0,99985143
856,20000000	0,99987543
856,40000000	0,99987611
856,60000000	0,99991568
856,80000000	0,99991354
857,00000000	0,99990494
857,20000000	0,99994195
857,40000000	0,99996435
857,60000000	0,99995405
857,80000000	0,99996720
858,00000000	0,99996320
858,20000000	0,99998379
858,40000000	0,99997897
858,60000000	0,99998179
858,80000000	0,99998963
859,00000000	0,99998301
859,20000000	0,99998039
859,40000000	0,99997914
859,60000000	0,99998082
859,80000000	0,99998486
860,00000000	0,99997660
860,20000000	0,99997408
860,40000000	0,99996395
860,60000000	0,99995142
860,80000000	0,99995558
861,00000000	0,99994944
861,20000000	0,99992744
861,40000000	0,99992595
861,60000000	0,99992207
861,80000000	0,99990231
862,00000000	0,99991263
862,20000000	0,99986911
862,40000000	0,99986779
862,60000000	0,99988346
862,80000000	0,99983135
863,00000000	0,99983927
863,20000000	0,99983824
863,40000000	0,99980314
863,60000000	0,99979378
863,80000000	0,99981100
864,00000000	0,99976401
864,20000000	0,99979409
864,40000000	0,99975376
864,60000000	0,99973998
864,80000000	0,99973152
865,00000000	0,99966924
865,20000000	0,99969364
865,40000000	0,99970090
865,60000000	0,99966184
865,80000000	0,99966714
866,00000000	0,99962705
866,20000000	0,99962610
866,40000000	0,99963747
866,60000000	0,99959907
866,80000000	0,99959551
867,00000000	0,99959480
867,20000000	0,99956394
867,40000000	0,99955017
867,60000000	0,99955440
867,80000000	0,99950058
868,00000000	0,99953208
868,20000000	0,99954051
868,40000000	0,99944713
868,60000000	0,99946025
868,80000000	0,99945852
869,00000000	0,99944398
869,20000000	0,99945487
869,40000000	0,99941238
869,60000000	0,99946211
869,80000000	0,99941806
870,00000000	0,99938451
870,20000000	0,99939841
870,40000000	0,99936645
870,60000000	0,99936055
870,80000000	0,99939225
871,00000000	0,99934015
871,20000000	0,99931979
871,40000000	0,99934657
871,60000000	0,99928437
871,80000000	0,99930076
872,00000000	0,99927728
872,20000000	0,99924841
872,40000000	0,99924703
872,60000000	0,99928535
872,80000000	0,99919732
873,00000000	0,99923541
873,20000000	0,99915979
873,40000000	0,99917720
873,60000000	0,99919483
873,80000000	0,99920432
874,00000000	0,99920504
874,20000000	0,99914939
874,40000000	0,99910530
874,60000000	0,99913777
874,80000000	0,99912538
875,00000000	0,99908587
875,20000000	0,99908264
875,40000000	0,99909714
875,60000000	0,99908448
875,80000000	0,99903198
876,00000000	0,99898073
876,20000000	0,99898885
876,40000000	0,99897687
876,60000000	0,99897188
876,80000000	0,99898067
877,00000000	0,99893080
877,20000000	0,99887843
877,40000000	0,99889848
877,60000000	0,99885350
877,80000000	0,99887682
878,00000000	0,99884053
878,20000000	0,99874738
878,40000000	0,99878550
878,60000000	0,99884119
878,80000000	0,99872981
879,00000000	0,99876562
879,20000000	0,99878366
879,40000000	0,99866838
879,60000000	0,99867290
879,80000000	0,99863309
880,00000000	0,99861638
880,20000000	0,99854573
880,40000000	0,99851848
880,60000000	0,99855104
880,80000000	0,99853752
881,00000000	0,99844949
881,20000000	0,99850548
881,40000000	0,99839790
881,60000000	0,99842667
881,80000000	0,99842377
882,00000000	0,99830605
882,20000000	0,99831616
882,40000000	0,99836453
882,60000000	0,99825203
882,80000000	0,99830041
883,00000000	0,99826556
883,20000000	0,99822411
883,40000000	0,99821931
883,60000000	0,99811743
883,80000000	0,99810523
884,00000000	0,99821537
884,20000000	0,99812656
884,40000000	0,99804963
884,60000000	0,99805421
884,80000000	0,99793301
885,00000000	0,99802842
885,20000000	0,99802858
885,40000000	0,99801610
885,60000000	0,99801381
885,80000000	0,99791610
886,00000000	0,99799777
886,20000000	0,99796262
886,40000000	0,99794457
886,60000000	0,99797537
886,80000000	0,99785365
887,00000000	0,99788339
887,20000000	0,99798771
887,40000000	0,99785916
887,60000000	0,99791372
887,80000000	0,99790181
888,00000000	0,99783605
888,20000000	0,99794712
888,40000000	0,99785593
888,60000000	0,99775670
888,80000000	0,99790341
889,00000000	0,99789232
889,20000000	0,99794390
889,40000000	0,99784502
889,60000000	0,99779154
889,80000000	0,99794070
890,00000000	0,99791594
890,20000000	0,99785266
890,40000000	0,99803149
890,60000000	0,99793212
890,80000000	0,99804171
891,00000000	0,99808954
891,20000000	0,99792020
891,40000000	0,99801569
891,60000000	0,99802202
891,80000000	0,99803348
892,00000000	0,99813516
892,20000000	0,99816095
892,40000000	0,99813883
892,60000000	0,99824651
892,80000000	0,99821491
893,00000000	0,99831644
893,20000000	0,99832576
893,40000000	0,99830555
893,60000000	0,99838177
893,80000000	0,99841877
894,00000000	0,99844124
894,20000000	0,99853896
894,40000000	0,99851879
894,60000000	0,99860074
894,80000000	0,99866145
895,00000000	0,99860690
895,20000000	0,99867599
895,40000000	0,99875923
895,60000000	0,99872495
895,80000000	0,99883524
896,00000000	0,99884419
896,20000000	0,99896008
896,40000000	0,99907746
896,60000000	0,99899091
896,80000000	0,99906006
897,00000000	0,99912505
897,20000000	0,99916577
897,40000000	0,99921547
897,60000000	0,99919447
897,80000000	0,99934853
898,00000000	0,99937385
898,20000000	0,99931706
898,40000000	0,99942917
898,60000000	0,99946277
898,80000000	0,99945034
899,00000000	0,99950728
899,20000000	0,99957159
899,40000000	0,99961341
899,60000000	0,99960152
899,80000000	0,99961445
900,00000000	0,99964968
