200,00000000	0,99012759
200,20000000	0,99191435
200,40000000	0,98004592
200,60000000	0,97619543
200,80000000	0,98584440
201,00000000	0,98887696
201,20000000	0,97478103
201,40000000	0,97875485
201,60000000	0,98082875
201,80000000	0,97803954
202,00000000	0,97116957
202,20000000	0,98032947
202,40000000	0,98021507
202,60000000	0,95085242
202,80000000	0,95656740
203,00000000	0,97858547
203,20000000	0,97783608
203,40000000	0,95725342
203,60000000	0,96673329
203,80000000	0,96638747
204,00000000	0,95442707
204,20000000	0,95757556
204,40000000	0,96097495
204,60000000	0,94077002
204,80000000	0,92679488
205,00000000	0,95881841
205,20000000	0,94824482
205,40000000	0,93901967
205,60000000	0,93829828
205,80000000	0,92800364
206,00000000	0,94331785
206,20000000	0,93707559
206,40000000	0,94319529
206,60000000	0,91638125
206,80000000	0,91849127
207,00000000	0,92867509
207,20000000	0,94739174
207,40000000	0,92215176
207,60000000	0,90164313
207,80000000	0,89192536
208,00000000	0,90294297
208,20000000	0,90956282
208,40000000	0,92784665
208,60000000	0,88292770
208,80000000	0,85916047
209,00000000	0,89102916
209,20000000	0,91557931
209,40000000	0,86962825
209,60000000	0,90658320
209,80000000	0,87923275
210,00000000	0,85096729
210,20000000	0,88039632
210,40000000	0,89420369
210,60000000	0,87522085
210,80000000	0,87531964
211,00000000	0,86217986
211,20000000	0,86533640
211,40000000	0,88102572
211,60000000	0,87251217
211,80000000	0,82629225
212,00000000	0,82396599
212,20000000	0,83673145
212,40000000	0,85185466
212,60000000	0,86099680
212,80000000	0,85154474
213,00000000	0,82669686
213,20000000	0,84583051
213,40000000	0,81777760
213,60000000	0,83109048
213,80000000	0,87002478
214,00000000	0,83076708
214,20000000	0,81523949
214,40000000	0,79749376
214,60000000	0,80259323
214,80000000	0,80451169
215,00000000	0,78985951
215,20000000	0,81725436
215,40000000	0,80607077
215,60000000	0,81282152
215,80000000	0,78983516
216,00000000	0,79016633
216,20000000	0,81221447
216,40000000	0,77207395
216,60000000	0,81543805
216,80000000	0,79809631
217,00000000	0,75137173
217,20000000	0,79394360
217,40000000	0,75985272
217,60000000	0,78800685
217,80000000	0,80536566
218,00000000	0,80436975
218,20000000	0,76824794
218,40000000	0,77307988
218,60000000	0,78123307
218,80000000	0,79904023
219,00000000	0,76416164
219,20000000	0,80398344
219,40000000	0,75942472
219,60000000	0,75889504
219,80000000	0,78656520
220,00000000	0,77849950
220,20000000	0,76790277
220,40000000	0,75250065
220,60000000	0,75681912
220,80000000	0,77826585
221,00000000	0,76652354
221,20000000	0,76098832
221,40000000	0,76272778
221,60000000	0,75763908
221,80000000	0,76578351
222,00000000	0,78191518
222,20000000	0,77308663
222,40000000	0,78853015
222,60000000	0,78052038
222,80000000	0,75552598
223,00000000	0,77576169
223,20000000	0,77797475
223,40000000	0,78025529
223,60000000	0,77922355
223,80000000	0,78100416
224,00000000	0,78559880
224,20000000	0,78131576
224,40000000	0,79244368
224,60000000	0,78093496
224,80000000	0,78638775
225,00000000	0,78646714
225,20000000	0,79628600
225,40000000	0,81004395
225,60000000	0,80341407
225,80000000	0,79483544
226,00000000	0,78855436
226,20000000	0,80659920
226,40000000	0,79952114
226,60000000	0,80212764
226,80000000	0,80514143
227,00000000	0,79697578
227,20000000	0,83379169
227,40000000	0,83567505
227,60000000	0,81031428
227,80000000	0,83014854
228,00000000	0,81648390
228,20000000	0,81660423
228,40000000	0,82686841
228,60000000	0,83959060
228,80000000	0,84381568
229,00000000	0,86541588
229,20000000	0,85548702
229,40000000	0,83527027
229,60000000	0,85691438
229,80000000	0,85348807
230,00000000	0,86705046
230,20000000	0,86469942
230,40000000	0,87127722
230,60000000	0,86846324
230,80000000	0,87662942
231,00000000	0,88893748
231,20000000	0,85985655
231,40000000	0,87594133
231,60000000	0,90900597
231,80000000	0,89931226
232,00000000	0,89598621
232,20000000	0,91484188
232,40000000	0,90285944
232,60000000	0,89148651
232,80000000	0,90791096
233,00000000	0,92386889
233,20000000	0,91218043
233,40000000	0,92329423
233,60000000	0,94413058
233,80000000	0,94420978
234,00000000	0,91663492
234,20000000	0,92786068
234,40000000	0,95109889
234,60000000	0,93871540
234,80000000	0,94356524
235,00000000	0,96590534
235,20000000	0,96677602
235,40000000	0,94251479
235,60000000	0,95756148
235,80000000	0,96938805
236,00000000	0,95569897
236,20000000	0,95895439
236,40000000	0,98047770
236,60000000	0,97668145
236,80000000	0,97323691
237,00000000	0,97444573
237,20000000	0,98387000
237,40000000	0,96704452
237,60000000	0,96886513
237,80000000	0,97985149
238,00000000	0,98402627
238,20000000	0,97964532
238,40000000	0,98807438
238,60000000	0,99037986
238,80000000	0,98850465
239,00000000	0,97805114
239,20000000	0,98261759
239,40000000	0,98015042
239,60000000	0,97479005
239,80000000	0,97815115
240,00000000	0,98641810
240,20000000	0,98537619
240,40000000	0,98689729
240,60000000	0,97766741
240,80000000	0,97646326
241,00000000	0,96512468
241,20000000	0,95660388
241,40000000	0,94900233
241,60000000	0,95837499
241,80000000	0,95889264
242,00000000	0,95780260
242,20000000	0,96785437
242,40000000	0,96208029
242,60000000	0,94534298
242,80000000	0,93399955
243,00000000	0,93084173
243,20000000	0,90773029
243,40000000	0,90275745
243,60000000	0,88845676
243,80000000	0,91375394
244,00000000	0,90060253
244,20000000	0,90916368
244,40000000	0,89497160
244,60000000	0,89597440
244,80000000	0,89124189
245,00000000	0,88472074
245,20000000	0,86786096
245,40000000	0,86154164
245,60000000	0,84154397
245,80000000	0,83564325
246,00000000	0,83508293
246,20000000	0,81947009
246,40000000	0,82444592
246,60000000	0,80424863
246,80000000	0,83127035
247,00000000	0,81007079
247,20000000	0,80940970
247,40000000	0,79505826
247,60000000	0,78496111
247,80000000	0,74591121
248,00000000	0,77035419
248,20000000	0,72678389
248,40000000	0,74870006
248,60000000	0,75528695
248,80000000	0,72899163
249,00000000	0,70693481
249,20000000	0,72866238
249,40000000	0,72637706
249,60000000	0,71557002
249,80000000	0,70768635
250,00000000	0,70191887
250,20000000	0,68906683
250,40000000	0,67045719
250,60000000	0,68525477
250,80000000	0,67027985
251,00000000	0,66846959
251,20000000	0,66070804
251,40000000	0,67111354
251,60000000	0,66274997
251,80000000	0,65844620
252,00000000	0,64310273
252,20000000	0,63577554
252,40000000	0,65585154
252,60000000	0,63586182
252,80000000	0,61296958
253,00000000	0,61454100
253,20000000	0,62793453
253,40000000	0,62112957
253,60000000	0,64181469
253,80000000	0,62010860
254,00000000	0,61915404
254,20000000	0,61865346
254,40000000	0,62052928
254,60000000	0,62463291
254,80000000	0,62869856
255,00000000	0,62201984
255,20000000	0,62299568
255,40000000	0,60963305
255,60000000	0,60864185
255,80000000	0,61550839
256,00000000	0,62149094
256,20000000	0,61827614
256,40000000	0,62191590
256,60000000	0,62784817
256,80000000	0,63614787
257,00000000	0,63233184
257,20000000	0,63147990
257,40000000	0,64256359
257,60000000	0,62971321
257,80000000	0,63121405
258,00000000	0,64641675
258,20000000	0,65174419
258,40000000	0,65151497
258,60000000	0,66592425
258,80000000	0,66787921
259,00000000	0,67125007
259,20000000	0,67445278
259,40000000	0,68235558
259,60000000	0,68122343
259,80000000	0,68895849
260,00000000	0,69687107
260,20000000	0,69080285
260,40000000	0,69346697
260,60000000	0,70207961
260,80000000	0,70600317
261,00000000	0,72324686
261,20000000	0,72703701
261,40000000	0,72967657
261,60000000	0,72597087
261,80000000	0,72205207
262,00000000	0,71972563
262,20000000	0,71663721
262,40000000	0,70765768
262,60000000	0,71269193
262,80000000	0,70338574
263,00000000	0,69695937
263,20000000	0,70071955
263,40000000	0,69562923
263,60000000	0,68162020
263,80000000	0,67491410
264,00000000	0,66416916
264,20000000	0,65820434
264,40000000	0,65304242
264,60000000	0,63831381
264,80000000	0,62028666
265,00000000	0,61770851
265,20000000	0,60800507
265,40000000	0,59520742
265,60000000	0,57890868
265,80000000	0,56757400
266,00000000	0,55941600
266,20000000	0,54784629
266,40000000	0,53972365
266,60000000	0,53414985
266,80000000	0,52990182
267,00000000	0,52255567
267,20000000	0,50914653
267,40000000	0,46514869
267,60000000	0,48022377
267,80000000	0,49266504
268,00000000	0,45787915
268,20000000	0,44619512
268,40000000	0,46250777
268,60000000	0,46521187
268,80000000	0,44672115
269,00000000	0,43264482
269,20000000	0,42605067
269,40000000	0,42249147
269,60000000	0,41756426
269,80000000	0,41730799
270,00000000	0,41630630
270,20000000	0,42286088
270,40000000	0,41573378
270,60000000	0,42167987
270,80000000	0,42024506
271,00000000	0,40999716
271,20000000	0,40687596
271,40000000	0,40090085
271,60000000	0,39721709
271,80000000	0,40193507
272,00000000	0,41047495
272,20000000	0,40456837
272,40000000	0,40755304
272,60000000	0,41346707
272,80000000	0,40432276
273,00000000	0,41341525
273,20000000	0,41234110
273,40000000	0,40317386
273,60000000	0,41235173
273,80000000	0,41281260
274,00000000	0,41963926
274,20000000	0,41625577
274,40000000	0,40824865
274,60000000	0,40299788
274,80000000	0,40354364
275,00000000	0,41582179
275,20000000	0,41395456
275,40000000	0,39210791
275,60000000	0,39878817
275,80000000	0,39020335
276,00000000	0,37567695
276,20000000	0,37803627
276,40000000	0,38863834
276,60000000	0,37773310
276,80000000	0,37043155
277,00000000	0,36079174
277,20000000	0,36102927
277,40000000	0,35233454
277,60000000	0,34628973
277,80000000	0,34663681
278,00000000	0,33605631
278,20000000	0,33868559
278,40000000	0,33268753
278,60000000	0,32915244
278,80000000	0,32041765
279,00000000	0,31376915
279,20000000	0,30104028
279,40000000	0,31046305
279,60000000	0,31021067
279,80000000	0,30268754
280,00000000	0,30104045
280,20000000	0,30513195
280,40000000	0,30273457
280,60000000	0,28890705
280,80000000	0,28018321
281,00000000	0,27676592
281,20000000	0,27704665
281,40000000	0,28158328
281,60000000	0,27567870
281,80000000	0,27333995
282,00000000	0,27506515
282,20000000	0,27825007
282,40000000	0,26771730
282,60000000	0,26719185
282,80000000	0,26185672
283,00000000	0,25761120
283,20000000	0,25942117
283,40000000	0,24514771
283,60000000	0,25445219
283,80000000	0,26668968
284,00000000	0,24823568
284,20000000	0,23654426
284,40000000	0,24531067
284,60000000	0,24309047
284,80000000	0,23275090
285,00000000	0,23312051
285,20000000	0,23716187
285,40000000	0,22799047
285,60000000	0,23045781
285,80000000	0,23516566
286,00000000	0,22479185
286,20000000	0,23048571
286,40000000	0,22801048
286,60000000	0,21559343
286,80000000	0,22070958
287,00000000	0,21678409
287,20000000	0,22135052
287,40000000	0,22491226
287,60000000	0,21897044
287,80000000	0,21671998
288,00000000	0,20994875
288,20000000	0,22142278
288,40000000	0,22647378
288,60000000	0,21487567
288,80000000	0,22387953
289,00000000	0,22048884
289,20000000	0,20060654
289,40000000	0,19501364
289,60000000	0,20203355
289,80000000	0,21139585
290,00000000	0,21323587
290,20000000	0,20595741
290,40000000	0,21271031
290,60000000	0,21466254
290,80000000	0,21163280
291,00000000	0,20522594
291,20000000	0,19924931
291,40000000	0,20452180
291,60000000	0,20511131
291,80000000	0,19940115
292,00000000	0,19910668
292,20000000	0,19995459
292,40000000	0,20344530
292,60000000	0,20265727
292,80000000	0,20819077
293,00000000	0,19572316
293,20000000	0,19393821
293,40000000	0,19583951
293,60000000	0,20158534
293,80000000	0,20331907
294,00000000	0,19761104
294,20000000	0,19379999
294,40000000	0,19133663
294,60000000	0,19482840
294,80000000	0,19974388
295,00000000	0,19755289
295,20000000	0,20000082
295,40000000	0,20127966
295,60000000	0,19867349
295,80000000	0,19787325
296,00000000	0,19927287
296,20000000	0,19830819
296,40000000	0,19826847
296,60000000	0,18915140
296,80000000	0,19628441
297,00000000	0,20369986
297,20000000	0,20076601
297,40000000	0,19360234
297,60000000	0,19419224
297,80000000	0,19783406
298,00000000	0,19681987
298,20000000	0,19277330
298,40000000	0,19450392
298,60000000	0,19631203
298,80000000	0,20210825
299,00000000	0,20238918
299,20000000	0,19756943
299,40000000	0,19623072
299,60000000	0,20162924
299,80000000	0,19800930
300,00000000	0,19777675
300,20000000	0,19750844
300,40000000	0,19632177
300,60000000	0,19287312
300,80000000	0,19572533
301,00000000	0,20139161
301,20000000	0,19823466
301,40000000	0,20140293
301,60000000	0,19778954
301,80000000	0,19364476
302,00000000	0,19598863
302,20000000	0,19900008
302,40000000	0,19923361
302,60000000	0,19899684
302,80000000	0,20302003
303,00000000	0,20386708
303,20000000	0,20392315
303,40000000	0,20132090
303,60000000	0,20294564
303,80000000	0,20281081
304,00000000	0,20330596
304,20000000	0,20679994
304,40000000	0,19908984
304,60000000	0,19288996
304,80000000	0,19512977
305,00000000	0,19650439
305,20000000	0,19604621
305,40000000	0,19863202
305,60000000	0,20708266
305,80000000	0,20262911
306,00000000	0,19874758
306,20000000	0,20057458
306,40000000	0,20159840
306,60000000	0,20488537
306,80000000	0,20659417
307,00000000	0,20871518
307,20000000	0,21031064
307,40000000	0,20750036
307,60000000	0,20978375
307,80000000	0,21201716
308,00000000	0,21458194
308,20000000	0,21213801
308,40000000	0,21072136
308,60000000	0,21151656
308,80000000	0,21416735
309,00000000	0,21834970
309,20000000	0,22337595
309,40000000	0,22726378
309,60000000	0,22386630
309,80000000	0,22032935
310,00000000	0,22098196
310,20000000	0,22045409
310,40000000	0,22663136
310,60000000	0,23168718
310,80000000	0,23197107
311,00000000	0,23414790
311,20000000	0,23717441
311,40000000	0,23911726
311,60000000	0,23917928
311,80000000	0,24341786
312,00000000	0,24903160
312,20000000	0,25221852
312,40000000	0,25631349
312,60000000	0,25884790
312,80000000	0,25945888
313,00000000	0,26303489
313,20000000	0,26970947
313,40000000	0,27484102
313,60000000	0,27790182
313,80000000	0,28183689
314,00000000	0,28593318
314,20000000	0,28887392
314,40000000	0,29248504
314,60000000	0,29909253
314,80000000	0,30720751
315,00000000	0,31154812
315,20000000	0,31506203
315,40000000	0,32356428
315,60000000	0,33113897
315,80000000	0,33778813
316,00000000	0,34639262
316,20000000	0,35545124
316,40000000	0,36322861
316,60000000	0,37123695
316,80000000	0,38069074
317,00000000	0,39124582
317,20000000	0,40318864
317,40000000	0,41513209
317,60000000	0,42805142
317,80000000	0,44256998
318,00000000	0,45539268
318,20000000	0,46749883
318,40000000	0,48158358
318,60000000	0,49675124
318,80000000	0,51187117
319,00000000	0,52711973
319,20000000	0,54296481
319,40000000	0,55834294
319,60000000	0,57372357
319,80000000	0,58988557
320,00000000	0,60618099
320,20000000	0,62311746
320,40000000	0,63925963
320,60000000	0,65525815
320,80000000	0,67148784
321,00000000	0,68428559
321,20000000	0,69445512
321,40000000	0,70538410
321,60000000	0,71520904
321,80000000	0,72190824
322,00000000	0,72448839
322,20000000	0,72269536
322,40000000	0,72225493
322,60000000	0,72304235
322,80000000	0,72150831
323,00000000	0,71529620
323,20000000	0,70482623
323,40000000	0,69488578
323,60000000	0,68542087
323,80000000	0,67456368
324,00000000	0,66329221
324,20000000	0,65066680
324,40000000	0,63283465
324,60000000	0,61721261
324,80000000	0,60524683
325,00000000	0,58969602
325,20000000	0,57134054
325,40000000	0,55384527
325,60000000	0,54006191
325,80000000	0,52929717
326,00000000	0,51488695
326,20000000	0,50024015
326,40000000	0,48947095
326,60000000	0,47753324
326,80000000	0,46394327
327,00000000	0,45041434
327,20000000	0,43596960
327,40000000	0,42384688
327,60000000	0,41402968
327,80000000	0,40318775
328,00000000	0,39540050
328,20000000	0,38605254
328,40000000	0,37810021
328,60000000	0,37038422
328,80000000	0,36079020
329,00000000	0,35329631
329,20000000	0,34906922
329,40000000	0,34274734
329,60000000	0,33604553
329,80000000	0,32917822
330,00000000	0,32093839
330,20000000	0,31246106
330,40000000	0,30639329
330,60000000	0,30548588
330,80000000	0,30505798
331,00000000	0,29965210
331,20000000	0,29049475
331,40000000	0,28469401
331,60000000	0,28216697
331,80000000	0,27839646
332,00000000	0,27539004
332,20000000	0,27078560
332,40000000	0,26615663
332,60000000	0,26221970
332,80000000	0,25943476
333,00000000	0,25799898
333,20000000	0,25521435
333,40000000	0,24970996
333,60000000	0,24698706
333,80000000	0,24562363
334,00000000	0,24104780
334,20000000	0,23791355
334,40000000	0,23873969
334,60000000	0,23712412
334,80000000	0,23393651
335,00000000	0,23297637
335,20000000	0,23057871
335,40000000	0,22834139
335,60000000	0,22718664
335,80000000	0,22597340
336,00000000	0,22631970
336,20000000	0,22429738
336,40000000	0,21989232
336,60000000	0,21718899
336,80000000	0,21714029
337,00000000	0,21589453
337,20000000	0,21301275
337,40000000	0,21094275
337,60000000	0,20942419
337,80000000	0,20930075
338,00000000	0,20912688
338,20000000	0,20707686
338,40000000	0,20651351
338,60000000	0,20722833
338,80000000	0,20640809
339,00000000	0,20433668
339,20000000	0,20271696
339,40000000	0,20059307
339,60000000	0,19916675
339,80000000	0,19838908
340,00000000	0,19796973
340,20000000	0,19695853
340,40000000	0,19467216
340,60000000	0,19305664
340,80000000	0,19144520
341,00000000	0,18999141
341,20000000	0,19074243
341,40000000	0,19065140
341,60000000	0,18880022
341,80000000	0,18804351
342,00000000	0,18953280
342,20000000	0,18932325
342,40000000	0,18812287
342,60000000	0,18696229
342,80000000	0,18534023
343,00000000	0,18394839
343,20000000	0,18378395
343,40000000	0,18362995
343,60000000	0,18293390
343,80000000	0,18202439
344,00000000	0,18057472
344,20000000	0,18008629
344,40000000	0,18001607
344,60000000	0,17878440
344,80000000	0,17841885
345,00000000	0,17947948
345,20000000	0,17985524
345,40000000	0,18019480
345,60000000	0,17946203
345,80000000	0,17855615
346,00000000	0,17821762
346,20000000	0,17803362
346,40000000	0,17713756
346,60000000	0,17683207
346,80000000	0,17707306
347,00000000	0,17657817
347,20000000	0,17496948
347,40000000	0,17296566
347,60000000	0,17278835
347,80000000	0,17324020
348,00000000	0,17224668
348,20000000	0,17144391
348,40000000	0,17132401
348,60000000	0,17031794
348,80000000	0,16998046
349,00000000	0,16961865
349,20000000	0,16877793
349,40000000	0,16873671
349,60000000	0,16898906
349,80000000	0,16952785
350,00000000	0,16993106
350,20000000	0,16990864
350,40000000	0,16932292
350,60000000	0,16905616
350,80000000	0,16887446
351,00000000	0,16815501
351,20000000	0,16773493
351,40000000	0,16763430
351,60000000	0,16747622
351,80000000	0,16711428
352,00000000	0,16703028
352,20000000	0,16615246
352,40000000	0,16551325
352,60000000	0,16550626
352,80000000	0,16524404
353,00000000	0,16560924
353,20000000	0,16585700
353,40000000	0,16481173
353,60000000	0,16430466
353,80000000	0,16457850
354,00000000	0,16368505
354,20000000	0,16275944
354,40000000	0,16248957
354,60000000	0,16198937
354,80000000	0,16202063
355,00000000	0,16199274
355,20000000	0,16106793
355,40000000	0,16070324
355,60000000	0,16108076
355,80000000	0,16070890
356,00000000	0,16013821
356,20000000	0,16031966
356,40000000	0,16049931
356,60000000	0,16085501
356,80000000	0,16091757
357,00000000	0,16051287
357,20000000	0,16016168
357,40000000	0,16013048
357,60000000	0,15985405
357,80000000	0,15929977
358,00000000	0,15864158
358,20000000	0,15787961
358,40000000	0,15731729
358,60000000	0,15696927
358,80000000	0,15659947
359,00000000	0,15612289
359,20000000	0,15588450
359,40000000	0,15595759
359,60000000	0,15626910
359,80000000	0,15640041
360,00000000	0,15655927
360,20000000	0,15670630
360,40000000	0,15682059
360,60000000	0,15688406
360,80000000	0,15665184
361,00000000	0,15613479
361,20000000	0,15560080
361,40000000	0,15523764
361,60000000	0,15466508
361,80000000	0,15417464
362,00000000	0,15380431
362,20000000	0,15344551
362,40000000	0,15325664
362,60000000	0,15308575
362,80000000	0,15301499
363,00000000	0,15312587
363,20000000	0,15327646
363,40000000	0,15326317
363,60000000	0,15342255
363,80000000	0,15352416
364,00000000	0,15342020
364,20000000	0,15309548
364,40000000	0,15248610
364,60000000	0,15197180
364,80000000	0,15181585
365,00000000	0,15163772
365,20000000	0,15084616
365,40000000	0,15002956
365,60000000	0,14986021
365,80000000	0,15005807
366,00000000	0,15029785
366,20000000	0,15041835
366,40000000	0,15039501
366,60000000	0,15046225
366,80000000	0,15074968
367,00000000	0,15069489
367,20000000	0,15032717
367,40000000	0,15011844
367,60000000	0,14994970
367,80000000	0,14955065
368,00000000	0,14909992
368,20000000	0,14887272
368,40000000	0,14847020
368,60000000	0,14790531
368,80000000	0,14790540
369,00000000	0,14829797
369,20000000	0,14819457
369,40000000	0,14784687
369,60000000	0,14778990
369,80000000	0,14795801
370,00000000	0,14837662
370,20000000	0,14808982
370,40000000	0,14721876
370,60000000	0,14709741
370,80000000	0,14671539
371,00000000	0,14618336
371,20000000	0,14664211
371,40000000	0,14711097
371,60000000	0,14667256
371,80000000	0,14635536
372,00000000	0,14617460
372,20000000	0,14575096
372,40000000	0,14582906
372,60000000	0,14580321
372,80000000	0,14530305
373,00000000	0,14571912
373,20000000	0,14616959
373,40000000	0,14589615
373,60000000	0,14575248
373,80000000	0,14590485
374,00000000	0,14530641
374,20000000	0,14482134
374,40000000	0,14572316
374,60000000	0,14564807
374,80000000	0,14481446
375,00000000	0,14391435
375,20000000	0,14325104
375,40000000	0,14370567
375,60000000	0,14419055
375,80000000	0,14428503
376,00000000	0,14466944
376,20000000	0,14493403
376,40000000	0,14420589
376,60000000	0,14366605
376,80000000	0,14402025
377,00000000	0,14346385
377,20000000	0,14286782
377,40000000	0,14416486
377,60000000	0,14422929
377,80000000	0,14299806
378,00000000	0,14316255
378,20000000	0,14257111
378,40000000	0,14274769
378,60000000	0,14412619
378,80000000	0,14416720
379,00000000	0,14313921
379,20000000	0,14332321
379,40000000	0,14442139
379,60000000	0,14381622
379,80000000	0,14323456
380,00000000	0,14210770
380,20000000	0,14145488
380,40000000	0,14277765
380,60000000	0,14412048
380,80000000	0,14332303
381,00000000	0,14143024
381,20000000	0,14218875
381,40000000	0,14334492
381,60000000	0,14423855
381,80000000	0,14392492
382,00000000	0,14166969
382,20000000	0,14215054
382,40000000	0,14436039
382,60000000	0,14483091
382,80000000	0,14247343
383,00000000	0,14048105
383,20000000	0,14065923
383,40000000	0,14138150
383,60000000	0,14344622
383,80000000	0,14399353
384,00000000	0,14339692
384,20000000	0,14354157
384,40000000	0,14393368
384,60000000	0,14419280
384,80000000	0,14335503
385,00000000	0,14295264
385,20000000	0,14283245
385,40000000	0,14214843
385,60000000	0,14184873
385,80000000	0,14233474
386,00000000	0,14242900
386,20000000	0,14241787
386,40000000	0,14261004
386,60000000	0,14203677
386,80000000	0,14217935
387,00000000	0,14250986
387,20000000	0,14262651
387,40000000	0,14230427
387,60000000	0,14089101
387,80000000	0,13979929
388,00000000	0,14009006
388,20000000	0,14201899
388,40000000	0,14265226
388,60000000	0,14151749
388,80000000	0,14082417
389,00000000	0,14076522
389,20000000	0,14227199
389,40000000	0,14392423
389,60000000	0,14329858
389,80000000	0,14082288
390,00000000	0,13931191
390,20000000	0,13964723
390,40000000	0,14194728
390,60000000	0,14316138
390,80000000	0,14046134
391,00000000	0,13974532
391,20000000	0,14062155
391,40000000	0,14072599
391,60000000	0,14117630
391,80000000	0,13993056
392,00000000	0,13939700
392,20000000	0,13975806
392,40000000	0,14131040
392,60000000	0,14290216
392,80000000	0,14064713
393,00000000	0,13894368
393,20000000	0,13974206
393,40000000	0,14118249
393,60000000	0,14127395
393,80000000	0,14033491
394,00000000	0,14036047
394,20000000	0,14128621
394,40000000	0,14159647
394,60000000	0,13992392
394,80000000	0,13955229
395,00000000	0,14019198
395,20000000	0,14031622
395,40000000	0,13962101
395,60000000	0,13775061
395,80000000	0,13557622
396,00000000	0,13359120
396,20000000	0,13583168
396,40000000	0,13898332
396,60000000	0,13838188
396,80000000	0,13903808
397,00000000	0,13975895
397,20000000	0,13876086
397,40000000	0,13912005
397,60000000	0,14071532
397,80000000	0,14170508
398,00000000	0,14087590
398,20000000	0,13967501
398,40000000	0,13920343
398,60000000	0,13980901
398,80000000	0,14169595
399,00000000	0,14301797
399,20000000	0,14402778
399,40000000	0,14604036
399,60000000	0,14677915
399,80000000	0,14594990
400,00000000	0,14361465
400,20000000	0,14032819
400,40000000	0,13957854
400,60000000	0,14011561
400,80000000	0,13850174
401,00000000	0,13731780
401,20000000	0,13782751
401,40000000	0,13888248
401,60000000	0,13874560
401,80000000	0,13790579
402,00000000	0,13913832
402,20000000	0,14056972
402,40000000	0,14170441
402,60000000	0,14247831
402,80000000	0,14346700
403,00000000	0,14401886
403,20000000	0,14080972
403,40000000	0,13885299
403,60000000	0,13738135
403,80000000	0,13453364
404,00000000	0,13458626
404,20000000	0,13617226
404,40000000	0,13929496
404,60000000	0,14206301
404,80000000	0,14390574
405,00000000	0,14627794
405,20000000	0,14519245
405,40000000	0,14429280
405,60000000	0,14562078
405,80000000	0,14476062
406,00000000	0,14402117
406,20000000	0,14094553
406,40000000	0,13722855
406,60000000	0,14020121
406,80000000	0,14457556
407,00000000	0,14449151
407,20000000	0,14090514
407,40000000	0,14144390
407,60000000	0,14522634
407,80000000	0,14234297
408,00000000	0,13812199
408,20000000	0,13889198
408,40000000	0,13903194
408,60000000	0,13716316
408,80000000	0,13528025
409,00000000	0,13558534
409,20000000	0,13946661
409,40000000	0,14123072
409,60000000	0,14353118
409,80000000	0,14641716
410,00000000	0,14463758
410,20000000	0,14356252
410,40000000	0,14328756
410,60000000	0,14373160
410,80000000	0,14788713
411,00000000	0,14983733
411,20000000	0,14690984
411,40000000	0,14273159
411,60000000	0,14000829
411,80000000	0,13973768
412,00000000	0,14044500
412,20000000	0,14247039
412,40000000	0,14381856
412,60000000	0,14286984
412,80000000	0,14382363
413,00000000	0,14516466
413,20000000	0,14735043
413,40000000	0,15023694
413,60000000	0,15013556
413,80000000	0,15101180
414,00000000	0,15311244
414,20000000	0,15358507
414,40000000	0,15187055
414,60000000	0,14656722
414,80000000	0,14176610
415,00000000	0,14089537
415,20000000	0,14179760
415,40000000	0,14237580
415,60000000	0,14022451
415,80000000	0,13785715
416,00000000	0,13678225
416,20000000	0,13665752
416,40000000	0,14027869
416,60000000	0,14426131
416,80000000	0,14514685
417,00000000	0,14701501
417,20000000	0,15050341
417,40000000	0,15246974
417,60000000	0,15447218
417,80000000	0,15497558
418,00000000	0,15132620
418,20000000	0,14705444
418,40000000	0,14340094
418,60000000	0,14430447
418,80000000	0,14879202
419,00000000	0,15052663
419,20000000	0,15000809
419,40000000	0,15000236
419,60000000	0,15130914
419,80000000	0,15072837
420,00000000	0,14874936
420,20000000	0,14921995
420,40000000	0,14994388
420,60000000	0,14971041
420,80000000	0,15094855
421,00000000	0,14956879
421,20000000	0,14722071
421,40000000	0,14734268
421,60000000	0,14768500
421,80000000	0,14858562
422,00000000	0,15023413
422,20000000	0,15344093
422,40000000	0,15773054
422,60000000	0,16037864
422,80000000	0,16373222
423,00000000	0,16645107
423,20000000	0,16698529
423,40000000	0,16507708
423,60000000	0,15793858
423,80000000	0,15329565
424,00000000	0,14998112
424,20000000	0,14503006
424,40000000	0,14508259
424,60000000	0,15126182
424,80000000	0,15937535
425,00000000	0,16272797
425,20000000	0,16385457
425,40000000	0,16431725
425,60000000	0,16160299
425,80000000	0,16046573
426,00000000	0,16245124
426,20000000	0,16167337
426,40000000	0,16164959
426,60000000	0,16278988
426,80000000	0,16117285
427,00000000	0,16009541
427,20000000	0,15944928
427,40000000	0,15837467
427,60000000	0,15715612
427,80000000	0,16018252
428,00000000	0,16402183
428,20000000	0,16527276
428,40000000	0,16636203
428,60000000	0,16465664
428,80000000	0,15982867
429,00000000	0,15878508
429,20000000	0,16369173
429,40000000	0,17013211
429,60000000	0,17359020
429,80000000	0,16904986
430,00000000	0,16347714
430,20000000	0,16381171
430,40000000	0,16742089
430,60000000	0,17199127
430,80000000	0,17683653
431,00000000	0,17987149
431,20000000	0,17536545
431,40000000	0,16892653
431,60000000	0,16991198
431,80000000	0,16836511
432,00000000	0,16586061
432,20000000	0,17212211
432,40000000	0,17660385
432,60000000	0,17685514
432,80000000	0,17873624
433,00000000	0,17905994
433,20000000	0,17799416
433,40000000	0,17979241
433,60000000	0,18074794
433,80000000	0,18071736
434,00000000	0,18339535
434,20000000	0,18435324
434,40000000	0,18444557
434,60000000	0,18437594
434,80000000	0,18374625
435,00000000	0,18684666
435,20000000	0,18933508
435,40000000	0,18975076
435,60000000	0,19434310
435,80000000	0,19653181
436,00000000	0,18868377
436,20000000	0,18429402
436,40000000	0,19318454
436,60000000	0,20285122
436,80000000	0,19995278
437,00000000	0,19330763
437,20000000	0,19619377
437,40000000	0,19921652
437,60000000	0,19651607
437,80000000	0,19605814
438,00000000	0,20186584
438,20000000	0,20528128
438,40000000	0,20088509
438,60000000	0,19961480
438,80000000	0,20543829
439,00000000	0,21028744
439,20000000	0,21106163
439,40000000	0,21289959
439,60000000	0,21512621
439,80000000	0,21894535
440,00000000	0,22331193
440,20000000	0,21871020
440,40000000	0,21545297
440,60000000	0,22013797
440,80000000	0,22417029
441,00000000	0,23085191
441,20000000	0,23474875
441,40000000	0,23469249
441,60000000	0,23188126
441,80000000	0,23085024
442,00000000	0,24051208
442,20000000	0,24617533
442,40000000	0,24723747
442,60000000	0,24962020
442,80000000	0,25196003
443,00000000	0,25148371
443,20000000	0,24878555
443,40000000	0,25257874
443,60000000	0,26209286
443,80000000	0,26612208
444,00000000	0,26558665
444,20000000	0,26881482
444,40000000	0,26785353
444,60000000	0,26566110
444,80000000	0,27530871
445,00000000	0,28384865
445,20000000	0,28388609
445,40000000	0,28220122
445,60000000	0,28484430
445,80000000	0,29475288
446,00000000	0,29972953
446,20000000	0,30514941
446,40000000	0,31221262
446,60000000	0,31073682
446,80000000	0,31051487
447,00000000	0,31407000
447,20000000	0,31860038
447,40000000	0,32846016
447,60000000	0,33831034
447,80000000	0,34715960
448,00000000	0,35212740
448,20000000	0,35138604
448,40000000	0,35620472
448,60000000	0,36324279
448,80000000	0,36834060
449,00000000	0,38002411
449,20000000	0,39144864
449,40000000	0,38842475
449,60000000	0,38659879
449,80000000	0,39417127
450,00000000	0,40041745
450,20000000	0,40940964
450,40000000	0,42293055
450,60000000	0,43618931
450,80000000	0,44768094
451,00000000	0,44834135
451,20000000	0,44991175
451,40000000	0,45912602
451,60000000	0,46427101
451,80000000	0,47067802
452,00000000	0,48133766
452,20000000	0,49091900
452,40000000	0,49583295
452,60000000	0,49478261
452,80000000	0,50233844
453,00000000	0,51478072
453,20000000	0,52014451
453,40000000	0,52782539
453,60000000	0,53586305
453,80000000	0,54339124
454,00000000	0,55331756
454,20000000	0,55848899
454,40000000	0,56340890
454,60000000	0,57255412
454,80000000	0,57869625
455,00000000	0,58916121
455,20000000	0,60112932
455,40000000	0,60330909
455,60000000	0,61060575
455,80000000	0,61755185
456,00000000	0,62355366
456,20000000	0,63199851
456,40000000	0,63490702
456,60000000	0,64461183
456,80000000	0,65048956
457,00000000	0,65243828
457,20000000	0,66050301
457,40000000	0,66169455
457,60000000	0,66013672
457,80000000	0,65931882
458,00000000	0,65505745
458,20000000	0,66364169
458,40000000	0,66941136
458,60000000	0,67023699
458,80000000	0,67294363
459,00000000	0,66836293
459,20000000	0,67064332
459,40000000	0,67249733
459,60000000	0,67516143
459,80000000	0,67745257
460,00000000	0,67154043
460,20000000	0,67211476
460,40000000	0,67415371
460,60000000	0,67844191
460,80000000	0,67926679
461,00000000	0,66795500
461,20000000	0,66626885
461,40000000	0,66877995
461,60000000	0,66286525
461,80000000	0,67002586
462,00000000	0,67298762
462,20000000	0,66546339
462,40000000	0,65933286
462,60000000	0,64815615
462,80000000	0,65166629
463,00000000	0,65876334
463,20000000	0,65847289
463,40000000	0,66124288
463,60000000	0,64825516
463,80000000	0,63649293
464,00000000	0,64325187
464,20000000	0,64326088
464,40000000	0,63975122
464,60000000	0,62942235
464,80000000	0,62675325
465,00000000	0,62568591
465,20000000	0,61853620
465,40000000	0,62624079
465,60000000	0,62599458
465,80000000	0,62469157
466,00000000	0,61537100
466,20000000	0,60440745
466,40000000	0,61315304
466,60000000	0,61197025
466,80000000	0,61070469
467,00000000	0,61367919
467,20000000	0,61044914
467,40000000	0,60734617
467,60000000	0,59849327
467,80000000	0,59935844
468,00000000	0,60179239
468,20000000	0,59388003
468,40000000	0,59605985
468,60000000	0,59299060
468,80000000	0,59219093
469,00000000	0,58975602
469,20000000	0,57956652
469,40000000	0,58568124
469,60000000	0,58325879
469,80000000	0,57481535
470,00000000	0,58202447
470,20000000	0,57964183
470,40000000	0,57562619
470,60000000	0,57511167
470,80000000	0,56746252
471,00000000	0,57423698
471,20000000	0,57102061
471,40000000	0,56671993
471,60000000	0,57139202
471,80000000	0,56393102
472,00000000	0,56139624
472,20000000	0,56093200
472,40000000	0,56015037
472,60000000	0,56127605
472,80000000	0,56589015
473,00000000	0,55793012
473,20000000	0,55411773
473,40000000	0,56041340
473,60000000	0,55469981
473,80000000	0,55173779
474,00000000	0,55254330
474,20000000	0,55302606
474,40000000	0,55171608
474,60000000	0,54309618
474,80000000	0,54134755
475,00000000	0,54805123
475,20000000	0,54550044
475,40000000	0,54844988
475,60000000	0,54796908
475,80000000	0,54922106
476,00000000	0,54657468
476,20000000	0,54071510
476,40000000	0,54467420
476,60000000	0,54500306
476,80000000	0,54409097
477,00000000	0,53838971
477,20000000	0,53781889
477,40000000	0,54061494
477,60000000	0,54372506
477,80000000	0,54953430
478,00000000	0,55088083
478,20000000	0,54792742
478,40000000	0,54534741
478,60000000	0,53932341
478,80000000	0,53863715
479,00000000	0,54044771
479,20000000	0,54254326
479,40000000	0,55210847
479,60000000	0,55232543
479,80000000	0,54721090
480,00000000	0,54714996
480,20000000	0,54616317
480,40000000	0,54610610
480,60000000	0,54947423
480,80000000	0,55162403
481,00000000	0,55197920
481,20000000	0,55270602
481,40000000	0,55448646
481,60000000	0,55623127
481,80000000	0,55886162
482,00000000	0,56019151
482,20000000	0,55741251
482,40000000	0,55859861
482,60000000	0,55847325
482,80000000	0,55819909
483,00000000	0,55643870
483,20000000	0,55817663
483,40000000	0,56476939
483,60000000	0,56495010
483,80000000	0,56482634
484,00000000	0,56707286
484,20000000	0,57115774
484,40000000	0,56547447
484,60000000	0,56000440
484,80000000	0,56387918
485,00000000	0,57231203
485,20000000	0,57758744
485,40000000	0,57913519
485,60000000	0,58009982
485,80000000	0,58228903
486,00000000	0,58595432
486,20000000	0,58384272
486,40000000	0,58387177
486,60000000	0,58642427
486,80000000	0,58737972
487,00000000	0,58685391
487,20000000	0,58951284
487,40000000	0,59040427
487,60000000	0,59031811
487,80000000	0,59371188
488,00000000	0,59621139
488,20000000	0,60119171
488,40000000	0,60272289
488,60000000	0,60093565
488,80000000	0,60110005
489,00000000	0,60304078
489,20000000	0,60821041
489,40000000	0,60906025
489,60000000	0,60837545
489,80000000	0,61791583
490,00000000	0,62361068
490,20000000	0,62738705
490,40000000	0,63163723
490,60000000	0,63552200
490,80000000	0,63312683
491,00000000	0,63025740
491,20000000	0,63139620
491,40000000	0,63612845
491,60000000	0,64159015
491,80000000	0,64433491
492,00000000	0,64974238
492,20000000	0,65241756
492,40000000	0,65622807
492,60000000	0,65265780
492,80000000	0,65219517
493,00000000	0,65476857
493,20000000	0,65475387
493,40000000	0,65485247
493,60000000	0,66123040
493,80000000	0,66753718
494,00000000	0,67334860
494,20000000	0,68062572
494,40000000	0,68466497
494,60000000	0,68688329
494,80000000	0,68510588
495,00000000	0,68102941
495,20000000	0,68145066
495,40000000	0,68691224
495,60000000	0,68638090
495,80000000	0,68936284
496,00000000	0,69834798
496,20000000	0,70874464
496,40000000	0,71154100
496,60000000	0,71129268
496,80000000	0,71009602
497,00000000	0,70427587
497,20000000	0,70552866
497,40000000	0,71707573
497,60000000	0,71949030
497,80000000	0,71932427
498,00000000	0,72730904
498,20000000	0,73524025
498,40000000	0,73506173
498,60000000	0,73198793
498,80000000	0,73318733
499,00000000	0,73748326
499,20000000	0,74003824
499,40000000	0,73495411
499,60000000	0,74311657
499,80000000	0,75914399
500,00000000	0,76825300
500,20000000	0,76588494
500,40000000	0,76318539
500,60000000	0,76701770
500,80000000	0,77063556
501,00000000	0,77086611
501,20000000	0,77161149
501,40000000	0,77542342
501,60000000	0,77876079
501,80000000	0,78034650
502,00000000	0,78265440
502,20000000	0,78993015
502,40000000	0,79597050
502,60000000	0,79831805
502,80000000	0,79346148
503,00000000	0,79500384
503,20000000	0,80346207
503,40000000	0,80941112
503,60000000	0,81312226
503,80000000	0,81620447
504,00000000	0,81565805
504,20000000	0,81779348
504,40000000	0,82090190
504,60000000	0,82249353
504,80000000	0,82409645
505,00000000	0,82863950
505,20000000	0,83387495
505,40000000	0,83578251
505,60000000	0,83800931
505,80000000	0,83905078
506,00000000	0,84215071
506,20000000	0,84803854
506,40000000	0,85286950
506,60000000	0,85291268
506,80000000	0,85352274
507,00000000	0,85525203
507,20000000	0,85500812
507,40000000	0,85709549
507,60000000	0,86543400
507,80000000	0,87109434
508,00000000	0,87257180
508,20000000	0,86836622
508,40000000	0,86865709
508,60000000	0,87520681
508,80000000	0,88088475
509,00000000	0,88191873
509,20000000	0,88251520
509,40000000	0,88234973
509,60000000	0,88251162
509,80000000	0,88571530
510,00000000	0,88967538
510,20000000	0,89507378
510,40000000	0,89820044
510,60000000	0,89818256
510,80000000	0,89528357
511,00000000	0,89646820
511,20000000	0,90018811
511,40000000	0,90275843
511,60000000	0,90418398
511,80000000	0,90547471
512,00000000	0,90732420
512,20000000	0,91127857
512,40000000	0,91246640
512,60000000	0,91305649
512,80000000	0,91569080
513,00000000	0,91807800
513,20000000	0,91688100
513,40000000	0,91512466
513,60000000	0,91509021
513,80000000	0,91618601
514,00000000	0,91859900
514,20000000	0,92209787
514,40000000	0,92453568
514,60000000	0,92466633
514,80000000	0,92586664
515,00000000	0,92863714
515,20000000	0,93051156
515,40000000	0,93057657
515,60000000	0,92922635
515,80000000	0,92693183
516,00000000	0,92726007
516,20000000	0,92828762
516,40000000	0,93162990
516,60000000	0,93551328
516,80000000	0,93794410
517,00000000	0,93845041
517,20000000	0,93822650
517,40000000	0,93654437
517,60000000	0,93638912
517,80000000	0,93693889
518,00000000	0,93757674
518,20000000	0,93917077
518,40000000	0,94009343
518,60000000	0,94028911
518,80000000	0,94118950
519,00000000	0,94246197
519,20000000	0,94375094
519,40000000	0,94590019
519,60000000	0,94624845
519,80000000	0,94492652
520,00000000	0,94401212
520,20000000	0,94548865
520,40000000	0,94647450
520,60000000	0,94706577
520,80000000	0,94643441
521,00000000	0,94763854
521,20000000	0,94861188
521,40000000	0,94944136
521,60000000	0,94914622
521,80000000	0,94875656
522,00000000	0,94944045
522,20000000	0,95058155
522,40000000	0,94995320
522,60000000	0,94884464
522,80000000	0,94805631
523,00000000	0,94878247
523,20000000	0,95031292
523,40000000	0,95017811
523,60000000	0,94998424
523,80000000	0,94984489
524,00000000	0,94961017
524,20000000	0,94850423
524,40000000	0,94924928
524,60000000	0,95056612
524,80000000	0,95064838
525,00000000	0,94932798
525,20000000	0,94910628
525,40000000	0,95011261
525,60000000	0,95075436
525,80000000	0,95095728
526,00000000	0,95282920
526,20000000	0,95319857
526,40000000	0,95342014
526,60000000	0,95345238
526,80000000	0,95298816
527,00000000	0,95225988
527,20000000	0,95187753
527,40000000	0,95266197
527,60000000	0,95505017
527,80000000	0,95593184
528,00000000	0,95545362
528,20000000	0,95307348
528,40000000	0,95309450
528,60000000	0,95555394
528,80000000	0,95572566
529,00000000	0,95420877
529,20000000	0,95372828
529,40000000	0,95416330
529,60000000	0,95462852
529,80000000	0,95393294
530,00000000	0,95437746
530,20000000	0,95606994
530,40000000	0,95680716
530,60000000	0,95487496
530,80000000	0,95282079
531,00000000	0,95433934
531,20000000	0,95633233
531,40000000	0,95578959
531,60000000	0,95433092
531,80000000	0,95566688
532,00000000	0,95754538
532,20000000	0,95826445
532,40000000	0,95778060
532,60000000	0,95739002
532,80000000	0,95787051
533,00000000	0,95790289
533,20000000	0,95614646
533,40000000	0,95525112
533,60000000	0,95560688
533,80000000	0,95747067
534,00000000	0,95713441
534,20000000	0,95586770
534,40000000	0,95780696
534,60000000	0,96093450
534,80000000	0,95823278
535,00000000	0,95455960
535,20000000	0,95447221
535,40000000	0,95627229
535,60000000	0,95611769
535,80000000	0,95514723
536,00000000	0,95389409
536,20000000	0,95388517
536,40000000	0,95497213
536,60000000	0,95543369
536,80000000	0,95416116
537,00000000	0,95386683
537,20000000	0,95369504
537,40000000	0,95165697
537,60000000	0,95060301
537,80000000	0,95233084
538,00000000	0,95331114
538,20000000	0,95167003
538,40000000	0,94948376
538,60000000	0,94932478
538,80000000	0,94953957
539,00000000	0,94837949
539,20000000	0,94675740
539,40000000	0,94639398
539,60000000	0,94610453
539,80000000	0,94466070
540,00000000	0,94487425
540,20000000	0,94574951
540,40000000	0,94539156
540,60000000	0,94381382
540,80000000	0,94181307
541,00000000	0,94022863
541,20000000	0,94091811
541,40000000	0,94054959
541,60000000	0,93780050
541,80000000	0,93810135
542,00000000	0,93962240
542,20000000	0,93863092
542,40000000	0,93714531
542,60000000	0,93587584
542,80000000	0,93566805
543,00000000	0,93501680
543,20000000	0,93432507
543,40000000	0,93314418
543,60000000	0,93325537
543,80000000	0,93244366
544,00000000	0,92942157
544,20000000	0,92878254
544,40000000	0,93017935
544,60000000	0,93021070
544,80000000	0,92860823
545,00000000	0,92602476
545,20000000	0,92447183
545,40000000	0,92396072
545,60000000	0,92329326
545,80000000	0,92334149
546,00000000	0,92377327
546,20000000	0,92169378
546,40000000	0,91815137
546,60000000	0,91619561
546,80000000	0,91650654
547,00000000	0,91671553
547,20000000	0,91517714
547,40000000	0,91328411
547,60000000	0,91252861
547,80000000	0,91275238
548,00000000	0,91267391
548,20000000	0,91096415
548,40000000	0,90936556
548,60000000	0,90716050
548,80000000	0,90639396
549,00000000	0,90607325
549,20000000	0,90545673
549,40000000	0,90413775
549,60000000	0,90476561
549,80000000	0,90254400
550,00000000	0,90084792
550,20000000	0,90217615
550,40000000	0,90339539
550,60000000	0,90372685
550,80000000	0,90044574
551,00000000	0,89802870
551,20000000	0,89746065
551,40000000	0,89772913
551,60000000	0,89718284
551,80000000	0,89603850
552,00000000	0,89526650
552,20000000	0,89525385
552,40000000	0,89544464
552,60000000	0,89491042
552,80000000	0,89589497
553,00000000	0,89561532
553,20000000	0,89352916
553,40000000	0,89072491
553,60000000	0,89001118
553,80000000	0,89168726
554,00000000	0,89311857
554,20000000	0,89306501
554,40000000	0,89154417
554,60000000	0,89134010
554,80000000	0,89023306
555,00000000	0,88900624
555,20000000	0,88940450
555,40000000	0,88901203
555,60000000	0,88750565
555,80000000	0,88742100
556,00000000	0,88873248
556,20000000	0,88927767
556,40000000	0,88991465
556,60000000	0,88894173
556,80000000	0,89003243
557,00000000	0,88921043
557,20000000	0,88903522
557,40000000	0,88800261
557,60000000	0,88671966
557,80000000	0,88628278
558,00000000	0,88451338
558,20000000	0,88609677
558,40000000	0,88663461
558,60000000	0,88644774
558,80000000	0,88744996
559,00000000	0,88819830
559,20000000	0,88984660
559,40000000	0,88906367
559,60000000	0,88825145
559,80000000	0,89032628
560,00000000	0,89152022
560,20000000	0,88928181
560,40000000	0,88842443
560,60000000	0,89002182
560,80000000	0,88999589
561,00000000	0,88843077
561,20000000	0,88727703
561,40000000	0,88919568
561,60000000	0,89054677
561,80000000	0,88908638
562,00000000	0,88637406
562,20000000	0,88921807
562,40000000	0,89306547
562,60000000	0,89317787
562,80000000	0,89173660
563,00000000	0,89206446
563,20000000	0,89252046
563,40000000	0,89255503
563,60000000	0,89343930
563,80000000	0,89364619
564,00000000	0,89515471
564,20000000	0,89499295
564,40000000	0,89408534
564,60000000	0,89482343
564,80000000	0,89516718
565,00000000	0,89713803
565,20000000	0,89595853
565,40000000	0,89207534
565,60000000	0,89288047
565,80000000	0,89549749
566,00000000	0,89546492
566,20000000	0,89554121
566,40000000	0,89635063
566,60000000	0,89471354
566,80000000	0,89546595
567,00000000	0,89639616
567,20000000	0,89451361
567,40000000	0,89667225
567,60000000	0,89799531
567,80000000	0,89845958
568,00000000	0,89892980
568,20000000	0,89738806
568,40000000	0,89963471
568,60000000	0,89909010
568,80000000	0,89768609
569,00000000	0,90031444
569,20000000	0,90184566
569,40000000	0,90188969
569,60000000	0,90004645
569,80000000	0,90005251
570,00000000	0,90098236
570,20000000	0,90106553
570,40000000	0,90083652
570,60000000	0,90003188
570,80000000	0,89981913
571,00000000	0,89823874
571,20000000	0,89728678
571,40000000	0,89817684
571,60000000	0,89796983
571,80000000	0,89852615
572,00000000	0,89824263
572,20000000	0,89949412
572,40000000	0,89974238
572,60000000	0,90020415
572,80000000	0,89958012
573,00000000	0,89732255
573,20000000	0,89789810
573,40000000	0,89983706
573,60000000	0,89916203
573,80000000	0,89663618
574,00000000	0,89685200
574,20000000	0,89685449
574,40000000	0,89808284
574,60000000	0,89850944
574,80000000	0,89830907
575,00000000	0,89911077
575,20000000	0,89836187
575,40000000	0,89735589
575,60000000	0,89798833
575,80000000	0,89772730
576,00000000	0,89716585
576,20000000	0,89680103
576,40000000	0,89686174
576,60000000	0,89547748
576,80000000	0,89535919
577,00000000	0,89632826
577,20000000	0,89687081
577,40000000	0,89617800
577,60000000	0,89515290
577,80000000	0,89529806
578,00000000	0,89452093
578,20000000	0,89395178
578,40000000	0,89423796
578,60000000	0,89400972
578,80000000	0,89333079
579,00000000	0,89464986
579,20000000	0,89379383
579,40000000	0,89217362
579,60000000	0,89393642
579,80000000	0,89530063
580,00000000	0,89540887
580,20000000	0,89521240
580,40000000	0,89415709
580,60000000	0,89300077
580,80000000	0,89433116
581,00000000	0,89356729
581,20000000	0,89320233
581,40000000	0,89359052
581,60000000	0,89494267
581,80000000	0,89429073
582,00000000	0,89281773
582,20000000	0,89316971
582,40000000	0,89262238
582,60000000	0,89195703
582,80000000	0,89295209
583,00000000	0,89479865
583,20000000	0,89380654
583,40000000	0,89282373
583,60000000	0,89317834
583,80000000	0,89377273
584,00000000	0,89300034
584,20000000	0,89301161
584,40000000	0,89295756
584,60000000	0,89353970
584,80000000	0,89364851
585,00000000	0,89363741
585,20000000	0,89411270
585,40000000	0,89685490
585,60000000	0,89668691
585,80000000	0,89688617
586,00000000	0,89642354
586,20000000	0,89543992
586,40000000	0,89589248
586,60000000	0,89731988
586,80000000	0,89581816
587,00000000	0,89496198
587,20000000	0,89721347
587,40000000	0,89761759
587,60000000	0,89760621
587,80000000	0,89769380
588,00000000	0,89888108
588,20000000	0,90031101
588,40000000	0,90102358
588,60000000	0,90122569
588,80000000	0,90100450
589,00000000	0,89976383
589,20000000	0,90133088
589,40000000	0,90312148
589,60000000	0,90317270
589,80000000	0,90342148
590,00000000	0,90372012
590,20000000	0,90489249
590,40000000	0,90601237
590,60000000	0,90502148
590,80000000	0,90568680
591,00000000	0,90727470
591,20000000	0,90816830
591,40000000	0,90849565
591,60000000	0,90752911
591,80000000	0,90874998
592,00000000	0,90960531
592,20000000	0,91007068
592,40000000	0,91048578
592,60000000	0,91035849
592,80000000	0,91220911
593,00000000	0,91349069
593,20000000	0,91424428
593,40000000	0,91553441
593,60000000	0,91555760
593,80000000	0,91652547
594,00000000	0,91747652
594,20000000	0,91653506
594,40000000	0,91669899
594,60000000	0,91841584
594,80000000	0,91748994
595,00000000	0,91815961
595,20000000	0,91978242
595,40000000	0,92061331
595,60000000	0,92070071
595,80000000	0,92117917
596,00000000	0,92287904
596,20000000	0,92293761
596,40000000	0,92215359
596,60000000	0,92272469
596,80000000	0,92329542
597,00000000	0,92468792
597,20000000	0,92658015
597,40000000	0,92663988
597,60000000	0,92556093
597,80000000	0,92651100
598,00000000	0,92683036
598,20000000	0,92798837
598,40000000	0,92894696
598,60000000	0,93030985
598,80000000	0,93088788
599,00000000	0,93079742
599,20000000	0,93171633
599,40000000	0,93231000
599,60000000	0,93269699
599,80000000	0,93423042
600,00000000	0,93501424
600,20000000	0,93421203
600,40000000	0,93440177
600,60000000	0,93525099
600,80000000	0,93518461
601,00000000	0,93513065
601,20000000	0,93597867
601,40000000	0,93669815
601,60000000	0,93748689
601,80000000	0,93785458
602,00000000	0,93733853
602,20000000	0,93765557
602,40000000	0,93782921
602,60000000	0,93861532
602,80000000	0,93934950
603,00000000	0,93927466
603,20000000	0,94045425
603,40000000	0,94170539
603,60000000	0,94124768
603,80000000	0,94108890
604,00000000	0,94135959
604,20000000	0,94268200
604,40000000	0,94474311
604,60000000	0,94469920
604,80000000	0,94446211
605,00000000	0,94455299
605,20000000	0,94348439
605,40000000	0,94434625
605,60000000	0,94489258
605,80000000	0,94539256
606,00000000	0,94552726
606,20000000	0,94499925
606,40000000	0,94590786
606,60000000	0,94753109
606,80000000	0,94920361
607,00000000	0,94854697
607,20000000	0,94744285
607,40000000	0,94855029
607,60000000	0,94923290
607,80000000	0,94887258
608,00000000	0,94887776
608,20000000	0,95001084
608,40000000	0,95043510
608,60000000	0,95073530
608,80000000	0,95181740
609,00000000	0,95180041
609,20000000	0,95163237
609,40000000	0,95207258
609,60000000	0,95244616
609,80000000	0,95248233
610,00000000	0,95281793
610,20000000	0,95330518
610,40000000	0,95401661
610,60000000	0,95393507
610,80000000	0,95396973
611,00000000	0,95513374
611,20000000	0,95550974
611,40000000	0,95556265
611,60000000	0,95644227
611,80000000	0,95622006
612,00000000	0,95591197
612,20000000	0,95690608
612,40000000	0,95691028
612,60000000	0,95665956
612,80000000	0,95743196
613,00000000	0,95791283
613,20000000	0,95790334
613,40000000	0,95893366
613,60000000	0,95976198
613,80000000	0,96045867
614,00000000	0,96087804
614,20000000	0,96150110
614,40000000	0,96094418
614,60000000	0,96038181
614,80000000	0,96185240
615,00000000	0,96260604
615,20000000	0,96228004
615,40000000	0,96309213
615,60000000	0,96343077
615,80000000	0,96363212
616,00000000	0,96439690
616,20000000	0,96472035
616,40000000	0,96599745
616,60000000	0,96620259
616,80000000	0,96606904
617,00000000	0,96614049
617,20000000	0,96635869
617,40000000	0,96802070
617,60000000	0,96847797
617,80000000	0,96836894
618,00000000	0,96921501
618,20000000	0,96984091
618,40000000	0,97023128
618,60000000	0,97034819
618,80000000	0,97076610
619,00000000	0,97135805
619,20000000	0,97152670
619,40000000	0,97176398
619,60000000	0,97174548
619,80000000	0,97248010
620,00000000	0,97306444
620,20000000	0,97368312
620,40000000	0,97409591
620,60000000	0,97442416
620,80000000	0,97481361
621,00000000	0,97507628
621,20000000	0,97558380
621,40000000	0,97598162
621,60000000	0,97649093
621,80000000	0,97691565
622,00000000	0,97722959
622,20000000	0,97784111
622,40000000	0,97808834
622,60000000	0,97833383
622,80000000	0,97893718
623,00000000	0,97902354
623,20000000	0,97906601
623,40000000	0,97987683
623,60000000	0,98028264
623,80000000	0,98050858
624,00000000	0,98065983
624,20000000	0,98112777
624,40000000	0,98179635
624,60000000	0,98216597
624,80000000	0,98197607
625,00000000	0,98209417
625,20000000	0,98296693
625,40000000	0,98332695
625,60000000	0,98370373
625,80000000	0,98397906
626,00000000	0,98405373
626,20000000	0,98402137
626,40000000	0,98416752
626,60000000	0,98425141
626,80000000	0,98474255
627,00000000	0,98525917
627,20000000	0,98527858
627,40000000	0,98538971
627,60000000	0,98569282
627,80000000	0,98592995
628,00000000	0,98625698
628,20000000	0,98654373
628,40000000	0,98706852
628,60000000	0,98697638
628,80000000	0,98707235
629,00000000	0,98710163
629,20000000	0,98751150
629,40000000	0,98807673
629,60000000	0,98826442
629,80000000	0,98826067
630,00000000	0,98796150
630,20000000	0,98813115
630,40000000	0,98845019
630,60000000	0,98839484
630,80000000	0,98887820
631,00000000	0,98903179
631,20000000	0,98932770
631,40000000	0,98931793
631,60000000	0,98915809
631,80000000	0,98916982
632,00000000	0,98935067
632,20000000	0,98981746
632,40000000	0,98995866
632,60000000	0,98990266
632,80000000	0,98978200
633,00000000	0,98975819
633,20000000	0,98995412
633,40000000	0,98973473
633,60000000	0,99007178
633,80000000	0,99033908
634,00000000	0,99013425
634,20000000	0,99003983
634,40000000	0,99050639
634,60000000	0,99082424
634,80000000	0,99057774
635,00000000	0,99055307
635,20000000	0,99105473
635,40000000	0,99129101
635,60000000	0,99112401
635,80000000	0,99100089
636,00000000	0,99082925
636,20000000	0,99097230
636,40000000	0,99113054
636,60000000	0,99119964
636,80000000	0,99139386
637,00000000	0,99118478
637,20000000	0,99137665
637,40000000	0,99171033
637,60000000	0,99161455
637,80000000	0,99162041
638,00000000	0,99188070
638,20000000	0,99174394
638,40000000	0,99154707
638,60000000	0,99163730
638,80000000	0,99143062
639,00000000	0,99167127
639,20000000	0,99204054
639,40000000	0,99218685
639,60000000	0,99229437
639,80000000	0,99222431
640,00000000	0,99240103
640,20000000	0,99261558
640,40000000	0,99280025
640,60000000	0,99284891
640,80000000	0,99256201
641,00000000	0,99283161
641,20000000	0,99315155
641,40000000	0,99301720
641,60000000	0,99284576
641,80000000	0,99325915
642,00000000	0,99370691
642,20000000	0,99354079
642,40000000	0,99334415
642,60000000	0,99365952
642,80000000	0,99389080
643,00000000	0,99386706
643,20000000	0,99371172
643,40000000	0,99394588
643,60000000	0,99416111
643,80000000	0,99438010
644,00000000	0,99387817
644,20000000	0,99398090
644,40000000	0,99423950
644,60000000	0,99455206
644,80000000	0,99486441
645,00000000	0,99496850
645,20000000	0,99500062
645,40000000	0,99488056
645,60000000	0,99472779
645,80000000	0,99519095
646,00000000	0,99549127
646,20000000	0,99519887
646,40000000	0,99539913
646,60000000	0,99545778
646,80000000	0,99549249
647,00000000	0,99548308
647,20000000	0,99547094
647,40000000	0,99561673
647,60000000	0,99552040
647,80000000	0,99552718
648,00000000	0,99558557
648,20000000	0,99565295
648,40000000	0,99587939
648,60000000	0,99594460
648,80000000	0,99552103
649,00000000	0,99543329
649,20000000	0,99572014
649,40000000	0,99550803
649,60000000	0,99546211
649,80000000	0,99557344
650,00000000	0,99558659
650,20000000	0,99558348
650,40000000	0,99547777
650,60000000	0,99567785
650,80000000	0,99556709
651,00000000	0,99539682
651,20000000	0,99518093
651,40000000	0,99457683
651,60000000	0,99467561
651,80000000	0,99489020
652,00000000	0,99480352
652,20000000	0,99443125
652,40000000	0,99425711
652,60000000	0,99412031
652,80000000	0,99400194
653,00000000	0,99386499
653,20000000	0,99380771
653,40000000	0,99372315
653,60000000	0,99306653
653,80000000	0,99284625
654,00000000	0,99282495
654,20000000	0,99280697
654,40000000	0,99226016
654,60000000	0,99206986
654,80000000	0,99151477
655,00000000	0,99197239
655,20000000	0,99202533
655,40000000	0,99158700
655,60000000	0,99100920
655,80000000	0,99101324
656,00000000	0,99043127
656,20000000	0,98955177
656,40000000	0,98964877
656,60000000	0,98985119
656,80000000	0,98951509
657,00000000	0,98899007
657,20000000	0,98882055
657,40000000	0,98861440
657,60000000	0,98808195
657,80000000	0,98741805
658,00000000	0,98733345
658,20000000	0,98679303
658,40000000	0,98696997
658,60000000	0,98650111
658,80000000	0,98558474
659,00000000	0,98539703
659,20000000	0,98580988
659,40000000	0,98551365
659,60000000	0,98457845
659,80000000	0,98378786
660,00000000	0,98409892
660,20000000	0,98362077
660,40000000	0,98264023
660,60000000	0,98255467
660,80000000	0,98274847
661,00000000	0,98263941
661,20000000	0,98202310
661,40000000	0,98231796
661,60000000	0,98189868
661,80000000	0,98144427
662,00000000	0,98072354
662,20000000	0,97985714
662,40000000	0,98017663
662,60000000	0,98019699
662,80000000	0,97988635
663,00000000	0,98001265
663,20000000	0,97946851
663,40000000	0,97864546
663,60000000	0,97805514
663,80000000	0,97803021
664,00000000	0,97768716
664,20000000	0,97760159
664,40000000	0,97722886
664,60000000	0,97636584
664,80000000	0,97731274
665,00000000	0,97712940
665,20000000	0,97663642
665,40000000	0,97638067
665,60000000	0,97666939
665,80000000	0,97599427
666,00000000	0,97525849
666,20000000	0,97513059
666,40000000	0,97534039
666,60000000	0,97510271
666,80000000	0,97405540
667,00000000	0,97443363
667,20000000	0,97472494
667,40000000	0,97452382
667,60000000	0,97421282
667,80000000	0,97402677
668,00000000	0,97340470
668,20000000	0,97325566
668,40000000	0,97382334
668,60000000	0,97404867
668,80000000	0,97347857
669,00000000	0,97288399
669,20000000	0,97346973
669,40000000	0,97369377
669,60000000	0,97280649
669,80000000	0,97316306
670,00000000	0,97333598
670,20000000	0,97316852
670,40000000	0,97295749
670,60000000	0,97235050
670,80000000	0,97221158
671,00000000	0,97250712
671,20000000	0,97241981
671,40000000	0,97325932
671,60000000	0,97267135
671,80000000	0,97238473
672,00000000	0,97232836
672,20000000	0,97211059
672,40000000	0,97208589
672,60000000	0,97226372
672,80000000	0,97216864
673,00000000	0,97193327
673,20000000	0,97200363
673,40000000	0,97230248
673,60000000	0,97111412
673,80000000	0,97159267
674,00000000	0,97215872
674,20000000	0,97149957
674,40000000	0,97150224
674,60000000	0,97189512
674,80000000	0,97176226
675,00000000	0,97119810
675,20000000	0,97138041
675,40000000	0,97124233
675,60000000	0,97084091
675,80000000	0,97020215
676,00000000	0,97066692
676,20000000	0,97076328
676,40000000	0,97046993
676,60000000	0,97067869
676,80000000	0,97108860
677,00000000	0,97034931
677,20000000	0,97048741
677,40000000	0,97049689
677,60000000	0,97014669
677,80000000	0,96958761
678,00000000	0,96981026
678,20000000	0,97014761
678,40000000	0,96977893
678,60000000	0,97055909
678,80000000	0,97059487
679,00000000	0,96945213
679,20000000	0,96973418
679,40000000	0,97018938
679,60000000	0,96949666
679,80000000	0,96884898
680,00000000	0,96886669
680,20000000	0,96887270
680,40000000	0,96868208
680,60000000	0,96928407
680,80000000	0,96912837
681,00000000	0,96875893
681,20000000	0,96812524
681,40000000	0,96781548
681,60000000	0,96729219
681,80000000	0,96735771
682,00000000	0,96751663
682,20000000	0,96753883
682,40000000	0,96726357
682,60000000	0,96761489
682,80000000	0,96678882
683,00000000	0,96668633
683,20000000	0,96720860
683,40000000	0,96704289
683,60000000	0,96665953
683,80000000	0,96613852
684,00000000	0,96592971
684,20000000	0,96589436
684,40000000	0,96641860
684,60000000	0,96632584
684,80000000	0,96547622
685,00000000	0,96546511
685,20000000	0,96527824
685,40000000	0,96495998
685,60000000	0,96491493
685,80000000	0,96486448
686,00000000	0,96469483
686,20000000	0,96325556
686,40000000	0,96386227
686,60000000	0,96476968
686,80000000	0,96459657
687,00000000	0,96344492
687,20000000	0,96418628
687,40000000	0,96367331
687,60000000	0,96288762
687,80000000	0,96313558
688,00000000	0,96346610
688,20000000	0,96278350
688,40000000	0,96233513
688,60000000	0,96225301
688,80000000	0,96268289
689,00000000	0,96319799
689,20000000	0,96264225
689,40000000	0,96175288
689,60000000	0,96151099
689,80000000	0,96123089
690,00000000	0,96175151
690,20000000	0,96182385
690,40000000	0,96126471
690,60000000	0,96064515
690,80000000	0,96020921
691,00000000	0,96183499
691,20000000	0,96154709
691,40000000	0,96040306
691,60000000	0,96061462
691,80000000	0,96104679
692,00000000	0,96013670
692,20000000	0,95959684
692,40000000	0,96068823
692,60000000	0,96025190
692,80000000	0,96086122
693,00000000	0,96045532
693,20000000	0,95990933
693,40000000	0,95989704
693,60000000	0,96054072
693,80000000	0,96077058
694,00000000	0,96029812
694,20000000	0,96004114
694,40000000	0,96003089
694,60000000	0,96090656
694,80000000	0,96113480
695,00000000	0,96129093
695,20000000	0,96089560
695,40000000	0,96050594
695,60000000	0,96035548
695,80000000	0,95970707
696,00000000	0,95999146
696,20000000	0,96112759
696,40000000	0,96112878
696,60000000	0,96055825
696,80000000	0,96007667
697,00000000	0,96035132
697,20000000	0,96142054
697,40000000	0,96071427
697,60000000	0,96047711
697,80000000	0,96074895
698,00000000	0,96097602
698,20000000	0,96215162
698,40000000	0,96184036
698,60000000	0,96143796
698,80000000	0,96158582
699,00000000	0,96141706
699,20000000	0,96174525
699,40000000	0,96162874
699,60000000	0,96178007
699,80000000	0,96220037
700,00000000	0,96268890
700,20000000	0,96216154
700,40000000	0,96114149
700,60000000	0,96155877
700,80000000	0,96236874
701,00000000	0,96237720
701,20000000	0,96192187
701,40000000	0,96131785
701,60000000	0,96188235
701,80000000	0,96219784
702,00000000	0,96241482
702,20000000	0,96278333
702,40000000	0,96206069
702,60000000	0,96164481
702,80000000	0,96248694
703,00000000	0,96247782
703,20000000	0,96217434
703,40000000	0,96212775
703,60000000	0,96199650
703,80000000	0,96148177
704,00000000	0,96209433
704,20000000	0,96207401
704,40000000	0,96160528
704,60000000	0,96221620
704,80000000	0,96242195
705,00000000	0,96252703
705,20000000	0,96193818
705,40000000	0,96170275
705,60000000	0,96159848
705,80000000	0,96144421
706,00000000	0,96141088
706,20000000	0,96169717
706,40000000	0,96157723
706,60000000	0,96105696
706,80000000	0,96201749
707,00000000	0,96173068
707,20000000	0,96117531
707,40000000	0,96103952
707,60000000	0,96105854
707,80000000	0,96019887
708,00000000	0,96081647
708,20000000	0,96040498
708,40000000	0,96051801
708,60000000	0,96106210
708,80000000	0,96002511
709,00000000	0,96009032
709,20000000	0,95964246
709,40000000	0,95825474
709,60000000	0,95886865
709,80000000	0,95944761
710,00000000	0,95977085
710,20000000	0,95981865
710,40000000	0,95836367
710,60000000	0,95828066
710,80000000	0,95834315
711,00000000	0,95850311
711,20000000	0,95812275
711,40000000	0,95834815
711,60000000	0,95885478
711,80000000	0,95802693
712,00000000	0,95771480
712,20000000	0,95637845
712,40000000	0,95670001
712,60000000	0,95692532
712,80000000	0,95658837
713,00000000	0,95750290
713,20000000	0,95697188
713,40000000	0,95669893
713,60000000	0,95628651
713,80000000	0,95601946
714,00000000	0,95621408
714,20000000	0,95611548
714,40000000	0,95577617
714,60000000	0,95628787
714,80000000	0,95598173
715,00000000	0,95631876
715,20000000	0,95612953
715,40000000	0,95583432
715,60000000	0,95616501
715,80000000	0,95664722
716,00000000	0,95571370
716,20000000	0,95552349
716,40000000	0,95564117
716,60000000	0,95596637
716,80000000	0,95657997
717,00000000	0,95654422
717,20000000	0,95496757
717,40000000	0,95504322
717,60000000	0,95646154
717,80000000	0,95607940
718,00000000	0,95500179
718,20000000	0,95538560
718,40000000	0,95673743
718,60000000	0,95665045
718,80000000	0,95572270
719,00000000	0,95586951
719,20000000	0,95617305
719,40000000	0,95561311
719,60000000	0,95575651
719,80000000	0,95633815
720,00000000	0,95652788
720,20000000	0,95661691
720,40000000	0,95630761
720,60000000	0,95699475
720,80000000	0,95699486
721,00000000	0,95778930
721,20000000	0,95764710
721,40000000	0,95745177
721,60000000	0,95801012
721,80000000	0,95875803
722,00000000	0,95854111
722,20000000	0,95801418
722,40000000	0,95936205
722,60000000	0,95974486
722,80000000	0,95961665
723,00000000	0,95910656
723,20000000	0,95978735
723,40000000	0,96033196
723,60000000	0,96082004
723,80000000	0,96026016
724,00000000	0,96098735
724,20000000	0,96225243
724,40000000	0,96186811
724,60000000	0,96125998
724,80000000	0,96173880
725,00000000	0,96294354
725,20000000	0,96288194
725,40000000	0,96253391
725,60000000	0,96275485
725,80000000	0,96408012
726,00000000	0,96414413
726,20000000	0,96383916
726,40000000	0,96393549
726,60000000	0,96463276
726,80000000	0,96535860
727,00000000	0,96624307
727,20000000	0,96599249
727,40000000	0,96608438
727,60000000	0,96727417
727,80000000	0,96709873
728,00000000	0,96720875
728,20000000	0,96785215
728,40000000	0,96855175
728,60000000	0,96847983
728,80000000	0,96859331
729,00000000	0,96917720
729,20000000	0,96964007
729,40000000	0,96922369
729,60000000	0,96957431
729,80000000	0,97030421
730,00000000	0,97104444
730,20000000	0,97095248
730,40000000	0,97086338
730,60000000	0,97137858
730,80000000	0,97231246
731,00000000	0,97223808
731,20000000	0,97196756
731,40000000	0,97256180
731,60000000	0,97336540
731,80000000	0,97316547
732,00000000	0,97334128
732,20000000	0,97381709
732,40000000	0,97460726
732,60000000	0,97477010
732,80000000	0,97468272
733,00000000	0,97490762
733,20000000	0,97534412
733,40000000	0,97619809
733,60000000	0,97591470
733,80000000	0,97579094
734,00000000	0,97620552
734,20000000	0,97659776
734,40000000	0,97633735
734,60000000	0,97646191
734,80000000	0,97672075
735,00000000	0,97688973
735,20000000	0,97734805
735,40000000	0,97739134
735,60000000	0,97766864
735,80000000	0,97818178
736,00000000	0,97799760
736,20000000	0,97739700
736,40000000	0,97800452
736,60000000	0,97893517
736,80000000	0,97902047
737,00000000	0,97883460
737,20000000	0,97846268
737,40000000	0,97885098
737,60000000	0,97916365
737,80000000	0,97908770
738,00000000	0,97914539
738,20000000	0,97968560
738,40000000	0,97983561
738,60000000	0,97937381
738,80000000	0,97916386
739,00000000	0,97928017
739,20000000	0,97972488
739,40000000	0,97976663
739,60000000	0,97939763
739,80000000	0,97975567
740,00000000	0,98005307
740,20000000	0,97980260
740,40000000	0,97965303
740,60000000	0,97997621
740,80000000	0,97982793
741,00000000	0,97991307
741,20000000	0,97991119
741,40000000	0,97970530
741,60000000	0,97994576
741,80000000	0,97990959
742,00000000	0,97971577
742,20000000	0,98002578
742,40000000	0,98010778
742,60000000	0,97992559
742,80000000	0,98028501
743,00000000	0,98011293
743,20000000	0,98009014
743,40000000	0,98025752
743,60000000	0,98026235
743,80000000	0,98026136
744,00000000	0,98052712
744,20000000	0,98039643
744,40000000	0,98009132
744,60000000	0,98026434
744,80000000	0,98047532
745,00000000	0,98080744
745,20000000	0,98048911
745,40000000	0,98029351
745,60000000	0,98065499
745,80000000	0,98073216
746,00000000	0,98063256
746,20000000	0,98082373
746,40000000	0,98118176
746,60000000	0,98089762
746,80000000	0,98097090
747,00000000	0,98088599
747,20000000	0,98078688
747,40000000	0,98096769
747,60000000	0,98099651
747,80000000	0,98084954
748,00000000	0,98109286
748,20000000	0,98123670
748,40000000	0,98101064
748,60000000	0,98152079
748,80000000	0,98157354
749,00000000	0,98108802
749,20000000	0,98140692
749,40000000	0,98178494
749,60000000	0,98185264
749,80000000	0,98196776
750,00000000	0,98191517
750,20000000	0,98188622
750,40000000	0,98208281
750,60000000	0,98230507
750,80000000	0,98269717
751,00000000	0,98273511
751,20000000	0,98283799
751,40000000	0,98255636
751,60000000	0,98273230
751,80000000	0,98290978
752,00000000	0,98343297
752,20000000	0,98346146
752,40000000	0,98343739
752,60000000	0,98372705
752,80000000	0,98417831
753,00000000	0,98411942
753,20000000	0,98402312
753,40000000	0,98395013
753,60000000	0,98461986
753,80000000	0,98470343
754,00000000	0,98465153
754,20000000	0,98489798
754,40000000	0,98525363
754,60000000	0,98577392
754,80000000	0,98564588
755,00000000	0,98558991
755,20000000	0,98600719
755,40000000	0,98633939
755,60000000	0,98649187
755,80000000	0,98659996
756,00000000	0,98627966
756,20000000	0,98656237
756,40000000	0,98654290
756,60000000	0,98700626
756,80000000	0,98731717
757,00000000	0,98750535
757,20000000	0,98779370
757,40000000	0,98809365
757,60000000	0,98809231
757,80000000	0,98801317
758,00000000	0,98800434
758,20000000	0,98804576
758,40000000	0,98855069
758,60000000	0,98897752
758,80000000	0,98902746
759,00000000	0,98934511
759,20000000	0,98923191
759,40000000	0,98942082
759,60000000	0,98972311
759,80000000	0,98957250
760,00000000	0,98961241
760,20000000	0,98979165
760,40000000	0,98979668
760,60000000	0,98989615
760,80000000	0,98982689
761,00000000	0,99050211
761,20000000	0,99035320
761,40000000	0,99061812
761,60000000	0,99062050
761,80000000	0,99059967
762,00000000	0,99083396
762,20000000	0,99116843
762,40000000	0,99071048
762,60000000	0,99097436
762,80000000	0,99123581
763,00000000	0,99088051
763,20000000	0,99119478
763,40000000	0,99103546
763,60000000	0,99139247
763,80000000	0,99124825
764,00000000	0,99137676
764,20000000	0,99150623
764,40000000	0,99154007
764,60000000	0,99153225
764,80000000	0,99122070
765,00000000	0,99166864
765,20000000	0,99158933
765,40000000	0,99144635
765,60000000	0,99146383
765,80000000	0,99124586
766,00000000	0,99146436
766,20000000	0,99149843
766,40000000	0,99151044
766,60000000	0,99151054
766,80000000	0,99148684
767,00000000	0,99156825
767,20000000	0,99136566
767,40000000	0,99151657
767,60000000	0,99154416
767,80000000	0,99131652
768,00000000	0,99141561
768,20000000	0,99137345
768,40000000	0,99181840
768,60000000	0,99157913
768,80000000	0,99126344
769,00000000	0,99140575
769,20000000	0,99155663
769,40000000	0,99165990
769,60000000	0,99170080
769,80000000	0,99149251
770,00000000	0,99140633
770,20000000	0,99114470
770,40000000	0,99107774
770,60000000	0,99121921
770,80000000	0,99145852
771,00000000	0,99154768
771,20000000	0,99128709
771,40000000	0,99122053
771,60000000	0,99124333
771,80000000	0,99110971
772,00000000	0,99114863
772,20000000	0,99130736
772,40000000	0,99117249
772,60000000	0,99108286
772,80000000	0,99109751
773,00000000	0,99129113
773,20000000	0,99123726
773,40000000	0,99124096
773,60000000	0,99125131
773,80000000	0,99133985
774,00000000	0,99145592
774,20000000	0,99141472
774,40000000	0,99150977
774,60000000	0,99134996
774,80000000	0,99158569
775,00000000	0,99170649
775,20000000	0,99175876
775,40000000	0,99179715
775,60000000	0,99171635
775,80000000	0,99206841
776,00000000	0,99190367
776,20000000	0,99182136
776,40000000	0,99203084
776,60000000	0,99241960
776,80000000	0,99230718
777,00000000	0,99229463
777,20000000	0,99229841
777,40000000	0,99251128
777,60000000	0,99268696
777,80000000	0,99242593
778,00000000	0,99240173
778,20000000	0,99268889
778,40000000	0,99292791
778,60000000	0,99295894
778,80000000	0,99288972
779,00000000	0,99331902
779,20000000	0,99339920
779,40000000	0,99328444
779,60000000	0,99360128
779,80000000	0,99358175
780,00000000	0,99349048
780,20000000	0,99390145
780,40000000	0,99405717
780,60000000	0,99436306
780,80000000	0,99421257
781,00000000	0,99426983
781,20000000	0,99483984
781,40000000	0,99478401
781,60000000	0,99479301
781,80000000	0,99484128
782,00000000	0,99491121
782,20000000	0,99537673
782,40000000	0,99531132
782,60000000	0,99536523
782,80000000	0,99563840
783,00000000	0,99568588
783,20000000	0,99583054
783,40000000	0,99590468
783,60000000	0,99605316
783,80000000	0,99632496
784,00000000	0,99646147
784,20000000	0,99647755
784,40000000	0,99654766
784,60000000	0,99663472
784,80000000	0,99677828
785,00000000	0,99686633
785,20000000	0,99718485
785,40000000	0,99723162
785,60000000	0,99725056
785,80000000	0,99731076
786,00000000	0,99729275
786,20000000	0,99732484
786,40000000	0,99767517
786,60000000	0,99763457
786,80000000	0,99772535
787,00000000	0,99777311
787,20000000	0,99790486
787,40000000	0,99789334
787,60000000	0,99799177
787,80000000	0,99818092
788,00000000	0,99828225
788,20000000	0,99838202
788,40000000	0,99837311
788,60000000	0,99845650
788,80000000	0,99842514
789,00000000	0,99854252
789,20000000	0,99864682
789,40000000	0,99858318
789,60000000	0,99868065
789,80000000	0,99870217
790,00000000	0,99872888
790,20000000	0,99878172
790,40000000	0,99874789
790,60000000	0,99881769
790,80000000	0,99884180
791,00000000	0,99887176
791,20000000	0,99866545
791,40000000	0,99868072
791,60000000	0,99863265
791,80000000	0,99877601
792,00000000	0,99891816
792,20000000	0,99873154
792,40000000	0,99868190
792,60000000	0,99861163
792,80000000	0,99859333
793,00000000	0,99870807
793,20000000	0,99866538
793,40000000	0,99859483
793,60000000	0,99851928
793,80000000	0,99849757
794,00000000	0,99834786
794,20000000	0,99852660
794,40000000	0,99836937
794,60000000	0,99822857
794,80000000	0,99833886
795,00000000	0,99828489
795,20000000	0,99804282
795,40000000	0,99816523
795,60000000	0,99827803
795,80000000	0,99797261
796,00000000	0,99791251
796,20000000	0,99811503
796,40000000	0,99766949
796,60000000	0,99768000
796,80000000	0,99779885
797,00000000	0,99764863
797,20000000	0,99761686
797,40000000	0,99741802
797,60000000	0,99759585
797,80000000	0,99751974
798,00000000	0,99727540
798,20000000	0,99718893
798,40000000	0,99734132
798,60000000	0,99717730
798,80000000	0,99730193
799,00000000	0,99711557
799,20000000	0,99692520
799,40000000	0,99695819
799,60000000	0,99695969
799,80000000	0,99690825
800,00000000	0,99656328
800,20000000	0,99665343
800,40000000	0,99667313
800,60000000	0,99658081
800,80000000	0,99656816
801,00000000	0,99630202
801,20000000	0,99629799
801,40000000	0,99635833
801,60000000	0,99624224
801,80000000	0,99636259
802,00000000	0,99626799
802,20000000	0,99621673
802,40000000	0,99596536
802,60000000	0,99606878
802,80000000	0,99606117
803,00000000	0,99619986
803,20000000	0,99589418
803,40000000	0,99580200
803,60000000	0,99588209
803,80000000	0,99578545
804,00000000	0,99587035
804,20000000	0,99601881
804,40000000	0,99597581
804,60000000	0,99593935
804,80000000	0,99574200
805,00000000	0,99570826
805,20000000	0,99538286
805,40000000	0,99562169
805,60000000	0,99545659
805,80000000	0,99505724
806,00000000	0,99559993
806,20000000	0,99562403
806,40000000	0,99544936
806,60000000	0,99541757
806,80000000	0,99528301
807,00000000	0,99553875
807,20000000	0,99568385
807,40000000	0,99521275
807,60000000	0,99526282
807,80000000	0,99547550
808,00000000	0,99551664
808,20000000	0,99519417
808,40000000	0,99530305
808,60000000	0,99535906
808,80000000	0,99520566
809,00000000	0,99511169
809,20000000	0,99555084
809,40000000	0,99537367
809,60000000	0,99505531
809,80000000	0,99497829
810,00000000	0,99514102
810,20000000	0,99532862
810,40000000	0,99502009
810,60000000	0,99498475
810,80000000	0,99487641
811,00000000	0,99536714
811,20000000	0,99505113
811,40000000	0,99530942
811,60000000	0,99527107
811,80000000	0,99540236
812,00000000	0,99543494
812,20000000	0,99526072
812,40000000	0,99501250
812,60000000	0,99550839
812,80000000	0,99526872
813,00000000	0,99496971
813,20000000	0,99518939
813,40000000	0,99541856
813,60000000	0,99527075
813,80000000	0,99505066
814,00000000	0,99501665
814,20000000	0,99518956
814,40000000	0,99532611
814,60000000	0,99522507
814,80000000	0,99555609
815,00000000	0,99534565
815,20000000	0,99517997
815,40000000	0,99526027
815,60000000	0,99547971
815,80000000	0,99549819
816,00000000	0,99530983
816,20000000	0,99531538
816,40000000	0,99535438
816,60000000	0,99512316
816,80000000	0,99544828
817,00000000	0,99536478
817,20000000	0,99520744
817,40000000	0,99529429
817,60000000	0,99539924
817,80000000	0,99537221
818,00000000	0,99527896
818,20000000	0,99542858
818,40000000	0,99525009
818,60000000	0,99545728
818,80000000	0,99564088
819,00000000	0,99581175
819,20000000	0,99546320
819,40000000	0,99571858
819,60000000	0,99565275
819,80000000	0,99565843
820,00000000	0,99533869
820,20000000	0,99548832
820,40000000	0,99554758
820,60000000	0,99572575
820,80000000	0,99579483
821,00000000	0,99575329
821,20000000	0,99552923
821,40000000	0,99538784
821,60000000	0,99583600
821,80000000	0,99584421
822,00000000	0,99533930
822,20000000	0,99533829
822,40000000	0,99575829
822,60000000	0,99566348
822,80000000	0,99554182
823,00000000	0,99560336
823,20000000	0,99549117
823,40000000	0,99525118
823,60000000	0,99529936
823,80000000	0,99518357
824,00000000	0,99566699
824,20000000	0,99545435
824,40000000	0,99519464
824,60000000	0,99509050
824,80000000	0,99511124
825,00000000	0,99502191
825,20000000	0,99502250
825,40000000	0,99496392
825,60000000	0,99479735
825,80000000	0,99468680
826,00000000	0,99484507
826,20000000	0,99480277
826,40000000	0,99480613
826,60000000	0,99460034
826,80000000	0,99419251
827,00000000	0,99408803
827,20000000	0,99426450
827,40000000	0,99402826
827,60000000	0,99382105
827,80000000	0,99364007
828,00000000	0,99346330
828,20000000	0,99307901
828,40000000	0,99287249
828,60000000	0,99248890
828,80000000	0,99210337
829,00000000	0,99243296
829,20000000	0,99200434
829,40000000	0,99216981
829,60000000	0,99213899
829,80000000	0,99190599
830,00000000	0,99188843
830,20000000	0,99102916
830,40000000	0,99109858
830,60000000	0,99085321
830,80000000	0,99027516
831,00000000	0,98984336
831,20000000	0,98959440
831,40000000	0,99010171
831,60000000	0,98919847
831,80000000	0,98849424
832,00000000	0,98841445
832,20000000	0,98767730
832,40000000	0,98791950
832,60000000	0,98741244
832,80000000	0,98711907
833,00000000	0,98678293
833,20000000	0,98632553
833,40000000	0,98587997
833,60000000	0,98585562
833,80000000	0,98573941
834,00000000	0,98486812
834,20000000	0,98419330
834,40000000	0,98474771
834,60000000	0,98346830
834,80000000	0,98327855
835,00000000	0,98215451
835,20000000	0,98227529
835,40000000	0,98115519
835,60000000	0,98129615
835,80000000	0,98128475
836,00000000	0,98029966
836,20000000	0,98027003
836,40000000	0,97926720
836,60000000	0,97910953
836,80000000	0,97908630
837,00000000	0,97830813
837,20000000	0,97805064
837,40000000	0,97755915
837,60000000	0,97591321
837,80000000	0,97640445
838,00000000	0,97585886
838,20000000	0,97556842
838,40000000	0,97457583
838,60000000	0,97478778
838,80000000	0,97460124
839,00000000	0,97390317
839,20000000	0,97326554
839,40000000	0,97307969
839,60000000	0,97243074
839,80000000	0,97245916
840,00000000	0,97128118
840,20000000	0,97110954
840,40000000	0,97190736
840,60000000	0,96950496
840,80000000	0,96986775
841,00000000	0,96960202
841,20000000	0,96958936
841,40000000	0,96871314
841,60000000	0,96776522
841,80000000	0,96704892
842,00000000	0,96713137
842,20000000	0,96719713
842,40000000	0,96547388
842,60000000	0,96701619
842,80000000	0,96677361
843,00000000	0,96507620
843,20000000	0,96500811
843,40000000	0,96503768
843,60000000	0,96421956
843,80000000	0,96492867
844,00000000	0,96417339
844,20000000	0,96334592
844,40000000	0,96364611
844,60000000	0,96312804
844,80000000	0,96195275
845,00000000	0,96221627
845,20000000	0,96207575
845,40000000	0,96285138
845,60000000	0,96212873
845,80000000	0,96239970
846,00000000	0,96161061
846,20000000	0,96180641
846,40000000	0,96205056
846,60000000	0,96123544
846,80000000	0,96076069
847,00000000	0,96095976
847,20000000	0,96172591
847,40000000	0,96105407
847,60000000	0,96077111
847,80000000	0,96156715
848,00000000	0,96038074
848,20000000	0,96062812
848,40000000	0,96108609
848,60000000	0,96228285
848,80000000	0,96169292
849,00000000	0,96085249
849,20000000	0,96150553
849,40000000	0,96140303
849,60000000	0,96138884
849,80000000	0,96046090
850,00000000	0,96168196
850,20000000	0,96193080
850,40000000	0,96158298
850,60000000	0,96180603
850,80000000	0,96295595
851,00000000	0,96300499
851,20000000	0,96234828
851,40000000	0,96262545
851,60000000	0,96327127
851,80000000	0,96360817
852,00000000	0,96374079
852,20000000	0,96392433
852,40000000	0,96381936
852,60000000	0,96484452
852,80000000	0,96447802
853,00000000	0,96473144
853,20000000	0,96519224
853,40000000	0,96498343
853,60000000	0,96633902
853,80000000	0,96564363
854,00000000	0,96623006
854,20000000	0,96628618
854,40000000	0,96630893
854,60000000	0,96728847
854,80000000	0,96809805
855,00000000	0,96841258
855,20000000	0,96841087
855,40000000	0,96843197
855,60000000	0,96925738
855,80000000	0,96948425
856,00000000	0,96961715
856,20000000	0,97002392
856,40000000	0,97123160
856,60000000	0,97161293
856,80000000	0,97152058
857,00000000	0,97162792
857,20000000	0,97176924
857,40000000	0,97170631
857,60000000	0,97295025
857,80000000	0,97321293
858,00000000	0,97318909
858,20000000	0,97393992
858,40000000	0,97449133
858,60000000	0,97485983
858,80000000	0,97449266
859,00000000	0,97591426
859,20000000	0,97623465
859,40000000	0,97604751
859,60000000	0,97749956
859,80000000	0,97688504
860,00000000	0,97725231
860,20000000	0,97744665
860,40000000	0,97823681
860,60000000	0,97855586
860,80000000	0,97878297
861,00000000	0,97960394
861,20000000	0,97933896
861,40000000	0,98086756
861,60000000	0,98081484
861,80000000	0,98087577
862,00000000	0,98116833
862,20000000	0,98150926
862,40000000	0,98248408
862,60000000	0,98272167
862,80000000	0,98223123
863,00000000	0,98261269
863,20000000	0,98313070
863,40000000	0,98376823
863,60000000	0,98400377
863,80000000	0,98461603
864,00000000	0,98489347
864,20000000	0,98535811
864,40000000	0,98532270
864,60000000	0,98559564
864,80000000	0,98592708
865,00000000	0,98623137
865,20000000	0,98649719
865,40000000	0,98673049
865,60000000	0,98724292
865,80000000	0,98732828
866,00000000	0,98756669
866,20000000	0,98802824
866,40000000	0,98807091
866,60000000	0,98848555
866,80000000	0,98876207
867,00000000	0,98908888
867,20000000	0,98891532
867,40000000	0,98906662
867,60000000	0,98952378
867,80000000	0,99011170
868,00000000	0,99033673
868,20000000	0,99004295
868,40000000	0,99049548
868,60000000	0,99079810
868,80000000	0,99075925
869,00000000	0,99145022
869,20000000	0,99140215
869,40000000	0,99154705
869,60000000	0,99203458
869,80000000	0,99229712
870,00000000	0,99221057
870,20000000	0,99215183
870,40000000	0,99255469
870,60000000	0,99248944
870,80000000	0,99265191
871,00000000	0,99306874
871,20000000	0,99325635
871,40000000	0,99350476
871,60000000	0,99333120
871,80000000	0,99349790
872,00000000	0,99387126
872,20000000	0,99396085
872,40000000	0,99395801
872,60000000	0,99417080
872,80000000	0,99446143
873,00000000	0,99457144
873,20000000	0,99472408
873,40000000	0,99479746
873,60000000	0,99510514
873,80000000	0,99524922
874,00000000	0,99545784
874,20000000	0,99563371
874,40000000	0,99561337
874,60000000	0,99565756
874,80000000	0,99599876
875,00000000	0,99600664
875,20000000	0,99616851
875,40000000	0,99674360
875,60000000	0,99649974
875,80000000	0,99664881
876,00000000	0,99659510
876,20000000	0,99666688
876,40000000	0,99667958
876,60000000	0,99687464
876,80000000	0,99722792
877,00000000	0,99723964
877,20000000	0,99736130
877,40000000	0,99728544
877,60000000	0,99747046
877,80000000	0,99773096
878,00000000	0,99776644
878,20000000	0,99769513
878,40000000	0,99784862
878,60000000	0,99814579
878,80000000	0,99818813
879,00000000	0,99818692
879,20000000	0,99826953
879,40000000	0,99844004
879,60000000	0,99865294
879,80000000	0,99865646
880,00000000	0,99873193
880,20000000	0,99881709
880,40000000	0,99897231
880,60000000	0,99882685
880,80000000	0,99896761
881,00000000	0,99908803
881,20000000	0,99918241
881,40000000	0,99915074
881,60000000	0,99921765
881,80000000	0,99928751
882,00000000	0,99940411
882,20000000	0,99947760
882,40000000	0,99943543
882,60000000	0,99970783
882,80000000	0,99963341
883,00000000	0,99960937
883,20000000	0,99966391
883,40000000	0,99969580
883,60000000	0,99976597
883,80000000	0,99977836
884,00000000	0,99976449
884,20000000	0,99986304
884,40000000	0,99983784
884,60000000	0,99981779
884,80000000	0,99986908
885,00000000	0,99988103
885,20000000	0,99991626
885,40000000	0,99988346
885,60000000	0,99990028
885,80000000	0,99990806
886,00000000	0,99992333
886,20000000	0,99991776
886,40000000	0,99986764
886,60000000	0,99983808
886,80000000	0,99988608
887,00000000	0,99986447
887,20000000	0,99987526
887,40000000	0,99985305
887,60000000	0,99973458
887,80000000	0,99978816
888,00000000	0,99978470
888,20000000	0,99974337
888,40000000	0,99970834
888,60000000	0,99969736
888,80000000	0,99966706
889,00000000	0,99961813
889,20000000	0,99958254
889,40000000	0,99952121
889,60000000	0,99950089
889,80000000	0,99945709
890,00000000	0,99945797
890,20000000	0,99944370
890,40000000	0,99943598
890,60000000	0,99928713
890,80000000	0,99920796
891,00000000	0,99922326
891,20000000	0,99926966
891,40000000	0,99918408
891,60000000	0,99910068
891,80000000	0,99916824
892,00000000	0,99910649
892,20000000	0,99895108
892,40000000	0,99902562
892,60000000	0,99897238
892,80000000	0,99879448
893,00000000	0,99894030
893,20000000	0,99881772
893,40000000	0,99880444
893,60000000	0,99877276
893,80000000	0,99867050
894,00000000	0,99872410
894,20000000	0,99877264
894,40000000	0,99857812
894,60000000	0,99842496
894,80000000	0,99874723
895,00000000	0,99848024
895,20000000	0,99872330
895,40000000	0,99856329
895,60000000	0,99856039
895,80000000	0,99857559
896,00000000	0,99851626
896,20000000	0,99845214
896,40000000	0,99848070
896,60000000	0,99851292
896,80000000	0,99858817
897,00000000	0,99852429
897,20000000	0,99859088
897,40000000	0,99861753
897,60000000	0,99846498
897,80000000	0,99854650
898,00000000	0,99859051
898,20000000	0,99866131
898,40000000	0,99869854
898,60000000	0,99874970
898,80000000	0,99852189
899,00000000	0,99857821
899,20000000	0,99874671
899,40000000	0,99876724
899,60000000	0,99863912
899,80000000	0,99884118
900,00000000	0,99895456
