200,00000000	0,57776253
200,20000000	0,90172972
200,40000000	0,98817493
200,60000000	-6,69399577
200,80000000	0,69985944
201,00000000	0,61581380
201,20000000	0,54728383
201,40000000	0,94485509
201,60000000	0,92522444
201,80000000	0,92674122
202,00000000	0,64828893
202,20000000	0,97648820
202,40000000	0,25702413
202,60000000	0,97311932
202,80000000	-0,14206639
203,00000000	0,79181008
203,20000000	0,84778688
203,40000000	0,73938641
203,60000000	0,90656115
203,80000000	0,96034211
204,00000000	0,80160763
204,20000000	0,79665183
204,40000000	0,89466436
204,60000000	0,90431712
204,80000000	0,97365660
205,00000000	0,99535915
205,20000000	0,65907094
205,40000000	0,93969141
205,60000000	0,90346090
205,80000000	0,95461843
206,00000000	0,99711522
206,20000000	0,97827804
206,40000000	0,84156438
206,60000000	0,92930660
206,80000000	0,82993528
207,00000000	0,95069158
207,20000000	0,95840916
207,40000000	0,39216215
207,60000000	0,71151877
207,80000000	0,97173772
208,00000000	0,87657465
208,20000000	0,69455403
208,40000000	0,92077757
208,60000000	0,95149470
208,80000000	0,76101528
209,00000000	0,70892560
209,20000000	0,94213327
209,40000000	0,99765699
209,60000000	0,84690670
209,80000000	0,99486254
210,00000000	0,84315304
210,20000000	0,78143235
210,40000000	0,96196975
210,60000000	0,75444423
210,80000000	0,25785616
211,00000000	0,80581555
211,20000000	0,74192409
211,40000000	0,54262732
211,60000000	0,71913046
211,80000000	0,90998787
212,00000000	0,95390508
212,20000000	0,80477552
212,40000000	0,51496602
212,60000000	0,82340852
212,80000000	0,97234017
213,00000000	0,95313481
213,20000000	0,58183732
213,40000000	0,93632111
213,60000000	0,77097712
213,80000000	0,64502321
214,00000000	0,96352248
214,20000000	0,46962616
214,40000000	0,82610060
214,60000000	0,97714657
214,80000000	0,37220304
215,00000000	0,87384624
215,20000000	0,98108096
215,40000000	0,89857304
215,60000000	0,82622692
215,80000000	0,27832459
216,00000000	0,69886420
216,20000000	0,78225737
216,40000000	0,89598569
216,60000000	0,49798240
216,80000000	0,81417221
217,00000000	0,96655806
217,20000000	0,74393492
217,40000000	0,94621655
217,60000000	0,94841272
217,80000000	0,96182483
218,00000000	0,98367400
218,20000000	0,91959991
218,40000000	0,74114255
218,60000000	0,84995354
218,80000000	0,96819698
219,00000000	0,67023927
219,20000000	0,85995730
219,40000000	0,34362757
219,60000000	0,46936949
219,80000000	0,83661935
220,00000000	0,77521815
220,20000000	0,65660252
220,40000000	0,87279548
220,60000000	0,79272490
220,80000000	0,86525678
221,00000000	0,89132980
221,20000000	0,84709042
221,40000000	0,92967612
221,60000000	0,95104303
221,80000000	0,86447103
222,00000000	0,85811250
222,20000000	0,94017109
222,40000000	0,72104569
222,60000000	0,87034549
222,80000000	0,89644783
223,00000000	0,88476558
223,20000000	0,88588478
223,40000000	0,91000804
223,60000000	0,85697652
223,80000000	0,90375587
224,00000000	0,90535857
224,20000000	0,85145567
224,40000000	0,90632490
224,60000000	0,80382074
224,80000000	0,90252262
225,00000000	0,92454323
225,20000000	0,81924257
225,40000000	0,82471536
225,60000000	0,84436067
225,80000000	0,81623138
226,00000000	0,86838753
226,20000000	0,80157661
226,40000000	0,69616436
226,60000000	0,86895619
226,80000000	0,91443092
227,00000000	0,71388236
227,20000000	0,66264563
227,40000000	0,90209006
227,60000000	0,72770309
227,80000000	0,78780155
228,00000000	0,85727628
228,20000000	0,75771011
228,40000000	0,88684533
228,60000000	0,79519557
228,80000000	0,82130616
229,00000000	0,89086066
229,20000000	0,91756676
229,40000000	0,88615039
229,60000000	0,74618424
229,80000000	0,83217233
230,00000000	0,78239629
230,20000000	0,67053704
230,40000000	0,89799488
230,60000000	0,89543022
230,80000000	0,66075448
231,00000000	0,92635763
231,20000000	0,79990846
231,40000000	0,60358671
231,60000000	0,86771956
231,80000000	0,91696675
232,00000000	0,66117916
232,20000000	0,88597339
232,40000000	0,86852485
232,60000000	0,77229067
232,80000000	0,87693055
233,00000000	0,86805091
233,20000000	0,63768782
233,40000000	0,66035247
233,60000000	0,79736199
233,80000000	0,84306557
234,00000000	0,79153303
234,20000000	0,85023691
234,40000000	0,87247493
234,60000000	0,83416498
234,80000000	0,75690989
235,00000000	0,86254971
235,20000000	0,81865157
235,40000000	0,83933484
235,60000000	0,89369323
235,80000000	0,84919639
236,00000000	0,82513630
236,20000000	0,84087668
236,40000000	0,94640327
236,60000000	0,73125320
236,80000000	0,81319859
237,00000000	0,82995759
237,20000000	0,82499838
237,40000000	0,82348417
237,60000000	0,89259436
237,80000000	0,83486629
238,00000000	0,78929779
238,20000000	0,83678633
238,40000000	0,80015062
238,60000000	0,89088995
238,80000000	0,86160530
239,00000000	0,88008061
239,20000000	0,84164671
239,40000000	0,75366164
239,60000000	0,85118649
239,80000000	0,80211094
240,00000000	0,87552165
240,20000000	0,86669085
240,40000000	0,86330355
240,60000000	0,74809437
240,80000000	0,85546369
241,00000000	0,85119100
241,20000000	0,85744151
241,40000000	0,84775432
241,60000000	0,87471144
241,80000000	0,82829071
242,00000000	0,86269100
242,20000000	0,84667522
242,40000000	0,86519931
242,60000000	0,83350724
242,80000000	0,88837759
243,00000000	0,84979046
243,20000000	0,82970750
243,40000000	0,83733917
243,60000000	0,87381026
243,80000000	0,82061367
244,00000000	0,90334445
244,20000000	0,85570009
244,40000000	0,78285589
244,60000000	0,86421160
244,80000000	0,91284894
245,00000000	0,74377021
245,20000000	0,83674296
245,40000000	0,80592263
245,60000000	0,82725309
245,80000000	0,83486153
246,00000000	0,81748062
246,20000000	0,79175403
246,40000000	0,88099230
246,60000000	0,77702602
246,80000000	0,85944469
247,00000000	0,87727482
247,20000000	0,80120328
247,40000000	0,82312966
247,60000000	0,87804798
247,80000000	0,80585168
248,00000000	0,75880690
248,20000000	0,84660230
248,40000000	0,86987840
248,60000000	0,82987080
248,80000000	0,78061769
249,00000000	0,84092306
249,20000000	0,85989296
249,40000000	0,80706030
249,60000000	0,78962770
249,80000000	0,83576539
250,00000000	0,81137749
250,20000000	0,81071081
250,40000000	0,79533197
250,60000000	0,83770616
250,80000000	0,82069677
251,00000000	0,82195700
251,20000000	0,83089386
251,40000000	0,80754606
251,60000000	0,84216617
251,80000000	0,84189899
252,00000000	0,79127374
252,20000000	0,82124908
252,40000000	0,79751738
252,60000000	0,79231036
252,80000000	0,84233825
253,00000000	0,81044064
253,20000000	0,79037618
253,40000000	0,81398018
253,60000000	0,76512295
253,80000000	0,78081338
254,00000000	0,82066027
254,20000000	0,79956317
254,40000000	0,81070259
254,60000000	0,83743950
254,80000000	0,73260502
255,00000000	0,80683145
255,20000000	0,86308460
255,40000000	0,76188006
255,60000000	0,86312849
255,80000000	0,84468885
256,00000000	0,80793983
256,20000000	0,81479494
256,40000000	0,76812170
256,60000000	0,80538515
256,80000000	0,81836591
257,00000000	0,77044694
257,20000000	0,80460310
257,40000000	0,86007000
257,60000000	0,73995236
257,80000000	0,81083089
258,00000000	0,81317472
258,20000000	0,79481039
258,40000000	0,78431142
258,60000000	0,77194593
258,80000000	0,79990956
259,00000000	0,81801843
259,20000000	0,82816495
259,40000000	0,74753282
259,60000000	0,77977721
259,80000000	0,77767992
260,00000000	0,73172269
260,20000000	0,79894295
260,40000000	0,77754694
260,60000000	0,80376733
260,80000000	0,76931475
261,00000000	0,76213214
261,20000000	0,76765376
261,40000000	0,81315722
261,60000000	0,66645630
261,80000000	0,68339496
262,00000000	0,76623554
262,20000000	0,78440614
262,40000000	0,68242312
262,60000000	0,77636787
262,80000000	0,79320438
263,00000000	0,76487185
263,20000000	0,71986115
263,40000000	0,74995522
263,60000000	0,79183701
263,80000000	0,72500439
264,00000000	0,74007724
264,20000000	0,75666481
264,40000000	0,71404470
264,60000000	0,75906290
264,80000000	0,72371268
265,00000000	0,78995736
265,20000000	0,69841834
265,40000000	0,68095879
265,60000000	0,73848204
265,80000000	0,74313122
266,00000000	0,66413543
266,20000000	0,66990705
266,40000000	0,73157871
266,60000000	0,69660924
266,80000000	0,67812150
267,00000000	0,75278975
267,20000000	0,68734717
267,40000000	0,73051852
267,60000000	0,72637605
267,80000000	0,69053112
268,00000000	0,69955952
268,20000000	0,70406505
268,40000000	0,64295651
268,60000000	0,69340722
268,80000000	0,69664166
269,00000000	0,71495941
269,20000000	0,69478509
269,40000000	0,69466567
269,60000000	0,71536594
269,80000000	0,64304129
270,00000000	0,71958375
270,20000000	0,71043505
270,40000000	0,70153768
270,60000000	0,68746885
270,80000000	0,65083607
271,00000000	0,71118341
271,20000000	0,69104898
271,40000000	0,73992266
271,60000000	0,63691362
271,80000000	0,71011994
272,00000000	0,64239343
272,20000000	0,68407658
272,40000000	0,66052847
272,60000000	0,71483330
272,80000000	0,62488732
273,00000000	0,64350670
273,20000000	0,67917179
273,40000000	0,67348874
273,60000000	0,65566106
273,80000000	0,67251639
274,00000000	0,64282556
274,20000000	0,65478498
274,40000000	0,68083158
274,60000000	0,59582387
274,80000000	0,63672479
275,00000000	0,68166600
275,20000000	0,63825500
275,40000000	0,62752610
275,60000000	0,63855328
275,80000000	0,66798750
276,00000000	0,62025756
276,20000000	0,63249385
276,40000000	0,65320002
276,60000000	0,69753383
276,80000000	0,66727137
277,00000000	0,62914087
277,20000000	0,62439586
277,40000000	0,65281138
277,60000000	0,67131024
277,80000000	0,64564428
278,00000000	0,63282720
278,20000000	0,66559310
278,40000000	0,62919063
278,60000000	0,63770273
278,80000000	0,64509186
279,00000000	0,62891350
279,20000000	0,63966428
279,40000000	0,64589784
279,60000000	0,63837656
279,80000000	0,62147382
280,00000000	0,61165385
280,20000000	0,65502240
280,40000000	0,60983984
280,60000000	0,59644184
280,80000000	0,65996777
281,00000000	0,61543874
281,20000000	0,59921668
281,40000000	0,66237320
281,60000000	0,62421887
281,80000000	0,59620762
282,00000000	0,61107014
282,20000000	0,63045031
282,40000000	0,57452223
282,60000000	0,57629895
282,80000000	0,59788818
283,00000000	0,55245254
283,20000000	0,57900711
283,40000000	0,55426564
283,60000000	0,51645977
283,80000000	0,57639977
284,00000000	0,52064441
284,20000000	0,60096167
284,40000000	0,53108640
284,60000000	0,52874408
284,80000000	0,52488001
285,00000000	0,49962284
285,20000000	0,53604325
285,40000000	0,50793328
285,60000000	0,43935118
285,80000000	0,49199038
286,00000000	0,46355034
286,20000000	0,46259579
286,40000000	0,42972872
286,60000000	0,42607952
286,80000000	0,49127722
287,00000000	0,46311627
287,20000000	0,38803280
287,40000000	0,44362278
287,60000000	0,39805075
287,80000000	0,38817502
288,00000000	0,29611498
288,20000000	0,35868235
288,40000000	0,37652397
288,60000000	0,44008441
288,80000000	0,40780916
289,00000000	0,30508141
289,20000000	0,31669928
289,40000000	0,34853847
289,60000000	0,38555817
289,80000000	0,30446470
290,00000000	0,31201569
290,20000000	0,33127037
290,40000000	0,31648098
290,60000000	0,37041710
290,80000000	0,32023838
291,00000000	0,34449417
291,20000000	0,30309643
291,40000000	0,31876130
291,60000000	0,25856229
291,80000000	0,27115965
292,00000000	0,29184287
292,20000000	0,32157222
292,40000000	0,32938353
292,60000000	0,30109834
292,80000000	0,26564391
293,00000000	0,21272586
293,20000000	0,25689936
293,40000000	0,33187096
293,60000000	0,27208155
293,80000000	0,30604499
294,00000000	0,21336577
294,20000000	0,23187878
294,40000000	0,31289082
294,60000000	0,26111750
294,80000000	0,27963425
295,00000000	0,21348513
295,20000000	0,24393167
295,40000000	0,27741517
295,60000000	0,30885825
295,80000000	0,29982974
296,00000000	0,24751630
296,20000000	0,24635340
296,40000000	0,25950073
296,60000000	0,28745955
296,80000000	0,32535072
297,00000000	0,21700444
297,20000000	0,23606342
297,40000000	0,22956647
297,60000000	0,28190550
297,80000000	0,24727688
298,00000000	0,22821795
298,20000000	0,23595173
298,40000000	0,22146105
298,60000000	0,26690733
298,80000000	0,31053754
299,00000000	0,23662868
299,20000000	0,26495534
299,40000000	0,24332535
299,60000000	0,27048324
299,80000000	0,26294875
300,00000000	0,25178192
300,20000000	0,27905375
300,40000000	0,22211644
300,60000000	0,24167274
300,80000000	0,26662370
301,00000000	0,25581989
301,20000000	0,24586687
301,40000000	0,25770939
301,60000000	0,22305353
301,80000000	0,20479228
302,00000000	0,22088023
302,20000000	0,21747669
302,40000000	0,24367646
302,60000000	0,24208997
302,80000000	0,21709559
303,00000000	0,24459029
303,20000000	0,24649845
303,40000000	0,27089875
303,60000000	0,24876922
303,80000000	0,20556180
304,00000000	0,21007968
304,20000000	0,22970550
304,40000000	0,23393865
304,60000000	0,22659933
304,80000000	0,22704428
305,00000000	0,22512529
305,20000000	0,21206396
305,40000000	0,21653446
305,60000000	0,19043354
305,80000000	0,23735293
306,00000000	0,20356363
306,20000000	0,19581364
306,40000000	0,20761879
306,60000000	0,22533969
306,80000000	0,26607240
307,00000000	0,23698206
307,20000000	0,21324715
307,40000000	0,21825458
307,60000000	0,24579723
307,80000000	0,20041024
308,00000000	0,24000001
308,20000000	0,22838657
308,40000000	0,22725471
308,60000000	0,20049060
308,80000000	0,23030064
309,00000000	0,22433084
309,20000000	0,21359159
309,40000000	0,19740626
309,60000000	0,22311221
309,80000000	0,20456284
310,00000000	0,21149492
310,20000000	0,23604741
310,40000000	0,19722925
310,60000000	0,21630202
310,80000000	0,23163276
311,00000000	0,24202091
311,20000000	0,22198733
311,40000000	0,20719844
311,60000000	0,21369418
311,80000000	0,20043805
312,00000000	0,20504206
312,20000000	0,19837912
312,40000000	0,21686417
312,60000000	0,18718632
312,80000000	0,22271429
313,00000000	0,22031152
313,20000000	0,22440747
313,40000000	0,19872553
313,60000000	0,21448892
313,80000000	0,21720745
314,00000000	0,22048466
314,20000000	0,18272882
314,40000000	0,20073011
314,60000000	0,22061542
314,80000000	0,20662873
315,00000000	0,19062506
315,20000000	0,19555918
315,40000000	0,19708624
315,60000000	0,21815939
315,80000000	0,18040932
316,00000000	0,20446039
316,20000000	0,22536764
316,40000000	0,21717304
316,60000000	0,21029427
316,80000000	0,19441779
317,00000000	0,19810607
317,20000000	0,21136200
317,40000000	0,20668720
317,60000000	0,19214010
317,80000000	0,21662970
318,00000000	0,20635305
318,20000000	0,21088815
318,40000000	0,20595799
318,60000000	0,19428347
318,80000000	0,19219393
319,00000000	0,20853116
319,20000000	0,19543375
319,40000000	0,18125730
319,60000000	0,22344766
319,80000000	0,20511366
320,00000000	0,19411938
320,20000000	0,18366165
320,40000000	0,20867938
320,60000000	0,19910826
320,80000000	0,19421364
321,00000000	0,19132984
321,20000000	0,20600602
321,40000000	0,20272460
321,60000000	0,21720112
321,80000000	0,17663627
322,00000000	0,20506255
322,20000000	0,20914276
322,40000000	0,19384505
322,60000000	0,18716142
322,80000000	0,19781076
323,00000000	0,20866809
323,20000000	0,19020811
323,40000000	0,19330326
323,60000000	0,19683704
323,80000000	0,19847131
324,00000000	0,21764829
324,20000000	0,19449567
324,40000000	0,18959641
324,60000000	0,20989782
324,80000000	0,19956213
325,00000000	0,20021866
325,20000000	0,19313343
325,40000000	0,20173557
325,60000000	0,19956444
325,80000000	0,19176927
326,00000000	0,19157319
326,20000000	0,19808818
326,40000000	0,20630264
326,60000000	0,20204160
326,80000000	0,18573223
327,00000000	0,18342764
327,20000000	0,20595710
327,40000000	0,21357261
327,60000000	0,21153363
327,80000000	0,19419058
328,00000000	0,19589790
328,20000000	0,22144133
328,40000000	0,19903612
328,60000000	0,18570505
328,80000000	0,18927762
329,00000000	0,19801163
329,20000000	0,19598082
329,40000000	0,19438640
329,60000000	0,18413565
329,80000000	0,19787977
330,00000000	0,18700730
330,20000000	0,18962429
330,40000000	0,19316939
330,60000000	0,19156119
330,80000000	0,20813088
331,00000000	0,20024858
331,20000000	0,19129194
331,40000000	0,20600729
331,60000000	0,20770839
331,80000000	0,20803092
332,00000000	0,20214025
332,20000000	0,18016605
332,40000000	0,19366231
332,60000000	0,20329343
332,80000000	0,18404524
333,00000000	0,18465888
333,20000000	0,19141530
333,40000000	0,17620567
333,60000000	0,20258672
333,80000000	0,18714178
334,00000000	0,18889266
334,20000000	0,18988193
334,40000000	0,19024172
334,60000000	0,19721710
334,80000000	0,20218262
335,00000000	0,18838157
335,20000000	0,21037995
335,40000000	0,18401813
335,60000000	0,18128788
335,80000000	0,19900352
336,00000000	0,19445761
336,20000000	0,18937066
336,40000000	0,18761670
336,60000000	0,18472970
336,80000000	0,18899687
337,00000000	0,18292922
337,20000000	0,20387865
337,40000000	0,19946946
337,60000000	0,17129745
337,80000000	0,19240335
338,00000000	0,20701289
338,20000000	0,17960297
338,40000000	0,18560448
338,60000000	0,19712265
338,80000000	0,18438471
339,00000000	0,19035056
339,20000000	0,18998215
339,40000000	0,19847156
339,60000000	0,18173330
339,80000000	0,17800962
340,00000000	0,18607538
340,20000000	0,18920705
340,40000000	0,16682526
340,60000000	0,19299195
340,80000000	0,19978960
341,00000000	0,17562602
341,20000000	0,18036847
341,40000000	0,19250526
341,60000000	0,19511851
341,80000000	0,18916448
342,00000000	0,18172755
342,20000000	0,18864358
342,40000000	0,19409058
342,60000000	0,17932331
342,80000000	0,19790746
343,00000000	0,19668443
343,20000000	0,17621928
343,40000000	0,18146855
343,60000000	0,19337586
343,80000000	0,18767960
344,00000000	0,17853326
344,20000000	0,17380565
344,40000000	0,17926953
344,60000000	0,18055458
344,80000000	0,17172158
345,00000000	0,17369634
345,20000000	0,18477745
345,40000000	0,18301530
345,60000000	0,17863127
345,80000000	0,18262973
346,00000000	0,18514171
346,20000000	0,18434489
346,40000000	0,18398728
346,60000000	0,18891154
346,80000000	0,19081238
347,00000000	0,19226098
347,20000000	0,18149405
347,40000000	0,19143161
347,60000000	0,19637911
347,80000000	0,18187590
348,00000000	0,18129771
348,20000000	0,18978893
348,40000000	0,18554153
348,60000000	0,18421338
348,80000000	0,18618407
349,00000000	0,18270657
349,20000000	0,18846816
349,40000000	0,18430633
349,60000000	0,18126135
349,80000000	0,18737045
350,00000000	0,18715995
350,20000000	0,17802850
350,40000000	0,18226551
350,60000000	0,18412148
350,80000000	0,17742946
351,00000000	0,18016658
351,20000000	0,18319756
351,40000000	0,17988489
351,60000000	0,17875006
351,80000000	0,17861332
352,00000000	0,17654423
352,20000000	0,18515075
352,40000000	0,18257817
352,60000000	0,17479112
352,80000000	0,17607225
353,00000000	0,18149248
353,20000000	0,17751984
353,40000000	0,17695152
353,60000000	0,17983153
353,80000000	0,17806816
354,00000000	0,17879698
354,20000000	0,17747277
354,40000000	0,18279216
354,60000000	0,18066344
354,80000000	0,17983472
355,00000000	0,17212914
355,20000000	0,17817925
355,40000000	0,18172736
355,60000000	0,17694290
355,80000000	0,17521783
356,00000000	0,17859050
356,20000000	0,17843737
356,40000000	0,18048294
356,60000000	0,17679025
356,80000000	0,16878565
357,00000000	0,17515892
357,20000000	0,18377413
357,40000000	0,17304370
357,60000000	0,16708828
357,80000000	0,17269156
358,00000000	0,17315692
358,20000000	0,16761248
358,40000000	0,17634412
358,60000000	0,17839938
358,80000000	0,17521996
359,00000000	0,16745143
359,20000000	0,17624311
359,40000000	0,17824175
359,60000000	0,18576389
359,80000000	0,17992924
360,00000000	0,17152528
360,20000000	0,16971650
360,40000000	0,17570530
360,60000000	0,17856754
360,80000000	0,17343199
361,00000000	0,17112199
361,20000000	0,17545720
361,40000000	0,17977844
361,60000000	0,17126913
361,80000000	0,16531301
362,00000000	0,17466689
362,20000000	0,17448621
362,40000000	0,17092678
362,60000000	0,16432436
362,80000000	0,17453878
363,00000000	0,16655951
363,20000000	0,16844209
363,40000000	0,17701265
363,60000000	0,17221694
363,80000000	0,17441065
364,00000000	0,16400780
364,20000000	0,16486456
364,40000000	0,16562460
364,60000000	0,18178691
364,80000000	0,17832422
365,00000000	0,16745611
365,20000000	0,16748123
365,40000000	0,16761387
365,60000000	0,17850009
365,80000000	0,17649230
366,00000000	0,17828338
366,20000000	0,17294081
366,40000000	0,17205311
366,60000000	0,16612547
366,80000000	0,16244104
367,00000000	0,16620473
367,20000000	0,17007801
367,40000000	0,15937321
367,60000000	0,15618311
367,80000000	0,16392032
368,00000000	0,16558799
368,20000000	0,16236407
368,40000000	0,16584215
368,60000000	0,17903165
368,80000000	0,17163251
369,00000000	0,17190410
369,20000000	0,16232673
369,40000000	0,16955978
369,60000000	0,16490798
369,80000000	0,17881818
370,00000000	0,17105046
370,20000000	0,16542371
370,40000000	0,16835106
370,60000000	0,16656525
370,80000000	0,17807817
371,00000000	0,17084460
371,20000000	0,17911746
371,40000000	0,17790337
371,60000000	0,17041202
371,80000000	0,16375859
372,00000000	0,16034773
372,20000000	0,17107730
372,40000000	0,16321718
372,60000000	0,15931700
372,80000000	0,16133463
373,00000000	0,16687211
373,20000000	0,17941144
373,40000000	0,17544242
373,60000000	0,17484865
373,80000000	0,17113545
374,00000000	0,16818303
374,20000000	0,16563284
374,40000000	0,15545811
374,60000000	0,17029328
374,80000000	0,16857477
375,00000000	0,17401697
375,20000000	0,16777915
375,40000000	0,15340222
375,60000000	0,15790361
375,80000000	0,16852833
376,00000000	0,17092093
376,20000000	0,16498348
376,40000000	0,16577182
376,60000000	0,17007017
376,80000000	0,15969907
377,00000000	0,15832285
377,20000000	0,15511174
377,40000000	0,15656755
377,60000000	0,17219858
377,80000000	0,15734206
378,00000000	0,17405392
378,20000000	0,16212601
378,40000000	0,17733803
378,60000000	0,16362610
378,80000000	0,17832626
379,00000000	0,16801452
379,20000000	0,16469503
379,40000000	0,17012573
379,60000000	0,15595896
379,80000000	0,15959882
380,00000000	0,16014972
380,20000000	0,16218424
380,40000000	0,17250756
380,60000000	0,16042281
380,80000000	0,17423912
381,00000000	0,17445657
381,20000000	0,16475990
381,40000000	0,17484012
381,60000000	0,15440377
381,80000000	0,17835667
382,00000000	0,17782038
382,20000000	0,17634581
382,40000000	0,16011970
382,60000000	0,15901510
382,80000000	0,16220546
383,00000000	0,15929323
383,20000000	0,17101861
383,40000000	0,17108849
383,60000000	0,16457008
383,80000000	0,18438252
384,00000000	0,16315217
384,20000000	0,15959534
384,40000000	0,15098452
384,60000000	0,15225215
384,80000000	0,17249106
385,00000000	0,17676000
385,20000000	0,18872002
385,40000000	0,17173152
385,60000000	0,16364243
385,80000000	0,16109471
386,00000000	0,15603853
386,20000000	0,16164139
386,40000000	0,14674534
386,60000000	0,15174712
386,80000000	0,15378323
387,00000000	0,16876323
387,20000000	0,16987862
387,40000000	0,17865054
387,60000000	0,18312322
387,80000000	0,16557646
388,00000000	0,15371328
388,20000000	0,16330183
388,40000000	0,16102640
388,60000000	0,17782153
388,80000000	0,16683076
389,00000000	0,15331295
389,20000000	0,15906885
389,40000000	0,14707740
389,60000000	0,18004406
389,80000000	0,17271415
390,00000000	0,19141696
390,20000000	0,17545661
390,40000000	0,17275437
390,60000000	0,16999281
390,80000000	0,14996780
391,00000000	0,16361318
391,20000000	0,17477749
391,40000000	0,17709239
391,60000000	0,18443408
391,80000000	0,17524423
392,00000000	0,18656555
392,20000000	0,16238343
392,40000000	0,15193176
392,60000000	0,15936665
392,80000000	0,14657179
393,00000000	0,16475353
393,20000000	0,16296605
393,40000000	0,17136411
393,60000000	0,16345825
393,80000000	0,17280912
394,00000000	0,17525618
394,20000000	0,17123527
394,40000000	0,15996773
394,60000000	0,17088713
394,80000000	0,16986330
395,00000000	0,16919669
395,20000000	0,17717401
395,40000000	0,17807047
395,60000000	0,19041914
395,80000000	0,17244558
396,00000000	0,16263133
396,20000000	0,13911337
396,40000000	0,13945041
396,60000000	0,14463561
396,80000000	0,13651833
397,00000000	0,16408119
397,20000000	0,17150695
397,40000000	0,19544760
397,60000000	0,18826224
397,80000000	0,18299931
398,00000000	0,18154555
398,20000000	0,16484301
398,40000000	0,17425545
398,60000000	0,17220008
398,80000000	0,16953741
399,00000000	0,17771282
399,20000000	0,15525831
399,40000000	0,16861876
399,60000000	0,17758877
399,80000000	0,17895393
400,00000000	0,17447752
400,20000000	0,16230009
400,40000000	0,16267364
400,60000000	0,16174154
400,80000000	0,18072018
401,00000000	0,17830153
401,20000000	0,17752798
401,40000000	0,16476782
401,60000000	0,16854673
401,80000000	0,16348318
402,00000000	0,17219827
402,20000000	0,17772712
402,40000000	0,16617311
402,60000000	0,17630280
402,80000000	0,17496729
403,00000000	0,18611369
403,20000000	0,18065375
403,40000000	0,18044646
403,60000000	0,19004628
403,80000000	0,16376929
404,00000000	0,16771328
404,20000000	0,16671259
404,40000000	0,15940023
404,60000000	0,15320385
404,80000000	0,15331277
405,00000000	0,16972556
405,20000000	0,16561741
405,40000000	0,17046728
405,60000000	0,17305487
405,80000000	0,16882614
406,00000000	0,17395047
406,20000000	0,17338872
406,40000000	0,18423155
406,60000000	0,18723084
406,80000000	0,17108524
407,00000000	0,18176564
407,20000000	0,18876704
407,40000000	0,17543060
407,60000000	0,16137059
407,80000000	0,16927491
408,00000000	0,17214946
408,20000000	0,18095902
408,40000000	0,18844280
408,60000000	0,18127868
408,80000000	0,17127459
409,00000000	0,16689176
409,20000000	0,17288346
409,40000000	0,15354640
409,60000000	0,17512299
409,80000000	0,17845503
410,00000000	0,17874704
410,20000000	0,19719969
410,40000000	0,17419173
410,60000000	0,17329432
410,80000000	0,17938197
411,00000000	0,19603967
411,20000000	0,18059478
411,40000000	0,17822749
411,60000000	0,19505075
411,80000000	0,17639078
412,00000000	0,15819869
412,20000000	0,17585572
412,40000000	0,17813862
412,60000000	0,18146310
412,80000000	0,19155510
413,00000000	0,17913270
413,20000000	0,19362757
413,40000000	0,19501679
413,60000000	0,18009611
413,80000000	0,17957772
414,00000000	0,18807332
414,20000000	0,18840912
414,40000000	0,17328551
414,60000000	0,17090076
414,80000000	0,16261537
415,00000000	0,18334182
415,20000000	0,19059642
415,40000000	0,18880796
415,60000000	0,17642483
415,80000000	0,17818005
416,00000000	0,17887871
416,20000000	0,16198738
416,40000000	0,19458351
416,60000000	0,19446237
416,80000000	0,19351932
417,00000000	0,19213730
417,20000000	0,18412828
417,40000000	0,18713392
417,60000000	0,18403913
417,80000000	0,19413075
418,00000000	0,20093843
418,20000000	0,20586879
418,40000000	0,18827202
418,60000000	0,19058449
418,80000000	0,20747433
419,00000000	0,19440859
419,20000000	0,20456259
419,40000000	0,21238241
419,60000000	0,18786689
419,80000000	0,18960616
420,00000000	0,20510812
420,20000000	0,21342620
420,40000000	0,21061183
420,60000000	0,21217378
420,80000000	0,21264262
421,00000000	0,19810441
421,20000000	0,19143116
421,40000000	0,18656909
421,60000000	0,16414072
421,80000000	0,18964609
422,00000000	0,20768945
422,20000000	0,20010699
422,40000000	0,20015581
422,60000000	0,18577881
422,80000000	0,20528134
423,00000000	0,19594743
423,20000000	0,19506384
423,40000000	0,20139483
423,60000000	0,18874619
423,80000000	0,22253927
424,00000000	0,21182380
424,20000000	0,19679197
424,40000000	0,20705083
424,60000000	0,21063395
424,80000000	0,22274114
425,00000000	0,17282244
425,20000000	0,17461476
425,40000000	0,19622559
425,60000000	0,21064406
425,80000000	0,23017582
426,00000000	0,22852495
426,20000000	0,22398396
426,40000000	0,23539705
426,60000000	0,21526146
426,80000000	0,22113245
427,00000000	0,19642932
427,20000000	0,22094790
427,40000000	0,24491086
427,60000000	0,22286814
427,80000000	0,21098278
428,00000000	0,20239507
428,20000000	0,23384129
428,40000000	0,23877848
428,60000000	0,22981187
428,80000000	0,26152888
429,00000000	0,24209784
429,20000000	0,23874896
429,40000000	0,25173632
429,60000000	0,24812201
429,80000000	0,26137964
430,00000000	0,26575490
430,20000000	0,26717028
430,40000000	0,24935519
430,60000000	0,25688333
430,80000000	0,27870704
431,00000000	0,24888961
431,20000000	0,25558966
431,40000000	0,25634982
431,60000000	0,26490765
431,80000000	0,26920193
432,00000000	0,26842436
432,20000000	0,29563296
432,40000000	0,27650770
432,60000000	0,24371504
432,80000000	0,27954280
433,00000000	0,30494296
433,20000000	0,29985429
433,40000000	0,30083515
433,60000000	0,29648988
433,80000000	0,29791245
434,00000000	0,29840668
434,20000000	0,30613846
434,40000000	0,33287441
434,60000000	0,32876433
434,80000000	0,33291017
435,00000000	0,33422068
435,20000000	0,31797457
435,40000000	0,33951600
435,60000000	0,34358180
435,80000000	0,36401364
436,00000000	0,35955580
436,20000000	0,37506865
436,40000000	0,38814880
436,60000000	0,37908869
436,80000000	0,37383108
437,00000000	0,36537507
437,20000000	0,38302106
437,40000000	0,43930714
437,60000000	0,44126796
437,80000000	0,44612415
438,00000000	0,43652077
438,20000000	0,42467152
438,40000000	0,44339648
438,60000000	0,45958980
438,80000000	0,49364963
439,00000000	0,51117920
439,20000000	0,50282033
439,40000000	0,50432360
439,60000000	0,51257503
439,80000000	0,51153066
440,00000000	0,53514227
440,20000000	0,53297924
440,40000000	0,55472768
440,60000000	0,57436310
440,80000000	0,56508712
441,00000000	0,57502815
441,20000000	0,57619954
441,40000000	0,59364308
441,60000000	0,60983449
441,80000000	0,60219432
442,00000000	0,62082672
442,20000000	0,61040879
442,40000000	0,61877809
442,60000000	0,63435419
442,80000000	0,61491015
443,00000000	0,63218804
443,20000000	0,64276020
443,40000000	0,65668078
443,60000000	0,67082992
443,80000000	0,65105578
444,00000000	0,67228483
444,20000000	0,67370468
444,40000000	0,68454509
444,60000000	0,70892100
444,80000000	0,70729948
445,00000000	0,71531468
445,20000000	0,70847241
445,40000000	0,69850234
445,60000000	0,69550533
445,80000000	0,69919550
446,00000000	0,70983060
446,20000000	0,71043300
446,40000000	0,71487070
446,60000000	0,72646294
446,80000000	0,72773508
447,00000000	0,72542164
447,20000000	0,73622303
447,40000000	0,73465390
447,60000000	0,73393061
447,80000000	0,74055070
448,00000000	0,74617432
448,20000000	0,75156704
448,40000000	0,74427220
448,60000000	0,74412976
448,80000000	0,76700144
449,00000000	0,76849764
449,20000000	0,77673524
449,40000000	0,78651558
449,60000000	0,79345889
449,80000000	0,80570092
450,00000000	0,79571076
450,20000000	0,78688206
450,40000000	0,78359049
450,60000000	0,78778460
450,80000000	0,79628862
451,00000000	0,79681039
451,20000000	0,79742177
451,40000000	0,79633747
451,60000000	0,78186597
451,80000000	0,77936849
452,00000000	0,78038245
452,20000000	0,78116269
452,40000000	0,79192290
452,60000000	0,78782574
452,80000000	0,78709642
453,00000000	0,78696894
453,20000000	0,78257378
453,40000000	0,78990143
453,60000000	0,79647517
453,80000000	0,80240394
454,00000000	0,81612329
454,20000000	0,80941501
454,40000000	0,81377378
454,60000000	0,80484484
454,80000000	0,79969809
455,00000000	0,80932259
455,20000000	0,80191724
455,40000000	0,81911675
455,60000000	0,82791309
455,80000000	0,83357244
456,00000000	0,84293269
456,20000000	0,83391985
456,40000000	0,83270468
456,60000000	0,83350996
456,80000000	0,83310001
457,00000000	0,83691009
457,20000000	0,83414867
457,40000000	0,83144016
457,60000000	0,83117382
457,80000000	0,83097063
458,00000000	0,82855748
458,20000000	0,83061337
458,40000000	0,83261522
458,60000000	0,83388689
458,80000000	0,83558103
459,00000000	0,83522193
459,20000000	0,83324708
459,40000000	0,82774376
459,60000000	0,82415417
459,80000000	0,82611355
460,00000000	0,83821616
460,20000000	0,83398246
460,40000000	0,83695543
460,60000000	0,84131384
460,80000000	0,83657534
461,00000000	0,84092645
461,20000000	0,83583697
461,40000000	0,84339377
461,60000000	0,85481608
461,80000000	0,86167883
462,00000000	0,86883932
462,20000000	0,86907271
462,40000000	0,86607263
462,60000000	0,87573080
462,80000000	0,86975418
463,00000000	0,87788867
463,20000000	0,89376402
463,40000000	0,89608845
463,60000000	0,90151919
463,80000000	0,89624074
464,00000000	0,88833998
464,20000000	0,88715840
464,40000000	0,88080099
464,60000000	0,88290767
464,80000000	0,89628945
465,00000000	0,89495399
465,20000000	0,89063921
465,40000000	0,88604284
465,60000000	0,88323306
465,80000000	0,88122660
466,00000000	0,88227730
466,20000000	0,88783686
466,40000000	0,89158512
466,60000000	0,88794865
466,80000000	0,88917979
467,00000000	0,88342317
467,20000000	0,88158999
467,40000000	0,87730817
467,60000000	0,87217635
467,80000000	0,88022929
468,00000000	0,88417455
468,20000000	0,88560436
468,40000000	0,89097282
468,60000000	0,88901328
468,80000000	0,89337588
469,00000000	0,89824186
469,20000000	0,89674287
469,40000000	0,89888218
469,60000000	0,89968663
469,80000000	0,90240186
470,00000000	0,90772935
470,20000000	0,91025420
470,40000000	0,91518045
470,60000000	0,91462301
470,80000000	0,91465669
471,00000000	0,92525930
471,20000000	0,93256504
471,40000000	0,93214265
471,60000000	0,93894536
471,80000000	0,93488552
472,00000000	0,93171373
472,20000000	0,93463437
472,40000000	0,93590870
472,60000000	0,93627324
472,80000000	0,93298363
473,00000000	0,93337959
473,20000000	0,93807533
473,40000000	0,93926423
473,60000000	0,93849747
473,80000000	0,93996632
474,00000000	0,93423902
474,20000000	0,93122493
474,40000000	0,93025039
474,60000000	0,92807197
474,80000000	0,92833381
475,00000000	0,92645023
475,20000000	0,92188230
475,40000000	0,91951145
475,60000000	0,91840257
475,80000000	0,91402059
476,00000000	0,91397010
476,20000000	0,91333853
476,40000000	0,91175763
476,60000000	0,90641803
476,80000000	0,90844986
477,00000000	0,90834913
477,20000000	0,90818483
477,40000000	0,91363555
477,60000000	0,91017364
477,80000000	0,90862253
478,00000000	0,91576431
478,20000000	0,91668705
478,40000000	0,91999545
478,60000000	0,92447170
478,80000000	0,91839521
479,00000000	0,92193136
479,20000000	0,92028163
479,40000000	0,91959555
479,60000000	0,92941065
479,80000000	0,93194468
480,00000000	0,93495461
480,20000000	0,94098835
480,40000000	0,94261319
480,60000000	0,94227054
480,80000000	0,94613710
481,00000000	0,94532012
481,20000000	0,95153146
481,40000000	0,95932901
481,60000000	0,95689000
481,80000000	0,95579651
482,00000000	0,95518442
482,20000000	0,95775552
482,40000000	0,96577187
482,60000000	0,96549426
482,80000000	0,96348698
483,00000000	0,96267352
483,20000000	0,95910760
483,40000000	0,95633845
483,60000000	0,95845155
483,80000000	0,95655269
484,00000000	0,95533958
484,20000000	0,95619096
484,40000000	0,95739921
484,60000000	0,95812954
484,80000000	0,95455245
485,00000000	0,94842582
485,20000000	0,94661414
485,40000000	0,94867674
485,60000000	0,94472005
485,80000000	0,93895256
486,00000000	0,93396022
486,20000000	0,92969806
486,40000000	0,93065401
486,60000000	0,93573989
486,80000000	0,93431037
487,00000000	0,92903144
487,20000000	0,92135079
487,40000000	0,91476631
487,60000000	0,91493055
487,80000000	0,91452036
488,00000000	0,91318318
488,20000000	0,91490852
488,40000000	0,91547154
488,60000000	0,91194826
488,80000000	0,91607024
489,00000000	0,92507082
489,20000000	0,92219371
489,40000000	0,92243513
489,60000000	0,92890932
489,80000000	0,92857282
490,00000000	0,92877369
490,20000000	0,92702237
490,40000000	0,92441259
490,60000000	0,92970161
490,80000000	0,93521380
491,00000000	0,93459494
491,20000000	0,93711883
491,40000000	0,93886196
491,60000000	0,93569935
491,80000000	0,93542669
492,00000000	0,94146252
492,20000000	0,94464372
492,40000000	0,94470815
492,60000000	0,94342724
492,80000000	0,94252227
493,00000000	0,94707319
493,20000000	0,95348956
493,40000000	0,95351780
493,60000000	0,95326552
493,80000000	0,95728650
494,00000000	0,95690953
494,20000000	0,95530122
494,40000000	0,95720286
494,60000000	0,96003620
494,80000000	0,96320128
495,00000000	0,96442602
495,20000000	0,96052962
495,40000000	0,95911559
495,60000000	0,95876100
495,80000000	0,95546082
496,00000000	0,95271382
496,20000000	0,95503412
496,40000000	0,95743180
496,60000000	0,95677003
496,80000000	0,95852303
497,00000000	0,95577180
497,20000000	0,94927821
497,40000000	0,94811204
497,60000000	0,94642407
497,80000000	0,94174155
498,00000000	0,93756039
498,20000000	0,93348978
498,40000000	0,93333800
498,60000000	0,93557417
498,80000000	0,93838291
499,00000000	0,93980393
499,20000000	0,93875238
499,40000000	0,93601174
499,60000000	0,93255397
499,80000000	0,92993994
500,00000000	0,92963587
500,20000000	0,93068873
500,40000000	0,93086256
500,60000000	0,92890419
500,80000000	0,92676130
501,00000000	0,92898673
501,20000000	0,93460047
501,40000000	0,93662291
501,60000000	0,93465305
501,80000000	0,93581299
502,00000000	0,93644250
502,20000000	0,93842824
502,40000000	0,94558038
502,60000000	0,94973434
502,80000000	0,94778619
503,00000000	0,94591438
503,20000000	0,94552720
503,40000000	0,94898344
503,60000000	0,95556821
503,80000000	0,95948626
504,00000000	0,95934667
504,20000000	0,95842683
504,40000000	0,95694132
504,60000000	0,95968844
504,80000000	0,96374067
505,00000000	0,96622720
505,20000000	0,96549497
505,40000000	0,96563188
505,60000000	0,96828163
505,80000000	0,97280721
506,00000000	0,97720244
506,20000000	0,98071430
506,40000000	0,98125460
506,60000000	0,97913563
506,80000000	0,97819694
507,00000000	0,97877883
507,20000000	0,97852586
507,40000000	0,97772049
507,60000000	0,97750109
507,80000000	0,97705974
508,00000000	0,97736507
508,20000000	0,97824093
508,40000000	0,97749185
508,60000000	0,97852873
508,80000000	0,97980762
509,00000000	0,97869602
509,20000000	0,97611047
509,40000000	0,97364155
509,60000000	0,96978092
509,80000000	0,96568278
510,00000000	0,96314226
510,20000000	0,96109180
510,40000000	0,95644809
510,60000000	0,95589643
510,80000000	0,95659715
511,00000000	0,95551733
511,20000000	0,95720029
511,40000000	0,95836590
511,60000000	0,95474670
511,80000000	0,95257951
512,00000000	0,94868536
512,20000000	0,94509319
512,40000000	0,94516615
512,60000000	0,94402058
512,80000000	0,94220977
513,00000000	0,94129704
513,20000000	0,94114193
513,40000000	0,93923190
513,60000000	0,93965999
513,80000000	0,94058458
514,00000000	0,94364108
514,20000000	0,94201927
514,40000000	0,94043346
514,60000000	0,93981456
514,80000000	0,94120861
515,00000000	0,94350663
515,20000000	0,94518867
515,40000000	0,94250138
515,60000000	0,94059805
515,80000000	0,94045795
516,00000000	0,94464429
516,20000000	0,94710671
516,40000000	0,94757147
516,60000000	0,94820886
516,80000000	0,94787504
517,00000000	0,94892997
517,20000000	0,95315028
517,40000000	0,95726748
517,60000000	0,95912711
517,80000000	0,96105573
518,00000000	0,96216763
518,20000000	0,96310780
518,40000000	0,96533666
518,60000000	0,96860824
518,80000000	0,97092345
519,00000000	0,97117725
519,20000000	0,97011904
519,40000000	0,97151663
519,60000000	0,97426763
519,80000000	0,97792753
520,00000000	0,97977480
520,20000000	0,97887356
520,40000000	0,97932545
520,60000000	0,98305052
520,80000000	0,98646416
521,00000000	0,98857822
521,20000000	0,99003174
521,40000000	0,99052537
521,60000000	0,99107852
521,80000000	0,99177274
522,00000000	0,99297640
522,20000000	0,99294052
522,40000000	0,99215787
522,60000000	0,99039841
522,80000000	0,98904216
523,00000000	0,98762172
523,20000000	0,98848420
523,40000000	0,98830832
523,60000000	0,98634096
523,80000000	0,98334963
524,00000000	0,98110006
524,20000000	0,98017624
524,40000000	0,98151201
524,60000000	0,98110711
524,80000000	0,98158438
525,00000000	0,98094895
525,20000000	0,97809399
525,40000000	0,97818572
525,60000000	0,97920776
525,80000000	0,97831922
526,00000000	0,97747803
526,20000000	0,97367291
526,40000000	0,96921992
526,60000000	0,96892904
526,80000000	0,96938884
527,00000000	0,96795397
527,20000000	0,96524530
527,40000000	0,96154453
527,60000000	0,95830160
527,80000000	0,95888436
528,00000000	0,96273696
528,20000000	0,96281427
528,40000000	0,96294215
528,60000000	0,96192677
528,80000000	0,95862073
529,00000000	0,95525103
529,20000000	0,95586629
529,40000000	0,95757570
529,60000000	0,95855821
529,80000000	0,95870568
530,00000000	0,95954212
530,20000000	0,95867691
530,40000000	0,95766252
530,60000000	0,95387304
530,80000000	0,95487022
531,00000000	0,95528447
531,20000000	0,95509090
531,40000000	0,95536658
531,60000000	0,95702124
531,80000000	0,95631568
532,00000000	0,95662394
532,20000000	0,96006220
532,40000000	0,96144062
532,60000000	0,95929867
532,80000000	0,96207753
533,00000000	0,96418527
533,20000000	0,96478579
533,40000000	0,96591223
533,60000000	0,96837565
533,80000000	0,96698376
534,00000000	0,96711109
534,20000000	0,97165659
534,40000000	0,97435592
534,60000000	0,97529048
534,80000000	0,97725603
535,00000000	0,97536110
535,20000000	0,97331071
535,40000000	0,97594445
535,60000000	0,97985856
535,80000000	0,98110212
536,00000000	0,98165131
536,20000000	0,98096622
536,40000000	0,97923089
536,60000000	0,97885018
536,80000000	0,97987284
537,00000000	0,98198075
537,20000000	0,98345722
537,40000000	0,98383036
537,60000000	0,98327633
537,80000000	0,98314750
538,00000000	0,98407944
538,20000000	0,98458937
538,40000000	0,98650378
538,60000000	0,98785505
538,80000000	0,98617313
539,00000000	0,98434144
539,20000000	0,98394123
539,40000000	0,98355939
539,60000000	0,98576652
539,80000000	0,98783298
540,00000000	0,98665467
540,20000000	0,98350845
540,40000000	0,98173521
540,60000000	0,98142823
540,80000000	0,98149776
541,00000000	0,98311617
541,20000000	0,98432950
541,40000000	0,98190897
541,60000000	0,97887926
541,80000000	0,97807207
542,00000000	0,97760252
542,20000000	0,97883525
542,40000000	0,98095428
542,60000000	0,98039838
542,80000000	0,97793353
543,00000000	0,97588569
543,20000000	0,97591800
543,40000000	0,97595174
543,60000000	0,97586099
543,80000000	0,97662618
544,00000000	0,97626301
544,20000000	0,97513826
544,40000000	0,97397446
544,60000000	0,97197814
544,80000000	0,97172262
545,00000000	0,97314409
545,20000000	0,97194624
545,40000000	0,97000530
545,60000000	0,96990647
545,80000000	0,96976373
546,00000000	0,97055974
546,20000000	0,97296754
546,40000000	0,97352621
546,60000000	0,96994905
546,80000000	0,96821595
547,00000000	0,96875332
547,20000000	0,96726893
547,40000000	0,96682871
547,60000000	0,96807760
547,80000000	0,96855691
548,00000000	0,96879521
548,20000000	0,96944900
548,40000000	0,97014260
548,60000000	0,97077675
548,80000000	0,97236467
549,00000000	0,97354391
549,20000000	0,97285880
549,40000000	0,97163681
549,60000000	0,97299394
549,80000000	0,97493939
550,00000000	0,97594267
550,20000000	0,97668884
550,40000000	0,97605504
550,60000000	0,97481105
550,80000000	0,97467239
551,00000000	0,97597448
551,20000000	0,97702298
551,40000000	0,97764483
551,60000000	0,97846396
551,80000000	0,97849542
552,00000000	0,97805252
552,20000000	0,97901432
552,40000000	0,98025578
552,60000000	0,98083895
552,80000000	0,98203983
553,00000000	0,98245056
553,20000000	0,98280567
553,40000000	0,98430561
553,60000000	0,98566978
553,80000000	0,98553146
554,00000000	0,98512061
554,20000000	0,98538758
554,40000000	0,98547410
554,60000000	0,98474825
554,80000000	0,98482908
555,00000000	0,98609227
555,20000000	0,98605967
555,40000000	0,98587072
555,60000000	0,98560328
555,80000000	0,98524123
556,00000000	0,98547638
556,20000000	0,98620449
556,40000000	0,98667423
556,60000000	0,98616317
556,80000000	0,98477944
557,00000000	0,98445389
557,20000000	0,98407337
557,40000000	0,98357543
557,60000000	0,98372992
557,80000000	0,98372817
558,00000000	0,98302140
558,20000000	0,98295491
558,40000000	0,98316701
558,60000000	0,98262874
558,80000000	0,98268443
559,00000000	0,98236982
559,20000000	0,98101992
559,40000000	0,97927789
559,60000000	0,97876733
559,80000000	0,97751795
560,00000000	0,97546175
560,20000000	0,97448209
560,40000000	0,97484786
560,60000000	0,97485034
560,80000000	0,97482272
561,00000000	0,97575771
561,20000000	0,97599526
561,40000000	0,97448674
561,60000000	0,97282098
561,80000000	0,97363423
562,00000000	0,97396203
562,20000000	0,97324283
562,40000000	0,97390749
562,60000000	0,97429351
562,80000000	0,97233288
563,00000000	0,97212008
563,20000000	0,97319888
563,40000000	0,97299687
563,60000000	0,97335788
563,80000000	0,97358194
564,00000000	0,97327387
564,20000000	0,97284748
564,40000000	0,97332934
564,60000000	0,97496703
564,80000000	0,97584524
565,00000000	0,97556717
565,20000000	0,97542295
565,40000000	0,97480350
565,60000000	0,97603932
565,80000000	0,97788882
566,00000000	0,97623714
566,20000000	0,97319032
566,40000000	0,97361986
566,60000000	0,97582261
566,80000000	0,97580920
567,00000000	0,97502919
567,20000000	0,97550346
567,40000000	0,97656144
567,60000000	0,97658125
567,80000000	0,97697907
568,00000000	0,97790590
568,20000000	0,97854500
568,40000000	0,97845777
568,60000000	0,97789652
568,80000000	0,97844243
569,00000000	0,97887528
569,20000000	0,97940831
569,40000000	0,98069238
569,60000000	0,98221634
569,80000000	0,98292707
570,00000000	0,98309671
570,20000000	0,98443582
570,40000000	0,98631171
570,60000000	0,98727607
570,80000000	0,98796380
571,00000000	0,98848291
571,20000000	0,98838871
571,40000000	0,98902308
571,60000000	0,99003611
571,80000000	0,99084257
572,00000000	0,99133813
572,20000000	0,99169855
572,40000000	0,99259808
572,60000000	0,99334771
572,80000000	0,99384846
573,00000000	0,99423799
573,20000000	0,99410843
573,40000000	0,99384534
573,60000000	0,99418534
573,80000000	0,99452964
574,00000000	0,99441665
574,20000000	0,99444861
574,40000000	0,99468778
574,60000000	0,99459536
574,80000000	0,99439448
575,00000000	0,99490720
575,20000000	0,99520030
575,40000000	0,99509589
575,60000000	0,99508745
575,80000000	0,99470274
576,00000000	0,99424405
576,20000000	0,99393624
576,40000000	0,99334602
576,60000000	0,99294478
576,80000000	0,99235194
577,00000000	0,99133273
577,20000000	0,99086311
577,40000000	0,99109463
577,60000000	0,99124651
577,80000000	0,99092221
578,00000000	0,99064494
578,20000000	0,99092204
578,40000000	0,99114641
578,60000000	0,99126253
578,80000000	0,99087727
579,00000000	0,98952128
579,20000000	0,98825350
579,40000000	0,98767553
579,60000000	0,98758230
579,80000000	0,98719432
580,00000000	0,98681350
580,20000000	0,98703568
580,40000000	0,98744614
580,60000000	0,98767427
580,80000000	0,98716560
581,00000000	0,98673823
581,20000000	0,98660723
581,40000000	0,98564967
581,60000000	0,98476881
581,80000000	0,98434263
582,00000000	0,98276105
582,20000000	0,98099314
582,40000000	0,97991711
582,60000000	0,97914006
582,80000000	0,97923176
583,00000000	0,97951381
583,20000000	0,98087793
583,40000000	0,98232440
583,60000000	0,98260751
583,80000000	0,98306226
584,00000000	0,98297854
584,20000000	0,98283231
584,40000000	0,98244445
584,60000000	0,98277041
584,80000000	0,98387253
585,00000000	0,98325179
585,20000000	0,98282984
585,40000000	0,98372205
585,60000000	0,98396229
585,80000000	0,98397773
586,00000000	0,98385764
586,20000000	0,98397172
586,40000000	0,98372000
586,60000000	0,98282947
586,80000000	0,98227983
587,00000000	0,98144653
587,20000000	0,98114463
587,40000000	0,98141866
587,60000000	0,98123299
587,80000000	0,98185357
588,00000000	0,98381003
588,20000000	0,98653213
588,40000000	0,98831626
588,60000000	0,98935999
588,80000000	0,99047529
589,00000000	0,99090928
589,20000000	0,99107029
589,40000000	0,99081232
589,60000000	0,99046849
589,80000000	0,98996325
590,00000000	0,98925361
590,20000000	0,98919319
590,40000000	0,98908724
590,60000000	0,98900164
590,80000000	0,98901180
591,00000000	0,98935044
591,20000000	0,99073002
591,40000000	0,99203541
591,60000000	0,99254893
591,80000000	0,99278030
592,00000000	0,99365238
592,20000000	0,99423360
592,40000000	0,99429978
592,60000000	0,99489090
592,80000000	0,99572468
593,00000000	0,99566765
593,20000000	0,99518845
593,40000000	0,99544198
593,60000000	0,99552032
593,80000000	0,99524341
594,00000000	0,99495753
594,20000000	0,99451738
594,40000000	0,99409339
594,60000000	0,99405470
594,80000000	0,99388718
595,00000000	0,99365813
595,20000000	0,99420520
595,40000000	0,99464551
595,60000000	0,99449730
595,80000000	0,99449106
596,00000000	0,99434043
596,20000000	0,99405699
596,40000000	0,99355783
596,60000000	0,99315253
596,80000000	0,99325769
597,00000000	0,99309688
597,20000000	0,99250701
597,40000000	0,99191711
597,60000000	0,99131668
597,80000000	0,99078603
598,00000000	0,99042120
598,20000000	0,99015328
598,40000000	0,99008957
598,60000000	0,98980741
598,80000000	0,98949139
599,00000000	0,98968761
599,20000000	0,98968108
599,40000000	0,98880613
599,60000000	0,98804857
599,80000000	0,98737531
600,00000000	0,98715232
600,20000000	0,98718993
600,40000000	0,98641648
600,60000000	0,98531196
600,80000000	0,98459137
601,00000000	0,98443943
601,20000000	0,98407952
601,40000000	0,98374493
601,60000000	0,98358619
601,80000000	0,98382512
602,00000000	0,98387430
602,20000000	0,98355590
602,40000000	0,98339315
602,60000000	0,98291509
602,80000000	0,98222833
603,00000000	0,98249902
603,20000000	0,98312348
603,40000000	0,98266561
603,60000000	0,98211917
603,80000000	0,98189971
604,00000000	0,98217918
604,20000000	0,98236745
604,40000000	0,98168327
604,60000000	0,98171497
604,80000000	0,98251004
605,00000000	0,98287536
605,20000000	0,98316508
605,40000000	0,98389855
605,60000000	0,98475793
605,80000000	0,98423617
606,00000000	0,98325897
606,20000000	0,98335470
606,40000000	0,98381473
606,60000000	0,98463779
606,80000000	0,98500598
607,00000000	0,98526637
607,20000000	0,98683259
607,40000000	0,98830716
607,60000000	0,98872910
607,80000000	0,98898606
608,00000000	0,98942890
608,20000000	0,98985370
608,40000000	0,98960500
608,60000000	0,98915076
608,80000000	0,98993379
609,00000000	0,99052158
609,20000000	0,99009109
609,40000000	0,98999485
609,60000000	0,99099737
609,80000000	0,99216815
610,00000000	0,99265344
610,20000000	0,99296944
610,40000000	0,99342262
610,60000000	0,99385037
610,80000000	0,99411463
611,00000000	0,99419314
611,20000000	0,99450403
611,40000000	0,99512996
611,60000000	0,99560952
611,80000000	0,99535824
612,00000000	0,99516117
612,20000000	0,99584125
612,40000000	0,99621716
612,60000000	0,99626417
612,80000000	0,99653986
613,00000000	0,99661055
613,20000000	0,99679448
613,40000000	0,99705269
613,60000000	0,99695405
613,80000000	0,99695544
614,00000000	0,99700884
614,20000000	0,99716310
614,40000000	0,99766531
614,60000000	0,99801550
614,80000000	0,99784689
615,00000000	0,99751588
615,20000000	0,99745858
615,40000000	0,99739832
615,60000000	0,99713621
615,80000000	0,99695212
616,00000000	0,99701502
616,20000000	0,99660361
616,40000000	0,99589657
616,60000000	0,99568200
616,80000000	0,99519779
617,00000000	0,99445106
617,20000000	0,99380730
617,40000000	0,99339100
617,60000000	0,99329964
617,80000000	0,99301127
618,00000000	0,99242485
618,20000000	0,99213505
618,40000000	0,99230581
618,60000000	0,99183140
618,80000000	0,99053435
619,00000000	0,99021912
619,20000000	0,99058342
619,40000000	0,98976606
619,60000000	0,98829286
619,80000000	0,98713098
620,00000000	0,98635988
620,20000000	0,98557555
620,40000000	0,98491774
620,60000000	0,98436201
620,80000000	0,98344448
621,00000000	0,98311456
621,20000000	0,98270884
621,40000000	0,98152996
621,60000000	0,98134179
621,80000000	0,98220875
622,00000000	0,98229515
622,20000000	0,98107766
622,40000000	0,97996251
622,60000000	0,98013549
622,80000000	0,98039803
623,00000000	0,97952935
623,20000000	0,97807838
623,40000000	0,97778117
623,60000000	0,97812737
623,80000000	0,97699759
624,00000000	0,97607145
624,20000000	0,97671530
624,40000000	0,97747645
624,60000000	0,97749416
624,80000000	0,97660580
625,00000000	0,97625831
625,20000000	0,97650617
625,40000000	0,97606122
625,60000000	0,97570620
625,80000000	0,97587773
626,00000000	0,97623219
626,20000000	0,97611792
626,40000000	0,97582260
626,60000000	0,97602950
626,80000000	0,97651124
627,00000000	0,97707832
627,20000000	0,97760869
627,40000000	0,97899304
627,60000000	0,97946610
627,80000000	0,97886088
628,00000000	0,97932670
628,20000000	0,98018896
628,40000000	0,98112434
628,60000000	0,98100731
628,80000000	0,98069816
629,00000000	0,98148857
629,20000000	0,98143012
629,40000000	0,98154532
629,60000000	0,98242404
629,80000000	0,98351321
630,00000000	0,98449522
630,20000000	0,98455855
630,40000000	0,98496134
630,60000000	0,98558881
630,80000000	0,98656046
631,00000000	0,98734873
631,20000000	0,98778786
631,40000000	0,98847318
631,60000000	0,98891932
631,80000000	0,98951262
632,00000000	0,98928828
632,20000000	0,98878289
632,40000000	0,98966187
632,60000000	0,99124225
632,80000000	0,99261556
633,00000000	0,99312184
633,20000000	0,99330097
633,40000000	0,99414325
633,60000000	0,99481257
633,80000000	0,99482858
634,00000000	0,99510785
634,20000000	0,99593376
634,40000000	0,99627917
634,60000000	0,99573023
634,80000000	0,99535486
635,00000000	0,99606217
635,20000000	0,99665035
635,40000000	0,99682286
635,60000000	0,99754299
635,80000000	0,99830175
636,00000000	0,99847236
636,20000000	0,99844128
636,40000000	0,99871345
636,60000000	0,99896885
636,80000000	0,99890017
637,00000000	0,99893255
637,20000000	0,99869463
637,40000000	0,99791653
637,60000000	0,99738105
637,80000000	0,99739644
638,00000000	0,99741239
638,20000000	0,99712331
638,40000000	0,99731473
638,60000000	0,99784010
638,80000000	0,99761361
639,00000000	0,99696691
639,20000000	0,99681415
639,40000000	0,99692909
639,60000000	0,99653374
639,80000000	0,99566070
640,00000000	0,99476557
640,20000000	0,99374374
640,40000000	0,99306873
640,60000000	0,99275607
640,80000000	0,99218099
641,00000000	0,99137924
641,20000000	0,99145739
641,40000000	0,99196117
641,60000000	0,99221245
641,80000000	0,99225651
642,00000000	0,99141856
642,20000000	0,99035794
642,40000000	0,98988549
642,60000000	0,98955166
642,80000000	0,98865002
643,00000000	0,98775741
643,20000000	0,98771488
643,40000000	0,98705815
643,60000000	0,98600680
643,80000000	0,98556233
644,00000000	0,98538077
644,20000000	0,98464929
644,40000000	0,98391054
644,60000000	0,98390036
644,80000000	0,98357357
645,00000000	0,98380416
645,20000000	0,98404208
645,40000000	0,98240111
645,60000000	0,98088310
645,80000000	0,98151347
646,00000000	0,98260713
646,20000000	0,98135128
646,40000000	0,97926199
646,60000000	0,98002884
646,80000000	0,98132912
647,00000000	0,98052113
647,20000000	0,97997443
647,40000000	0,98038895
647,60000000	0,98030677
647,80000000	0,98071085
648,00000000	0,98138602
648,20000000	0,98115584
648,40000000	0,98087734
648,60000000	0,98111699
648,80000000	0,98141101
649,00000000	0,98183559
649,20000000	0,98223165
649,40000000	0,98254894
649,60000000	0,98308726
649,80000000	0,98342104
650,00000000	0,98328203
650,20000000	0,98265915
650,40000000	0,98171327
650,60000000	0,98182155
650,80000000	0,98249286
651,00000000	0,98286029
651,20000000	0,98363484
651,40000000	0,98480789
651,60000000	0,98599710
651,80000000	0,98657460
652,00000000	0,98697353
652,20000000	0,98779535
652,40000000	0,98885933
652,60000000	0,98905915
652,80000000	0,98859030
653,00000000	0,98865328
653,20000000	0,98856430
653,40000000	0,98838018
653,60000000	0,98882932
653,80000000	0,98899920
654,00000000	0,98911382
654,20000000	0,98989645
654,40000000	0,99121289
654,60000000	0,99173230
654,80000000	0,99141453
655,00000000	0,99194231
655,20000000	0,99224425
655,40000000	0,99246998
655,60000000	0,99300639
655,80000000	0,99350547
656,00000000	0,99388553
656,20000000	0,99463605
656,40000000	0,99517166
656,60000000	0,99502474
656,80000000	0,99502585
657,00000000	0,99474945
657,20000000	0,99471116
657,40000000	0,99468226
657,60000000	0,99403780
657,80000000	0,99407141
658,00000000	0,99475479
658,20000000	0,99524927
658,40000000	0,99524464
658,60000000	0,99504493
658,80000000	0,99509973
659,00000000	0,99551402
659,20000000	0,99557846
659,40000000	0,99500656
659,60000000	0,99478282
659,80000000	0,99434852
660,00000000	0,99364526
660,20000000	0,99371310
660,40000000	0,99350688
660,60000000	0,99282381
660,80000000	0,99271248
661,00000000	0,99277221
661,20000000	0,99247042
661,40000000	0,99206787
661,60000000	0,99149500
661,80000000	0,99122518
662,00000000	0,99131256
662,20000000	0,99112794
662,40000000	0,99076997
662,60000000	0,99050348
662,80000000	0,99027827
663,00000000	0,98958592
663,20000000	0,98882082
663,40000000	0,98827245
663,60000000	0,98698521
663,80000000	0,98562420
664,00000000	0,98522034
664,20000000	0,98526585
664,40000000	0,98476241
664,60000000	0,98360584
664,80000000	0,98354032
665,00000000	0,98334336
665,20000000	0,98316188
665,40000000	0,98354760
665,60000000	0,98337724
665,80000000	0,98385180
666,00000000	0,98357047
666,20000000	0,98250311
666,40000000	0,98154896
666,60000000	0,98080320
666,80000000	0,98013093
667,00000000	0,97950818
667,20000000	0,97911532
667,40000000	0,97932383
667,60000000	0,98004233
667,80000000	0,97962174
668,00000000	0,97950355
668,20000000	0,98032544
668,40000000	0,97964047
668,60000000	0,97809730
668,80000000	0,97791879
669,00000000	0,97854273
669,20000000	0,97915382
669,40000000	0,97905223
669,60000000	0,97846892
669,80000000	0,97812577
670,00000000	0,97729790
670,20000000	0,97739196
670,40000000	0,97743954
670,60000000	0,97678416
670,80000000	0,97732755
671,00000000	0,97884919
671,20000000	0,97912038
671,40000000	0,97875737
671,60000000	0,97909381
671,80000000	0,97932931
672,00000000	0,97967809
672,20000000	0,98013932
672,40000000	0,98033857
672,60000000	0,97996851
672,80000000	0,98022941
673,00000000	0,98105732
673,20000000	0,98123131
673,40000000	0,98121698
673,60000000	0,98207643
673,80000000	0,98255784
674,00000000	0,98217259
674,20000000	0,98318516
674,40000000	0,98474280
674,60000000	0,98512895
674,80000000	0,98582713
675,00000000	0,98602930
675,20000000	0,98623051
675,40000000	0,98633877
675,60000000	0,98653387
675,80000000	0,98746590
676,00000000	0,98822779
676,20000000	0,98869084
676,40000000	0,98922342
676,60000000	0,98967577
676,80000000	0,98987925
677,00000000	0,99006960
677,20000000	0,99008696
677,40000000	0,99080115
677,60000000	0,99208660
677,80000000	0,99247702
678,00000000	0,99278292
678,20000000	0,99352429
678,40000000	0,99370931
678,60000000	0,99315161
678,80000000	0,99368448
679,00000000	0,99459812
679,20000000	0,99491962
679,40000000	0,99514687
679,60000000	0,99548007
679,80000000	0,99534603
680,00000000	0,99517219
680,20000000	0,99561273
680,40000000	0,99569205
680,60000000	0,99538614
680,80000000	0,99518447
681,00000000	0,99551174
681,20000000	0,99574614
681,40000000	0,99598685
681,60000000	0,99603155
681,80000000	0,99579796
682,00000000	0,99531174
682,20000000	0,99511341
682,40000000	0,99505269
682,60000000	0,99488628
682,80000000	0,99500337
683,00000000	0,99475985
683,20000000	0,99414619
683,40000000	0,99344549
683,60000000	0,99284310
683,80000000	0,99287401
684,00000000	0,99302608
684,20000000	0,99302184
684,40000000	0,99307494
684,60000000	0,99282464
684,80000000	0,99231977
685,00000000	0,99157420
685,20000000	0,99047758
685,40000000	0,99043041
685,60000000	0,99040988
685,80000000	0,98960863
686,00000000	0,98812936
686,20000000	0,98806723
686,40000000	0,98814322
686,60000000	0,98795294
686,80000000	0,98797237
687,00000000	0,98739476
687,20000000	0,98640913
687,40000000	0,98567452
687,60000000	0,98561247
687,80000000	0,98546146
688,00000000	0,98477102
688,20000000	0,98369460
688,40000000	0,98285327
688,60000000	0,98345408
688,80000000	0,98384900
689,00000000	0,98306963
689,20000000	0,98233369
689,40000000	0,98119518
689,60000000	0,98037783
689,80000000	0,98061817
690,00000000	0,98186948
690,20000000	0,98185990
690,40000000	0,98108364
690,60000000	0,97998458
690,80000000	0,97946506
691,00000000	0,97902604
691,20000000	0,97979322
691,40000000	0,97970615
691,60000000	0,97950129
691,80000000	0,97934067
692,00000000	0,97919177
692,20000000	0,97907294
692,40000000	0,97965884
692,60000000	0,98025435
692,80000000	0,98061085
693,00000000	0,97980194
693,20000000	0,97965244
693,40000000	0,97993733
693,60000000	0,98001164
693,80000000	0,98026099
694,00000000	0,98115743
694,20000000	0,98149745
694,40000000	0,98168763
694,60000000	0,98164180
694,80000000	0,98190832
695,00000000	0,98227621
695,20000000	0,98281514
695,40000000	0,98238306
695,60000000	0,98270020
695,80000000	0,98292094
696,00000000	0,98331095
696,20000000	0,98409061
696,40000000	0,98453990
696,60000000	0,98430715
696,80000000	0,98445150
697,00000000	0,98440550
697,20000000	0,98515610
697,40000000	0,98549863
697,60000000	0,98638895
697,80000000	0,98710439
698,00000000	0,98756328
698,20000000	0,98809117
698,40000000	0,98803335
698,60000000	0,98834105
698,80000000	0,98868224
699,00000000	0,98864064
699,20000000	0,98884693
699,40000000	0,98888656
699,60000000	0,98954203
699,80000000	0,99100410
700,00000000	0,99167109
700,20000000	0,99223079
700,40000000	0,99218567
700,60000000	0,99225396
700,80000000	0,99216336
701,00000000	0,99191634
701,20000000	0,99204730
701,40000000	0,99249243
701,60000000	0,99296863
701,80000000	0,99352403
702,00000000	0,99471539
702,20000000	0,99507796
702,40000000	0,99480851
702,60000000	0,99448556
702,80000000	0,99461173
703,00000000	0,99444600
703,20000000	0,99412890
703,40000000	0,99395972
703,60000000	0,99396833
703,80000000	0,99401200
704,00000000	0,99453015
704,20000000	0,99494108
704,40000000	0,99469814
704,60000000	0,99430135
704,80000000	0,99435922
705,00000000	0,99362036
705,20000000	0,99331644
705,40000000	0,99361268
705,60000000	0,99333114
705,80000000	0,99293761
706,00000000	0,99306966
706,20000000	0,99300262
706,40000000	0,99293461
706,60000000	0,99317161
706,80000000	0,99285920
707,00000000	0,99131496
707,20000000	0,99019627
707,40000000	0,98950039
707,60000000	0,98898956
707,80000000	0,98852475
708,00000000	0,98811583
708,20000000	0,98822997
708,40000000	0,98804941
708,60000000	0,98811484
708,80000000	0,98813363
709,00000000	0,98702323
709,20000000	0,98582205
709,40000000	0,98529318
709,60000000	0,98388319
709,80000000	0,98421570
710,00000000	0,98510292
710,20000000	0,98484975
710,40000000	0,98469261
710,60000000	0,98464884
710,80000000	0,98383446
711,00000000	0,98335542
711,20000000	0,98200680
711,40000000	0,98053341
711,60000000	0,97991782
711,80000000	0,98027443
712,00000000	0,98072321
712,20000000	0,98121021
712,40000000	0,98081867
712,60000000	0,98020651
712,80000000	0,97970491
713,00000000	0,97804072
713,20000000	0,97698797
713,40000000	0,97621018
713,60000000	0,97598168
713,80000000	0,97683701
714,00000000	0,97780349
714,20000000	0,97815630
714,40000000	0,97769337
714,60000000	0,97731592
714,80000000	0,97740687
715,00000000	0,97696372
715,20000000	0,97573608
715,40000000	0,97622110
715,60000000	0,97766624
715,80000000	0,97848578
716,00000000	0,97843581
716,20000000	0,97813104
716,40000000	0,97786915
716,60000000	0,97741883
716,80000000	0,97728363
717,00000000	0,97755911
717,20000000	0,97812114
717,40000000	0,97912042
717,60000000	0,97992507
717,80000000	0,97980525
718,00000000	0,97920458
718,20000000	0,97919133
718,40000000	0,97870638
718,60000000	0,97898197
718,80000000	0,97989605
719,00000000	0,98032141
719,20000000	0,98095293
719,40000000	0,98176245
719,60000000	0,98205148
719,80000000	0,98138384
720,00000000	0,98189589
720,20000000	0,98361227
720,40000000	0,98432062
720,60000000	0,98467160
720,80000000	0,98576741
721,00000000	0,98584369
721,20000000	0,98551999
721,40000000	0,98607880
721,60000000	0,98615709
721,80000000	0,98681302
722,00000000	0,98793137
722,20000000	0,98825814
722,40000000	0,98829335
722,60000000	0,98949361
722,80000000	0,99015283
723,00000000	0,98989294
723,20000000	0,98989554
723,40000000	0,99033359
723,60000000	0,99154418
723,80000000	0,99239345
724,00000000	0,99269397
724,20000000	0,99291856
724,40000000	0,99333904
724,60000000	0,99358131
724,80000000	0,99329081
725,00000000	0,99371667
725,20000000	0,99427580
725,40000000	0,99518386
725,60000000	0,99567677
725,80000000	0,99520823
726,00000000	0,99467776
726,20000000	0,99488958
726,40000000	0,99532360
726,60000000	0,99528587
726,80000000	0,99540443
727,00000000	0,99541901
727,20000000	0,99549858
727,40000000	0,99552451
727,60000000	0,99520682
727,80000000	0,99510934
728,00000000	0,99541721
728,20000000	0,99578653
728,40000000	0,99539292
728,60000000	0,99509165
728,80000000	0,99556115
729,00000000	0,99598235
729,20000000	0,99539051
729,40000000	0,99494512
729,60000000	0,99463346
729,80000000	0,99416991
730,00000000	0,99401832
730,20000000	0,99388305
730,40000000	0,99352774
730,60000000	0,99361294
730,80000000	0,99358333
731,00000000	0,99245506
731,20000000	0,99189168
731,40000000	0,99181808
731,60000000	0,99128049
731,80000000	0,99120793
732,00000000	0,99109132
732,20000000	0,99060430
732,40000000	0,99044086
732,60000000	0,98951168
732,80000000	0,98936224
733,00000000	0,99017810
733,20000000	0,99005426
733,40000000	0,98961384
733,60000000	0,98952126
733,80000000	0,98947674
734,00000000	0,98883060
734,20000000	0,98793002
734,40000000	0,98724848
734,60000000	0,98766306
734,80000000	0,98815618
735,00000000	0,98756650
735,20000000	0,98659279
735,40000000	0,98594598
735,60000000	0,98608437
735,80000000	0,98551778
736,00000000	0,98508136
736,20000000	0,98560308
736,40000000	0,98635138
736,60000000	0,98527348
736,80000000	0,98447550
737,00000000	0,98454944
737,20000000	0,98463406
737,40000000	0,98512189
737,60000000	0,98516477
737,80000000	0,98461317
738,00000000	0,98381707
738,20000000	0,98404273
738,40000000	0,98406474
738,60000000	0,98443449
738,80000000	0,98510169
739,00000000	0,98469017
739,20000000	0,98446039
739,40000000	0,98499054
739,60000000	0,98550806
739,80000000	0,98627648
740,00000000	0,98583224
740,20000000	0,98529044
740,40000000	0,98575306
740,60000000	0,98608241
740,80000000	0,98660484
741,00000000	0,98681952
741,20000000	0,98663755
741,40000000	0,98611231
741,60000000	0,98617869
741,80000000	0,98670962
742,00000000	0,98706437
742,20000000	0,98815677
742,40000000	0,98871080
742,60000000	0,98895653
742,80000000	0,98855998
743,00000000	0,98910716
743,20000000	0,98905618
743,40000000	0,99005584
743,60000000	0,99066220
743,80000000	0,99066062
744,00000000	0,99081239
744,20000000	0,99093829
744,40000000	0,99129252
744,60000000	0,99219974
744,80000000	0,99198516
745,00000000	0,99185862
745,20000000	0,99262154
745,40000000	0,99267592
745,60000000	0,99292443
745,80000000	0,99317571
746,00000000	0,99339043
746,20000000	0,99382396
746,40000000	0,99405714
746,60000000	0,99372733
746,80000000	0,99429057
747,00000000	0,99489039
747,20000000	0,99485304
747,40000000	0,99498166
747,60000000	0,99468475
747,80000000	0,99472244
748,00000000	0,99518451
748,20000000	0,99521555
748,40000000	0,99531198
748,60000000	0,99549069
748,80000000	0,99541915
749,00000000	0,99562187
749,20000000	0,99599365
749,40000000	0,99569045
749,60000000	0,99620696
749,80000000	0,99606892
750,00000000	0,99553548
750,20000000	0,99575666
750,40000000	0,99523211
750,60000000	0,99481604
750,80000000	0,99539936
751,00000000	0,99483642
751,20000000	0,99422662
751,40000000	0,99423318
751,60000000	0,99361155
751,80000000	0,99405728
752,00000000	0,99436435
752,20000000	0,99375609
752,40000000	0,99373254
752,60000000	0,99325385
752,80000000	0,99268410
753,00000000	0,99311171
753,20000000	0,99196659
753,40000000	0,99214780
753,60000000	0,99201302
753,80000000	0,99082427
754,00000000	0,99085808
754,20000000	0,99089296
754,40000000	0,99017684
754,60000000	0,99082113
754,80000000	0,98975133
755,00000000	0,98890486
755,20000000	0,98959578
755,40000000	0,98909182
755,60000000	0,98887532
755,80000000	0,98884009
756,00000000	0,98716297
756,20000000	0,98626912
756,40000000	0,98649229
756,60000000	0,98532236
756,80000000	0,98605334
757,00000000	0,98562086
757,20000000	0,98477475
757,40000000	0,98534047
757,60000000	0,98595341
757,80000000	0,98517114
758,00000000	0,98582484
758,20000000	0,98490351
758,40000000	0,98423518
758,60000000	0,98358333
758,80000000	0,98230777
759,00000000	0,98178413
759,20000000	0,98171618
759,40000000	0,98240684
759,60000000	0,98303860
759,80000000	0,98219957
760,00000000	0,98209593
760,20000000	0,98292172
760,40000000	0,98233410
760,60000000	0,98322164
760,80000000	0,98363513
761,00000000	0,98229949
761,20000000	0,98194474
761,40000000	0,98187291
761,60000000	0,98160951
761,80000000	0,98158832
762,00000000	0,98041764
762,20000000	0,98101652
762,40000000	0,98196424
762,60000000	0,98108398
762,80000000	0,98155070
763,00000000	0,98258026
763,20000000	0,98259588
763,40000000	0,98200097
763,60000000	0,98181241
763,80000000	0,98175120
764,00000000	0,98221900
764,20000000	0,98166796
764,40000000	0,98181898
764,60000000	0,98289683
764,80000000	0,98337879
765,00000000	0,98380404
765,20000000	0,98378779
765,40000000	0,98428125
765,60000000	0,98422856
765,80000000	0,98501080
766,00000000	0,98540627
766,20000000	0,98462642
766,40000000	0,98435692
766,60000000	0,98467626
766,80000000	0,98503999
767,00000000	0,98597315
767,20000000	0,98595073
767,40000000	0,98532016
767,60000000	0,98624951
767,80000000	0,98619138
768,00000000	0,98676580
768,20000000	0,98817271
768,40000000	0,98803260
768,60000000	0,98783834
768,80000000	0,98812427
769,00000000	0,98750148
769,20000000	0,98793691
769,40000000	0,98867348
769,60000000	0,98926756
769,80000000	0,99011534
770,00000000	0,99012999
770,20000000	0,99003145
770,40000000	0,99095875
770,60000000	0,99075287
770,80000000	0,99081265
771,00000000	0,99161105
771,20000000	0,99097366
771,40000000	0,99127826
771,60000000	0,99148507
771,80000000	0,99179847
772,00000000	0,99230628
772,20000000	0,99263762
772,40000000	0,99333145
772,60000000	0,99346475
772,80000000	0,99308587
773,00000000	0,99319672
773,20000000	0,99361483
773,40000000	0,99390934
773,60000000	0,99362973
773,80000000	0,99354113
774,00000000	0,99354081
774,20000000	0,99360810
774,40000000	0,99399751
774,60000000	0,99403272
774,80000000	0,99425280
775,00000000	0,99455643
775,20000000	0,99443452
775,40000000	0,99470999
775,60000000	0,99461010
775,80000000	0,99431874
776,00000000	0,99444015
776,20000000	0,99465382
776,40000000	0,99457782
776,60000000	0,99491390
776,80000000	0,99501112
777,00000000	0,99438260
777,20000000	0,99465916
777,40000000	0,99499777
777,60000000	0,99507836
777,80000000	0,99446548
778,00000000	0,99401419
778,20000000	0,99446660
778,40000000	0,99366085
778,60000000	0,99346605
778,80000000	0,99393478
779,00000000	0,99376729
779,20000000	0,99446686
779,40000000	0,99356743
779,60000000	0,99323294
779,80000000	0,99391711
780,00000000	0,99350094
780,20000000	0,99315675
780,40000000	0,99326430
780,60000000	0,99278167
780,80000000	0,99295993
781,00000000	0,99302808
781,20000000	0,99266977
781,40000000	0,99233593
781,60000000	0,99200978
781,80000000	0,99195435
782,00000000	0,99211609
782,20000000	0,99179294
782,40000000	0,99156853
782,60000000	0,99142433
782,80000000	0,99163459
783,00000000	0,99155948
783,20000000	0,99127307
783,40000000	0,99038663
783,60000000	0,99079684
783,80000000	0,99096321
784,00000000	0,99013005
784,20000000	0,99030138
784,40000000	0,99002108
784,60000000	0,98959212
784,80000000	0,99010171
785,00000000	0,99006539
785,20000000	0,99026456
785,40000000	0,98966721
785,60000000	0,98888893
785,80000000	0,98891172
786,00000000	0,98835023
786,20000000	0,98912270
786,40000000	0,98900555
786,60000000	0,98827891
786,80000000	0,98877909
787,00000000	0,98863479
787,20000000	0,98912101
787,40000000	0,98862158
787,60000000	0,98794744
787,80000000	0,98862375
788,00000000	0,98833628
788,20000000	0,98767802
788,40000000	0,98736197
788,60000000	0,98795536
788,80000000	0,98868625
789,00000000	0,98901416
789,20000000	0,98881599
789,40000000	0,98821759
789,60000000	0,98815688
789,80000000	0,98893680
790,00000000	0,98932575
790,20000000	0,98839134
790,40000000	0,98852352
790,60000000	0,98894685
790,80000000	0,98873233
791,00000000	0,98904469
791,20000000	0,98896851
791,40000000	0,98895595
791,60000000	0,98962481
791,80000000	0,98936779
792,00000000	0,98969056
792,20000000	0,98992597
792,40000000	0,99028477
792,60000000	0,99060862
792,80000000	0,99018061
793,00000000	0,99019058
793,20000000	0,99049391
793,40000000	0,99028790
793,60000000	0,99046071
793,80000000	0,99082934
794,00000000	0,99131018
794,20000000	0,99182055
794,40000000	0,99172280
794,60000000	0,99149163
794,80000000	0,99204199
795,00000000	0,99245741
795,20000000	0,99277228
795,40000000	0,99274653
795,60000000	0,99231857
795,80000000	0,99258297
796,00000000	0,99301588
796,20000000	0,99344016
796,40000000	0,99377804
796,60000000	0,99389594
796,80000000	0,99381452
797,00000000	0,99367705
797,20000000	0,99417634
797,40000000	0,99418368
797,60000000	0,99465212
797,80000000	0,99467964
798,00000000	0,99470927
798,20000000	0,99487607
798,40000000	0,99481389
798,60000000	0,99482542
798,80000000	0,99468257
799,00000000	0,99508853
799,20000000	0,99553438
799,40000000	0,99541463
799,60000000	0,99564251
799,80000000	0,99553617
800,00000000	0,99565816
800,20000000	0,99573052
800,40000000	0,99499166
800,60000000	0,99544801
800,80000000	0,99558066
801,00000000	0,99535557
801,20000000	0,99573698
801,40000000	0,99520050
801,60000000	0,99560121
801,80000000	0,99559774
802,00000000	0,99466001
802,20000000	0,99481587
802,40000000	0,99483044
802,60000000	0,99458894
802,80000000	0,99497476
803,00000000	0,99408144
803,20000000	0,99429456
803,40000000	0,99445404
803,60000000	0,99425096
803,80000000	0,99442456
804,00000000	0,99354084
804,20000000	0,99285342
804,40000000	0,99292835
804,60000000	0,99324462
804,80000000	0,99280697
805,00000000	0,99235561
805,20000000	0,99267213
805,40000000	0,99228362
805,60000000	0,99149825
805,80000000	0,99162152
806,00000000	0,99108270
806,20000000	0,99051653
806,40000000	0,99146456
806,60000000	0,99114344
806,80000000	0,99043589
807,00000000	0,98995225
807,20000000	0,98956559
807,40000000	0,98908383
807,60000000	0,98944539
807,80000000	0,98846740
808,00000000	0,98812475
808,20000000	0,98907204
808,40000000	0,98844923
808,60000000	0,98851600
808,80000000	0,98748377
809,00000000	0,98743755
809,20000000	0,98717238
809,40000000	0,98634589
809,60000000	0,98824689
809,80000000	0,98726908
810,00000000	0,98720665
810,20000000	0,98677673
810,40000000	0,98496624
810,60000000	0,98603007
810,80000000	0,98531847
811,00000000	0,98505910
811,20000000	0,98589889
811,40000000	0,98531581
811,60000000	0,98610568
811,80000000	0,98571242
812,00000000	0,98563386
812,20000000	0,98665142
812,40000000	0,98434938
812,60000000	0,98445397
812,80000000	0,98425867
813,00000000	0,98542435
813,20000000	0,98584102
813,40000000	0,98603719
813,60000000	0,98591510
813,80000000	0,98475702
814,00000000	0,98521974
814,20000000	0,98562788
814,40000000	0,98668796
814,60000000	0,98485660
814,80000000	0,98610722
815,00000000	0,98699607
815,20000000	0,98634195
815,40000000	0,98667660
815,60000000	0,98572159
815,80000000	0,98781257
816,00000000	0,98786238
816,20000000	0,98773394
816,40000000	0,98792753
816,60000000	0,98700823
816,80000000	0,98805932
817,00000000	0,98811719
817,20000000	0,98926674
817,40000000	0,98940256
817,60000000	0,98907899
817,80000000	0,98993843
818,00000000	0,98921584
818,20000000	0,99001489
818,40000000	0,99068502
818,60000000	0,98952976
818,80000000	0,99006626
819,00000000	0,99078219
819,20000000	0,99247964
819,40000000	0,99179754
819,60000000	0,99207830
819,80000000	0,99199810
820,00000000	0,99227856
820,20000000	0,99293115
820,40000000	0,99188756
820,60000000	0,99282740
820,80000000	0,99296898
821,00000000	0,99383962
821,20000000	0,99411464
821,40000000	0,99345638
821,60000000	0,99375976
821,80000000	0,99361096
822,00000000	0,99454040
822,20000000	0,99449420
822,40000000	0,99401080
822,60000000	0,99518597
822,80000000	0,99463364
823,00000000	0,99488833
823,20000000	0,99474468
823,40000000	0,99383987
823,60000000	0,99476865
823,80000000	0,99459056
824,00000000	0,99505551
824,20000000	0,99464098
824,40000000	0,99415871
824,60000000	0,99450548
824,80000000	0,99401209
825,00000000	0,99470935
825,20000000	0,99374779
825,40000000	0,99458529
825,60000000	0,99370674
825,80000000	0,99360065
826,00000000	0,99405512
826,20000000	0,99250528
826,40000000	0,99234666
826,60000000	0,99219325
826,80000000	0,99242196
827,00000000	0,99248980
827,20000000	0,99248749
827,40000000	0,99185271
827,60000000	0,99028014
827,80000000	0,99043151
828,00000000	0,99034189
828,20000000	0,98992381
828,40000000	0,99094855
828,60000000	0,98976041
828,80000000	0,98896773
829,00000000	0,98881849
829,20000000	0,98872310
829,40000000	0,98790161
829,60000000	0,98775489
829,80000000	0,98765207
830,00000000	0,98736844
830,20000000	0,98751333
830,40000000	0,98716700
830,60000000	0,98625281
830,80000000	0,98553443
831,00000000	0,98448206
831,20000000	0,98576526
831,40000000	0,98599314
831,60000000	0,98580515
831,80000000	0,98449162
832,00000000	0,98460591
832,20000000	0,98455851
832,40000000	0,98419715
832,60000000	0,98359844
832,80000000	0,98262801
833,00000000	0,98474863
833,20000000	0,98369613
833,40000000	0,98353214
833,60000000	0,98286721
833,80000000	0,98241919
834,00000000	0,98304694
834,20000000	0,98258172
834,40000000	0,98303456
834,60000000	0,98237241
834,80000000	0,98279718
835,00000000	0,98231687
835,20000000	0,98377665
835,40000000	0,98335935
835,60000000	0,98349473
835,80000000	0,98406372
836,00000000	0,98330592
836,20000000	0,98385496
836,40000000	0,98354086
836,60000000	0,98522184
836,80000000	0,98284980
837,00000000	0,98396850
837,20000000	0,98495163
837,40000000	0,98517294
837,60000000	0,98577399
837,80000000	0,98466004
838,00000000	0,98675985
838,20000000	0,98540160
838,40000000	0,98665031
838,60000000	0,98666963
838,80000000	0,98692272
839,00000000	0,98729684
839,20000000	0,98737791
839,40000000	0,98840519
839,60000000	0,98851878
839,80000000	0,98920354
840,00000000	0,98863926
840,20000000	0,98950577
840,40000000	0,98975891
840,60000000	0,99000781
840,80000000	0,99086312
841,00000000	0,99094490
841,20000000	0,99116063
841,40000000	0,99116031
841,60000000	0,99163788
841,80000000	0,99223306
842,00000000	0,99364051
842,20000000	0,99317041
842,40000000	0,99336574
842,60000000	0,99380304
842,80000000	0,99401649
843,00000000	0,99441713
843,20000000	0,99459431
843,40000000	0,99486736
843,60000000	0,99461126
843,80000000	0,99527451
844,00000000	0,99525600
844,20000000	0,99534608
844,40000000	0,99554476
844,60000000	0,99567616
844,80000000	0,99557009
845,00000000	0,99548153
845,20000000	0,99570377
845,40000000	0,99634894
845,60000000	0,99580912
845,80000000	0,99560330
846,00000000	0,99595468
846,20000000	0,99572964
846,40000000	0,99537587
846,60000000	0,99504595
846,80000000	0,99536787
847,00000000	0,99471475
847,20000000	0,99469874
847,40000000	0,99462558
847,60000000	0,99418303
847,80000000	0,99365537
848,00000000	0,99344543
848,20000000	0,99359537
848,40000000	0,99267747
848,60000000	0,99325667
848,80000000	0,99279589
849,00000000	0,99217516
849,20000000	0,99150742
849,40000000	0,99135572
849,60000000	0,99047238
849,80000000	0,98997266
850,00000000	0,99026856
850,20000000	0,98951156
850,40000000	0,98979457
850,60000000	0,98898075
850,80000000	0,98839360
851,00000000	0,98763310
851,20000000	0,98687776
851,40000000	0,98691550
851,60000000	0,98648960
851,80000000	0,98658104
852,00000000	0,98520891
852,20000000	0,98552878
852,40000000	0,98392735
852,60000000	0,98403403
852,80000000	0,98292318
853,00000000	0,98307559
853,20000000	0,98307299
853,40000000	0,98210309
853,60000000	0,98281571
853,80000000	0,98160996
854,00000000	0,98122116
854,20000000	0,98092566
854,40000000	0,98057347
854,60000000	0,98040963
854,80000000	0,98048890
855,00000000	0,97984511
855,20000000	0,98033544
855,40000000	0,97928611
855,60000000	0,97923370
855,80000000	0,98000833
856,00000000	0,97928075
856,20000000	0,97827483
856,40000000	0,97825618
856,60000000	0,97928433
856,80000000	0,97912859
857,00000000	0,97855550
857,20000000	0,97951801
857,40000000	0,97913514
857,60000000	0,97905896
857,80000000	0,97856891
858,00000000	0,97879815
858,20000000	0,97946439
858,40000000	0,97998468
858,60000000	0,97963169
858,80000000	0,98009055
859,00000000	0,98027195
859,20000000	0,98054256
859,40000000	0,98000076
859,60000000	0,98104653
859,80000000	0,98191460
860,00000000	0,98275780
860,20000000	0,98183871
860,40000000	0,98161603
860,60000000	0,98328724
860,80000000	0,98225228
861,00000000	0,98502053
861,20000000	0,98340902
861,40000000	0,98352469
861,60000000	0,98497432
861,80000000	0,98563401
862,00000000	0,98563056
862,20000000	0,98662803
862,40000000	0,98608556
862,60000000	0,98633974
862,80000000	0,98810362
863,00000000	0,98695891
863,20000000	0,98905712
863,40000000	0,98879644
863,60000000	0,98926727
863,80000000	0,98894168
864,00000000	0,98989689
864,20000000	0,99077798
864,40000000	0,99070954
864,60000000	0,99160793
864,80000000	0,99054409
865,00000000	0,99188673
865,20000000	0,99169254
865,40000000	0,99301818
865,60000000	0,99262377
865,80000000	0,99269309
866,00000000	0,99328592
866,20000000	0,99317703
866,40000000	0,99349269
866,60000000	0,99317450
866,80000000	0,99480782
867,00000000	0,99451906
867,20000000	0,99411895
867,40000000	0,99361359
867,60000000	0,99378498
867,80000000	0,99395664
868,00000000	0,99528066
868,20000000	0,99453098
868,40000000	0,99425346
868,60000000	0,99345219
868,80000000	0,99264946
869,00000000	0,99397236
869,20000000	0,99372070
869,40000000	0,99389098
869,60000000	0,99299015
869,80000000	0,99293743
870,00000000	0,99171695
870,20000000	0,99233492
870,40000000	0,99182908
870,60000000	0,99138187
870,80000000	0,99126437
871,00000000	0,99019465
871,20000000	0,99091342
871,40000000	0,98946905
871,60000000	0,99014259
871,80000000	0,98819252
872,00000000	0,98897163
872,20000000	0,98785981
872,40000000	0,98750260
872,60000000	0,98792129
872,80000000	0,98838313
873,00000000	0,98521036
873,20000000	0,98419783
873,40000000	0,98309310
873,60000000	0,98446860
873,80000000	0,98572123
874,00000000	0,98433059
874,20000000	0,98290331
874,40000000	0,98022445
874,60000000	0,98260059
874,80000000	0,98116307
875,00000000	0,98196217
875,20000000	0,97960869
875,40000000	0,97990181
875,60000000	0,97735812
875,80000000	0,98041873
876,00000000	0,97952093
876,20000000	0,97924529
876,40000000	0,97921790
876,60000000	0,97588540
876,80000000	0,97663561
877,00000000	0,97735498
877,20000000	0,97920431
877,40000000	0,97669636
877,60000000	0,97700215
877,80000000	0,97328655
878,00000000	0,97583552
878,20000000	0,97600148
878,40000000	0,97855617
878,60000000	0,97524077
878,80000000	0,97520976
879,00000000	0,97312907
879,20000000	0,97585501
879,40000000	0,97719837
879,60000000	0,97662501
879,80000000	0,97441658
880,00000000	0,97353524
880,20000000	0,97602414
880,40000000	0,97717385
880,60000000	0,97835337
880,80000000	0,97620539
881,00000000	0,97538305
881,20000000	0,97671903
881,40000000	0,97897726
881,60000000	0,97843388
881,80000000	0,97861341
882,00000000	0,97735440
882,20000000	0,97712384
882,40000000	0,97867899
882,60000000	0,97979887
882,80000000	0,98081553
883,00000000	0,97999967
883,20000000	0,97978841
883,40000000	0,98048062
883,60000000	0,98273881
883,80000000	0,98286727
884,00000000	0,98294442
884,20000000	0,98163270
884,40000000	0,98292334
884,60000000	0,98507448
884,80000000	0,98570929
885,00000000	0,98646808
885,20000000	0,98409463
885,40000000	0,98494546
885,60000000	0,98640927
885,80000000	0,98889407
886,00000000	0,98875199
886,20000000	0,98854416
886,40000000	0,98680572
886,60000000	0,98853558
886,80000000	0,99025420
887,00000000	0,99225400
887,20000000	0,99100474
887,40000000	0,99006006
887,60000000	0,99066176
887,80000000	0,99224086
888,00000000	0,99396484
888,20000000	0,99372042
888,40000000	0,99286321
888,60000000	0,99287461
888,80000000	0,99355564
889,00000000	0,99541781
889,20000000	0,99586816
889,40000000	0,99489630
889,60000000	0,99428540
889,80000000	0,99458050
890,00000000	0,99631554
890,20000000	0,99650657
890,40000000	0,99654474
890,60000000	0,99593949
890,80000000	0,99585080
891,00000000	0,99615020
891,20000000	0,99717610
891,40000000	0,99712615
891,60000000	0,99635959
891,80000000	0,99616135
892,00000000	0,99679717
892,20000000	0,99701756
892,40000000	0,99725097
892,60000000	0,99670683
892,80000000	0,99582134
893,00000000	0,99574544
893,20000000	0,99605738
893,40000000	0,99679588
893,60000000	0,99644772
893,80000000	0,99487050
894,00000000	0,99450886
894,20000000	0,99459018
894,40000000	0,99639454
894,60000000	0,99556201
894,80000000	0,99447172
895,00000000	0,99371821
895,20000000	0,99342084
895,40000000	0,99411755
895,60000000	0,99473375
895,80000000	0,99365469
896,00000000	0,99192157
896,20000000	0,99184284
896,40000000	0,99189041
896,60000000	0,99365065
896,80000000	0,99200105
897,00000000	0,99102013
897,20000000	0,99004551
897,40000000	0,99177241
897,60000000	0,99200159
897,80000000	0,98967310
898,00000000	0,98886362
898,20000000	0,98996170
898,40000000	0,98946250
898,60000000	0,99068006
898,80000000	0,98911223
899,00000000	0,98781788
899,20000000	0,98680562
899,40000000	0,98875458
899,60000000	0,98873887
899,80000000	0,98898581
900,00000000	0,98647149
