200,00000000	0,73827493
200,20000000	0,73802716
200,40000000	0,76073568
200,60000000	0,73283841
200,80000000	0,70348634
201,00000000	0,70707532
201,20000000	0,74793418
201,40000000	0,72725059
201,60000000	0,73567893
201,80000000	0,72934743
202,00000000	0,73953857
202,20000000	0,72072936
202,40000000	0,74411165
202,60000000	0,75453872
202,80000000	0,71829856
203,00000000	0,71600736
203,20000000	0,71588079
203,40000000	0,72730570
203,60000000	0,74719688
203,80000000	0,71301797
204,00000000	0,71049267
204,20000000	0,74172038
204,40000000	0,73762973
204,60000000	0,72323402
204,80000000	0,70085828
205,00000000	0,71589904
205,20000000	0,72940245
205,40000000	0,71278414
205,60000000	0,72310154
205,80000000	0,70965170
206,00000000	0,71863949
206,20000000	0,70802960
206,40000000	0,72465781
206,60000000	0,73082179
206,80000000	0,69156988
207,00000000	0,69519714
207,20000000	0,73448683
207,40000000	0,69527776
207,60000000	0,70653961
207,80000000	0,69118741
208,00000000	0,72833795
208,20000000	0,73233126
208,40000000	0,72098287
208,60000000	0,71067217
208,80000000	0,71572929
209,00000000	0,73451810
209,20000000	0,70472900
209,40000000	0,70320199
209,60000000	0,72589438
209,80000000	0,72175550
210,00000000	0,70998833
210,20000000	0,71003196
210,40000000	0,73006177
210,60000000	0,72062066
210,80000000	0,72365267
211,00000000	0,73926369
211,20000000	0,74080026
211,40000000	0,71513407
211,60000000	0,74709351
211,80000000	0,72206200
212,00000000	0,72688989
212,20000000	0,71947042
212,40000000	0,76246011
212,60000000	0,73403068
212,80000000	0,73395111
213,00000000	0,73630393
213,20000000	0,72768289
213,40000000	0,74793994
213,60000000	0,74586942
213,80000000	0,73941676
214,00000000	0,72401660
214,20000000	0,74937180
214,40000000	0,74822388
214,60000000	0,71572341
214,80000000	0,73444619
215,00000000	0,72951313
215,20000000	0,73215501
215,40000000	0,73398526
215,60000000	0,72857344
215,80000000	0,72833185
216,00000000	0,75150565
216,20000000	0,72751187
216,40000000	0,74483080
216,60000000	0,72640458
216,80000000	0,72901440
217,00000000	0,74613439
217,20000000	0,72863064
217,40000000	0,73986807
217,60000000	0,75025631
217,80000000	0,73543624
218,00000000	0,75472425
218,20000000	0,73693098
218,40000000	0,74706868
218,60000000	0,75103879
218,80000000	0,74067113
219,00000000	0,74439760
219,20000000	0,74866147
219,40000000	0,76277803
219,60000000	0,75220816
219,80000000	0,73915164
220,00000000	0,77068221
220,20000000	0,75807276
220,40000000	0,75382566
220,60000000	0,75644616
220,80000000	0,76454417
221,00000000	0,76008835
221,20000000	0,76241020
221,40000000	0,75635088
221,60000000	0,75310874
221,80000000	0,76162086
222,00000000	0,75335400
222,20000000	0,76198067
222,40000000	0,76744649
222,60000000	0,75026620
222,80000000	0,75835236
223,00000000	0,76763840
223,20000000	0,76933351
223,40000000	0,77580488
223,60000000	0,77784142
223,80000000	0,76163058
224,00000000	0,75752744
224,20000000	0,77470988
224,40000000	0,75669234
224,60000000	0,77282444
224,80000000	0,76024007
225,00000000	0,75928326
225,20000000	0,77838736
225,40000000	0,79245183
225,60000000	0,76706629
225,80000000	0,79158387
226,00000000	0,76067452
226,20000000	0,77939609
226,40000000	0,77653175
226,60000000	0,78215868
226,80000000	0,77941943
227,00000000	0,80576172
227,20000000	0,76440999
227,40000000	0,75893481
227,60000000	0,77951663
227,80000000	0,77731519
228,00000000	0,77853565
228,20000000	0,80802450
228,40000000	0,78511485
228,60000000	0,80342676
228,80000000	0,79362596
229,00000000	0,78238387
229,20000000	0,77600887
229,40000000	0,79365972
229,60000000	0,78567862
229,80000000	0,82000849
230,00000000	0,81946021
230,20000000	0,81701792
230,40000000	0,81289653
230,60000000	0,80954376
230,80000000	0,78485461
231,00000000	0,80479232
231,20000000	0,80583931
231,40000000	0,81447896
231,60000000	0,81572215
231,80000000	0,82206564
232,00000000	0,82318129
232,20000000	0,84139719
232,40000000	0,84137286
232,60000000	0,82627734
232,80000000	0,83579723
233,00000000	0,83745143
233,20000000	0,84516380
233,40000000	0,84380634
233,60000000	0,82373819
233,80000000	0,83664294
234,00000000	0,83929064
234,20000000	0,84394563
234,40000000	0,85111312
234,60000000	0,84709613
234,80000000	0,86239599
235,00000000	0,88284232
235,20000000	0,86919852
235,40000000	0,86065440
235,60000000	0,85395854
235,80000000	0,86913778
236,00000000	0,86116687
236,20000000	0,86205778
236,40000000	0,85926681
236,60000000	0,86206107
236,80000000	0,85417188
237,00000000	0,84202053
237,20000000	0,85177288
237,40000000	0,86534406
237,60000000	0,86903532
237,80000000	0,86268141
238,00000000	0,86712518
238,20000000	0,86439512
238,40000000	0,87598130
238,60000000	0,88342199
238,80000000	0,87331286
239,00000000	0,85808163
239,20000000	0,87502025
239,40000000	0,87841670
239,60000000	0,85814834
239,80000000	0,84896143
240,00000000	0,85619796
240,20000000	0,86147610
240,40000000	0,85018701
240,60000000	0,83968941
240,80000000	0,83319253
241,00000000	0,83754221
241,20000000	0,85540997
241,40000000	0,83797119
241,60000000	0,82677607
241,80000000	0,82201749
242,00000000	0,81094422
242,20000000	0,82839104
242,40000000	0,81159754
242,60000000	0,80934398
242,80000000	0,79107479
243,00000000	0,81047910
243,20000000	0,80010094
243,40000000	0,79214493
243,60000000	0,76616395
243,80000000	0,77122406
244,00000000	0,77110783
244,20000000	0,78280514
244,40000000	0,77491917
244,60000000	0,73641666
244,80000000	0,73324370
245,00000000	0,74103482
245,20000000	0,74652231
245,40000000	0,71951040
245,60000000	0,70563008
245,80000000	0,71868456
246,00000000	0,70879051
246,20000000	0,70268869
246,40000000	0,68565156
246,60000000	0,67278311
246,80000000	0,66512981
247,00000000	0,64910860
247,20000000	0,67581613
247,40000000	0,66890628
247,60000000	0,64527610
247,80000000	0,64268977
248,00000000	0,63549652
248,20000000	0,61434216
248,40000000	0,61584434
248,60000000	0,61015864
248,80000000	0,60490025
249,00000000	0,60280549
249,20000000	0,62176156
249,40000000	0,60546213
249,60000000	0,60714979
249,80000000	0,60818450
250,00000000	0,57674174
250,20000000	0,55317639
250,40000000	0,57866499
250,60000000	0,57334678
250,80000000	0,56762759
251,00000000	0,57180039
251,20000000	0,53334772
251,40000000	0,55774173
251,60000000	0,56394995
251,80000000	0,54736333
252,00000000	0,52931720
252,20000000	0,52720655
252,40000000	0,51656731
252,60000000	0,51734414
252,80000000	0,52167387
253,00000000	0,51330348
253,20000000	0,49875268
253,40000000	0,49546850
253,60000000	0,49123153
253,80000000	0,47016160
254,00000000	0,48505474
254,20000000	0,49425696
254,40000000	0,48755867
254,60000000	0,47170146
254,80000000	0,47961979
255,00000000	0,48097582
255,20000000	0,47451656
255,40000000	0,47107265
255,60000000	0,47170447
255,80000000	0,45913874
256,00000000	0,42992023
256,20000000	0,45082335
256,40000000	0,46770989
256,60000000	0,45016511
256,80000000	0,45259039
257,00000000	0,44539807
257,20000000	0,45103916
257,40000000	0,44705614
257,60000000	0,45650540
257,80000000	0,44506610
258,00000000	0,43887701
258,20000000	0,44063659
258,40000000	0,42938009
258,60000000	0,42373810
258,80000000	0,42565895
259,00000000	0,43269267
259,20000000	0,42850079
259,40000000	0,43403151
259,60000000	0,42621823
259,80000000	0,43558500
260,00000000	0,43232090
260,20000000	0,42433809
260,40000000	0,41428191
260,60000000	0,42969666
260,80000000	0,42291611
261,00000000	0,42638031
261,20000000	0,44466359
261,40000000	0,43717159
261,60000000	0,43043885
261,80000000	0,42452943
262,00000000	0,43159502
262,20000000	0,42315459
262,40000000	0,43574514
262,60000000	0,43715866
262,80000000	0,42397745
263,00000000	0,43251091
263,20000000	0,44339394
263,40000000	0,44449951
263,60000000	0,43730357
263,80000000	0,44453354
264,00000000	0,44028941
264,20000000	0,44991497
264,40000000	0,45450497
264,60000000	0,45982703
264,80000000	0,46013966
265,00000000	0,45820198
265,20000000	0,47102157
265,40000000	0,47975165
265,60000000	0,48811680
265,80000000	0,47807670
266,00000000	0,48809112
266,20000000	0,49885012
266,40000000	0,50163552
266,60000000	0,50705492
266,80000000	0,51556003
267,00000000	0,52585009
267,20000000	0,53778427
267,40000000	0,53873484
267,60000000	0,54611846
267,80000000	0,55348548
268,00000000	0,56184669
268,20000000	0,56980188
268,40000000	0,58023611
268,60000000	0,59101607
268,80000000	0,60399453
269,00000000	0,60988311
269,20000000	0,62327305
269,40000000	0,63749518
269,60000000	0,64620379
269,80000000	0,65697512
270,00000000	0,66986099
270,20000000	0,67945295
270,40000000	0,68900363
270,60000000	0,69952396
270,80000000	0,70424198
271,00000000	0,71075347
271,20000000	0,71823041
271,40000000	0,73217789
271,60000000	0,74003402
271,80000000	0,73803130
272,00000000	0,74915159
272,20000000	0,75756215
272,40000000	0,75956142
272,60000000	0,75875277
272,80000000	0,76397442
273,00000000	0,76358250
273,20000000	0,76288324
273,40000000	0,76668162
273,60000000	0,76292681
273,80000000	0,76411037
274,00000000	0,76383586
274,20000000	0,75923999
274,40000000	0,75857197
274,60000000	0,75537794
274,80000000	0,75396450
275,00000000	0,75415315
275,20000000	0,75637319
275,40000000	0,75422926
275,60000000	0,75536024
275,80000000	0,75929883
276,00000000	0,76162697
276,20000000	0,76156188
276,40000000	0,76495044
276,60000000	0,76733837
276,80000000	0,77251371
277,00000000	0,77898699
277,20000000	0,79098522
277,40000000	0,79296647
277,60000000	0,79938072
277,80000000	0,80411704
278,00000000	0,80303009
278,20000000	0,80555005
278,40000000	0,80705864
278,60000000	0,80916469
278,80000000	0,80458169
279,00000000	0,79837694
279,20000000	0,79211354
279,40000000	0,78493958
279,60000000	0,77884050
279,80000000	0,76460415
280,00000000	0,75025329
280,20000000	0,73552159
280,40000000	0,71624487
280,60000000	0,70410102
280,80000000	0,68845117
281,00000000	0,67123599
281,20000000	0,64807805
281,40000000	0,62993203
281,60000000	0,61651709
281,80000000	0,60079258
282,00000000	0,57990287
282,20000000	0,56409555
282,40000000	0,55054853
282,60000000	0,54058765
282,80000000	0,51560455
283,00000000	0,49727718
283,20000000	0,48390633
283,40000000	0,46928244
283,60000000	0,46296296
283,80000000	0,45348309
284,00000000	0,43812433
284,20000000	0,42925591
284,40000000	0,42312241
284,60000000	0,40774729
284,80000000	0,38756749
285,00000000	0,37956310
285,20000000	0,38107672
285,40000000	0,37115181
285,60000000	0,35578569
285,80000000	0,35313987
286,00000000	0,35056484
286,20000000	0,34482194
286,40000000	0,33584796
286,60000000	0,32660231
286,80000000	0,31829966
287,00000000	0,30898924
287,20000000	0,29360471
287,40000000	0,29312337
287,60000000	0,29718099
287,80000000	0,29186970
288,00000000	0,28839278
288,20000000	0,28819446
288,40000000	0,28020458
288,60000000	0,27840638
288,80000000	0,27657801
289,00000000	0,26427189
289,20000000	0,26355939
289,40000000	0,26100346
289,60000000	0,26891727
289,80000000	0,25921963
290,00000000	0,24722615
290,20000000	0,24513508
290,40000000	0,23863122
290,60000000	0,23749960
290,80000000	0,24059957
291,00000000	0,23482683
291,20000000	0,23078043
291,40000000	0,23210793
291,60000000	0,22622054
291,80000000	0,21631447
292,00000000	0,22299282
292,20000000	0,22690653
292,40000000	0,23000926
292,60000000	0,22366002
292,80000000	0,21907236
293,00000000	0,21289587
293,20000000	0,21127880
293,40000000	0,21108551
293,60000000	0,20774040
293,80000000	0,20965301
294,00000000	0,20613248
294,20000000	0,20710225
294,40000000	0,20105326
294,60000000	0,19756282
294,80000000	0,20192528
295,00000000	0,20364187
295,20000000	0,20036470
295,40000000	0,19330679
295,60000000	0,18958005
295,80000000	0,19101801
296,00000000	0,18587449
296,20000000	0,18406869
296,40000000	0,18889295
296,60000000	0,19168027
296,80000000	0,18710260
297,00000000	0,18473372
297,20000000	0,18353318
297,40000000	0,18269773
297,60000000	0,18123041
297,80000000	0,17862599
298,00000000	0,17724710
298,20000000	0,18164773
298,40000000	0,17595295
298,60000000	0,17121184
298,80000000	0,17777232
299,00000000	0,17892946
299,20000000	0,18248484
299,40000000	0,17867472
299,60000000	0,17622469
299,80000000	0,18073863
300,00000000	0,17710631
300,20000000	0,17177287
300,40000000	0,16985184
300,60000000	0,17338675
300,80000000	0,17236474
301,00000000	0,17154178
301,20000000	0,17357056
301,40000000	0,17206530
301,60000000	0,17057154
301,80000000	0,16505792
302,00000000	0,16280932
302,20000000	0,16436248
302,40000000	0,16252732
302,60000000	0,16393797
302,80000000	0,15896864
303,00000000	0,15709890
303,20000000	0,16414529
303,40000000	0,16213459
303,60000000	0,16337036
303,80000000	0,16453610
304,00000000	0,16219823
304,20000000	0,16244647
304,40000000	0,15872264
304,60000000	0,16178050
304,80000000	0,16278265
305,00000000	0,16132995
305,20000000	0,15792654
305,40000000	0,15869290
305,60000000	0,16094468
305,80000000	0,16088174
306,00000000	0,15938878
306,20000000	0,15809086
306,40000000	0,15728262
306,60000000	0,16082299
306,80000000	0,15922527
307,00000000	0,15566926
307,20000000	0,15736851
307,40000000	0,15615413
307,60000000	0,15517855
307,80000000	0,15414962
308,00000000	0,15128095
308,20000000	0,15257193
308,40000000	0,15437869
308,60000000	0,15497520
308,80000000	0,15131829
309,00000000	0,15403421
309,20000000	0,15584790
309,40000000	0,14915984
309,60000000	0,14853490
309,80000000	0,14999057
310,00000000	0,14876973
310,20000000	0,14815971
310,40000000	0,14836111
310,60000000	0,14742465
310,80000000	0,14884226
311,00000000	0,14842239
311,20000000	0,14930993
311,40000000	0,14818607
311,60000000	0,14746624
311,80000000	0,14888773
312,00000000	0,14770380
312,20000000	0,14951537
312,40000000	0,14649717
312,60000000	0,14548888
312,80000000	0,14503920
313,00000000	0,14549443
313,20000000	0,14831030
313,40000000	0,14674711
313,60000000	0,14553082
313,80000000	0,14464514
314,00000000	0,14244753
314,20000000	0,14450912
314,40000000	0,14376332
314,60000000	0,14505308
314,80000000	0,14592658
315,00000000	0,14444230
315,20000000	0,14295425
315,40000000	0,14313548
315,60000000	0,14333188
315,80000000	0,14366423
316,00000000	0,14336923
316,20000000	0,14210879
316,40000000	0,14321987
316,60000000	0,14310631
316,80000000	0,14266354
317,00000000	0,14148624
317,20000000	0,13903414
317,40000000	0,14074308
317,60000000	0,14120706
317,80000000	0,14173744
318,00000000	0,14247473
318,20000000	0,13996128
318,40000000	0,13890623
318,60000000	0,13922760
318,80000000	0,13993573
319,00000000	0,14146377
319,20000000	0,14055305
319,40000000	0,14021161
319,60000000	0,14115756
319,80000000	0,13860256
320,00000000	0,13844742
320,20000000	0,14092945
320,40000000	0,14031286
320,60000000	0,14019230
320,80000000	0,13950105
321,00000000	0,13858035
321,20000000	0,13976076
321,40000000	0,13969771
321,60000000	0,13915556
321,80000000	0,13790027
322,00000000	0,13826267
322,20000000	0,13895170
322,40000000	0,13826584
322,60000000	0,13858319
322,80000000	0,13741274
323,00000000	0,13690288
323,20000000	0,13687395
323,40000000	0,13659786
323,60000000	0,13621496
323,80000000	0,13655412
324,00000000	0,13756794
324,20000000	0,13758528
324,40000000	0,13702878
324,60000000	0,13795726
324,80000000	0,13746460
325,00000000	0,13766153
325,20000000	0,13822376
325,40000000	0,13693214
325,60000000	0,13720766
325,80000000	0,13734154
326,00000000	0,13634255
326,20000000	0,13728220
326,40000000	0,13690987
326,60000000	0,13571996
326,80000000	0,13671348
327,00000000	0,13786806
327,20000000	0,13681452
327,40000000	0,13579500
327,60000000	0,13542247
327,80000000	0,13498441
328,00000000	0,13607864
328,20000000	0,13613573
328,40000000	0,13603458
328,60000000	0,13565947
328,80000000	0,13582784
329,00000000	0,13571780
329,20000000	0,13559508
329,40000000	0,13625399
329,60000000	0,13662911
329,80000000	0,13624756
330,00000000	0,13597132
330,20000000	0,13548826
330,40000000	0,13538853
330,60000000	0,13666194
330,80000000	0,13648246
331,00000000	0,13586555
331,20000000	0,13612880
331,40000000	0,13567166
331,60000000	0,13604236
331,80000000	0,13622554
332,00000000	0,13604246
332,20000000	0,13720776
332,40000000	0,13756941
332,60000000	0,13709801
332,80000000	0,13738210
333,00000000	0,13704817
333,20000000	0,13629807
333,40000000	0,13628759
333,60000000	0,13681383
333,80000000	0,13720642
334,00000000	0,13839490
334,20000000	0,13721272
334,40000000	0,13697268
334,60000000	0,13740773
334,80000000	0,13758016
335,00000000	0,13781112
335,20000000	0,13757814
335,40000000	0,13768861
335,60000000	0,13741491
335,80000000	0,13819879
336,00000000	0,13857264
336,20000000	0,13888957
336,40000000	0,13817040
336,60000000	0,13802474
336,80000000	0,13866549
337,00000000	0,13883065
337,20000000	0,13978279
337,40000000	0,13924627
337,60000000	0,13944138
337,80000000	0,13990927
338,00000000	0,14027101
338,20000000	0,14056322
338,40000000	0,14036196
338,60000000	0,14039731
338,80000000	0,14057975
339,00000000	0,14136870
339,20000000	0,14162802
339,40000000	0,14178448
339,60000000	0,14159913
339,80000000	0,14174060
340,00000000	0,14237376
340,20000000	0,14287508
340,40000000	0,14328791
340,60000000	0,14277243
340,80000000	0,14291223
341,00000000	0,14385515
341,20000000	0,14443258
341,40000000	0,14515980
341,60000000	0,14546777
341,80000000	0,14529401
342,00000000	0,14562571
342,20000000	0,14635833
342,40000000	0,14669470
342,60000000	0,14753078
342,80000000	0,14828001
343,00000000	0,14828460
343,20000000	0,14897647
343,40000000	0,14975688
343,60000000	0,15009871
343,80000000	0,15038175
344,00000000	0,15056060
344,20000000	0,15106264
344,40000000	0,15159954
344,60000000	0,15220869
344,80000000	0,15250694
345,00000000	0,15288819
345,20000000	0,15375863
345,40000000	0,15435742
345,60000000	0,15523967
345,80000000	0,15616946
346,00000000	0,15706607
346,20000000	0,15808488
346,40000000	0,15914361
346,60000000	0,15999991
346,80000000	0,16069769
347,00000000	0,16116135
347,20000000	0,16128508
347,40000000	0,16218609
347,60000000	0,16315698
347,80000000	0,16378083
348,00000000	0,16457649
348,20000000	0,16484452
348,40000000	0,16599638
348,60000000	0,16764435
348,80000000	0,16973011
349,00000000	0,17113569
349,20000000	0,17141511
349,40000000	0,17260653
349,60000000	0,17429945
349,80000000	0,17519336
350,00000000	0,17637394
350,20000000	0,17792306
350,40000000	0,17821137
350,60000000	0,17979800
350,80000000	0,18263424
351,00000000	0,18348147
351,20000000	0,18480350
351,40000000	0,18736117
351,60000000	0,18902853
351,80000000	0,19135302
352,00000000	0,19351162
352,20000000	0,19442979
352,40000000	0,19426689
352,60000000	0,19570284
352,80000000	0,19913930
353,00000000	0,20126577
353,20000000	0,20191311
353,40000000	0,20468174
353,60000000	0,20779048
353,80000000	0,20922812
354,00000000	0,21267418
354,20000000	0,21639272
354,40000000	0,21641157
354,60000000	0,21720632
354,80000000	0,21986878
355,00000000	0,22261455
355,20000000	0,22672818
355,40000000	0,23210822
355,60000000	0,23675765
355,80000000	0,23835003
356,00000000	0,24064547
356,20000000	0,24223028
356,40000000	0,24305574
356,60000000	0,24589454
356,80000000	0,25288734
357,00000000	0,25877539
357,20000000	0,26269359
357,40000000	0,26797828
357,60000000	0,27112838
357,80000000	0,27483524
358,00000000	0,27973083
358,20000000	0,28365518
358,40000000	0,28764862
358,60000000	0,29374331
358,80000000	0,29986961
359,00000000	0,30440009
359,20000000	0,30979248
359,40000000	0,31678274
359,60000000	0,32205529
359,80000000	0,32823491
360,00000000	0,33444916
360,20000000	0,34088182
360,40000000	0,34800258
360,60000000	0,35719215
360,80000000	0,36395085
361,00000000	0,36965053
361,20000000	0,37815072
361,40000000	0,38847662
361,60000000	0,39988794
361,80000000	0,40616694
362,00000000	0,41399636
362,20000000	0,42489902
362,40000000	0,43609972
362,60000000	0,44797876
362,80000000	0,45910400
363,00000000	0,46761334
363,20000000	0,47949117
363,40000000	0,49300206
363,60000000	0,50575072
363,80000000	0,51707978
364,00000000	0,52931943
364,20000000	0,54366056
364,40000000	0,55823813
364,60000000	0,57467310
364,80000000	0,58836106
365,00000000	0,60295228
365,20000000	0,61883975
365,40000000	0,63393659
365,60000000	0,64953651
365,80000000	0,66657031
366,00000000	0,68087786
366,20000000	0,69669945
366,40000000	0,71409920
366,60000000	0,73068824
366,80000000	0,74741257
367,00000000	0,76237904
367,20000000	0,77643365
367,40000000	0,78994219
367,60000000	0,80498737
367,80000000	0,82112279
368,00000000	0,83381918
368,20000000	0,84265337
368,40000000	0,85458771
368,60000000	0,86568923
368,80000000	0,87290436
369,00000000	0,87956546
369,20000000	0,88730057
369,40000000	0,89378532
369,60000000	0,89667092
369,80000000	0,89909364
370,00000000	0,90160305
370,20000000	0,90123398
370,40000000	0,89962527
370,60000000	0,89720616
370,80000000	0,89244680
371,00000000	0,88748028
371,20000000	0,88109899
371,40000000	0,87421112
371,60000000	0,86632753
371,80000000	0,85654856
372,00000000	0,84495282
372,20000000	0,83428229
372,40000000	0,82374785
372,60000000	0,81200558
372,80000000	0,79916626
373,00000000	0,78554563
373,20000000	0,77184434
373,40000000	0,75818701
373,60000000	0,74490792
373,80000000	0,73064965
374,00000000	0,71672150
374,20000000	0,70266048
374,40000000	0,68846360
374,60000000	0,67400892
374,80000000	0,66008552
375,00000000	0,64555891
375,20000000	0,63105913
375,40000000	0,61882292
375,60000000	0,60662379
375,80000000	0,59364169
376,00000000	0,58031652
376,20000000	0,56795860
376,40000000	0,55568565
376,60000000	0,54396262
376,80000000	0,53311057
377,00000000	0,52209304
377,20000000	0,51084902
377,40000000	0,49987000
377,60000000	0,48962855
377,80000000	0,47965248
378,00000000	0,47035029
378,20000000	0,46101927
378,40000000	0,45158798
378,60000000	0,44276842
378,80000000	0,43425727
379,00000000	0,42622543
379,20000000	0,41829378
379,40000000	0,41007969
379,60000000	0,40224358
379,80000000	0,39561662
380,00000000	0,38899630
380,20000000	0,38187534
380,40000000	0,37507631
380,60000000	0,36835562
380,80000000	0,36204272
381,00000000	0,35628890
381,20000000	0,35063654
381,40000000	0,34467251
381,60000000	0,33896224
381,80000000	0,33393285
382,00000000	0,32910248
382,20000000	0,32411472
382,40000000	0,31925759
382,60000000	0,31458332
382,80000000	0,30988148
383,00000000	0,30578237
383,20000000	0,30160583
383,40000000	0,29727535
383,60000000	0,29332591
383,80000000	0,28956813
384,00000000	0,28568392
384,20000000	0,28162844
384,40000000	0,27814881
384,60000000	0,27475577
384,80000000	0,27129966
385,00000000	0,26777575
385,20000000	0,26446121
385,40000000	0,26159423
385,60000000	0,25904584
385,80000000	0,25616649
386,00000000	0,25332426
386,20000000	0,25065005
386,40000000	0,24748746
386,60000000	0,24468565
386,80000000	0,24232280
387,00000000	0,24008067
387,20000000	0,23758701
387,40000000	0,23523424
387,60000000	0,23333557
387,80000000	0,23067346
388,00000000	0,22770391
388,20000000	0,22635603
388,40000000	0,22512383
388,60000000	0,22254638
388,80000000	0,21996081
389,00000000	0,21858250
389,20000000	0,21678112
389,40000000	0,21434681
389,60000000	0,21254617
389,80000000	0,21141272
390,00000000	0,20965327
390,20000000	0,20830858
390,40000000	0,20771481
390,60000000	0,20526486
390,80000000	0,20253535
391,00000000	0,20152534
391,20000000	0,20140766
391,40000000	0,19917444
391,60000000	0,19708993
391,80000000	0,19686904
392,00000000	0,19587468
392,20000000	0,19398756
392,40000000	0,19299710
392,60000000	0,19194876
392,80000000	0,19035772
393,00000000	0,18952694
393,20000000	0,18876321
393,40000000	0,18790166
393,60000000	0,18726942
393,80000000	0,18585004
394,00000000	0,18306848
394,20000000	0,18123775
394,40000000	0,18147513
394,60000000	0,18209430
394,80000000	0,18017831
395,00000000	0,17827726
395,20000000	0,17839986
395,40000000	0,17818886
395,60000000	0,17725491
395,80000000	0,17616438
396,00000000	0,17483755
396,20000000	0,17407993
396,40000000	0,17419962
396,60000000	0,17360442
396,80000000	0,17245105
397,00000000	0,17173265
397,20000000	0,17128508
397,40000000	0,16891549
397,60000000	0,16774172
397,80000000	0,16935415
398,00000000	0,16918267
398,20000000	0,16734727
398,40000000	0,16670331
398,60000000	0,16602020
398,80000000	0,16337713
399,00000000	0,16219046
399,20000000	0,16485124
399,40000000	0,16571175
399,60000000	0,16309718
399,80000000	0,16176556
400,00000000	0,16140749
400,20000000	0,16046244
400,40000000	0,16034251
400,60000000	0,16130259
400,80000000	0,15916853
401,00000000	0,15552835
401,20000000	0,15617248
401,40000000	0,15768419
401,60000000	0,15686770
401,80000000	0,15564466
402,00000000	0,15599778
402,20000000	0,15753808
402,40000000	0,15712176
402,60000000	0,15449015
402,80000000	0,15376560
403,00000000	0,15470710
403,20000000	0,15520387
403,40000000	0,15463637
403,60000000	0,15330469
403,80000000	0,15386810
404,00000000	0,15384445
404,20000000	0,15200142
404,40000000	0,15065781
404,60000000	0,15117967
404,80000000	0,15173808
405,00000000	0,15178768
405,20000000	0,15361909
405,40000000	0,15298405
405,60000000	0,14987450
405,80000000	0,14766394
406,00000000	0,14665292
406,20000000	0,14715866
406,40000000	0,14769468
406,60000000	0,14771855
406,80000000	0,14826751
407,00000000	0,14914976
407,20000000	0,14939620
407,40000000	0,14699153
407,60000000	0,14464593
407,80000000	0,14579548
408,00000000	0,14669555
408,20000000	0,14667817
408,40000000	0,14699502
408,60000000	0,14663559
408,80000000	0,14465000
409,00000000	0,14335264
409,20000000	0,14455263
409,40000000	0,14561589
409,60000000	0,14578857
409,80000000	0,14402968
410,00000000	0,14107649
410,20000000	0,14040470
410,40000000	0,14128485
410,60000000	0,14075919
410,80000000	0,14189232
411,00000000	0,14396043
411,20000000	0,14350913
411,40000000	0,14299326
411,60000000	0,14093239
411,80000000	0,14046081
412,00000000	0,14393513
412,20000000	0,14444510
412,40000000	0,14199901
412,60000000	0,14092194
412,80000000	0,14066368
413,00000000	0,14046859
413,20000000	0,13901722
413,40000000	0,13734990
413,60000000	0,13872517
413,80000000	0,13988789
414,00000000	0,13975436
414,20000000	0,14144250
414,40000000	0,14299052
414,60000000	0,14135370
414,80000000	0,14096052
415,00000000	0,14117908
415,20000000	0,13925049
415,40000000	0,13963648
415,60000000	0,13957323
415,80000000	0,13733978
416,00000000	0,13817243
416,20000000	0,13934047
416,40000000	0,13690527
416,60000000	0,13712951
416,80000000	0,13886020
417,00000000	0,13501355
417,20000000	0,13377815
417,40000000	0,13681446
417,60000000	0,13472223
417,80000000	0,13212552
418,00000000	0,13475742
418,20000000	0,13756519
418,40000000	0,13819995
418,60000000	0,13760301
418,80000000	0,13536015
419,00000000	0,13377847
419,20000000	0,13527922
419,40000000	0,13698391
419,60000000	0,13616469
419,80000000	0,13571445
420,00000000	0,13658297
420,20000000	0,13558132
420,40000000	0,13420335
420,60000000	0,13501925
420,80000000	0,13598644
421,00000000	0,13664216
421,20000000	0,13675988
421,40000000	0,13525927
421,60000000	0,13468327
421,80000000	0,13498543
422,00000000	0,13495404
422,20000000	0,13726713
422,40000000	0,13818239
422,60000000	0,13469917
422,80000000	0,13283517
423,00000000	0,13396700
423,20000000	0,13475780
423,40000000	0,13510193
423,60000000	0,13633944
423,80000000	0,13866788
424,00000000	0,14024933
424,20000000	0,13857520
424,40000000	0,13415600
424,60000000	0,13096908
424,80000000	0,13058667
425,00000000	0,13025738
425,20000000	0,12980409
425,40000000	0,13139175
425,60000000	0,13415355
425,80000000	0,13528701
426,00000000	0,13450377
426,20000000	0,13305251
426,40000000	0,13368900
426,60000000	0,13686592
426,80000000	0,13683774
427,00000000	0,13535695
427,20000000	0,13569073
427,40000000	0,13480487
427,60000000	0,13296741
427,80000000	0,13227664
428,00000000	0,13255077
428,20000000	0,13271074
428,40000000	0,13330131
428,60000000	0,13345018
428,80000000	0,13207950
429,00000000	0,12992110
429,20000000	0,13081937
429,40000000	0,13524994
429,60000000	0,13514973
429,80000000	0,13312157
430,00000000	0,13322662
430,20000000	0,13053356
430,40000000	0,13112982
430,60000000	0,13522236
430,80000000	0,13405172
431,00000000	0,13195404
431,20000000	0,13163000
431,40000000	0,12978502
431,60000000	0,13008996
431,80000000	0,13346982
432,00000000	0,13325400
432,20000000	0,13097696
432,40000000	0,13128307
432,60000000	0,12923206
432,80000000	0,12594631
433,00000000	0,12970534
433,20000000	0,13641431
433,40000000	0,13664982
433,60000000	0,13371260
433,80000000	0,13537707
434,00000000	0,13673816
434,20000000	0,13245066
434,40000000	0,12819568
434,60000000	0,13023801
434,80000000	0,13745181
435,00000000	0,14054321
435,20000000	0,13633379
435,40000000	0,13165693
435,60000000	0,13248569
435,80000000	0,13677467
436,00000000	0,13706127
436,20000000	0,13401897
436,40000000	0,13767647
436,60000000	0,14180402
436,80000000	0,13734964
437,00000000	0,13537993
437,20000000	0,13920520
437,40000000	0,13984253
437,60000000	0,13760512
437,80000000	0,13911861
438,00000000	0,13959363
438,20000000	0,13783350
438,40000000	0,13779936
438,60000000	0,13865498
438,80000000	0,14116403
439,00000000	0,14002019
439,20000000	0,13370976
439,40000000	0,13310270
439,60000000	0,13541790
439,80000000	0,13451971
440,00000000	0,13645024
440,20000000	0,13820422
440,40000000	0,13697896
440,60000000	0,13819176
440,80000000	0,13745304
441,00000000	0,13433215
441,20000000	0,13734796
441,40000000	0,13699345
441,60000000	0,13394513
441,80000000	0,13716829
442,00000000	0,13750619
442,20000000	0,13459737
442,40000000	0,13767086
442,60000000	0,14175412
442,80000000	0,13751466
443,00000000	0,13395220
443,20000000	0,13460813
443,40000000	0,13362861
443,60000000	0,13401111
443,80000000	0,13907065
444,00000000	0,14565364
444,20000000	0,14425575
444,40000000	0,13967819
444,60000000	0,13925752
444,80000000	0,13928106
445,00000000	0,13941947
445,20000000	0,13886264
445,40000000	0,13885493
445,60000000	0,13763887
445,80000000	0,13646271
446,00000000	0,13837977
446,20000000	0,14090183
446,40000000	0,14092012
446,60000000	0,14014491
446,80000000	0,14446629
447,00000000	0,14414633
447,20000000	0,14174178
447,40000000	0,14257658
447,60000000	0,14033533
447,80000000	0,14316754
448,00000000	0,14777980
448,20000000	0,14417046
448,40000000	0,14469916
448,60000000	0,14840612
448,80000000	0,14738731
449,00000000	0,14777652
449,20000000	0,14185486
449,40000000	0,13619684
449,60000000	0,14514307
449,80000000	0,15055689
450,00000000	0,14608374
450,20000000	0,14540151
450,40000000	0,14614673
450,60000000	0,14694176
450,80000000	0,14861048
451,00000000	0,14494738
451,20000000	0,14210031
451,40000000	0,14488535
451,60000000	0,14525039
451,80000000	0,13942662
452,00000000	0,14174750
452,20000000	0,14442496
452,40000000	0,13800891
452,60000000	0,14378828
452,80000000	0,15643315
453,00000000	0,15438186
453,20000000	0,14581816
453,40000000	0,14271636
453,60000000	0,14304261
453,80000000	0,14732704
454,00000000	0,14746172
454,20000000	0,14618303
454,40000000	0,15468272
454,60000000	0,15847288
454,80000000	0,15091394
455,00000000	0,14874719
455,20000000	0,14985067
455,40000000	0,14233915
455,60000000	0,13844685
455,80000000	0,14264479
456,00000000	0,14398250
456,20000000	0,14826053
456,40000000	0,15738519
456,60000000	0,15837208
456,80000000	0,15948419
457,00000000	0,15932313
457,20000000	0,14795456
457,40000000	0,14306355
457,60000000	0,14328475
457,80000000	0,14240300
458,00000000	0,15177544
458,20000000	0,15807566
458,40000000	0,15564856
458,60000000	0,15617803
458,80000000	0,15776259
459,00000000	0,15578274
459,20000000	0,15532993
459,40000000	0,15679610
459,60000000	0,14689722
459,80000000	0,14122471
460,00000000	0,14613092
460,20000000	0,14125881
460,40000000	0,13916782
460,60000000	0,14844276
460,80000000	0,15528151
461,00000000	0,16048586
461,20000000	0,16158179
461,40000000	0,15579831
461,60000000	0,16012419
461,80000000	0,16770831
462,00000000	0,16315241
462,20000000	0,15488586
462,40000000	0,15429243
462,60000000	0,15942861
462,80000000	0,15983170
463,00000000	0,15971275
463,20000000	0,16715252
463,40000000	0,16825465
463,60000000	0,16464751
463,80000000	0,15750250
464,00000000	0,15160052
464,20000000	0,15428628
464,40000000	0,15698087
464,60000000	0,15932033
464,80000000	0,16033908
465,00000000	0,15980810
465,20000000	0,15891517
465,40000000	0,16471125
465,60000000	0,16756003
465,80000000	0,15807937
466,00000000	0,15239850
466,20000000	0,16119459
466,40000000	0,16963084
466,60000000	0,16726613
466,80000000	0,16505979
467,00000000	0,16372081
467,20000000	0,16704277
467,40000000	0,17537719
467,60000000	0,17358986
467,80000000	0,16576991
468,00000000	0,16206868
468,20000000	0,16096669
468,40000000	0,16164454
468,60000000	0,16262097
468,80000000	0,16422226
469,00000000	0,16575123
469,20000000	0,16282778
469,40000000	0,15981542
469,60000000	0,16317204
469,80000000	0,16621027
470,00000000	0,16615582
470,20000000	0,16901224
470,40000000	0,17087206
470,60000000	0,17065375
470,80000000	0,16993207
471,00000000	0,16668792
471,20000000	0,16574589
471,40000000	0,17013825
471,60000000	0,17057416
471,80000000	0,16875242
472,00000000	0,17313490
472,20000000	0,17301501
472,40000000	0,16495473
472,60000000	0,16674379
472,80000000	0,17447279
473,00000000	0,17277774
473,20000000	0,16498575
473,40000000	0,15485971
473,60000000	0,15847342
473,80000000	0,17642259
474,00000000	0,18315990
474,20000000	0,17537946
474,40000000	0,17150165
474,60000000	0,17885271
474,80000000	0,18004860
475,00000000	0,17161713
475,20000000	0,16639261
475,40000000	0,16863165
475,60000000	0,17330458
475,80000000	0,17196242
476,00000000	0,16999635
476,20000000	0,17359300
476,40000000	0,18128795
476,60000000	0,18303360
476,80000000	0,17722014
477,00000000	0,17324154
477,20000000	0,17522670
477,40000000	0,18258276
477,60000000	0,18277082
477,80000000	0,18070162
478,00000000	0,18367313
478,20000000	0,18356021
478,40000000	0,18352959
478,60000000	0,18462899
478,80000000	0,18295199
479,00000000	0,17961071
479,20000000	0,17789006
479,40000000	0,17905503
479,60000000	0,17926577
479,80000000	0,17793201
480,00000000	0,17721814
480,20000000	0,18174499
480,40000000	0,18531493
480,60000000	0,18575451
480,80000000	0,18212534
481,00000000	0,17313039
481,20000000	0,17478287
481,40000000	0,18143890
481,60000000	0,18163973
481,80000000	0,18182505
482,00000000	0,18764148
482,20000000	0,19070404
482,40000000	0,18476823
482,60000000	0,18671707
482,80000000	0,19509590
483,00000000	0,19697364
483,20000000	0,19173086
483,40000000	0,18456517
483,60000000	0,18922780
483,80000000	0,19502070
484,00000000	0,19197816
484,20000000	0,18737764
484,40000000	0,19207268
484,60000000	0,19382096
484,80000000	0,19203669
485,00000000	0,19515381
485,20000000	0,19624122
485,40000000	0,19674289
485,60000000	0,19240908
485,80000000	0,18783307
486,00000000	0,19010064
486,20000000	0,19291032
486,40000000	0,19688998
486,60000000	0,19523942
486,80000000	0,19725494
487,00000000	0,19652280
487,20000000	0,19780975
487,40000000	0,20508861
487,60000000	0,20403196
487,80000000	0,19776833
488,00000000	0,19830470
488,20000000	0,20525350
488,40000000	0,20780213
488,60000000	0,20568243
488,80000000	0,20413244
489,00000000	0,20982042
489,20000000	0,21373850
489,40000000	0,21004356
489,60000000	0,20597027
489,80000000	0,20793321
490,00000000	0,20832172
490,20000000	0,20422079
490,40000000	0,20224394
490,60000000	0,19997889
490,80000000	0,20274846
491,00000000	0,20834902
491,20000000	0,20697012
491,40000000	0,20423212
491,60000000	0,20763714
491,80000000	0,21679363
492,00000000	0,21581361
492,20000000	0,21085328
492,40000000	0,21392978
492,60000000	0,21875769
492,80000000	0,21277269
493,00000000	0,20964973
493,20000000	0,20909176
493,40000000	0,20705548
493,60000000	0,21328908
493,80000000	0,22305605
494,00000000	0,22567428
494,20000000	0,22018204
494,40000000	0,21573128
494,60000000	0,21913683
494,80000000	0,22390992
495,00000000	0,21798949
495,20000000	0,22238422
495,40000000	0,23638062
495,60000000	0,24027572
495,80000000	0,23298777
496,00000000	0,22582273
496,20000000	0,22979382
496,40000000	0,23752377
496,60000000	0,23437568
496,80000000	0,23385783
497,00000000	0,23308940
497,20000000	0,23587878
497,40000000	0,24334437
497,60000000	0,23596680
497,80000000	0,22933162
498,00000000	0,23216802
498,20000000	0,23843639
498,40000000	0,24181029
498,60000000	0,23722792
498,80000000	0,23771477
499,00000000	0,24253911
499,20000000	0,24125505
499,40000000	0,24493231
499,60000000	0,25113118
499,80000000	0,25317107
500,00000000	0,25065667
500,20000000	0,25061054
500,40000000	0,25150890
500,60000000	0,24895206
500,80000000	0,24808059
501,00000000	0,25724832
501,20000000	0,25955949
501,40000000	0,25242144
501,60000000	0,25120904
501,80000000	0,24832077
502,00000000	0,25131839
502,20000000	0,25957614
502,40000000	0,25589253
502,60000000	0,25672791
502,80000000	0,26960843
503,00000000	0,27631816
503,20000000	0,26669877
503,40000000	0,26145846
503,60000000	0,26787689
503,80000000	0,27189707
504,00000000	0,27165657
504,20000000	0,26952109
504,40000000	0,27744251
504,60000000	0,28349061
504,80000000	0,28286097
505,00000000	0,28890800
505,20000000	0,29459098
505,40000000	0,28783128
505,60000000	0,27619204
505,80000000	0,27321154
506,00000000	0,28166263
506,20000000	0,29174818
506,40000000	0,29314424
506,60000000	0,28842783
506,80000000	0,28843828
507,00000000	0,29818537
507,20000000	0,30191148
507,40000000	0,29806639
507,60000000	0,29903211
507,80000000	0,30062332
508,00000000	0,30546330
508,20000000	0,30760549
508,40000000	0,30564795
508,60000000	0,30402601
508,80000000	0,30868125
509,00000000	0,31099212
509,20000000	0,30794657
509,40000000	0,31447052
509,60000000	0,31555128
509,80000000	0,31544756
510,00000000	0,31982270
510,20000000	0,32619555
510,40000000	0,32595992
510,60000000	0,31786055
510,80000000	0,31810235
511,00000000	0,32543927
511,20000000	0,33264617
511,40000000	0,33144367
511,60000000	0,32392555
511,80000000	0,33016038
512,00000000	0,33891542
512,20000000	0,33681804
512,40000000	0,33416764
512,60000000	0,32988502
512,80000000	0,33627395
513,00000000	0,34551549
513,20000000	0,34743674
513,40000000	0,35253326
513,60000000	0,34727467
513,80000000	0,34141456
514,00000000	0,34324054
514,20000000	0,35263797
514,40000000	0,35383076
514,60000000	0,35559224
514,80000000	0,36151666
515,00000000	0,36031942
515,20000000	0,36591444
515,40000000	0,36545270
515,60000000	0,35654345
515,80000000	0,35842130
516,00000000	0,36325284
516,20000000	0,36708944
516,40000000	0,36815574
516,60000000	0,36738646
516,80000000	0,37078356
517,00000000	0,37465376
517,20000000	0,37437832
517,40000000	0,36971577
517,60000000	0,36519696
517,80000000	0,37249304
518,00000000	0,38139704
518,20000000	0,38247305
518,40000000	0,38425299
518,60000000	0,38493061
518,80000000	0,38570224
519,00000000	0,39302991
519,20000000	0,38895230
519,40000000	0,39019665
519,60000000	0,39240753
519,80000000	0,38620855
520,00000000	0,39283002
520,20000000	0,39123396
520,40000000	0,38900351
520,60000000	0,39258714
520,80000000	0,39772439
521,00000000	0,40018533
521,20000000	0,39980964
521,40000000	0,40333438
521,60000000	0,40616850
521,80000000	0,40914783
522,00000000	0,40876944
522,20000000	0,41075051
522,40000000	0,41359333
522,60000000	0,40994721
522,80000000	0,41169244
523,00000000	0,42000803
523,20000000	0,41941573
523,40000000	0,41446657
523,60000000	0,42006278
523,80000000	0,42095964
524,00000000	0,42364422
524,20000000	0,42626133
524,40000000	0,42452724
524,60000000	0,42329615
524,80000000	0,42644833
525,00000000	0,43020527
525,20000000	0,42980623
525,40000000	0,42833040
525,60000000	0,43636505
525,80000000	0,43934031
526,00000000	0,43840927
526,20000000	0,43844267
526,40000000	0,43357045
526,60000000	0,43112675
526,80000000	0,43812526
527,00000000	0,45020952
527,20000000	0,45226198
527,40000000	0,45348209
527,60000000	0,44938168
527,80000000	0,44722475
528,00000000	0,44933912
528,20000000	0,44865542
528,40000000	0,45644199
528,60000000	0,46446607
528,80000000	0,46518407
529,00000000	0,46314154
529,20000000	0,45913295
529,40000000	0,46112517
529,60000000	0,46631650
529,80000000	0,46842333
530,00000000	0,46553509
530,20000000	0,46711115
530,40000000	0,47240965
530,60000000	0,47309559
530,80000000	0,47319162
531,00000000	0,48069988
531,20000000	0,48714660
531,40000000	0,48975192
531,60000000	0,48685962
531,80000000	0,48511917
532,00000000	0,48786104
532,20000000	0,48979055
532,40000000	0,49518421
532,60000000	0,50246394
532,80000000	0,50496045
533,00000000	0,49409780
533,20000000	0,49019122
533,40000000	0,49712225
533,60000000	0,50284262
533,80000000	0,50420575
534,00000000	0,50751322
534,20000000	0,51239238
534,40000000	0,51111415
534,60000000	0,51015656
534,80000000	0,51258070
535,00000000	0,51067149
535,20000000	0,51121832
535,40000000	0,51416595
535,60000000	0,51535880
535,80000000	0,51572789
536,00000000	0,51743940
536,20000000	0,51954577
536,40000000	0,52298406
536,60000000	0,52869240
536,80000000	0,53235337
537,00000000	0,53325657
537,20000000	0,53312806
537,40000000	0,53093491
537,60000000	0,53176401
537,80000000	0,53514901
538,00000000	0,53449145
538,20000000	0,53992051
538,40000000	0,55166605
538,60000000	0,55459346
538,80000000	0,54929395
539,00000000	0,54242176
539,20000000	0,54481106
539,40000000	0,54990606
539,60000000	0,55437681
539,80000000	0,55410938
540,00000000	0,55360177
540,20000000	0,55763729
540,40000000	0,55667294
540,60000000	0,55747892
540,80000000	0,56618828
541,00000000	0,56651822
541,20000000	0,56314199
541,40000000	0,56307326
541,60000000	0,56089619
541,80000000	0,56160226
542,00000000	0,56320047
542,20000000	0,56497471
542,40000000	0,57393927
542,60000000	0,57393372
542,80000000	0,57079064
543,00000000	0,57560588
543,20000000	0,57284805
543,40000000	0,56686859
543,60000000	0,56841747
543,80000000	0,57728025
544,00000000	0,58364597
544,20000000	0,58206694
544,40000000	0,57726290
544,60000000	0,57656640
544,80000000	0,58151477
545,00000000	0,58280665
545,20000000	0,57985736
545,40000000	0,58156073
545,60000000	0,58148207
545,80000000	0,58258172
546,00000000	0,58389094
546,20000000	0,57789321
546,40000000	0,57688725
546,60000000	0,58470471
546,80000000	0,58594447
547,00000000	0,58724987
547,20000000	0,58637651
547,40000000	0,57988897
547,60000000	0,58292902
547,80000000	0,59095178
548,00000000	0,58898176
548,20000000	0,58834803
548,40000000	0,59121127
548,60000000	0,58490740
548,80000000	0,58783147
549,00000000	0,59160279
549,20000000	0,59013907
549,40000000	0,59589723
549,60000000	0,59871680
549,80000000	0,59530137
550,00000000	0,59318760
550,20000000	0,59105970
550,40000000	0,59245524
550,60000000	0,60131783
550,80000000	0,60268963
551,00000000	0,59761541
551,20000000	0,59851232
551,40000000	0,60074826
551,60000000	0,59989366
551,80000000	0,60250671
552,00000000	0,60594532
552,20000000	0,60348066
552,40000000	0,60100388
552,60000000	0,60180778
552,80000000	0,60699113
553,00000000	0,61157862
553,20000000	0,60814689
553,40000000	0,60717263
553,60000000	0,60691528
553,80000000	0,60553247
554,00000000	0,60647687
554,20000000	0,60798120
554,40000000	0,61032677
554,60000000	0,61120182
554,80000000	0,61245937
555,00000000	0,61423950
555,20000000	0,61713305
555,40000000	0,61727824
555,60000000	0,61767097
555,80000000	0,62087288
556,00000000	0,62036817
556,20000000	0,62198023
556,40000000	0,62253547
556,60000000	0,61860682
556,80000000	0,61511071
557,00000000	0,61817365
557,20000000	0,62452298
557,40000000	0,62875228
557,60000000	0,62646542
557,80000000	0,62332657
558,00000000	0,62539925
558,20000000	0,62650909
558,40000000	0,62583589
558,60000000	0,63242454
558,80000000	0,63507929
559,00000000	0,63173973
559,20000000	0,63261800
559,40000000	0,63445913
559,60000000	0,63846668
559,80000000	0,64061586
560,00000000	0,63950021
560,20000000	0,63842873
560,40000000	0,63846270
560,60000000	0,64282338
560,80000000	0,64691625
561,00000000	0,64910928
561,20000000	0,64720794
561,40000000	0,64564942
561,60000000	0,64939084
561,80000000	0,64875134
562,00000000	0,65100212
562,20000000	0,65516521
562,40000000	0,65547647
562,60000000	0,65889754
562,80000000	0,65608296
563,00000000	0,65462563
563,20000000	0,65965257
563,40000000	0,66384352
563,60000000	0,66338778
563,80000000	0,66436849
564,00000000	0,66683642
564,20000000	0,66444317
564,40000000	0,66713130
564,60000000	0,66916390
564,80000000	0,67111455
565,00000000	0,67605024
565,20000000	0,67400983
565,40000000	0,67243166
565,60000000	0,67563715
565,80000000	0,67924096
566,00000000	0,68181416
566,20000000	0,68153540
566,40000000	0,67991654
566,60000000	0,68458317
566,80000000	0,68559438
567,00000000	0,68339511
567,20000000	0,68713463
567,40000000	0,68861764
567,60000000	0,68766597
567,80000000	0,69104898
568,00000000	0,69258946
568,20000000	0,69143618
568,40000000	0,69389580
568,60000000	0,69447434
568,80000000	0,69563448
569,00000000	0,70153148
569,20000000	0,70010889
569,40000000	0,69733833
569,60000000	0,69968444
569,80000000	0,70123503
570,00000000	0,70621470
570,20000000	0,70849335
570,40000000	0,70455511
570,60000000	0,70403684
570,80000000	0,70966743
571,00000000	0,71204332
571,20000000	0,71006980
571,40000000	0,70940272
571,60000000	0,71009060
571,80000000	0,71262767
572,00000000	0,71436026
572,20000000	0,71068508
572,40000000	0,71019270
572,60000000	0,71414210
572,80000000	0,71682888
573,00000000	0,71718468
573,20000000	0,71254732
573,40000000	0,71445167
573,60000000	0,72154310
573,80000000	0,71991126
574,00000000	0,71810382
574,20000000	0,71804642
574,40000000	0,71749412
574,60000000	0,71888604
574,80000000	0,72138474
575,00000000	0,72196676
575,20000000	0,72461490
575,40000000	0,72704246
575,60000000	0,72562974
575,80000000	0,72466163
576,00000000	0,72387815
576,20000000	0,72582667
576,40000000	0,73144623
576,60000000	0,72917009
576,80000000	0,72608767
577,00000000	0,72635979
577,20000000	0,72853239
577,40000000	0,73132754
577,60000000	0,73308567
577,80000000	0,73185311
578,00000000	0,73084502
578,20000000	0,72988761
578,40000000	0,72845523
578,60000000	0,73244420
578,80000000	0,73516360
579,00000000	0,73421799
579,20000000	0,73269606
579,40000000	0,73199178
579,60000000	0,73450297
579,80000000	0,73520523
580,00000000	0,73452186
580,20000000	0,73573836
580,40000000	0,73560658
580,60000000	0,73612740
580,80000000	0,73647540
581,00000000	0,73667333
581,20000000	0,73781868
581,40000000	0,74096612
581,60000000	0,74084333
581,80000000	0,73853961
582,00000000	0,74019474
582,20000000	0,74278160
582,40000000	0,74081924
582,60000000	0,73724693
582,80000000	0,73714915
583,00000000	0,74072589
583,20000000	0,74502563
583,40000000	0,74463169
583,60000000	0,74299819
583,80000000	0,74363698
584,00000000	0,74576889
584,20000000	0,74661203
584,40000000	0,74331677
584,60000000	0,74291044
584,80000000	0,74572094
585,00000000	0,74760100
585,20000000	0,74821042
585,40000000	0,74731948
585,60000000	0,74682245
585,80000000	0,74785795
586,00000000	0,74924696
586,20000000	0,74985825
586,40000000	0,74976573
586,60000000	0,75097019
586,80000000	0,75194386
587,00000000	0,75285560
587,20000000	0,75169543
587,40000000	0,75239755
587,60000000	0,75506682
587,80000000	0,75517380
588,00000000	0,75578895
588,20000000	0,75577512
588,40000000	0,75569748
588,60000000	0,75768896
588,80000000	0,75831408
589,00000000	0,76016617
589,20000000	0,76233651
589,40000000	0,76274702
589,60000000	0,76279414
589,80000000	0,76152946
590,00000000	0,76119571
590,20000000	0,76458257
590,40000000	0,76605027
590,60000000	0,76682820
590,80000000	0,76748487
591,00000000	0,76675236
591,20000000	0,76921872
591,40000000	0,77143083
591,60000000	0,77220515
591,80000000	0,77471612
592,00000000	0,77508506
592,20000000	0,77374724
592,40000000	0,77514492
592,60000000	0,77556369
592,80000000	0,77495505
593,00000000	0,77847034
593,20000000	0,78181616
593,40000000	0,77962543
593,60000000	0,77878560
593,80000000	0,78213110
594,00000000	0,78394095
594,20000000	0,78446475
594,40000000	0,78645907
594,60000000	0,78756297
594,80000000	0,78768487
595,00000000	0,78941443
595,20000000	0,79086399
595,40000000	0,78930348
595,60000000	0,79070466
595,80000000	0,79231150
596,00000000	0,79206513
596,20000000	0,79472890
596,40000000	0,79786575
596,60000000	0,79851649
596,80000000	0,79864924
597,00000000	0,79889317
597,20000000	0,79980850
597,40000000	0,80142514
597,60000000	0,80311006
597,80000000	0,80278220
598,00000000	0,80371029
598,20000000	0,80550986
598,40000000	0,80592243
598,60000000	0,80647786
598,80000000	0,80775827
599,00000000	0,80815590
599,20000000	0,80779719
599,40000000	0,80943681
599,60000000	0,81158844
599,80000000	0,81159616
600,00000000	0,81306789
600,20000000	0,81392246
600,40000000	0,81466902
600,60000000	0,81584858
600,80000000	0,81712451
601,00000000	0,81763666
601,20000000	0,81697196
601,40000000	0,81787058
601,60000000	0,82145201
601,80000000	0,82248930
602,00000000	0,82185272
602,20000000	0,82224157
602,40000000	0,82274418
602,60000000	0,82388771
602,80000000	0,82538346
603,00000000	0,82585019
603,20000000	0,82575695
603,40000000	0,82632907
603,60000000	0,82791000
603,80000000	0,82893138
604,00000000	0,82855510
604,20000000	0,82908351
604,40000000	0,83158307
604,60000000	0,83206956
604,80000000	0,83172579
605,00000000	0,83304689
605,20000000	0,83406962
605,40000000	0,83478784
605,60000000	0,83466307
605,80000000	0,83565540
606,00000000	0,83689717
606,20000000	0,83680303
606,40000000	0,83623818
606,60000000	0,83741678
606,80000000	0,83946658
607,00000000	0,83988410
607,20000000	0,83973539
607,40000000	0,84056277
607,60000000	0,84149397
607,80000000	0,84189534
608,00000000	0,84149304
608,20000000	0,84208044
608,40000000	0,84336000
608,60000000	0,84486357
608,80000000	0,84464159
609,00000000	0,84441571
609,20000000	0,84598081
609,40000000	0,84749130
609,60000000	0,84640832
609,80000000	0,84661151
610,00000000	0,84860306
610,20000000	0,84933839
610,40000000	0,84942571
610,60000000	0,84963215
610,80000000	0,85018302
611,00000000	0,85125440
611,20000000	0,85110641
611,40000000	0,85129772
611,60000000	0,85238037
611,80000000	0,85344216
612,00000000	0,85367820
612,20000000	0,85360463
612,40000000	0,85417133
612,60000000	0,85480116
612,80000000	0,85567288
613,00000000	0,85676904
613,20000000	0,85747717
613,40000000	0,85770725
613,60000000	0,85881694
613,80000000	0,85919981
614,00000000	0,85939292
614,20000000	0,85977799
614,40000000	0,86089263
614,60000000	0,86203377
614,80000000	0,86269159
615,00000000	0,86299376
615,20000000	0,86356943
615,40000000	0,86435539
615,60000000	0,86521683
615,80000000	0,86609923
616,00000000	0,86560814
616,20000000	0,86617218
616,40000000	0,86778827
616,60000000	0,86869604
616,80000000	0,86882857
617,00000000	0,86971665
617,20000000	0,87090329
617,40000000	0,87109334
617,60000000	0,87075923
617,80000000	0,87237326
618,00000000	0,87385592
618,20000000	0,87349602
618,40000000	0,87466136
618,60000000	0,87579279
618,80000000	0,87588302
619,00000000	0,87652709
619,20000000	0,87750918
619,40000000	0,87848333
619,60000000	0,87901317
619,80000000	0,87972701
620,00000000	0,88042828
620,20000000	0,88127587
620,40000000	0,88265410
620,60000000	0,88360025
620,80000000	0,88371986
621,00000000	0,88452849
621,20000000	0,88543519
621,40000000	0,88608762
621,60000000	0,88713789
621,80000000	0,88781101
622,00000000	0,88856276
622,20000000	0,88931447
622,40000000	0,89052459
622,60000000	0,89156390
622,80000000	0,89149556
623,00000000	0,89164646
623,20000000	0,89280528
623,40000000	0,89448921
623,60000000	0,89578158
623,80000000	0,89621599
624,00000000	0,89581683
624,20000000	0,89660075
624,40000000	0,89746552
624,60000000	0,89826769
624,80000000	0,89967556
625,00000000	0,90062582
625,20000000	0,89971439
625,40000000	0,90072798
625,60000000	0,90265400
625,80000000	0,90308999
626,00000000	0,90397058
626,20000000	0,90402866
626,40000000	0,90518492
626,60000000	0,90616806
626,80000000	0,90674819
627,00000000	0,90735433
627,20000000	0,90756936
627,40000000	0,90784931
627,60000000	0,90929831
627,80000000	0,91056818
628,00000000	0,91092564
628,20000000	0,91088897
628,40000000	0,91074853
628,60000000	0,91182351
628,80000000	0,91287050
629,00000000	0,91407306
629,20000000	0,91384597
629,40000000	0,91440461
629,60000000	0,91546422
629,80000000	0,91625990
630,00000000	0,91636309
630,20000000	0,91606407
630,40000000	0,91772295
630,60000000	0,91813222
630,80000000	0,91846035
631,00000000	0,91925517
631,20000000	0,91940713
631,40000000	0,91933338
631,60000000	0,92066893
631,80000000	0,92128583
632,00000000	0,92155415
632,20000000	0,92160620
632,40000000	0,92140607
632,60000000	0,92245939
632,80000000	0,92332810
633,00000000	0,92297169
633,20000000	0,92237831
633,40000000	0,92385789
633,60000000	0,92465371
633,80000000	0,92464094
634,00000000	0,92463375
634,20000000	0,92530534
634,40000000	0,92609776
634,60000000	0,92617906
634,80000000	0,92671757
635,00000000	0,92750568
635,20000000	0,92729693
635,40000000	0,92660091
635,60000000	0,92715053
635,80000000	0,92853827
636,00000000	0,92814032
636,20000000	0,92719503
636,40000000	0,92858060
636,60000000	0,92997193
636,80000000	0,92990660
637,00000000	0,92983252
637,20000000	0,93061540
637,40000000	0,93085708
637,60000000	0,93050148
637,80000000	0,93108839
638,00000000	0,93088123
638,20000000	0,93117767
638,40000000	0,93245409
638,60000000	0,93287729
638,80000000	0,93294712
639,00000000	0,93290973
639,20000000	0,93316477
639,40000000	0,93326225
639,60000000	0,93359870
639,80000000	0,93393447
640,00000000	0,93436077
640,20000000	0,93427530
640,40000000	0,93451433
640,60000000	0,93485833
640,80000000	0,93539342
641,00000000	0,93509444
641,20000000	0,93556203
641,40000000	0,93626427
641,60000000	0,93682016
641,80000000	0,93686511
642,00000000	0,93649994
642,20000000	0,93769538
642,40000000	0,93949664
642,60000000	0,93855116
642,80000000	0,93886888
643,00000000	0,93979180
643,20000000	0,93993370
643,40000000	0,94041493
643,60000000	0,94044586
643,80000000	0,94074233
644,00000000	0,94140753
644,20000000	0,94170427
644,40000000	0,94162871
644,60000000	0,94153383
644,80000000	0,94259042
645,00000000	0,94305596
645,20000000	0,94344953
645,40000000	0,94424657
645,60000000	0,94451063
645,80000000	0,94489311
646,00000000	0,94566315
646,20000000	0,94668091
646,40000000	0,94698600
646,60000000	0,94666042
646,80000000	0,94782855
647,00000000	0,94809677
647,20000000	0,94818150
647,40000000	0,94827146
647,60000000	0,94890088
647,80000000	0,94968701
648,00000000	0,95003129
648,20000000	0,95077561
648,40000000	0,95144990
648,60000000	0,95256990
648,80000000	0,95283207
649,00000000	0,95304784
649,20000000	0,95396751
649,40000000	0,95422913
649,60000000	0,95447031
649,80000000	0,95484605
650,00000000	0,95535421
650,20000000	0,95636944
650,40000000	0,95648627
650,60000000	0,95674500
650,80000000	0,95790753
651,00000000	0,95816829
651,20000000	0,95909489
651,40000000	0,96042399
651,60000000	0,96007326
651,80000000	0,96004221
652,00000000	0,96153872
652,20000000	0,96189473
652,40000000	0,96161747
652,60000000	0,96262069
652,80000000	0,96366409
653,00000000	0,96410350
653,20000000	0,96443903
653,40000000	0,96517217
653,60000000	0,96534144
653,80000000	0,96653785
654,00000000	0,96770923
654,20000000	0,96755727
654,40000000	0,96766217
654,60000000	0,96829027
654,80000000	0,96870878
655,00000000	0,96963836
655,20000000	0,96934861
655,40000000	0,96906444
655,60000000	0,96955152
655,80000000	0,97132007
656,00000000	0,97148773
656,20000000	0,97154156
656,40000000	0,97315745
656,60000000	0,97404038
656,80000000	0,97376368
657,00000000	0,97356574
657,20000000	0,97441264
657,40000000	0,97469777
657,60000000	0,97506618
657,80000000	0,97591008
658,00000000	0,97633313
658,20000000	0,97568818
658,40000000	0,97634375
658,60000000	0,97695155
658,80000000	0,97691824
659,00000000	0,97663559
659,20000000	0,97741182
659,40000000	0,97836490
659,60000000	0,97873192
659,80000000	0,97903895
660,00000000	0,97950680
660,20000000	0,97943230
660,40000000	0,97952958
660,60000000	0,97980571
660,80000000	0,98006329
661,00000000	0,98007282
661,20000000	0,98030739
661,40000000	0,98162063
661,60000000	0,98115791
661,80000000	0,98073794
662,00000000	0,98173689
662,20000000	0,98192431
662,40000000	0,98160159
662,60000000	0,98184964
662,80000000	0,98224752
663,00000000	0,98259437
663,20000000	0,98267920
663,40000000	0,98337373
663,60000000	0,98275171
663,80000000	0,98231449
664,00000000	0,98336092
664,20000000	0,98367470
664,40000000	0,98351826
664,60000000	0,98315724
664,80000000	0,98387888
665,00000000	0,98388391
665,20000000	0,98334446
665,40000000	0,98336863
665,60000000	0,98353131
665,80000000	0,98438886
666,00000000	0,98415855
666,20000000	0,98340574
666,40000000	0,98415065
666,60000000	0,98473562
666,80000000	0,98490558
667,00000000	0,98433113
667,20000000	0,98364490
667,40000000	0,98431221
667,60000000	0,98497493
667,80000000	0,98475780
668,00000000	0,98423209
668,20000000	0,98416180
668,40000000	0,98492575
668,60000000	0,98509411
668,80000000	0,98482352
669,00000000	0,98459448
669,20000000	0,98485738
669,40000000	0,98500113
669,60000000	0,98474276
669,80000000	0,98506781
670,00000000	0,98461464
670,20000000	0,98518389
670,40000000	0,98525799
670,60000000	0,98518941
670,80000000	0,98525965
671,00000000	0,98505794
671,20000000	0,98507717
671,40000000	0,98477377
671,60000000	0,98493624
671,80000000	0,98551468
672,00000000	0,98550380
672,20000000	0,98574909
672,40000000	0,98503400
672,60000000	0,98502099
672,80000000	0,98584642
673,00000000	0,98581546
673,20000000	0,98567320
673,40000000	0,98523063
673,60000000	0,98589679
673,80000000	0,98607730
674,00000000	0,98586816
674,20000000	0,98577753
674,40000000	0,98534996
674,60000000	0,98599310
674,80000000	0,98658139
675,00000000	0,98613069
675,20000000	0,98603237
675,40000000	0,98609450
675,60000000	0,98695416
675,80000000	0,98672395
676,00000000	0,98688171
676,20000000	0,98651529
676,40000000	0,98696154
676,60000000	0,98785406
676,80000000	0,98686714
677,00000000	0,98673117
677,20000000	0,98657632
677,40000000	0,98682359
677,60000000	0,98715166
677,80000000	0,98690992
678,00000000	0,98685871
678,20000000	0,98707121
678,40000000	0,98803070
678,60000000	0,98799118
678,80000000	0,98753541
679,00000000	0,98822054
679,20000000	0,98892875
679,40000000	0,98929357
679,60000000	0,98828409
679,80000000	0,98886836
680,00000000	0,98925626
680,20000000	0,98893448
680,40000000	0,98837142
680,60000000	0,98843467
680,80000000	0,98960900
681,00000000	0,98899783
681,20000000	0,98898752
681,40000000	0,98901008
681,60000000	0,98884604
681,80000000	0,98896174
682,00000000	0,98868770
682,20000000	0,98946392
682,40000000	0,98946679
682,60000000	0,98925275
682,80000000	0,98988265
683,00000000	0,99021389
683,20000000	0,99038775
683,40000000	0,99007427
683,60000000	0,99075962
683,80000000	0,99083970
684,00000000	0,99085865
684,20000000	0,99090609
684,40000000	0,99124800
684,60000000	0,99192428
684,80000000	0,99091424
685,00000000	0,99106310
685,20000000	0,99181752
685,40000000	0,99151351
685,60000000	0,99121368
685,80000000	0,99128624
686,00000000	0,99188893
686,20000000	0,99160207
686,40000000	0,99145901
686,60000000	0,99169842
686,80000000	0,99186306
687,00000000	0,99184919
687,20000000	0,99152588
687,40000000	0,99243648
687,60000000	0,99219441
687,80000000	0,99243539
688,00000000	0,99342690
688,20000000	0,99302892
688,40000000	0,99320410
688,60000000	0,99292501
688,80000000	0,99285311
689,00000000	0,99244107
689,20000000	0,99200077
689,40000000	0,99306028
689,60000000	0,99288408
689,80000000	0,99260118
690,00000000	0,99278813
690,20000000	0,99331252
690,40000000	0,99322455
690,60000000	0,99354612
690,80000000	0,99374498
691,00000000	0,99362347
691,20000000	0,99366768
691,40000000	0,99400005
691,60000000	0,99373290
691,80000000	0,99345108
692,00000000	0,99345572
692,20000000	0,99406955
692,40000000	0,99345786
692,60000000	0,99360535
692,80000000	0,99370791
693,00000000	0,99316062
693,20000000	0,99316536
693,40000000	0,99343710
693,60000000	0,99412214
693,80000000	0,99368457
694,00000000	0,99371616
694,20000000	0,99404817
694,40000000	0,99366447
694,60000000	0,99370410
694,80000000	0,99364549
695,00000000	0,99407678
695,20000000	0,99347516
695,40000000	0,99367501
695,60000000	0,99351054
695,80000000	0,99357389
696,00000000	0,99382602
696,20000000	0,99334028
696,40000000	0,99332056
696,60000000	0,99347224
696,80000000	0,99387021
697,00000000	0,99337541
697,20000000	0,99319432
697,40000000	0,99388369
697,60000000	0,99392090
697,80000000	0,99351888
698,00000000	0,99346141
698,20000000	0,99394455
698,40000000	0,99367336
698,60000000	0,99368023
698,80000000	0,99386244
699,00000000	0,99346540
699,20000000	0,99354608
699,40000000	0,99345485
699,60000000	0,99316435
699,80000000	0,99302841
700,00000000	0,99316365
700,20000000	0,99325533
700,40000000	0,99350293
700,60000000	0,99381401
700,80000000	0,99315904
701,00000000	0,99351090
701,20000000	0,99394990
701,40000000	0,99378351
701,60000000	0,99352981
701,80000000	0,99315939
702,00000000	0,99383930
702,20000000	0,99368516
702,40000000	0,99339851
702,60000000	0,99340070
702,80000000	0,99361430
703,00000000	0,99347469
703,20000000	0,99293866
703,40000000	0,99311751
703,60000000	0,99326750
703,80000000	0,99346739
704,00000000	0,99341964
704,20000000	0,99368963
704,40000000	0,99388415
704,60000000	0,99370284
704,80000000	0,99390414
705,00000000	0,99394823
705,20000000	0,99400765
705,40000000	0,99352746
705,60000000	0,99339550
705,80000000	0,99309525
706,00000000	0,99329237
706,20000000	0,99364983
706,40000000	0,99309086
706,60000000	0,99382318
706,80000000	0,99383071
707,00000000	0,99371785
707,20000000	0,99430256
707,40000000	0,99419075
707,60000000	0,99416266
707,80000000	0,99423925
708,00000000	0,99418325
708,20000000	0,99418394
708,40000000	0,99488229
708,60000000	0,99462715
708,80000000	0,99447212
709,00000000	0,99523759
709,20000000	0,99508421
709,40000000	0,99424455
709,60000000	0,99458454
709,80000000	0,99482264
710,00000000	0,99448282
710,20000000	0,99418956
710,40000000	0,99482812
710,60000000	0,99514244
710,80000000	0,99526601
711,00000000	0,99447387
711,20000000	0,99536188
711,40000000	0,99557381
711,60000000	0,99482603
711,80000000	0,99557996
712,00000000	0,99573687
712,20000000	0,99589820
712,40000000	0,99566984
712,60000000	0,99495572
712,80000000	0,99577216
713,00000000	0,99606026
713,20000000	0,99604023
713,40000000	0,99616276
713,60000000	0,99637354
713,80000000	0,99606376
714,00000000	0,99638429
714,20000000	0,99614015
714,40000000	0,99598097
714,60000000	0,99630228
714,80000000	0,99608392
715,00000000	0,99643362
715,20000000	0,99587227
715,40000000	0,99598511
715,60000000	0,99652919
715,80000000	0,99631224
716,00000000	0,99686209
716,20000000	0,99669370
716,40000000	0,99682868
716,60000000	0,99693282
716,80000000	0,99714630
717,00000000	0,99686795
717,20000000	0,99709467
717,40000000	0,99686399
717,60000000	0,99696822
717,80000000	0,99722635
718,00000000	0,99718344
718,20000000	0,99750002
718,40000000	0,99727788
718,60000000	0,99708817
718,80000000	0,99733142
719,00000000	0,99688731
719,20000000	0,99703774
719,40000000	0,99733479
719,60000000	0,99781789
719,80000000	0,99769393
720,00000000	0,99740257
720,20000000	0,99771590
720,40000000	0,99777112
720,60000000	0,99732070
720,80000000	0,99737887
721,00000000	0,99773729
721,20000000	0,99740691
721,40000000	0,99713605
721,60000000	0,99719077
721,80000000	0,99711860
722,00000000	0,99734719
722,20000000	0,99709344
722,40000000	0,99745785
722,60000000	0,99737060
722,80000000	0,99768267
723,00000000	0,99765461
723,20000000	0,99764129
723,40000000	0,99793316
723,60000000	0,99771348
723,80000000	0,99737049
724,00000000	0,99711090
724,20000000	0,99748812
724,40000000	0,99727529
724,60000000	0,99697881
724,80000000	0,99719128
725,00000000	0,99698372
725,20000000	0,99709855
725,40000000	0,99669434
725,60000000	0,99702844
725,80000000	0,99673311
726,00000000	0,99688410
726,20000000	0,99691849
726,40000000	0,99642543
726,60000000	0,99676292
726,80000000	0,99690058
727,00000000	0,99675398
727,20000000	0,99649894
727,40000000	0,99665197
727,60000000	0,99673209
727,80000000	0,99630819
728,00000000	0,99605456
728,20000000	0,99601284
728,40000000	0,99657159
728,60000000	0,99609818
728,80000000	0,99602754
729,00000000	0,99569798
729,20000000	0,99522090
729,40000000	0,99532815
729,60000000	0,99509558
729,80000000	0,99545203
730,00000000	0,99491892
730,20000000	0,99485262
730,40000000	0,99542035
730,60000000	0,99571043
730,80000000	0,99542944
731,00000000	0,99541749
731,20000000	0,99584407
731,40000000	0,99542341
731,60000000	0,99525482
731,80000000	0,99511866
732,00000000	0,99496424
732,20000000	0,99484100
732,40000000	0,99454473
732,60000000	0,99423554
732,80000000	0,99419786
733,00000000	0,99458204
733,20000000	0,99419096
733,40000000	0,99439347
733,60000000	0,99406333
733,80000000	0,99432312
734,00000000	0,99417223
734,20000000	0,99389428
734,40000000	0,99413021
734,60000000	0,99382127
734,80000000	0,99365492
735,00000000	0,99352735
735,20000000	0,99402270
735,40000000	0,99389889
735,60000000	0,99369978
735,80000000	0,99349527
736,00000000	0,99379976
736,20000000	0,99412108
736,40000000	0,99344990
736,60000000	0,99343467
736,80000000	0,99385100
737,00000000	0,99331105
737,20000000	0,99277696
737,40000000	0,99353308
737,60000000	0,99407312
737,80000000	0,99304186
738,00000000	0,99304261
738,20000000	0,99299906
738,40000000	0,99324421
738,60000000	0,99265939
738,80000000	0,99295272
739,00000000	0,99312812
739,20000000	0,99343837
739,40000000	0,99335217
739,60000000	0,99286601
739,80000000	0,99313099
740,00000000	0,99349504
740,20000000	0,99329390
740,40000000	0,99295905
740,60000000	0,99343996
740,80000000	0,99333927
741,00000000	0,99305980
741,20000000	0,99342027
741,40000000	0,99348157
741,60000000	0,99321662
741,80000000	0,99308538
742,00000000	0,99329839
742,20000000	0,99359299
742,40000000	0,99376418
742,60000000	0,99346793
742,80000000	0,99336335
743,00000000	0,99324668
743,20000000	0,99389283
743,40000000	0,99347154
743,60000000	0,99358999
743,80000000	0,99367995
744,00000000	0,99381057
744,20000000	0,99372502
744,40000000	0,99427914
744,60000000	0,99413951
744,80000000	0,99383595
745,00000000	0,99426037
745,20000000	0,99405945
745,40000000	0,99395747
745,60000000	0,99458568
745,80000000	0,99443452
746,00000000	0,99432714
746,20000000	0,99462127
746,40000000	0,99459504
746,60000000	0,99438103
746,80000000	0,99454059
747,00000000	0,99497092
747,20000000	0,99446254
747,40000000	0,99454533
747,60000000	0,99488084
747,80000000	0,99500613
748,00000000	0,99497100
748,20000000	0,99475002
748,40000000	0,99481377
748,60000000	0,99483087
748,80000000	0,99515077
749,00000000	0,99495444
749,20000000	0,99512126
749,40000000	0,99538496
749,60000000	0,99538538
749,80000000	0,99551877
750,00000000	0,99561070
750,20000000	0,99544230
750,40000000	0,99526258
750,60000000	0,99531682
750,80000000	0,99571870
751,00000000	0,99530164
751,20000000	0,99573613
751,40000000	0,99569649
751,60000000	0,99534794
751,80000000	0,99566651
752,00000000	0,99594891
752,20000000	0,99603270
752,40000000	0,99595980
752,60000000	0,99595503
752,80000000	0,99595031
753,00000000	0,99572109
753,20000000	0,99556551
753,40000000	0,99561792
753,60000000	0,99594072
753,80000000	0,99616081
754,00000000	0,99594337
754,20000000	0,99605821
754,40000000	0,99590329
754,60000000	0,99571617
754,80000000	0,99588179
755,00000000	0,99610037
755,20000000	0,99560996
755,40000000	0,99566222
755,60000000	0,99585677
755,80000000	0,99598629
756,00000000	0,99575008
756,20000000	0,99563708
756,40000000	0,99590604
756,60000000	0,99593820
756,80000000	0,99584887
757,00000000	0,99565020
757,20000000	0,99578959
757,40000000	0,99542463
757,60000000	0,99529793
757,80000000	0,99553771
758,00000000	0,99577705
758,20000000	0,99558122
758,40000000	0,99547176
758,60000000	0,99568019
758,80000000	0,99575318
759,00000000	0,99529802
759,20000000	0,99562206
759,40000000	0,99545390
759,60000000	0,99530585
759,80000000	0,99561948
760,00000000	0,99527171
760,20000000	0,99500312
760,40000000	0,99547893
760,60000000	0,99558080
760,80000000	0,99531567
761,00000000	0,99520284
761,20000000	0,99546292
761,40000000	0,99491511
761,60000000	0,99477505
761,80000000	0,99486030
762,00000000	0,99543097
762,20000000	0,99511413
762,40000000	0,99506472
762,60000000	0,99510684
762,80000000	0,99491580
763,00000000	0,99498902
763,20000000	0,99514478
763,40000000	0,99515670
763,60000000	0,99494583
763,80000000	0,99468598
764,00000000	0,99492941
764,20000000	0,99508126
764,40000000	0,99503293
764,60000000	0,99501325
764,80000000	0,99523754
765,00000000	0,99522704
765,20000000	0,99523433
765,40000000	0,99527138
765,60000000	0,99515219
765,80000000	0,99501352
766,00000000	0,99497916
766,20000000	0,99504538
766,40000000	0,99526438
766,60000000	0,99552786
766,80000000	0,99554922
767,00000000	0,99546874
767,20000000	0,99567387
767,40000000	0,99532932
767,60000000	0,99572885
767,80000000	0,99566186
768,00000000	0,99534833
768,20000000	0,99576782
768,40000000	0,99576938
768,60000000	0,99583189
768,80000000	0,99603428
769,00000000	0,99615772
769,20000000	0,99591092
769,40000000	0,99618779
769,60000000	0,99631585
769,80000000	0,99605826
770,00000000	0,99620637
770,20000000	0,99671957
770,40000000	0,99645121
770,60000000	0,99658471
770,80000000	0,99681879
771,00000000	0,99661855
771,20000000	0,99676813
771,40000000	0,99674725
771,60000000	0,99679272
771,80000000	0,99691274
772,00000000	0,99695556
772,20000000	0,99681497
772,40000000	0,99678470
772,60000000	0,99719353
772,80000000	0,99729965
773,00000000	0,99708482
773,20000000	0,99708226
773,40000000	0,99712594
773,60000000	0,99742184
773,80000000	0,99761821
774,00000000	0,99762249
774,20000000	0,99786964
774,40000000	0,99784784
774,60000000	0,99776109
774,80000000	0,99765821
775,00000000	0,99797352
775,20000000	0,99783453
775,40000000	0,99793116
775,60000000	0,99805423
775,80000000	0,99796751
776,00000000	0,99815152
776,20000000	0,99831350
776,40000000	0,99823957
776,60000000	0,99818718
776,80000000	0,99848582
777,00000000	0,99841945
777,20000000	0,99824294
777,40000000	0,99846340
777,60000000	0,99841675
777,80000000	0,99847644
778,00000000	0,99850387
778,20000000	0,99836140
778,40000000	0,99851121
778,60000000	0,99863241
778,80000000	0,99852546
779,00000000	0,99828686
779,20000000	0,99840636
779,40000000	0,99868308
779,60000000	0,99846068
779,80000000	0,99826537
780,00000000	0,99857861
780,20000000	0,99847744
780,40000000	0,99828978
780,60000000	0,99843922
780,80000000	0,99826823
781,00000000	0,99812341
781,20000000	0,99839822
781,40000000	0,99813064
781,60000000	0,99775285
781,80000000	0,99788628
782,00000000	0,99796675
782,20000000	0,99794427
782,40000000	0,99782825
782,60000000	0,99766231
782,80000000	0,99772751
783,00000000	0,99753748
783,20000000	0,99736489
783,40000000	0,99718333
783,60000000	0,99723618
783,80000000	0,99703631
784,00000000	0,99726960
784,20000000	0,99691137
784,40000000	0,99674018
784,60000000	0,99675746
784,80000000	0,99635916
785,00000000	0,99639418
785,20000000	0,99652968
785,40000000	0,99619590
785,60000000	0,99588463
785,80000000	0,99594865
786,00000000	0,99584678
786,20000000	0,99581700
786,40000000	0,99587409
786,60000000	0,99512427
786,80000000	0,99543830
787,00000000	0,99555512
787,20000000	0,99490613
787,40000000	0,99491761
787,60000000	0,99508534
787,80000000	0,99475970
788,00000000	0,99442637
788,20000000	0,99460857
788,40000000	0,99459772
788,60000000	0,99430165
788,80000000	0,99402876
789,00000000	0,99407914
789,20000000	0,99419339
789,40000000	0,99334059
789,60000000	0,99348755
789,80000000	0,99351287
790,00000000	0,99356066
790,20000000	0,99344771
790,40000000	0,99342147
790,60000000	0,99336886
790,80000000	0,99282171
791,00000000	0,99307668
791,20000000	0,99260849
791,40000000	0,99199878
791,60000000	0,99269001
791,80000000	0,99237753
792,00000000	0,99195952
792,20000000	0,99211356
792,40000000	0,99175383
792,60000000	0,99197194
792,80000000	0,99137379
793,00000000	0,99167031
793,20000000	0,99187328
793,40000000	0,99088725
793,60000000	0,99131334
793,80000000	0,99129211
794,00000000	0,99124644
794,20000000	0,99092578
794,40000000	0,99128199
794,60000000	0,99102549
794,80000000	0,99050106
795,00000000	0,99078465
795,20000000	0,99016739
795,40000000	0,99056196
795,60000000	0,99067543
795,80000000	0,99076461
796,00000000	0,99050714
796,20000000	0,98992768
796,40000000	0,98977012
796,60000000	0,99026215
796,80000000	0,98998038
797,00000000	0,99043376
797,20000000	0,99010517
797,40000000	0,99026953
797,60000000	0,99017483
797,80000000	0,99039777
798,00000000	0,99037865
798,20000000	0,99037637
798,40000000	0,98981466
798,60000000	0,99060147
798,80000000	0,99026724
799,00000000	0,98990297
799,20000000	0,99040066
799,40000000	0,98981955
799,60000000	0,99017421
799,80000000	0,99009644
800,00000000	0,98937191
800,20000000	0,98983126
800,40000000	0,99051700
800,60000000	0,99038264
800,80000000	0,98996413
801,00000000	0,99030057
801,20000000	0,98944663
801,40000000	0,98941632
801,60000000	0,98981093
801,80000000	0,98975283
802,00000000	0,98980931
802,20000000	0,98897420
802,40000000	0,99017430
802,60000000	0,98972664
802,80000000	0,98886549
803,00000000	0,98938835
803,20000000	0,98929222
803,40000000	0,98793357
803,60000000	0,98903953
803,80000000	0,98959358
804,00000000	0,98862688
804,20000000	0,98920874
804,40000000	0,98937262
804,60000000	0,98881644
804,80000000	0,98896601
805,00000000	0,98881304
805,20000000	0,98797415
805,40000000	0,98900697
805,60000000	0,98924182
805,80000000	0,98803562
806,00000000	0,98798787
806,20000000	0,98876964
806,40000000	0,98834874
806,60000000	0,98861825
806,80000000	0,98870280
807,00000000	0,98786374
807,20000000	0,98814525
807,40000000	0,98778817
807,60000000	0,98772977
807,80000000	0,98768938
808,00000000	0,98776394
808,20000000	0,98711549
808,40000000	0,98814780
808,60000000	0,98738792
808,80000000	0,98651206
809,00000000	0,98689908
809,20000000	0,98737152
809,40000000	0,98665258
809,60000000	0,98745398
809,80000000	0,98702665
810,00000000	0,98632450
810,20000000	0,98650721
810,40000000	0,98708497
810,60000000	0,98671571
810,80000000	0,98556685
811,00000000	0,98658951
811,20000000	0,98606788
811,40000000	0,98573105
811,60000000	0,98592779
811,80000000	0,98575295
812,00000000	0,98634374
812,20000000	0,98511906
812,40000000	0,98532926
812,60000000	0,98591235
812,80000000	0,98439118
813,00000000	0,98495770
813,20000000	0,98534489
813,40000000	0,98404301
813,60000000	0,98471982
813,80000000	0,98534273
814,00000000	0,98464685
814,20000000	0,98419412
814,40000000	0,98362355
814,60000000	0,98326055
814,80000000	0,98263008
815,00000000	0,98416199
815,20000000	0,98330138
815,40000000	0,98335578
815,60000000	0,98270345
815,80000000	0,98296738
816,00000000	0,98288657
816,20000000	0,98162401
816,40000000	0,98180177
816,60000000	0,98231097
816,80000000	0,98178194
817,00000000	0,98171204
817,20000000	0,98149775
817,40000000	0,98119602
817,60000000	0,98108986
817,80000000	0,98012471
818,00000000	0,98052261
818,20000000	0,97991110
818,40000000	0,97960484
818,60000000	0,97886606
818,80000000	0,97911997
819,00000000	0,97874692
819,20000000	0,97965547
819,40000000	0,97829401
819,60000000	0,97740154
819,80000000	0,97805659
820,00000000	0,97818672
820,20000000	0,97726275
820,40000000	0,97666578
820,60000000	0,97643247
820,80000000	0,97652113
821,00000000	0,97562167
821,20000000	0,97494511
821,40000000	0,97565189
821,60000000	0,97524903
821,80000000	0,97377640
822,00000000	0,97314801
822,20000000	0,97430634
822,40000000	0,97149089
822,60000000	0,97230881
822,80000000	0,97315073
823,00000000	0,97232606
823,20000000	0,97026345
823,40000000	0,97214594
823,60000000	0,97009517
823,80000000	0,96918052
824,00000000	0,96935363
824,20000000	0,96965928
824,40000000	0,96918420
824,60000000	0,96872947
824,80000000	0,96765706
825,00000000	0,96744988
825,20000000	0,96656750
825,40000000	0,96630176
825,60000000	0,96748345
825,80000000	0,96540579
826,00000000	0,96529881
826,20000000	0,96507344
826,40000000	0,96355126
826,60000000	0,96467546
826,80000000	0,96294951
827,00000000	0,96170549
827,20000000	0,96306768
827,40000000	0,96100284
827,60000000	0,96167548
827,80000000	0,96134503
828,00000000	0,95847709
828,20000000	0,95851680
828,40000000	0,95991182
828,60000000	0,95844531
828,80000000	0,95868789
829,00000000	0,95877304
829,20000000	0,95738990
829,40000000	0,95516200
829,60000000	0,95600626
829,80000000	0,95580390
830,00000000	0,95597281
830,20000000	0,95723094
830,40000000	0,95515762
830,60000000	0,95450059
830,80000000	0,95308977
831,00000000	0,95215399
831,20000000	0,95191206
831,40000000	0,95055564
831,60000000	0,95232321
831,80000000	0,95050399
832,00000000	0,95123518
832,20000000	0,95140587
832,40000000	0,94806962
832,60000000	0,94804015
832,80000000	0,94775282
833,00000000	0,94721792
833,20000000	0,94631915
833,40000000	0,94754561
833,60000000	0,94660568
833,80000000	0,94548546
834,00000000	0,94514164
834,20000000	0,94376592
834,40000000	0,94358225
834,60000000	0,94438801
834,80000000	0,94377406
835,00000000	0,94152469
835,20000000	0,94234833
835,40000000	0,94215981
835,60000000	0,94309330
835,80000000	0,94215134
836,00000000	0,93981239
836,20000000	0,94029020
836,40000000	0,94094378
836,60000000	0,94018825
836,80000000	0,94009359
837,00000000	0,94154392
837,20000000	0,94046005
837,40000000	0,93753775
837,60000000	0,93695556
837,80000000	0,93786304
838,00000000	0,93941907
838,20000000	0,93941861
838,40000000	0,93971365
838,60000000	0,93828789
838,80000000	0,93768957
839,00000000	0,94057566
839,20000000	0,93791018
839,40000000	0,93638894
839,60000000	0,94001679
839,80000000	0,94073831
840,00000000	0,93884054
840,20000000	0,94070417
840,40000000	0,93981718
840,60000000	0,93835920
840,80000000	0,93821019
841,00000000	0,93871957
841,20000000	0,94141018
841,40000000	0,94103645
841,60000000	0,94169935
841,80000000	0,94084251
842,00000000	0,93984636
842,20000000	0,94077151
842,40000000	0,94071155
842,60000000	0,94157971
842,80000000	0,94245562
843,00000000	0,94192862
843,20000000	0,94086189
843,40000000	0,94260760
843,60000000	0,94314877
843,80000000	0,94341993
844,00000000	0,94408403
844,20000000	0,94427525
844,40000000	0,94405095
844,60000000	0,94459217
844,80000000	0,94532195
845,00000000	0,94610213
845,20000000	0,94708839
845,40000000	0,94696192
845,60000000	0,94724386
845,80000000	0,94641827
846,00000000	0,94756722
846,20000000	0,94924070
846,40000000	0,94866840
846,60000000	0,95006894
846,80000000	0,95022937
847,00000000	0,94989924
847,20000000	0,95159586
847,40000000	0,95125867
847,60000000	0,95181037
847,80000000	0,95244492
848,00000000	0,95387083
848,20000000	0,95458818
848,40000000	0,95491279
848,60000000	0,95558960
848,80000000	0,95656348
849,00000000	0,95719698
849,20000000	0,95741772
849,40000000	0,95836823
849,60000000	0,95977202
849,80000000	0,95926688
850,00000000	0,95949158
850,20000000	0,96137679
850,40000000	0,96137681
850,60000000	0,96160146
850,80000000	0,96314058
851,00000000	0,96447533
851,20000000	0,96360911
851,40000000	0,96554081
851,60000000	0,96437897
851,80000000	0,96609055
852,00000000	0,96707362
852,20000000	0,96618938
852,40000000	0,96843499
852,60000000	0,96869199
852,80000000	0,96803612
853,00000000	0,96983343
853,20000000	0,97064026
853,40000000	0,97022971
853,60000000	0,97181747
853,80000000	0,97197459
854,00000000	0,97196304
854,20000000	0,97271893
854,40000000	0,97258801
854,60000000	0,97341338
854,80000000	0,97390316
855,00000000	0,97402828
855,20000000	0,97440115
855,40000000	0,97463227
855,60000000	0,97532106
855,80000000	0,97580420
856,00000000	0,97525511
856,20000000	0,97559754
856,40000000	0,97653540
856,60000000	0,97675920
856,80000000	0,97670381
857,00000000	0,97790943
857,20000000	0,97793278
857,40000000	0,97726944
857,60000000	0,97829231
857,80000000	0,97878659
858,00000000	0,97822816
858,20000000	0,97890872
858,40000000	0,97902104
858,60000000	0,97891076
858,80000000	0,97952513
859,00000000	0,97981458
859,20000000	0,98002703
859,40000000	0,97910399
859,60000000	0,97905723
859,80000000	0,98003322
860,00000000	0,97944203
860,20000000	0,97995909
860,40000000	0,97960190
860,60000000	0,97943593
860,80000000	0,97976011
861,00000000	0,97965288
861,20000000	0,98016223
861,40000000	0,97895791
861,60000000	0,97970432
861,80000000	0,97963156
862,00000000	0,97899300
862,20000000	0,97930239
862,40000000	0,97929074
862,60000000	0,97847502
862,80000000	0,97924752
863,00000000	0,97913611
863,20000000	0,97857149
863,40000000	0,97935777
863,60000000	0,97767306
863,80000000	0,97778226
864,00000000	0,97801035
864,20000000	0,97763964
864,40000000	0,97835906
864,60000000	0,97786424
864,80000000	0,97691135
865,00000000	0,97644317
865,20000000	0,97724287
865,40000000	0,97722494
865,60000000	0,97685014
865,80000000	0,97718820
866,00000000	0,97711316
866,20000000	0,97525898
866,40000000	0,97658715
866,60000000	0,97572043
866,80000000	0,97602568
867,00000000	0,97507898
867,20000000	0,97484813
867,40000000	0,97464775
867,60000000	0,97518817
867,80000000	0,97482431
868,00000000	0,97329379
868,20000000	0,97320677
868,40000000	0,97451972
868,60000000	0,97326497
868,80000000	0,97193846
869,00000000	0,97287427
869,20000000	0,97237878
869,40000000	0,97109460
869,60000000	0,97186291
869,80000000	0,97186343
870,00000000	0,97213032
870,20000000	0,97039275
870,40000000	0,96961561
870,60000000	0,97026577
870,80000000	0,97090973
871,00000000	0,96926198
871,20000000	0,96972678
871,40000000	0,96888124
871,60000000	0,96971134
871,80000000	0,96835592
872,00000000	0,96758714
872,20000000	0,96696146
872,40000000	0,96900255
872,60000000	0,96833362
872,80000000	0,96787404
873,00000000	0,96761595
873,20000000	0,96742844
873,40000000	0,96584350
873,60000000	0,96619175
873,80000000	0,96737635
874,00000000	0,96674619
874,20000000	0,96626762
874,40000000	0,96571584
874,60000000	0,96517582
874,80000000	0,96616578
875,00000000	0,96427727
875,20000000	0,96512628
875,40000000	0,96433052
875,60000000	0,96380308
875,80000000	0,96345170
876,00000000	0,96344885
876,20000000	0,96230715
876,40000000	0,96267985
876,60000000	0,96202415
876,80000000	0,96292314
877,00000000	0,96178131
877,20000000	0,96183879
877,40000000	0,96097047
877,60000000	0,96140010
877,80000000	0,96137236
878,00000000	0,96174508
878,20000000	0,96031037
878,40000000	0,96019473
878,60000000	0,96025380
878,80000000	0,95921308
879,00000000	0,96024724
879,20000000	0,95848881
879,40000000	0,95775666
879,60000000	0,95875321
879,80000000	0,95818195
880,00000000	0,95804972
880,20000000	0,95720331
880,40000000	0,95600768
880,60000000	0,95515027
880,80000000	0,95617980
881,00000000	0,95535359
881,20000000	0,95552020
881,40000000	0,95447689
881,60000000	0,95353493
881,80000000	0,95386963
882,00000000	0,95254960
882,20000000	0,95318371
882,40000000	0,95317277
882,60000000	0,95132927
882,80000000	0,95128418
883,00000000	0,95154264
883,20000000	0,95038770
883,40000000	0,95001177
883,60000000	0,95056119
883,80000000	0,94919279
884,00000000	0,94922239
884,20000000	0,94905848
884,40000000	0,94712831
884,60000000	0,94800669
884,80000000	0,94829884
885,00000000	0,94544563
885,20000000	0,94805487
885,40000000	0,94570641
885,60000000	0,94513433
885,80000000	0,94665336
886,00000000	0,94557638
886,20000000	0,94523229
886,40000000	0,94405974
886,60000000	0,94260974
886,80000000	0,94428364
887,00000000	0,94238965
887,20000000	0,94148974
887,40000000	0,94358393
887,60000000	0,94324336
887,80000000	0,94172457
888,00000000	0,94241818
888,20000000	0,94108903
888,40000000	0,93997720
888,60000000	0,94123605
888,80000000	0,93985694
889,00000000	0,93988872
889,20000000	0,93990415
889,40000000	0,93907934
889,60000000	0,93859562
889,80000000	0,93817043
890,00000000	0,93905672
890,20000000	0,93903515
890,40000000	0,93823597
890,60000000	0,93820751
890,80000000	0,93680566
891,00000000	0,93686909
891,20000000	0,93761005
891,40000000	0,93680440
891,60000000	0,93725198
891,80000000	0,93491701
892,00000000	0,93752006
892,20000000	0,93640129
892,40000000	0,93571242
892,60000000	0,93886818
892,80000000	0,93636663
893,00000000	0,93504958
893,20000000	0,93615489
893,40000000	0,93590111
893,60000000	0,93647423
893,80000000	0,93683924
894,00000000	0,93523034
894,20000000	0,93465358
894,40000000	0,93692401
894,60000000	0,93869173
894,80000000	0,93625176
895,00000000	0,93658358
895,20000000	0,93703249
895,40000000	0,93724597
895,60000000	0,93696661
895,80000000	0,93751532
896,00000000	0,93759691
896,20000000	0,93751479
896,40000000	0,93795926
896,60000000	0,93827927
896,80000000	0,93907363
897,00000000	0,94048714
897,20000000	0,93806536
897,40000000	0,93911630
897,60000000	0,93972176
897,80000000	0,93965180
898,00000000	0,93913507
898,20000000	0,93787914
898,40000000	0,93917654
898,60000000	0,94032033
898,80000000	0,94058812
899,00000000	0,94099467
899,20000000	0,94170326
899,40000000	0,94164217
899,60000000	0,94141593
899,80000000	0,94153350
900,00000000	0,94350891
