150,00000000	0,94014687
150,20000000	0,94004012
150,40000000	0,93204912
150,60000000	0,94442015
150,80000000	0,93981583
151,00000000	0,93919591
151,20000000	0,92459074
151,40000000	0,95000304
151,60000000	0,94227865
151,80000000	0,93904147
152,00000000	0,94278058
152,20000000	0,93470178
152,40000000	0,94053104
152,60000000	0,94587532
152,80000000	0,94522258
153,00000000	0,93468052
153,20000000	0,93328771
153,40000000	0,94373649
153,60000000	0,93609701
153,80000000	0,93950431
154,00000000	0,93643226
154,20000000	0,94342307
154,40000000	0,94741848
154,60000000	0,93819597
154,80000000	0,93947586
155,00000000	0,93485372
155,20000000	0,94830794
155,40000000	0,93767952
155,60000000	0,93693906
155,80000000	0,94093815
156,00000000	0,93893020
156,20000000	0,94380763
156,40000000	0,94003307
156,60000000	0,94483619
156,80000000	0,93659119
157,00000000	0,93854513
157,20000000	0,94451607
157,40000000	0,93542490
157,60000000	0,94011358
157,80000000	0,92265240
158,00000000	0,93185174
158,20000000	0,94268743
158,40000000	0,93493700
158,60000000	0,93539302
158,80000000	0,93396180
159,00000000	0,93531908
159,20000000	0,93275942
159,40000000	0,93638505
159,60000000	0,93892045
159,80000000	0,93398012
160,00000000	0,93829436
160,20000000	0,93798483
160,40000000	0,93170808
160,60000000	0,93894310
160,80000000	0,93020285
161,00000000	0,93713226
161,20000000	0,92997097
161,40000000	0,94294092
161,60000000	0,94017747
161,80000000	0,93877963
162,00000000	0,94190030
162,20000000	0,93959297
162,40000000	0,93547811
162,60000000	0,93876797
162,80000000	0,93302240
163,00000000	0,94089843
163,20000000	0,93530797
163,40000000	0,93940127
163,60000000	0,93594502
163,80000000	0,94083960
164,00000000	0,94561306
164,20000000	0,92969298
164,40000000	0,93470919
164,60000000	0,94363951
164,80000000	0,93348359
165,00000000	0,93711572
165,20000000	0,93943673
165,40000000	0,94411974
165,60000000	0,93984232
165,80000000	0,94356664
166,00000000	0,94167765
166,20000000	0,93847455
166,40000000	0,94316944
166,60000000	0,94133195
166,80000000	0,94713013
167,00000000	0,94446421
167,20000000	0,94751938
167,40000000	0,94479122
167,60000000	0,94432596
167,80000000	0,94149012
168,00000000	0,94925563
168,20000000	0,94942048
168,40000000	0,94460554
168,60000000	0,94833763
168,80000000	0,94872882
169,00000000	0,95443105
169,20000000	0,95250249
169,40000000	0,94703220
169,60000000	0,95116790
169,80000000	0,95323495
170,00000000	0,95470571
170,20000000	0,95517666
170,40000000	0,95174246
170,60000000	0,95801270
170,80000000	0,95844279
171,00000000	0,95740893
171,20000000	0,95728251
171,40000000	0,95532828
171,60000000	0,96433201
171,80000000	0,96691779
172,00000000	0,96134707
172,20000000	0,96561315
172,40000000	0,96422246
172,60000000	0,96715691
172,80000000	0,96647529
173,00000000	0,96408736
173,20000000	0,97104096
173,40000000	0,96904584
173,60000000	0,97027205
173,80000000	0,97390237
174,00000000	0,96950772
174,20000000	0,97325459
174,40000000	0,97724814
174,60000000	0,97482578
174,80000000	0,97625308
175,00000000	0,97795596
175,20000000	0,97837654
175,40000000	0,97786328
175,60000000	0,97765829
175,80000000	0,98021999
176,00000000	0,98053711
176,20000000	0,98177228
176,40000000	0,98253007
176,60000000	0,98359974
176,80000000	0,98517835
177,00000000	0,98388166
177,20000000	0,98523497
177,40000000	0,98796339
177,60000000	0,98629764
177,80000000	0,98640770
178,00000000	0,98985118
178,20000000	0,98815074
178,40000000	0,98824740
178,60000000	0,98880961
178,80000000	0,99054715
179,00000000	0,99187073
179,20000000	0,99085158
179,40000000	0,99202929
179,60000000	0,99212929
179,80000000	0,99118080
180,00000000	0,99374229
180,20000000	0,99458902
180,40000000	0,99421924
180,60000000	0,99483734
180,80000000	0,99458711
181,00000000	0,99395111
181,20000000	0,99523545
181,40000000	0,99615606
181,60000000	0,99573474
181,80000000	0,99586243
182,00000000	0,99578500
182,20000000	0,99660750
182,40000000	0,99806613
182,60000000	0,99750465
182,80000000	0,99768225
183,00000000	0,99733496
183,20000000	0,99735738
183,40000000	0,99815290
183,60000000	0,99766394
183,80000000	0,99826937
184,00000000	0,99855492
184,20000000	0,99848978
184,40000000	0,99832715
184,60000000	0,99784531
184,80000000	0,99825364
185,00000000	0,99884206
185,20000000	0,99869107
185,40000000	0,99871411
185,60000000	0,99851018
185,80000000	0,99892755
186,00000000	0,99850571
186,20000000	0,99853660
186,40000000	0,99778442
186,60000000	0,99796478
186,80000000	0,99840325
187,00000000	0,99746791
187,20000000	0,99651881
187,40000000	0,99816109
187,60000000	0,99844098
187,80000000	0,99724722
188,00000000	0,99739368
188,20000000	0,99807380
188,40000000	0,99741403
188,60000000	0,99704634
188,80000000	0,99674107
189,00000000	0,99670501
189,20000000	0,99719740
189,40000000	0,99701724
189,60000000	0,99613715
189,80000000	0,99647758
190,00000000	0,99638290
190,20000000	0,99443100
190,40000000	0,99551836
190,60000000	0,99541951
190,80000000	0,99567388
191,00000000	0,99546609
191,20000000	0,99510966
191,40000000	0,99407811
191,60000000	0,99465974
191,80000000	0,99381520
192,00000000	0,99275591
192,20000000	0,99289941
192,40000000	0,99337769
192,60000000	0,99001891
192,80000000	0,99168155
193,00000000	0,99305945
193,20000000	0,99146375
193,40000000	0,98888719
193,60000000	0,98817758
193,80000000	0,99009912
194,00000000	0,98958680
194,20000000	0,98860019
194,40000000	0,98889653
194,60000000	0,98644156
194,80000000	0,98653900
195,00000000	0,98752346
195,20000000	0,98664651
195,40000000	0,98650861
195,60000000	0,98652495
195,80000000	0,98645712
196,00000000	0,98242436
196,20000000	0,98146208
196,40000000	0,98417529
196,60000000	0,98277189
196,80000000	0,98198018
197,00000000	0,98059363
197,20000000	0,98047914
197,40000000	0,98091242
197,60000000	0,97896886
197,80000000	0,97825349
198,00000000	0,97617450
198,20000000	0,97482551
198,40000000	0,97446457
198,60000000	0,97377855
198,80000000	0,97393107
199,00000000	0,97439903
199,20000000	0,97150904
199,40000000	0,97050486
199,60000000	0,97075577
199,80000000	0,96941728
200,00000000	0,96798170
200,20000000	0,96715034
200,40000000	0,96676528
200,60000000	0,96705001
200,80000000	0,96421404
201,00000000	0,96592882
201,20000000	0,96453309
201,40000000	0,96203443
201,60000000	0,95954099
201,80000000	0,95877226
202,00000000	0,95572167
202,20000000	0,95489220
202,40000000	0,95447684
202,60000000	0,95413526
202,80000000	0,95200195
203,00000000	0,95126659
203,20000000	0,95051613
203,40000000	0,94830936
203,60000000	0,94395373
203,80000000	0,94164353
204,00000000	0,93847522
204,20000000	0,94190187
204,40000000	0,94295857
204,60000000	0,93231165
204,80000000	0,93265225
205,00000000	0,93568842
205,20000000	0,93680894
205,40000000	0,93409834
205,60000000	0,92994324
205,80000000	0,92875996
206,00000000	0,92809216
206,20000000	0,92188267
206,40000000	0,92423063
206,60000000	0,92583162
206,80000000	0,92112547
207,00000000	0,91679760
207,20000000	0,92001984
207,40000000	0,91493615
207,60000000	0,90694922
207,80000000	0,90540897
208,00000000	0,91062621
208,20000000	0,91172376
208,40000000	0,90979987
208,60000000	0,90166912
208,80000000	0,89544826
209,00000000	0,89905664
209,20000000	0,90037235
209,40000000	0,89734320
209,60000000	0,89484309
209,80000000	0,89378774
210,00000000	0,88799039
210,20000000	0,88634495
210,40000000	0,88939130
210,60000000	0,88734206
210,80000000	0,88469686
211,00000000	0,88284163
211,20000000	0,87717338
211,40000000	0,88005601
211,60000000	0,87426058
211,80000000	0,87241132
212,00000000	0,87095153
212,20000000	0,86428742
212,40000000	0,87220339
212,60000000	0,86888101
212,80000000	0,86808728
213,00000000	0,86173974
213,20000000	0,86022304
213,40000000	0,85017901
213,60000000	0,85361829
213,80000000	0,86090667
214,00000000	0,85036682
214,20000000	0,84543564
214,40000000	0,84511283
214,60000000	0,84530315
214,80000000	0,83880360
215,00000000	0,83982372
215,20000000	0,83427896
215,40000000	0,83512200
215,60000000	0,83903229
215,80000000	0,83419651
216,00000000	0,82614347
216,20000000	0,81563874
216,40000000	0,81851036
216,60000000	0,82237790
216,80000000	0,82194179
217,00000000	0,81656397
217,20000000	0,81799316
217,40000000	0,81631682
217,60000000	0,80885593
217,80000000	0,80999734
218,00000000	0,80882381
218,20000000	0,80111124
218,40000000	0,79870891
218,60000000	0,79443408
218,80000000	0,79049519
219,00000000	0,79143596
219,20000000	0,78008585
219,40000000	0,77641065
219,60000000	0,78002784
219,80000000	0,78107531
220,00000000	0,77775746
220,20000000	0,76862459
220,40000000	0,76564974
220,60000000	0,76711150
220,80000000	0,76414090
221,00000000	0,75835455
221,20000000	0,74581565
221,40000000	0,75466571
221,60000000	0,75288537
221,80000000	0,74593155
222,00000000	0,74505193
222,20000000	0,73020137
222,40000000	0,73445997
222,60000000	0,73485105
222,80000000	0,72538353
223,00000000	0,72419466
223,20000000	0,72970162
223,40000000	0,71713151
223,60000000	0,71496113
223,80000000	0,71397000
224,00000000	0,71383812
224,20000000	0,71234576
224,40000000	0,70612088
224,60000000	0,70731786
224,80000000	0,69925578
225,00000000	0,69329201
225,20000000	0,69596152
225,40000000	0,68394219
225,60000000	0,68141679
225,80000000	0,67357749
226,00000000	0,67322583
226,20000000	0,66890465
226,40000000	0,67581059
226,60000000	0,67379472
226,80000000	0,67084906
227,00000000	0,65268496
227,20000000	0,64757166
227,40000000	0,65022136
227,60000000	0,64753006
227,80000000	0,63948426
228,00000000	0,64036440
228,20000000	0,64240381
228,40000000	0,62913084
228,60000000	0,64210716
228,80000000	0,63872251
229,00000000	0,62595936
229,20000000	0,62229274
229,40000000	0,62123589
229,60000000	0,62110029
229,80000000	0,61452083
230,00000000	0,60514673
230,20000000	0,59281830
230,40000000	0,59919587
230,60000000	0,59920122
230,80000000	0,60236618
231,00000000	0,59268639
231,20000000	0,59434413
231,40000000	0,59459719
231,60000000	0,57646256
231,80000000	0,56490963
232,00000000	0,56548367
232,20000000	0,57875142
232,40000000	0,57504618
232,60000000	0,56531525
232,80000000	0,55956745
233,00000000	0,55924280
233,20000000	0,56562047
233,40000000	0,55953112
233,60000000	0,55063603
233,80000000	0,53741352
234,00000000	0,54819875
234,20000000	0,55505972
234,40000000	0,53969357
234,60000000	0,53889614
234,80000000	0,54067339
235,00000000	0,53030655
235,20000000	0,52517410
235,40000000	0,51989517
235,60000000	0,51616400
235,80000000	0,51167445
236,00000000	0,51607220
236,20000000	0,51709578
236,40000000	0,50956451
236,60000000	0,51668403
236,80000000	0,52233033
237,00000000	0,51389581
237,20000000	0,50596671
237,40000000	0,49986797
237,60000000	0,50400564
237,80000000	0,50772033
238,00000000	0,50454349
238,20000000	0,48434538
238,40000000	0,48386710
238,60000000	0,48738880
238,80000000	0,48538229
239,00000000	0,50089112
239,20000000	0,49808271
239,40000000	0,48412474
239,60000000	0,47831458
239,80000000	0,48651736
240,00000000	0,47930682
240,20000000	0,48537974
240,40000000	0,48161645
240,60000000	0,47060040
240,80000000	0,47580493
241,00000000	0,47635584
241,20000000	0,46993310
241,40000000	0,46313150
241,60000000	0,46619905
241,80000000	0,47534369
242,00000000	0,46630871
242,20000000	0,46098669
242,40000000	0,46595272
242,60000000	0,45919265
242,80000000	0,45323435
243,00000000	0,45974556
243,20000000	0,45747537
243,40000000	0,45253288
243,60000000	0,46064377
243,80000000	0,45210336
244,00000000	0,44458817
244,20000000	0,45320020
244,40000000	0,44793234
244,60000000	0,44108813
244,80000000	0,45281218
245,00000000	0,44937202
245,20000000	0,44027459
245,40000000	0,44462226
245,60000000	0,44206771
245,80000000	0,43656556
246,00000000	0,44328967
246,20000000	0,44521285
246,40000000	0,43565956
246,60000000	0,42574559
246,80000000	0,43318974
247,00000000	0,43466849
247,20000000	0,43439604
247,40000000	0,43799187
247,60000000	0,43130735
247,80000000	0,42262963
248,00000000	0,43011006
248,20000000	0,42534679
248,40000000	0,42286893
248,60000000	0,42856392
248,80000000	0,43238323
249,00000000	0,42964937
249,20000000	0,41813578
249,40000000	0,41077297
249,60000000	0,42034770
249,80000000	0,42761519
250,00000000	0,41725796
250,20000000	0,41768584
250,40000000	0,41943884
250,60000000	0,41822069
250,80000000	0,42596263
251,00000000	0,41897113
251,20000000	0,41510049
251,40000000	0,42188804
251,60000000	0,42116603
251,80000000	0,41561753
252,00000000	0,42113300
252,20000000	0,41711070
252,40000000	0,41650691
252,60000000	0,41488905
252,80000000	0,41863676
253,00000000	0,41975481
253,20000000	0,41282649
253,40000000	0,41565518
253,60000000	0,42099208
253,80000000	0,41840726
254,00000000	0,41893169
254,20000000	0,41707752
254,40000000	0,41653770
254,60000000	0,41375120
254,80000000	0,41899881
255,00000000	0,42500412
255,20000000	0,42240977
255,40000000	0,42139068
255,60000000	0,42602935
255,80000000	0,42577369
256,00000000	0,42066420
256,20000000	0,42081720
256,40000000	0,41819724
256,60000000	0,41509538
256,80000000	0,42060363
257,00000000	0,42626619
257,20000000	0,42812891
257,40000000	0,42499551
257,60000000	0,42878614
257,80000000	0,43202691
258,00000000	0,43625699
258,20000000	0,43558516
258,40000000	0,43514865
258,60000000	0,43678734
258,80000000	0,44276904
259,00000000	0,44773272
259,20000000	0,44961639
259,40000000	0,44809662
259,60000000	0,44945553
259,80000000	0,45157142
260,00000000	0,45425402
260,20000000	0,45329921
260,40000000	0,45612011
260,60000000	0,45676322
260,80000000	0,45833375
261,00000000	0,46680253
261,20000000	0,47111805
261,40000000	0,47052727
261,60000000	0,46969906
261,80000000	0,47423989
262,00000000	0,47862144
262,20000000	0,48348628
262,40000000	0,48477820
262,60000000	0,48868398
262,80000000	0,49936671
263,00000000	0,50340270
263,20000000	0,50248751
263,40000000	0,50918641
263,60000000	0,51849486
263,80000000	0,51910723
264,00000000	0,52309061
264,20000000	0,53387785
264,40000000	0,54127112
264,60000000	0,54429298
264,80000000	0,55124589
265,00000000	0,55850361
265,20000000	0,56367190
265,40000000	0,56832387
265,60000000	0,57438120
265,80000000	0,58281653
266,00000000	0,59083501
266,20000000	0,59758612
266,40000000	0,60308471
266,60000000	0,60724209
266,80000000	0,61626807
267,00000000	0,62857303
267,20000000	0,64006233
267,40000000	0,64852480
267,60000000	0,65583244
267,80000000	0,66289288
268,00000000	0,67192670
268,20000000	0,68077354
268,40000000	0,68780748
268,60000000	0,69634618
268,80000000	0,70544042
269,00000000	0,71372764
269,20000000	0,71988000
269,40000000	0,72915651
269,60000000	0,73944183
269,80000000	0,74960426
270,00000000	0,75865055
270,20000000	0,76584162
270,40000000	0,77237295
270,60000000	0,77923169
270,80000000	0,78563891
271,00000000	0,79204815
271,20000000	0,79860285
271,40000000	0,80441948
271,60000000	0,81030751
271,80000000	0,81610057
272,00000000	0,82008108
272,20000000	0,82272530
272,40000000	0,82743856
272,60000000	0,82944011
272,80000000	0,83159338
273,00000000	0,83565198
273,20000000	0,83567838
273,40000000	0,83466171
273,60000000	0,83388667
273,80000000	0,83266887
274,00000000	0,83211323
274,20000000	0,83080981
274,40000000	0,82739672
274,60000000	0,82545362
274,80000000	0,82191121
275,00000000	0,81833228
275,20000000	0,81339826
275,40000000	0,80796003
275,60000000	0,80481441
275,80000000	0,80075743
276,00000000	0,79714979
276,20000000	0,79373135
276,40000000	0,78831340
276,60000000	0,78541960
276,80000000	0,78314790
277,00000000	0,77895441
277,20000000	0,77859883
277,40000000	0,77722652
277,60000000	0,77003630
277,80000000	0,76687267
278,00000000	0,76509695
278,20000000	0,75996055
278,40000000	0,75819989
278,60000000	0,75480610
278,80000000	0,75271343
279,00000000	0,75146136
279,20000000	0,74695771
279,40000000	0,74539085
279,60000000	0,74083407
279,80000000	0,73487151
280,00000000	0,73014475
280,20000000	0,72212015
280,40000000	0,71732033
280,60000000	0,71355094
280,80000000	0,70592998
281,00000000	0,69470350
281,20000000	0,68248380
281,40000000	0,67239234
281,60000000	0,66347378
281,80000000	0,64998206
282,00000000	0,63488075
282,20000000	0,62254556
282,40000000	0,60886188
282,60000000	0,59569023
282,80000000	0,58282840
283,00000000	0,56737723
283,20000000	0,55505745
283,40000000	0,54313852
283,60000000	0,52949563
283,80000000	0,51731166
284,00000000	0,50398479
284,20000000	0,49105958
284,40000000	0,48002955
284,60000000	0,46678052
284,80000000	0,45732752
285,00000000	0,45001111
285,20000000	0,43958234
285,40000000	0,42864303
285,60000000	0,41907272
285,80000000	0,41138800
286,00000000	0,40225361
286,20000000	0,39017659
286,40000000	0,38042581
286,60000000	0,37581100
286,80000000	0,37342817
287,00000000	0,36932369
287,20000000	0,35928568
287,40000000	0,35502884
287,60000000	0,34975330
287,80000000	0,33963848
288,00000000	0,33477773
288,20000000	0,32731924
288,40000000	0,31688274
288,60000000	0,31113531
288,80000000	0,30856128
289,00000000	0,30765578
289,20000000	0,30353085
289,40000000	0,29644687
289,60000000	0,28870362
289,80000000	0,28487051
290,00000000	0,28426669
290,20000000	0,28184548
290,40000000	0,28134395
290,60000000	0,27724543
290,80000000	0,26869886
291,00000000	0,26163481
291,20000000	0,26062182
291,40000000	0,26009147
291,60000000	0,25564148
291,80000000	0,25402797
292,00000000	0,25316183
292,20000000	0,24690436
292,40000000	0,24381375
292,60000000	0,24263692
292,80000000	0,23738861
293,00000000	0,23360209
293,20000000	0,23299503
293,40000000	0,23121349
293,60000000	0,23120073
293,80000000	0,23101686
294,00000000	0,22897166
294,20000000	0,22691338
294,40000000	0,22563235
294,60000000	0,22336211
294,80000000	0,21904899
295,00000000	0,21250254
295,20000000	0,20927334
295,40000000	0,20975554
295,60000000	0,21136491
295,80000000	0,21243207
296,00000000	0,20826970
296,20000000	0,20657824
296,40000000	0,20450912
296,60000000	0,20253286
296,80000000	0,20008008
297,00000000	0,19665519
297,20000000	0,19596093
297,40000000	0,19639245
297,60000000	0,19652499
297,80000000	0,19826639
298,00000000	0,19472793
298,20000000	0,18912560
298,40000000	0,18815301
298,60000000	0,18740063
298,80000000	0,18857251
299,00000000	0,18778524
299,20000000	0,18475312
299,40000000	0,18329234
299,60000000	0,18378155
299,80000000	0,18266082
300,00000000	0,18061118
300,20000000	0,18008673
300,40000000	0,17910065
300,60000000	0,17849638
300,80000000	0,17949823
301,00000000	0,17831176
301,20000000	0,17437887
301,40000000	0,17292657
301,60000000	0,17371147
301,80000000	0,17365699
302,00000000	0,17337764
302,20000000	0,17181167
302,40000000	0,16974675
302,60000000	0,16793113
302,80000000	0,16689083
303,00000000	0,16682779
303,20000000	0,16526629
303,40000000	0,16416637
303,60000000	0,16341300
303,80000000	0,16360410
304,00000000	0,16284305
304,20000000	0,16035902
304,40000000	0,16012675
304,60000000	0,15960834
304,80000000	0,15967027
305,00000000	0,16275828
305,20000000	0,16228900
305,40000000	0,15939855
305,60000000	0,15750114
305,80000000	0,15763343
306,00000000	0,15789869
306,20000000	0,15851567
306,40000000	0,15918110
306,60000000	0,15598966
306,80000000	0,15434940
307,00000000	0,15578844
307,20000000	0,15646181
307,40000000	0,15514933
307,60000000	0,15371640
307,80000000	0,15256328
308,00000000	0,15137020
308,20000000	0,15066000
308,40000000	0,15142820
308,60000000	0,15099676
308,80000000	0,14929177
309,00000000	0,14900729
309,20000000	0,15144415
309,40000000	0,15222943
309,60000000	0,15032875
309,80000000	0,14984878
310,00000000	0,15030337
310,20000000	0,14862724
310,40000000	0,14629737
310,60000000	0,14548457
310,80000000	0,14452657
311,00000000	0,14422826
311,20000000	0,14354589
311,40000000	0,14380704
311,60000000	0,14424157
311,80000000	0,14357669
312,00000000	0,14324356
312,20000000	0,14428995
312,40000000	0,14458435
312,60000000	0,14407428
312,80000000	0,14326634
313,00000000	0,14118074
313,20000000	0,14029423
313,40000000	0,14095187
313,60000000	0,14155502
313,80000000	0,14104344
314,00000000	0,14084357
314,20000000	0,14038688
314,40000000	0,14005098
314,60000000	0,13962368
314,80000000	0,13931368
315,00000000	0,13956177
315,20000000	0,13955494
315,40000000	0,13969980
315,60000000	0,13935881
315,80000000	0,13769327
316,00000000	0,13577288
316,20000000	0,13519868
316,40000000	0,13586319
316,60000000	0,13685807
316,80000000	0,13674667
317,00000000	0,13601304
317,20000000	0,13587690
317,40000000	0,13525343
317,60000000	0,13486982
317,80000000	0,13476432
318,00000000	0,13431971
318,20000000	0,13438191
318,40000000	0,13444161
318,60000000	0,13421204
318,80000000	0,13416199
319,00000000	0,13446558
319,20000000	0,13432245
319,40000000	0,13386855
319,60000000	0,13316448
319,80000000	0,13269262
320,00000000	0,13289528
320,20000000	0,13263864
320,40000000	0,13234381
320,60000000	0,13257674
320,80000000	0,13264216
321,00000000	0,13275203
321,20000000	0,13252718
321,40000000	0,13196358
321,60000000	0,13150931
321,80000000	0,13124824
322,00000000	0,13077707
322,20000000	0,13048225
322,40000000	0,13068073
322,60000000	0,13118203
322,80000000	0,13122966
323,00000000	0,13057160
323,20000000	0,13012138
323,40000000	0,13056986
323,60000000	0,13100504
323,80000000	0,13054632
324,00000000	0,12992712
324,20000000	0,12991829
324,40000000	0,13012166
324,60000000	0,12987415
324,80000000	0,12949549
325,00000000	0,12921808
325,20000000	0,12925915
325,40000000	0,12939102
325,60000000	0,12937237
325,80000000	0,12902798
326,00000000	0,12866367
326,20000000	0,12895289
326,40000000	0,12939059
326,60000000	0,12935168
326,80000000	0,12878482
327,00000000	0,12863739
327,20000000	0,12905939
327,40000000	0,12914171
327,60000000	0,12880604
327,80000000	0,12859487
328,00000000	0,12864484
328,20000000	0,12863531
328,40000000	0,12825568
328,60000000	0,12773023
328,80000000	0,12789799
329,00000000	0,12827559
329,20000000	0,12834662
329,40000000	0,12856128
329,60000000	0,12846011
329,80000000	0,12820889
330,00000000	0,12837716
330,20000000	0,12848568
330,40000000	0,12838345
330,60000000	0,12822833
330,80000000	0,12828877
331,00000000	0,12867556
331,20000000	0,12867054
331,40000000	0,12845238
331,60000000	0,12863810
331,80000000	0,12878453
332,00000000	0,12863648
332,20000000	0,12842537
332,40000000	0,12837552
332,60000000	0,12864155
332,80000000	0,12888521
333,00000000	0,12897711
333,20000000	0,12891558
333,40000000	0,12884968
333,60000000	0,12913001
333,80000000	0,12936194
334,00000000	0,12940823
334,20000000	0,12948228
334,40000000	0,12956477
334,60000000	0,12967895
334,80000000	0,12982628
335,00000000	0,12988256
335,20000000	0,12995844
335,40000000	0,13022694
335,60000000	0,13052299
335,80000000	0,13070949
336,00000000	0,13072531
336,20000000	0,13083077
336,40000000	0,13113893
336,60000000	0,13139518
336,80000000	0,13155991
337,00000000	0,13165368
337,20000000	0,13183245
337,40000000	0,13215043
337,60000000	0,13238140
337,80000000	0,13257951
338,00000000	0,13285077
338,20000000	0,13315021
338,40000000	0,13346653
338,60000000	0,13374661
338,80000000	0,13402182
339,00000000	0,13432822
339,20000000	0,13466382
339,40000000	0,13501413
339,60000000	0,13531022
339,80000000	0,13561463
340,00000000	0,13597112
340,20000000	0,13633634
340,40000000	0,13668077
340,60000000	0,13702822
340,80000000	0,13745326
341,00000000	0,13790797
341,20000000	0,13833646
341,40000000	0,13875760
341,60000000	0,13918799
341,80000000	0,13967322
342,00000000	0,14020301
342,20000000	0,14067501
342,40000000	0,14112795
342,60000000	0,14166145
342,80000000	0,14222835
343,00000000	0,14277247
343,20000000	0,14331110
343,40000000	0,14388345
343,60000000	0,14450459
343,80000000	0,14513890
344,00000000	0,14575442
344,20000000	0,14638060
344,40000000	0,14706728
344,60000000	0,14778807
344,80000000	0,14848796
345,00000000	0,14919607
345,20000000	0,14995001
345,40000000	0,15074166
345,60000000	0,15154029
345,80000000	0,15232544
346,00000000	0,15315101
346,20000000	0,15406163
346,40000000	0,15496414
346,60000000	0,15585610
346,80000000	0,15680313
347,00000000	0,15775684
347,20000000	0,15877642
347,40000000	0,15983310
347,60000000	0,16085130
347,80000000	0,16193935
348,00000000	0,16309400
348,20000000	0,16422385
348,40000000	0,16538617
348,60000000	0,16662243
348,80000000	0,16790803
349,00000000	0,16930508
349,20000000	0,17075785
349,40000000	0,17211000
349,60000000	0,17342928
349,80000000	0,17482392
350,00000000	0,17639610
350,20000000	0,17805269
350,40000000	0,17954563
350,60000000	0,18114413
350,80000000	0,18301652
351,00000000	0,18485036
351,20000000	0,18654365
351,40000000	0,18829037
351,60000000	0,19012075
351,80000000	0,19208100
352,00000000	0,19419024
352,20000000	0,19625314
352,40000000	0,19829703
352,60000000	0,20052986
352,80000000	0,20299237
353,00000000	0,20528970
353,20000000	0,20740195
353,40000000	0,20981355
353,60000000	0,21252849
353,80000000	0,21520673
354,00000000	0,21790079
354,20000000	0,22078486
354,40000000	0,22364372
354,60000000	0,22649456
354,80000000	0,22948366
355,00000000	0,23246291
355,20000000	0,23561328
355,40000000	0,23922643
355,60000000	0,24292050
355,80000000	0,24626202
356,00000000	0,24951365
356,20000000	0,25314481
356,40000000	0,25725123
356,60000000	0,26148765
356,80000000	0,26535138
357,00000000	0,26913691
357,20000000	0,27340828
357,40000000	0,27779917
357,60000000	0,28228080
357,80000000	0,28678354
358,00000000	0,29153612
358,20000000	0,29683750
358,40000000	0,30189999
358,60000000	0,30701043
358,80000000	0,31215200
359,00000000	0,31729607
359,20000000	0,32313362
359,40000000	0,32913120
359,60000000	0,33502543
359,80000000	0,34116543
360,00000000	0,34739302
360,20000000	0,35374930
360,40000000	0,36038672
360,60000000	0,36731705
360,80000000	0,37451320
361,00000000	0,38172672
361,20000000	0,38885937
361,40000000	0,39581136
361,60000000	0,40352991
361,80000000	0,41202127
362,00000000	0,42017452
362,20000000	0,42865067
362,40000000	0,43724803
362,60000000	0,44554072
362,80000000	0,45465387
363,00000000	0,46410039
363,20000000	0,47296547
363,40000000	0,48234078
363,60000000	0,49234711
363,80000000	0,50187928
364,00000000	0,51133925
364,20000000	0,52121583
364,40000000	0,53129109
364,60000000	0,54153195
364,80000000	0,55205983
365,00000000	0,56236837
365,20000000	0,57204009
365,40000000	0,58225453
365,60000000	0,59331212
365,80000000	0,60415010
366,00000000	0,61478129
366,20000000	0,62571151
366,40000000	0,63625038
366,60000000	0,64595224
366,80000000	0,65599328
367,00000000	0,66649888
367,20000000	0,67627104
367,40000000	0,68551786
367,60000000	0,69495762
367,80000000	0,70453483
368,00000000	0,71354921
368,20000000	0,72203054
368,40000000	0,73052401
368,60000000	0,73815578
368,80000000	0,74465040
369,00000000	0,75126696
369,20000000	0,75802482
369,40000000	0,76404803
369,60000000	0,76941200
369,80000000	0,77379427
370,00000000	0,77748273
370,20000000	0,78136714
370,40000000	0,78469330
370,60000000	0,78694601
370,80000000	0,78820693
371,00000000	0,78884847
371,20000000	0,78955416
371,40000000	0,78985894
371,60000000	0,78908517
371,80000000	0,78774206
372,00000000	0,78607696
372,20000000	0,78367385
372,40000000	0,78070369
372,60000000	0,77702981
372,80000000	0,77276336
373,00000000	0,76851912
373,20000000	0,76379940
373,40000000	0,75832843
373,60000000	0,75254792
373,80000000	0,74661058
374,00000000	0,74051559
374,20000000	0,73368815
374,40000000	0,72622445
374,60000000	0,71885484
374,80000000	0,71168454
375,00000000	0,70435198
375,20000000	0,69646098
375,40000000	0,68845976
375,60000000	0,68059498
375,80000000	0,67264172
376,00000000	0,66480651
376,20000000	0,65686630
376,40000000	0,64858901
376,60000000	0,64038522
376,80000000	0,63222735
377,00000000	0,62397909
377,20000000	0,61579632
377,40000000	0,60763623
377,60000000	0,59962630
377,80000000	0,59185116
378,00000000	0,58408939
378,20000000	0,57631712
378,40000000	0,56868297
378,60000000	0,56104697
378,80000000	0,55324306
379,00000000	0,54551261
379,20000000	0,53816657
379,40000000	0,53139216
379,60000000	0,52487827
379,80000000	0,51798336
380,00000000	0,51088579
380,20000000	0,50431784
380,40000000	0,49807714
380,60000000	0,49161380
380,80000000	0,48527190
381,00000000	0,47918289
381,20000000	0,47297452
381,40000000	0,46691221
381,60000000	0,46118142
381,80000000	0,45544129
382,00000000	0,44985162
382,20000000	0,44465852
382,40000000	0,43947517
382,60000000	0,43427123
382,80000000	0,42926528
383,00000000	0,42438344
383,20000000	0,41953338
383,40000000	0,41486690
383,60000000	0,41027444
383,80000000	0,40556971
384,00000000	0,40104963
384,20000000	0,39673245
384,40000000	0,39252591
384,60000000	0,38844196
384,80000000	0,38440034
385,00000000	0,38035771
385,20000000	0,37634910
385,40000000	0,37264001
385,60000000	0,36914982
385,80000000	0,36553446
386,00000000	0,36190150
386,20000000	0,35846871
386,40000000	0,35499823
386,60000000	0,35155089
386,80000000	0,34844268
387,00000000	0,34516708
387,20000000	0,34189595
387,40000000	0,33898246
387,60000000	0,33611966
387,80000000	0,33332115
388,00000000	0,33030578
388,20000000	0,32705584
388,40000000	0,32413340
388,60000000	0,32156416
388,80000000	0,31901248
389,00000000	0,31623360
389,20000000	0,31353969
389,40000000	0,31113522
389,60000000	0,30879226
389,80000000	0,30639238
390,00000000	0,30388333
390,20000000	0,30144181
390,40000000	0,29895865
390,60000000	0,29652887
390,80000000	0,29443182
391,00000000	0,29214366
391,20000000	0,28985594
391,40000000	0,28796512
391,60000000	0,28610440
391,80000000	0,28402797
392,00000000	0,28154374
392,20000000	0,27915476
392,40000000	0,27725968
392,60000000	0,27565521
392,80000000	0,27379052
393,00000000	0,27153542
393,20000000	0,26956549
393,40000000	0,26783522
393,60000000	0,26595243
393,80000000	0,26397147
394,00000000	0,26235729
394,20000000	0,26101909
394,40000000	0,25925976
394,60000000	0,25731081
394,80000000	0,25542398
395,00000000	0,25371773
395,20000000	0,25209949
395,40000000	0,25052834
395,60000000	0,24916822
395,80000000	0,24763357
396,00000000	0,24589849
396,20000000	0,24410515
396,40000000	0,24226029
396,60000000	0,24036106
396,80000000	0,23902350
397,00000000	0,23812892
397,20000000	0,23645643
397,40000000	0,23428714
397,60000000	0,23275558
397,80000000	0,23163066
398,00000000	0,23034875
398,20000000	0,22914349
398,40000000	0,22780891
398,60000000	0,22669926
398,80000000	0,22513012
399,00000000	0,22346730
399,20000000	0,22267560
399,40000000	0,22137796
399,60000000	0,21945835
399,80000000	0,21767767
400,00000000	0,21633477
400,20000000	0,21530619
400,40000000	0,21447150
400,60000000	0,21357370
400,80000000	0,21249882
401,00000000	0,21134097
401,20000000	0,21032621
401,40000000	0,20934499
401,60000000	0,20754454
401,80000000	0,20616851
402,00000000	0,20598283
402,20000000	0,20526708
402,40000000	0,20391183
402,60000000	0,20323200
402,80000000	0,20191412
403,00000000	0,20082109
403,20000000	0,20127803
403,40000000	0,20035269
403,60000000	0,19828076
403,80000000	0,19664252
404,00000000	0,19541461
404,20000000	0,19567226
404,40000000	0,19539832
404,60000000	0,19406063
404,80000000	0,19388953
405,00000000	0,19367521
405,20000000	0,19286415
405,40000000	0,19173850
405,60000000	0,19025891
405,80000000	0,18958825
406,00000000	0,18885127
406,20000000	0,18793944
406,40000000	0,18697050
406,60000000	0,18559320
406,80000000	0,18508869
407,00000000	0,18513712
407,20000000	0,18412122
407,40000000	0,18228615
407,60000000	0,18097069
407,80000000	0,17968905
408,00000000	0,17852092
408,20000000	0,17769474
408,40000000	0,17711365
408,60000000	0,17720523
408,80000000	0,17668314
409,00000000	0,17650059
409,20000000	0,17636034
409,40000000	0,17504218
409,60000000	0,17402319
409,80000000	0,17338777
410,00000000	0,17265595
410,20000000	0,17259114
410,40000000	0,17309049
410,60000000	0,17368366
410,80000000	0,17287325
411,00000000	0,17105564
411,20000000	0,17107251
411,40000000	0,17183808
411,60000000	0,17197605
411,80000000	0,17163055
412,00000000	0,17031735
412,20000000	0,16943577
412,40000000	0,16946489
412,60000000	0,16829691
412,80000000	0,16692773
413,00000000	0,16717128
413,20000000	0,16761039
413,40000000	0,16802360
413,60000000	0,16849256
413,80000000	0,16867200
414,00000000	0,16710838
414,20000000	0,16523780
414,40000000	0,16572611
414,60000000	0,16513730
414,80000000	0,16413104
415,00000000	0,16387912
415,20000000	0,16414520
415,40000000	0,16508916
415,60000000	0,16452739
415,80000000	0,16202697
416,00000000	0,16193684
416,20000000	0,16288033
416,40000000	0,16225883
416,60000000	0,16222082
416,80000000	0,16206283
417,00000000	0,16115304
417,20000000	0,16160316
417,40000000	0,16268377
417,60000000	0,16153996
417,80000000	0,15981767
418,00000000	0,16091694
418,20000000	0,16253062
418,40000000	0,16196858
418,60000000	0,15926920
418,80000000	0,15794294
419,00000000	0,15922518
419,20000000	0,15945095
419,40000000	0,15917802
419,60000000	0,15897170
419,80000000	0,15903788
420,00000000	0,15958136
420,20000000	0,16045195
420,40000000	0,15872963
420,60000000	0,15756392
420,80000000	0,15854270
421,00000000	0,15806574
421,20000000	0,15780440
421,40000000	0,15695678
421,60000000	0,15605487
421,80000000	0,15703874
422,00000000	0,15782235
422,20000000	0,15673086
422,40000000	0,15659208
422,60000000	0,15724359
422,80000000	0,15715880
423,00000000	0,15767114
423,20000000	0,15802878
423,40000000	0,15599512
423,60000000	0,15404271
423,80000000	0,15484943
424,00000000	0,15706175
424,20000000	0,15756556
424,40000000	0,15702774
424,60000000	0,15713182
424,80000000	0,15676449
425,00000000	0,15553960
425,20000000	0,15499355
425,40000000	0,15451454
425,60000000	0,15478557
425,80000000	0,15519182
426,00000000	0,15458224
426,20000000	0,15327535
426,40000000	0,15216637
426,60000000	0,15281784
426,80000000	0,15442085
427,00000000	0,15485570
427,20000000	0,15480943
427,40000000	0,15687193
427,60000000	0,15665092
427,80000000	0,15561905
428,00000000	0,15573114
428,20000000	0,15541551
428,40000000	0,15574122
428,60000000	0,15561238
428,80000000	0,15610580
429,00000000	0,15483892
429,20000000	0,15444036
429,40000000	0,15490322
429,60000000	0,15398533
429,80000000	0,15345378
430,00000000	0,15256144
430,20000000	0,15169369
430,40000000	0,15296714
430,60000000	0,15355008
430,80000000	0,15069212
431,00000000	0,15057165
431,20000000	0,15190049
431,40000000	0,15022703
431,60000000	0,14984165
431,80000000	0,15243715
432,00000000	0,15284075
432,20000000	0,14960190
432,40000000	0,14840564
432,60000000	0,15214399
432,80000000	0,15570386
433,00000000	0,15533544
433,20000000	0,15440448
433,40000000	0,15405523
433,60000000	0,15411955
433,80000000	0,15307380
434,00000000	0,15318784
434,20000000	0,15344961
434,40000000	0,15192626
434,60000000	0,15097207
434,80000000	0,15215844
435,00000000	0,15176380
435,20000000	0,15192173
435,40000000	0,15376630
435,60000000	0,15400586
435,80000000	0,15416519
436,00000000	0,15351567
436,20000000	0,15181513
436,40000000	0,14959042
436,60000000	0,14668500
436,80000000	0,14671207
437,00000000	0,15110052
437,20000000	0,15403226
437,40000000	0,15195968
437,60000000	0,15080606
437,80000000	0,15010230
438,00000000	0,14757461
438,20000000	0,14809344
438,40000000	0,14988826
438,60000000	0,15198703
438,80000000	0,15391686
439,00000000	0,15387579
439,20000000	0,15260886
439,40000000	0,14977380
439,60000000	0,14844521
439,80000000	0,15182116
440,00000000	0,15406871
440,20000000	0,15334990
440,40000000	0,15400428
440,60000000	0,15267652
440,80000000	0,14959144
441,00000000	0,15265684
441,20000000	0,15619588
441,40000000	0,15355775
441,60000000	0,15106297
441,80000000	0,15220056
442,00000000	0,15229263
442,20000000	0,15337554
442,40000000	0,15452999
442,60000000	0,15237759
442,80000000	0,15214570
443,00000000	0,15165351
443,20000000	0,14869353
443,40000000	0,14969556
443,60000000	0,15343659
443,80000000	0,15100373
444,00000000	0,14825002
444,20000000	0,14985463
444,40000000	0,15232534
444,60000000	0,15479696
444,80000000	0,15250872
445,00000000	0,15057046
445,20000000	0,15213273
445,40000000	0,15378999
445,60000000	0,15494966
445,80000000	0,15176476
446,00000000	0,15092343
446,20000000	0,15166222
446,40000000	0,14983980
446,60000000	0,15066427
446,80000000	0,15076897
447,00000000	0,15119291
447,20000000	0,15250081
447,40000000	0,15088078
447,60000000	0,14871563
447,80000000	0,14872762
448,00000000	0,14717558
448,20000000	0,14633804
448,40000000	0,15015511
448,60000000	0,15591056
448,80000000	0,15453635
449,00000000	0,14840734
449,20000000	0,14633568
449,40000000	0,14705909
449,60000000	0,14805500
449,80000000	0,14695715
450,00000000	0,14732791
450,20000000	0,14901172
450,40000000	0,14953898
450,60000000	0,14753234
450,80000000	0,14499942
451,00000000	0,14583706
451,20000000	0,14821529
451,40000000	0,15177933
451,60000000	0,15399852
451,80000000	0,15225743
452,00000000	0,14788699
452,20000000	0,14540380
452,40000000	0,14650524
452,60000000	0,14870041
452,80000000	0,14821232
453,00000000	0,14739015
453,20000000	0,14477628
453,40000000	0,14683277
453,60000000	0,14794174
453,80000000	0,14557130
454,00000000	0,14573465
454,20000000	0,14696693
454,40000000	0,14730903
454,60000000	0,14740305
454,80000000	0,14790519
455,00000000	0,14873209
455,20000000	0,14826678
455,40000000	0,14771801
455,60000000	0,14881663
455,80000000	0,14759016
456,00000000	0,14564132
456,20000000	0,14489061
456,40000000	0,14620727
456,60000000	0,14461172
456,80000000	0,14572041
457,00000000	0,14968924
457,20000000	0,14752072
457,40000000	0,14366548
457,60000000	0,14584179
457,80000000	0,14742652
458,00000000	0,14557873
458,20000000	0,14364397
458,40000000	0,14599089
458,60000000	0,14734354
458,80000000	0,14873614
459,00000000	0,14900647
459,20000000	0,14952578
459,40000000	0,15060284
459,60000000	0,14793251
459,80000000	0,14551000
460,00000000	0,14834246
460,20000000	0,15182678
460,40000000	0,15570327
460,60000000	0,15502485
460,80000000	0,14663890
461,00000000	0,14507187
461,20000000	0,14564431
461,40000000	0,14700752
461,60000000	0,14606046
461,80000000	0,14616603
462,00000000	0,14810449
462,20000000	0,14939058
462,40000000	0,14743341
462,60000000	0,14692901
462,80000000	0,14599742
463,00000000	0,14671054
463,20000000	0,15075905
463,40000000	0,15036335
463,60000000	0,15131912
463,80000000	0,15498326
464,00000000	0,15459921
464,20000000	0,15174645
464,40000000	0,14525034
464,60000000	0,15099008
464,80000000	0,15776699
465,00000000	0,15503189
465,20000000	0,15178177
465,40000000	0,14731027
465,60000000	0,14628486
465,80000000	0,14827230
466,00000000	0,14758066
466,20000000	0,14728194
466,40000000	0,15362590
466,60000000	0,15808662
466,80000000	0,15362195
467,00000000	0,14973280
467,20000000	0,15200437
467,40000000	0,15306738
467,60000000	0,15027514
467,80000000	0,15245093
468,00000000	0,15493889
468,20000000	0,15450155
468,40000000	0,15477613
468,60000000	0,15376912
468,80000000	0,14958516
469,00000000	0,14553847
469,20000000	0,14360004
469,40000000	0,14586705
469,60000000	0,14703584
469,80000000	0,15046075
470,00000000	0,15144145
470,20000000	0,14999887
470,40000000	0,15195338
470,60000000	0,15199136
470,80000000	0,15237065
471,00000000	0,15249303
471,20000000	0,15171175
471,40000000	0,15586653
471,60000000	0,15031627
471,80000000	0,14753943
472,00000000	0,15402042
472,20000000	0,15714515
472,40000000	0,15713793
472,60000000	0,14992909
472,80000000	0,14962186
473,00000000	0,15337781
473,20000000	0,15948006
473,40000000	0,16209225
473,60000000	0,15800041
473,80000000	0,15824724
474,00000000	0,16047176
474,20000000	0,15561916
474,40000000	0,15260105
474,60000000	0,15162121
474,80000000	0,15413047
475,00000000	0,16018752
475,20000000	0,16029664
475,40000000	0,16195354
475,60000000	0,16458222
475,80000000	0,16093596
476,00000000	0,15930338
476,20000000	0,15886290
476,40000000	0,15473121
476,60000000	0,15754255
476,80000000	0,16009555
477,00000000	0,15895969
477,20000000	0,15549095
477,40000000	0,15910762
477,60000000	0,15930697
477,80000000	0,15423425
478,00000000	0,15243237
478,20000000	0,15198497
478,40000000	0,15798379
478,60000000	0,15863514
478,80000000	0,15511343
479,00000000	0,16358391
479,20000000	0,16898552
479,40000000	0,16388962
479,60000000	0,15684895
479,80000000	0,15322792
480,00000000	0,16128077
480,20000000	0,16700842
480,40000000	0,16536909
480,60000000	0,16715798
480,80000000	0,16834513
481,00000000	0,16312680
481,20000000	0,15913764
481,40000000	0,16495592
481,60000000	0,16925705
481,80000000	0,16419333
482,00000000	0,16068560
482,20000000	0,16212269
482,40000000	0,16711634
482,60000000	0,16453953
482,80000000	0,16834025
483,00000000	0,17113014
483,20000000	0,16267190
483,40000000	0,16206521
483,60000000	0,16892418
483,80000000	0,16950597
484,00000000	0,16832921
484,20000000	0,17096181
484,40000000	0,17514906
484,60000000	0,17402814
484,80000000	0,16976928
485,00000000	0,16881281
485,20000000	0,16994815
485,40000000	0,17307996
485,60000000	0,17333748
485,80000000	0,17020504
486,00000000	0,16863146
486,20000000	0,16823344
486,40000000	0,16868375
486,60000000	0,17205459
486,80000000	0,17329507
487,00000000	0,17098515
487,20000000	0,17125910
487,40000000	0,17496194
487,60000000	0,17549468
487,80000000	0,17882922
488,00000000	0,18340468
488,20000000	0,18115839
488,40000000	0,17904865
488,60000000	0,18038462
488,80000000	0,18170021
489,00000000	0,17740841
489,20000000	0,17831385
489,40000000	0,18074714
489,60000000	0,18210664
489,80000000	0,18472091
490,00000000	0,18291810
490,20000000	0,17552409
490,40000000	0,17810819
490,60000000	0,18486819
490,80000000	0,18504987
491,00000000	0,18086891
491,20000000	0,18892028
491,40000000	0,19673216
491,60000000	0,18849219
491,80000000	0,18725771
492,00000000	0,18726533
492,20000000	0,18092495
492,40000000	0,18891625
492,60000000	0,19144481
492,80000000	0,18726838
493,00000000	0,19150811
493,20000000	0,19168347
493,40000000	0,18891941
493,60000000	0,18907150
493,80000000	0,18288102
494,00000000	0,18123156
494,20000000	0,19038550
494,40000000	0,19275966
494,60000000	0,19379692
494,80000000	0,18774700
495,00000000	0,19089589
495,20000000	0,19808887
495,40000000	0,19498411
495,60000000	0,18993907
495,80000000	0,19258201
496,00000000	0,19677522
496,20000000	0,19617390
496,40000000	0,19391820
496,60000000	0,19536912
496,80000000	0,19844070
497,00000000	0,19996274
497,20000000	0,19402896
497,40000000	0,19351548
497,60000000	0,19645168
497,80000000	0,20033615
498,00000000	0,20385580
498,20000000	0,20027481
498,40000000	0,19715892
498,60000000	0,20030740
498,80000000	0,20383081
499,00000000	0,20368897
499,20000000	0,20505673
499,40000000	0,20806659
499,60000000	0,21048580
499,80000000	0,20725056
500,00000000	0,20915217
500,20000000	0,21488252
500,40000000	0,21688606
500,60000000	0,21325096
500,80000000	0,21040110
501,00000000	0,20580662
501,20000000	0,20390024
501,40000000	0,21202126
501,60000000	0,21830850
501,80000000	0,21531365
502,00000000	0,20856008
502,20000000	0,21160172
502,40000000	0,21699093
502,60000000	0,22210964
502,80000000	0,22206435
503,00000000	0,21761559
503,20000000	0,22389541
503,40000000	0,22074179
503,60000000	0,21366799
503,80000000	0,22442837
504,00000000	0,22493476
504,20000000	0,22100014
504,40000000	0,22023526
504,60000000	0,22299561
504,80000000	0,22656141
505,00000000	0,22127788
505,20000000	0,22306804
505,40000000	0,23026900
505,60000000	0,22808160
505,80000000	0,22675681
506,00000000	0,22712232
506,20000000	0,22153095
506,40000000	0,21828721
506,60000000	0,22341850
506,80000000	0,23117297
507,00000000	0,23355235
507,20000000	0,23239797
507,40000000	0,23222907
507,60000000	0,23174701
507,80000000	0,23147248
508,00000000	0,22778720
508,20000000	0,23257891
508,40000000	0,24040914
508,60000000	0,24037422
508,80000000	0,23700020
509,00000000	0,23541552
509,20000000	0,24068995
509,40000000	0,24423167
509,60000000	0,24843485
509,80000000	0,25348049
510,00000000	0,24707509
510,20000000	0,23876354
510,40000000	0,24245811
510,60000000	0,24593184
510,80000000	0,24884583
511,00000000	0,25533428
511,20000000	0,25625915
511,40000000	0,25570215
511,60000000	0,25889764
511,80000000	0,26121887
512,00000000	0,25949876
512,20000000	0,25599905
512,40000000	0,25869495
512,60000000	0,26954066
512,80000000	0,26921394
513,00000000	0,26160068
513,20000000	0,25593311
513,40000000	0,25934100
513,60000000	0,26593709
513,80000000	0,26697363
514,00000000	0,26670072
514,20000000	0,26567718
514,40000000	0,26691264
514,60000000	0,27000486
514,80000000	0,26726704
515,00000000	0,26748365
515,20000000	0,27001385
515,40000000	0,27228548
515,60000000	0,28068897
515,80000000	0,27774071
516,00000000	0,27497572
516,20000000	0,28259712
516,40000000	0,28265962
516,60000000	0,27412999
516,80000000	0,27333335
517,00000000	0,28410664
517,20000000	0,28356954
517,40000000	0,28326207
517,60000000	0,28447457
517,80000000	0,28741162
518,00000000	0,29398138
518,20000000	0,29015313
518,40000000	0,28605661
518,60000000	0,28884871
518,80000000	0,29044394
519,00000000	0,29855871
519,20000000	0,29691747
519,40000000	0,29393443
519,60000000	0,29988408
519,80000000	0,29983267
520,00000000	0,30108216
520,20000000	0,30574658
520,40000000	0,30082541
520,60000000	0,29868340
520,80000000	0,30570449
521,00000000	0,30730735
521,20000000	0,31055699
521,40000000	0,31329807
521,60000000	0,30770710
521,80000000	0,30755592
522,00000000	0,31425249
522,20000000	0,31598859
522,40000000	0,31624436
522,60000000	0,32179311
522,80000000	0,32581199
523,00000000	0,32153637
523,20000000	0,32012395
523,40000000	0,32343334
523,60000000	0,32491216
523,80000000	0,32620744
524,00000000	0,32984223
524,20000000	0,33159142
524,40000000	0,33545547
524,60000000	0,34002385
524,80000000	0,34139725
525,00000000	0,33779853
525,20000000	0,33342606
525,40000000	0,34059159
525,60000000	0,34667189
525,80000000	0,34800856
526,00000000	0,34340935
526,20000000	0,34716144
526,40000000	0,35146374
526,60000000	0,35088210
526,80000000	0,34726842
527,00000000	0,34791903
527,20000000	0,35155523
527,40000000	0,35346636
527,60000000	0,35823552
527,80000000	0,36165918
528,00000000	0,35847985
528,20000000	0,35793042
528,40000000	0,36289042
528,60000000	0,36193287
528,80000000	0,36584318
529,00000000	0,36981806
529,20000000	0,36725523
529,40000000	0,36813410
529,60000000	0,37489446
529,80000000	0,38253331
530,00000000	0,37893430
530,20000000	0,38209158
530,40000000	0,38426669
530,60000000	0,38883332
530,80000000	0,38934204
531,00000000	0,38650659
531,20000000	0,38497010
531,40000000	0,38979840
531,60000000	0,38982662
531,80000000	0,39289820
532,00000000	0,39682839
532,20000000	0,40095505
532,40000000	0,39812446
532,60000000	0,40059077
532,80000000	0,40736249
533,00000000	0,40430695
533,20000000	0,40559983
533,40000000	0,40910388
533,60000000	0,40969329
533,80000000	0,41056606
534,00000000	0,41439499
534,20000000	0,40903757
534,40000000	0,41117200
534,60000000	0,42246759
534,80000000	0,42568162
535,00000000	0,43123600
535,20000000	0,43199726
535,40000000	0,42707887
535,60000000	0,42877854
535,80000000	0,43189584
536,00000000	0,43259553
536,20000000	0,43509909
536,40000000	0,43796195
536,60000000	0,43878479
536,80000000	0,43997551
537,00000000	0,44482481
537,20000000	0,44665581
537,40000000	0,44895021
537,60000000	0,45204669
537,80000000	0,45356576
538,00000000	0,45608936
538,20000000	0,45732786
538,40000000	0,45881488
538,60000000	0,45901222
538,80000000	0,46129979
539,00000000	0,46499157
539,20000000	0,46924103
539,40000000	0,46845690
539,60000000	0,47122020
539,80000000	0,47000159
540,00000000	0,47089033
540,20000000	0,47906132
540,40000000	0,47996106
540,60000000	0,48168515
540,80000000	0,48298924
541,00000000	0,48684695
541,20000000	0,48988876
541,40000000	0,48950989
541,60000000	0,48698626
541,80000000	0,49226057
542,00000000	0,49934947
542,20000000	0,49778791
542,40000000	0,49570078
542,60000000	0,49994775
542,80000000	0,50565406
543,00000000	0,50671215
543,20000000	0,50461309
543,40000000	0,50286651
543,60000000	0,50308727
543,80000000	0,50689951
544,00000000	0,51223426
544,20000000	0,51214965
544,40000000	0,51151395
544,60000000	0,51641588
544,80000000	0,52027737
545,00000000	0,52225000
545,20000000	0,52166599
545,40000000	0,52619270
545,60000000	0,53271879
545,80000000	0,53316546
546,00000000	0,53287051
546,20000000	0,53070498
546,40000000	0,53225082
546,60000000	0,53438099
546,80000000	0,53643009
547,00000000	0,53970406
547,20000000	0,54449101
547,40000000	0,55010303
547,60000000	0,54739134
547,80000000	0,54779566
548,00000000	0,55107032
548,20000000	0,55492952
548,40000000	0,55880252
548,60000000	0,55729490
548,80000000	0,55412552
549,00000000	0,55266130
549,20000000	0,56165112
549,40000000	0,56333124
549,60000000	0,56278152
549,80000000	0,56915291
550,00000000	0,56913720
550,20000000	0,57138505
550,40000000	0,57047625
550,60000000	0,57233183
550,80000000	0,57518290
551,00000000	0,57860045
551,20000000	0,58072421
551,40000000	0,58251302
551,60000000	0,58427491
551,80000000	0,58477790
552,00000000	0,58846091
552,20000000	0,59109936
552,40000000	0,59369503
552,60000000	0,59457547
552,80000000	0,59505240
553,00000000	0,59767461
553,20000000	0,59904623
553,40000000	0,60002803
553,60000000	0,60348826
553,80000000	0,60572956
554,00000000	0,60549680
554,20000000	0,60688161
554,40000000	0,60851490
554,60000000	0,61070130
554,80000000	0,61773788
555,00000000	0,62344900
555,20000000	0,62169240
555,40000000	0,62424977
555,60000000	0,62878700
555,80000000	0,63046020
556,00000000	0,62911221
556,20000000	0,62869282
556,40000000	0,63046857
556,60000000	0,63271070
556,80000000	0,63492359
557,00000000	0,63972839
557,20000000	0,63925339
557,40000000	0,63976842
557,60000000	0,64425520
557,80000000	0,64694491
558,00000000	0,64799993
558,20000000	0,64879168
558,40000000	0,65250806
558,60000000	0,65580822
558,80000000	0,65663979
559,00000000	0,65607252
559,20000000	0,65974778
559,40000000	0,66287590
559,60000000	0,66642540
559,80000000	0,67074374
560,00000000	0,67334881
560,20000000	0,67177892
560,40000000	0,67427281
560,60000000	0,67712023
560,80000000	0,67783536
561,00000000	0,68027096
561,20000000	0,68539520
561,40000000	0,68674631
561,60000000	0,68722406
561,80000000	0,68967744
562,00000000	0,69327988
562,20000000	0,69585002
562,40000000	0,69624269
562,60000000	0,69877414
562,80000000	0,70092879
563,00000000	0,70327790
563,20000000	0,70599276
563,40000000	0,70931305
563,60000000	0,71042995
563,80000000	0,71114696
564,00000000	0,71402365
564,20000000	0,71758683
564,40000000	0,71955509
564,60000000	0,72163116
564,80000000	0,72243480
565,00000000	0,72729987
565,20000000	0,72989027
565,40000000	0,72872955
565,60000000	0,73144799
565,80000000	0,73459485
566,00000000	0,73911388
566,20000000	0,74137168
566,40000000	0,74258655
566,60000000	0,74276732
566,80000000	0,74496757
567,00000000	0,74779966
567,20000000	0,75028525
567,40000000	0,75190184
567,60000000	0,75494205
567,80000000	0,75781870
568,00000000	0,76017962
568,20000000	0,76028734
568,40000000	0,76362450
568,60000000	0,76747499
568,80000000	0,76854974
569,00000000	0,77016584
569,20000000	0,77080499
569,40000000	0,77255925
569,60000000	0,77754790
569,80000000	0,78081926
570,00000000	0,78177578
570,20000000	0,78250555
570,40000000	0,78545578
570,60000000	0,78787830
570,80000000	0,78929120
571,00000000	0,78953000
571,20000000	0,79175113
571,40000000	0,79422617
571,60000000	0,79767590
571,80000000	0,79825702
572,00000000	0,79857148
572,20000000	0,80125022
572,40000000	0,80338683
572,60000000	0,80572608
572,80000000	0,80630398
573,00000000	0,80813286
573,20000000	0,81044005
573,40000000	0,81262207
573,60000000	0,81580027
573,80000000	0,81606549
574,00000000	0,81748813
574,20000000	0,82025463
574,40000000	0,82230036
574,60000000	0,82344498
574,80000000	0,82438286
575,00000000	0,82653995
575,20000000	0,82835687
575,40000000	0,83038697
575,60000000	0,83211118
575,80000000	0,83321699
576,00000000	0,83480594
576,20000000	0,83559403
576,40000000	0,83790783
576,60000000	0,83941632
576,80000000	0,84119553
577,00000000	0,84336914
577,20000000	0,84373234
577,40000000	0,84396136
577,60000000	0,84628242
577,80000000	0,84909872
578,00000000	0,85105296
578,20000000	0,85228745
578,40000000	0,85322460
578,60000000	0,85488907
578,80000000	0,85547464
579,00000000	0,85613588
579,20000000	0,85785716
579,40000000	0,85918093
579,60000000	0,86136050
579,80000000	0,86294347
580,00000000	0,86312550
580,20000000	0,86422334
580,40000000	0,86599754
580,60000000	0,86793181
580,80000000	0,86877959
581,00000000	0,86947780
581,20000000	0,87127787
581,40000000	0,87244174
581,60000000	0,87402165
581,80000000	0,87536156
582,00000000	0,87644452
582,20000000	0,87724088
582,40000000	0,87879475
582,60000000	0,88030394
582,80000000	0,88047862
583,00000000	0,88109257
583,20000000	0,88282429
583,40000000	0,88381245
583,60000000	0,88490301
583,80000000	0,88521710
584,00000000	0,88696573
584,20000000	0,88886941
584,40000000	0,88969876
584,60000000	0,89020294
584,80000000	0,89120010
585,00000000	0,89198934
585,20000000	0,89357304
585,40000000	0,89429886
585,60000000	0,89521876
585,80000000	0,89618537
586,00000000	0,89716834
586,20000000	0,89846705
586,40000000	0,89920730
586,60000000	0,89966877
586,80000000	0,90089546
587,00000000	0,90269297
587,20000000	0,90293340
587,40000000	0,90346342
587,60000000	0,90406691
587,80000000	0,90495789
588,00000000	0,90707354
588,20000000	0,90746791
588,40000000	0,90782578
588,60000000	0,90872230
588,80000000	0,91008432
589,00000000	0,91089894
589,20000000	0,91131272
589,40000000	0,91130631
589,60000000	0,91267738
589,80000000	0,91397405
590,00000000	0,91455868
590,20000000	0,91504341
590,40000000	0,91523281
590,60000000	0,91705879
590,80000000	0,91768734
591,00000000	0,91821398
591,20000000	0,91961140
591,40000000	0,91973541
591,60000000	0,92049016
591,80000000	0,92162776
592,00000000	0,92196451
592,20000000	0,92247258
592,40000000	0,92319997
592,60000000	0,92431238
592,80000000	0,92501534
593,00000000	0,92530653
593,20000000	0,92597602
593,40000000	0,92712327
593,60000000	0,92855924
593,80000000	0,92894996
594,00000000	0,92877017
594,20000000	0,92919108
594,40000000	0,93057838
594,60000000	0,93082767
594,80000000	0,93105764
595,00000000	0,93146138
595,20000000	0,93236861
595,40000000	0,93358414
595,60000000	0,93364291
595,80000000	0,93387950
596,00000000	0,93461982
596,20000000	0,93575832
596,40000000	0,93626661
596,60000000	0,93663572
596,80000000	0,93720985
597,00000000	0,93774513
597,20000000	0,93862984
597,40000000	0,93924028
597,60000000	0,93916009
597,80000000	0,93989840
598,00000000	0,94033152
598,20000000	0,94085962
598,40000000	0,94120642
598,60000000	0,94151119
598,80000000	0,94173318
599,00000000	0,94240539
599,20000000	0,94322948
599,40000000	0,94315855
599,60000000	0,94368232
599,80000000	0,94493452
600,00000000	0,94576124
600,20000000	0,94528178
600,40000000	0,94598130
600,60000000	0,94662209
600,80000000	0,94660972
601,00000000	0,94694818
601,20000000	0,94694916
601,40000000	0,94769567
601,60000000	0,94838388
601,80000000	0,94885327
602,00000000	0,94899927
602,20000000	0,94894619
602,40000000	0,94958443
602,60000000	0,95043322
602,80000000	0,95047704
603,00000000	0,95005516
603,20000000	0,95075682
603,40000000	0,95116293
603,60000000	0,95172638
603,80000000	0,95196467
604,00000000	0,95237570
604,20000000	0,95264990
604,40000000	0,95294425
604,60000000	0,95335548
604,80000000	0,95352076
605,00000000	0,95398180
605,20000000	0,95426771
605,40000000	0,95465994
605,60000000	0,95504665
605,80000000	0,95523355
606,00000000	0,95551726
606,20000000	0,95579672
606,40000000	0,95611812
606,60000000	0,95648288
606,80000000	0,95639288
607,00000000	0,95666075
607,20000000	0,95726472
607,40000000	0,95753253
607,60000000	0,95763524
607,80000000	0,95794828
608,00000000	0,95844463
608,20000000	0,95833183
608,40000000	0,95853487
608,60000000	0,95901041
608,80000000	0,95944044
609,00000000	0,95998349
609,20000000	0,96026874
609,40000000	0,96021800
609,60000000	0,96010251
609,80000000	0,96072370
610,00000000	0,96148117
610,20000000	0,96108610
610,40000000	0,96107605
610,60000000	0,96185664
610,80000000	0,96230693
611,00000000	0,96235578
611,20000000	0,96249461
611,40000000	0,96249546
611,60000000	0,96254725
611,80000000	0,96317945
612,00000000	0,96342583
612,20000000	0,96376306
612,40000000	0,96361507
612,60000000	0,96402501
612,80000000	0,96455049
613,00000000	0,96458520
613,20000000	0,96478060
613,40000000	0,96514015
613,60000000	0,96564280
613,80000000	0,96591329
614,00000000	0,96572598
614,20000000	0,96550856
614,40000000	0,96608471
614,60000000	0,96678929
614,80000000	0,96684390
615,00000000	0,96701833
615,20000000	0,96761029
615,40000000	0,96770435
615,60000000	0,96805357
615,80000000	0,96802514
616,00000000	0,96837110
616,20000000	0,96867690
616,40000000	0,96897488
616,60000000	0,96902177
616,80000000	0,96917996
617,00000000	0,96916477
617,20000000	0,96953634
617,40000000	0,96987368
617,60000000	0,96984445
617,80000000	0,97003379
618,00000000	0,97051757
618,20000000	0,97080444
618,40000000	0,97096044
618,60000000	0,97121523
618,80000000	0,97130073
619,00000000	0,97172613
619,20000000	0,97197729
619,40000000	0,97189856
619,60000000	0,97215988
619,80000000	0,97248823
620,00000000	0,97309455
620,20000000	0,97307024
620,40000000	0,97309303
620,60000000	0,97338180
620,80000000	0,97365029
621,00000000	0,97396483
621,20000000	0,97394595
621,40000000	0,97401811
621,60000000	0,97446664
621,80000000	0,97468696
622,00000000	0,97467727
622,20000000	0,97479895
622,40000000	0,97474069
622,60000000	0,97511953
622,80000000	0,97568902
623,00000000	0,97559320
623,20000000	0,97560004
623,40000000	0,97590100
623,60000000	0,97623246
623,80000000	0,97653344
624,00000000	0,97687152
624,20000000	0,97705358
624,40000000	0,97701164
624,60000000	0,97735754
624,80000000	0,97733054
625,00000000	0,97744501
625,20000000	0,97783868
625,40000000	0,97801971
625,60000000	0,97857460
625,80000000	0,97850444
626,00000000	0,97834681
626,20000000	0,97885702
626,40000000	0,97893260
626,60000000	0,97912092
626,80000000	0,97939240
627,00000000	0,97964855
627,20000000	0,97977946
627,40000000	0,98001909
627,60000000	0,98019824
627,80000000	0,98059655
628,00000000	0,98082225
628,20000000	0,98096536
628,40000000	0,98101974
628,60000000	0,98131659
628,80000000	0,98125621
629,00000000	0,98137767
629,20000000	0,98158024
629,40000000	0,98161287
629,60000000	0,98203398
629,80000000	0,98221903
630,00000000	0,98259303
630,20000000	0,98277309
630,40000000	0,98264991
630,60000000	0,98286903
630,80000000	0,98306075
631,00000000	0,98341347
631,20000000	0,98348078
631,40000000	0,98366100
631,60000000	0,98399947
631,80000000	0,98432128
632,00000000	0,98454449
632,20000000	0,98460326
632,40000000	0,98469906
632,60000000	0,98490682
632,80000000	0,98523445
633,00000000	0,98520693
633,20000000	0,98547064
633,40000000	0,98560087
633,60000000	0,98592006
633,80000000	0,98615665
634,00000000	0,98609087
634,20000000	0,98641465
634,40000000	0,98671095
634,60000000	0,98712007
634,80000000	0,98733661
635,00000000	0,98728949
635,20000000	0,98744170
635,40000000	0,98765675
635,60000000	0,98779673
635,80000000	0,98801091
636,00000000	0,98820586
636,20000000	0,98845832
636,40000000	0,98868860
636,60000000	0,98888204
636,80000000	0,98891609
637,00000000	0,98914506
637,20000000	0,98937827
637,40000000	0,98970345
637,60000000	0,98974263
637,80000000	0,98989555
638,00000000	0,99012886
638,20000000	0,99042536
638,40000000	0,99076155
638,60000000	0,99097772
638,80000000	0,99108700
639,00000000	0,99107437
639,20000000	0,99141204
639,40000000	0,99170712
639,60000000	0,99169167
639,80000000	0,99168142
640,00000000	0,99212457
640,20000000	0,99241604
640,40000000	0,99229164
640,60000000	0,99259378
640,80000000	0,99283105
641,00000000	0,99308232
641,20000000	0,99324997
641,40000000	0,99340696
641,60000000	0,99358094
641,80000000	0,99375490
642,00000000	0,99404966
642,20000000	0,99404662
642,40000000	0,99423966
642,60000000	0,99427775
642,80000000	0,99451338
643,00000000	0,99466077
643,20000000	0,99479210
643,40000000	0,99507475
643,60000000	0,99515659
643,80000000	0,99543825
644,00000000	0,99546919
644,20000000	0,99551198
644,40000000	0,99569769
644,60000000	0,99583645
644,80000000	0,99608750
645,00000000	0,99611055
645,20000000	0,99628437
645,40000000	0,99654209
645,60000000	0,99666310
645,80000000	0,99690235
646,00000000	0,99690849
646,20000000	0,99689591
646,40000000	0,99707372
646,60000000	0,99725906
646,80000000	0,99743179
647,00000000	0,99746537
647,20000000	0,99757671
647,40000000	0,99773852
647,60000000	0,99787181
647,80000000	0,99792541
648,00000000	0,99792509
648,20000000	0,99806633
648,40000000	0,99831737
648,60000000	0,99830129
648,80000000	0,99838873
649,00000000	0,99840798
649,20000000	0,99845680
649,40000000	0,99854274
649,60000000	0,99866027
649,80000000	0,99866966
650,00000000	0,99879307
650,20000000	0,99884627
650,40000000	0,99892707
650,60000000	0,99899465
650,80000000	0,99901153
651,00000000	0,99903196
651,20000000	0,99911374
651,40000000	0,99923303
651,60000000	0,99921349
651,80000000	0,99920022
652,00000000	0,99921663
652,20000000	0,99926092
652,40000000	0,99928896
652,60000000	0,99932329
652,80000000	0,99940138
653,00000000	0,99935544
653,20000000	0,99941234
653,40000000	0,99942295
653,60000000	0,99938471
653,80000000	0,99942684
654,00000000	0,99944402
654,20000000	0,99943627
654,40000000	0,99945030
654,60000000	0,99944138
654,80000000	0,99939820
655,00000000	0,99943483
655,20000000	0,99936277
655,40000000	0,99934800
655,60000000	0,99938483
655,80000000	0,99940423
656,00000000	0,99939864
656,20000000	0,99935441
656,40000000	0,99925485
656,60000000	0,99929308
656,80000000	0,99925536
657,00000000	0,99922622
657,20000000	0,99919747
657,40000000	0,99919724
657,60000000	0,99908504
657,80000000	0,99905180
658,00000000	0,99904223
658,20000000	0,99894274
658,40000000	0,99893761
658,60000000	0,99893341
658,80000000	0,99889333
659,00000000	0,99883667
659,20000000	0,99872149
659,40000000	0,99876434
659,60000000	0,99865000
659,80000000	0,99867045
660,00000000	0,99856243
660,20000000	0,99849529
660,40000000	0,99857405
660,60000000	0,99849823
660,80000000	0,99835189
661,00000000	0,99825985
661,20000000	0,99832703
661,40000000	0,99834097
661,60000000	0,99824264
661,80000000	0,99814429
662,00000000	0,99810866
662,20000000	0,99804040
662,40000000	0,99800751
662,60000000	0,99799056
662,80000000	0,99796122
663,00000000	0,99785222
663,20000000	0,99782031
663,40000000	0,99764038
663,60000000	0,99768040
663,80000000	0,99773097
664,00000000	0,99764256
664,20000000	0,99763354
664,40000000	0,99753530
664,60000000	0,99747091
664,80000000	0,99746293
665,00000000	0,99742989
665,20000000	0,99737033
665,40000000	0,99735969
665,60000000	0,99731082
665,80000000	0,99715585
666,00000000	0,99722123
666,20000000	0,99730460
666,40000000	0,99714834
666,60000000	0,99713242
666,80000000	0,99707971
667,00000000	0,99712679
667,20000000	0,99710377
667,40000000	0,99715413
667,60000000	0,99705201
667,80000000	0,99708144
668,00000000	0,99705207
668,20000000	0,99690364
668,40000000	0,99699097
668,60000000	0,99696366
668,80000000	0,99690305
669,00000000	0,99682561
669,20000000	0,99694224
669,40000000	0,99701890
669,60000000	0,99697210
669,80000000	0,99706603
670,00000000	0,99704138
670,20000000	0,99695130
670,40000000	0,99680945
670,60000000	0,99684766
670,80000000	0,99703689
671,00000000	0,99697080
671,20000000	0,99700903
671,40000000	0,99707489
671,60000000	0,99700923
671,80000000	0,99694839
672,00000000	0,99701152
672,20000000	0,99710019
672,40000000	0,99706342
672,60000000	0,99710621
672,80000000	0,99717959
673,00000000	0,99708990
673,20000000	0,99711798
673,40000000	0,99707496
673,60000000	0,99697738
673,80000000	0,99714526
674,00000000	0,99721315
674,20000000	0,99716131
674,40000000	0,99712332
674,60000000	0,99720437
674,80000000	0,99738195
675,00000000	0,99730538
675,20000000	0,99724536
675,40000000	0,99731253
675,60000000	0,99738376
675,80000000	0,99746323
676,00000000	0,99739542
676,20000000	0,99728122
676,40000000	0,99748550
676,60000000	0,99744692
676,80000000	0,99747820
677,00000000	0,99750025
677,20000000	0,99753684
677,40000000	0,99743074
677,60000000	0,99756792
677,80000000	0,99757930
678,00000000	0,99757383
678,20000000	0,99745147
678,40000000	0,99763431
678,60000000	0,99761131
678,80000000	0,99743647
679,00000000	0,99755362
679,20000000	0,99757484
679,40000000	0,99755558
679,60000000	0,99755180
679,80000000	0,99749088
680,00000000	0,99761838
680,20000000	0,99756623
680,40000000	0,99765072
680,60000000	0,99769655
680,80000000	0,99762453
681,00000000	0,99753736
681,20000000	0,99766052
681,40000000	0,99756905
681,60000000	0,99749460
681,80000000	0,99762241
682,00000000	0,99767886
682,20000000	0,99773086
682,40000000	0,99774133
682,60000000	0,99753610
682,80000000	0,99760348
683,00000000	0,99768541
683,20000000	0,99761397
683,40000000	0,99746325
683,60000000	0,99733253
683,80000000	0,99740439
684,00000000	0,99745908
684,20000000	0,99741830
684,40000000	0,99738350
684,60000000	0,99720170
684,80000000	0,99723868
685,00000000	0,99746269
685,20000000	0,99735361
685,40000000	0,99716602
685,60000000	0,99702739
685,80000000	0,99719179
686,00000000	0,99729473
686,20000000	0,99724701
686,40000000	0,99693951
686,60000000	0,99692143
686,80000000	0,99713485
687,00000000	0,99715276
687,20000000	0,99692591
687,40000000	0,99664189
687,60000000	0,99663141
687,80000000	0,99688002
688,00000000	0,99698726
688,20000000	0,99672088
688,40000000	0,99650624
688,60000000	0,99673480
688,80000000	0,99673382
689,00000000	0,99663857
689,20000000	0,99655277
689,40000000	0,99628785
689,60000000	0,99636472
689,80000000	0,99646707
690,00000000	0,99640857
690,20000000	0,99617161
690,40000000	0,99608579
690,60000000	0,99628077
690,80000000	0,99620309
691,00000000	0,99610678
691,20000000	0,99590734
691,40000000	0,99601915
691,60000000	0,99630089
691,80000000	0,99608344
692,00000000	0,99581379
692,20000000	0,99574984
692,40000000	0,99590544
692,60000000	0,99605906
692,80000000	0,99582538
693,00000000	0,99556662
693,20000000	0,99567383
693,40000000	0,99583345
693,60000000	0,99590678
693,80000000	0,99548677
694,00000000	0,99509820
694,20000000	0,99538178
694,40000000	0,99582009
694,60000000	0,99565266
694,80000000	0,99528120
695,00000000	0,99532170
695,20000000	0,99550309
695,40000000	0,99554888
695,60000000	0,99544399
695,80000000	0,99502784
696,00000000	0,99505288
696,20000000	0,99544308
696,40000000	0,99553545
696,60000000	0,99497131
696,80000000	0,99480552
697,00000000	0,99500120
697,20000000	0,99530915
697,40000000	0,99523251
697,60000000	0,99504456
697,80000000	0,99513076
698,00000000	0,99524210
698,20000000	0,99529009
698,40000000	0,99514478
698,60000000	0,99490038
698,80000000	0,99492169
699,00000000	0,99535286
699,20000000	0,99531963
699,40000000	0,99492829
699,60000000	0,99478201
699,80000000	0,99497330
700,00000000	0,99521824
700,20000000	0,99524427
700,40000000	0,99506367
700,60000000	0,99501607
700,80000000	0,99525688
701,00000000	0,99548016
701,20000000	0,99512997
701,40000000	0,99493045
701,60000000	0,99512007
701,80000000	0,99527583
702,00000000	0,99543819
702,20000000	0,99511137
702,40000000	0,99495161
702,60000000	0,99529091
702,80000000	0,99546491
703,00000000	0,99534266
703,20000000	0,99523489
703,40000000	0,99549588
703,60000000	0,99545277
703,80000000	0,99544193
704,00000000	0,99541446
704,20000000	0,99543206
704,40000000	0,99556369
704,60000000	0,99550538
704,80000000	0,99553649
705,00000000	0,99557612
705,20000000	0,99550936
705,40000000	0,99567562
705,60000000	0,99579019
705,80000000	0,99561812
706,00000000	0,99550912
706,20000000	0,99561664
706,40000000	0,99583008
706,60000000	0,99573062
706,80000000	0,99567745
707,00000000	0,99571720
707,20000000	0,99582040
707,40000000	0,99583080
707,60000000	0,99566949
707,80000000	0,99585349
708,00000000	0,99569092
708,20000000	0,99596420
708,40000000	0,99588898
708,60000000	0,99571545
708,80000000	0,99579652
709,00000000	0,99560885
709,20000000	0,99587690
709,40000000	0,99584465
709,60000000	0,99568129
709,80000000	0,99561736
710,00000000	0,99569334
710,20000000	0,99584725
710,40000000	0,99570648
710,60000000	0,99552296
710,80000000	0,99566058
711,00000000	0,99569009
711,20000000	0,99568920
711,40000000	0,99555878
711,60000000	0,99560312
711,80000000	0,99542479
712,00000000	0,99556246
712,20000000	0,99555778
712,40000000	0,99529228
712,60000000	0,99532429
712,80000000	0,99535576
713,00000000	0,99517454
713,20000000	0,99536298
713,40000000	0,99521103
713,60000000	0,99520018
713,80000000	0,99518729
714,00000000	0,99497886
714,20000000	0,99491299
714,40000000	0,99469334
714,60000000	0,99464159
714,80000000	0,99473155
715,00000000	0,99467466
715,20000000	0,99452506
715,40000000	0,99449544
715,60000000	0,99459071
715,80000000	0,99453116
716,00000000	0,99426195
716,20000000	0,99433402
716,40000000	0,99408465
716,60000000	0,99397503
716,80000000	0,99401280
717,00000000	0,99378401
717,20000000	0,99359648
717,40000000	0,99374721
717,60000000	0,99367790
717,80000000	0,99357646
718,00000000	0,99351844
718,20000000	0,99357210
718,40000000	0,99374512
718,60000000	0,99331215
718,80000000	0,99307591
719,00000000	0,99313666
719,20000000	0,99318912
719,40000000	0,99305527
719,60000000	0,99294646
719,80000000	0,99274352
720,00000000	0,99272572
720,20000000	0,99274791
720,40000000	0,99251552
720,60000000	0,99246721
720,80000000	0,99243275
721,00000000	0,99242790
721,20000000	0,99261926
721,40000000	0,99234566
721,60000000	0,99208543
721,80000000	0,99209880
722,00000000	0,99219287
722,20000000	0,99213130
722,40000000	0,99201539
722,60000000	0,99203673
722,80000000	0,99197563
723,00000000	0,99184405
723,20000000	0,99205922
723,40000000	0,99195730
723,60000000	0,99179232
723,80000000	0,99189212
724,00000000	0,99168245
724,20000000	0,99138701
724,40000000	0,99155200
724,60000000	0,99152474
724,80000000	0,99163537
725,00000000	0,99172459
725,20000000	0,99145761
725,40000000	0,99157890
725,60000000	0,99175950
725,80000000	0,99146977
726,00000000	0,99157040
726,20000000	0,99141430
726,40000000	0,99133578
726,60000000	0,99162497
726,80000000	0,99140261
727,00000000	0,99124566
727,20000000	0,99137957
727,40000000	0,99159063
727,60000000	0,99164942
727,80000000	0,99165843
728,00000000	0,99173659
728,20000000	0,99172601
728,40000000	0,99175776
728,60000000	0,99190452
728,80000000	0,99172827
729,00000000	0,99187179
729,20000000	0,99187808
729,40000000	0,99174040
729,60000000	0,99191256
729,80000000	0,99195642
730,00000000	0,99220916
730,20000000	0,99228080
730,40000000	0,99238354
730,60000000	0,99239749
730,80000000	0,99237591
731,00000000	0,99242074
731,20000000	0,99250845
731,40000000	0,99247621
731,60000000	0,99270126
731,80000000	0,99279310
732,00000000	0,99295171
732,20000000	0,99308129
732,40000000	0,99300920
732,60000000	0,99304685
732,80000000	0,99327186
733,00000000	0,99329527
733,20000000	0,99360994
733,40000000	0,99363729
733,60000000	0,99354503
733,80000000	0,99375075
734,00000000	0,99361469
734,20000000	0,99370300
734,40000000	0,99377221
734,60000000	0,99396853
734,80000000	0,99402203
735,00000000	0,99408493
735,20000000	0,99438720
735,40000000	0,99429276
735,60000000	0,99429491
735,80000000	0,99459313
736,00000000	0,99441310
736,20000000	0,99470026
736,40000000	0,99483764
736,60000000	0,99482701
736,80000000	0,99497386
737,00000000	0,99489714
737,20000000	0,99513549
737,40000000	0,99537416
737,60000000	0,99536677
737,80000000	0,99544088
738,00000000	0,99531409
738,20000000	0,99542772
738,40000000	0,99586974
738,60000000	0,99582772
738,80000000	0,99566770
739,00000000	0,99557750
739,20000000	0,99585213
739,40000000	0,99615111
739,60000000	0,99597455
739,80000000	0,99588901
740,00000000	0,99615617
740,20000000	0,99601034
740,40000000	0,99622467
740,60000000	0,99637988
740,80000000	0,99637394
741,00000000	0,99628459
741,20000000	0,99632258
741,40000000	0,99638053
741,60000000	0,99625510
741,80000000	0,99620736
742,00000000	0,99626828
742,20000000	0,99631723
742,40000000	0,99645068
742,60000000	0,99631432
742,80000000	0,99622439
743,00000000	0,99629347
743,20000000	0,99638810
743,40000000	0,99639065
743,60000000	0,99624763
743,80000000	0,99626797
744,00000000	0,99625261
744,20000000	0,99602980
744,40000000	0,99602578
744,60000000	0,99599119
744,80000000	0,99592975
745,00000000	0,99593605
745,20000000	0,99571640
745,40000000	0,99568917
745,60000000	0,99568654
745,80000000	0,99582754
746,00000000	0,99576273
746,20000000	0,99561185
746,40000000	0,99538052
746,60000000	0,99533310
746,80000000	0,99533621
747,00000000	0,99514936
747,20000000	0,99512027
747,40000000	0,99497700
747,60000000	0,99507025
747,80000000	0,99488096
748,00000000	0,99478305
748,20000000	0,99464365
748,40000000	0,99460970
748,60000000	0,99445568
748,80000000	0,99421351
749,00000000	0,99404558
749,20000000	0,99381329
749,40000000	0,99396695
749,60000000	0,99371350
749,80000000	0,99343431
750,00000000	0,99349639
750,20000000	0,99323081
750,40000000	0,99327993
750,60000000	0,99312134
750,80000000	0,99301507
751,00000000	0,99252111
751,20000000	0,99259627
751,40000000	0,99255801
751,60000000	0,99235230
751,80000000	0,99188215
752,00000000	0,99187151
752,20000000	0,99159283
752,40000000	0,99169140
752,60000000	0,99133033
752,80000000	0,99094523
753,00000000	0,99101583
753,20000000	0,99089624
753,40000000	0,99062362
753,60000000	0,99060808
753,80000000	0,99021706
754,00000000	0,99048878
754,20000000	0,99019805
754,40000000	0,98963334
754,60000000	0,98963783
754,80000000	0,98980308
755,00000000	0,98931991
755,20000000	0,98931420
755,40000000	0,98913142
755,60000000	0,98862916
755,80000000	0,98840968
756,00000000	0,98879435
756,20000000	0,98837224
756,40000000	0,98817311
756,60000000	0,98767799
756,80000000	0,98798571
757,00000000	0,98781403
757,20000000	0,98758004
757,40000000	0,98751372
757,60000000	0,98724847
757,80000000	0,98702081
758,00000000	0,98673068
758,20000000	0,98674207
758,40000000	0,98650515
758,60000000	0,98658449
758,80000000	0,98665629
759,00000000	0,98557338
759,20000000	0,98569264
759,40000000	0,98584811
759,60000000	0,98560928
759,80000000	0,98544473
760,00000000	0,98497680
760,20000000	0,98471234
760,40000000	0,98489924
760,60000000	0,98507496
760,80000000	0,98444638
761,00000000	0,98396472
761,20000000	0,98376463
761,40000000	0,98421617
761,60000000	0,98386708
761,80000000	0,98338850
762,00000000	0,98320392
762,20000000	0,98352244
762,40000000	0,98339749
762,60000000	0,98319772
762,80000000	0,98286976
763,00000000	0,98285969
763,20000000	0,98251967
763,40000000	0,98282887
763,60000000	0,98248909
763,80000000	0,98183782
764,00000000	0,98188230
764,20000000	0,98187366
764,40000000	0,98203233
764,60000000	0,98192238
764,80000000	0,98132448
765,00000000	0,98201771
765,20000000	0,98224480
765,40000000	0,98170376
765,60000000	0,98107020
765,80000000	0,98064219
766,00000000	0,98110860
766,20000000	0,98135221
766,40000000	0,98084151
766,60000000	0,98030361
766,80000000	0,98075611
767,00000000	0,98088074
767,20000000	0,98039995
767,40000000	0,98056027
767,60000000	0,98012526
767,80000000	0,97955390
768,00000000	0,98009260
768,20000000	0,97945565
768,40000000	0,97937381
768,60000000	0,97982806
768,80000000	0,97913884
769,00000000	0,97946898
769,20000000	0,97912198
769,40000000	0,97904682
769,60000000	0,97910646
769,80000000	0,97920045
770,00000000	0,97897236
770,20000000	0,97838100
770,40000000	0,97925385
770,60000000	0,97896382
770,80000000	0,97885366
771,00000000	0,97842048
771,20000000	0,97842991
771,40000000	0,97869217
771,60000000	0,97893843
771,80000000	0,97828130
772,00000000	0,97780376
772,20000000	0,97775677
772,40000000	0,97854083
772,60000000	0,97835033
772,80000000	0,97794762
773,00000000	0,97817637
773,20000000	0,97770156
773,40000000	0,97832732
773,60000000	0,97810075
773,80000000	0,97793826
774,00000000	0,97782700
774,20000000	0,97784022
774,40000000	0,97810007
774,60000000	0,97800396
774,80000000	0,97774315
775,00000000	0,97749064
775,20000000	0,97775302
775,40000000	0,97809500
775,60000000	0,97775954
775,80000000	0,97725183
776,00000000	0,97757100
776,20000000	0,97815947
776,40000000	0,97769441
776,60000000	0,97699196
776,80000000	0,97722396
777,00000000	0,97754536
777,20000000	0,97736641
777,40000000	0,97732210
777,60000000	0,97648754
777,80000000	0,97728629
778,00000000	0,97774138
778,20000000	0,97712501
778,40000000	0,97738979
778,60000000	0,97711256
778,80000000	0,97745699
779,00000000	0,97739711
779,20000000	0,97764441
779,40000000	0,97647375
779,60000000	0,97713440
779,80000000	0,97786466
780,00000000	0,97754694
780,20000000	0,97670845
780,40000000	0,97713899
780,60000000	0,97698925
780,80000000	0,97744900
781,00000000	0,97685849
781,20000000	0,97721124
781,40000000	0,97711609
781,60000000	0,97702682
781,80000000	0,97739048
782,00000000	0,97732511
782,20000000	0,97749679
782,40000000	0,97709992
782,60000000	0,97695275
782,80000000	0,97761960
783,00000000	0,97694903
783,20000000	0,97698270
783,40000000	0,97696626
783,60000000	0,97725464
783,80000000	0,97705594
784,00000000	0,97646893
784,20000000	0,97707092
784,40000000	0,97684530
784,60000000	0,97730663
784,80000000	0,97659241
785,00000000	0,97615690
785,20000000	0,97705416
785,40000000	0,97693699
785,60000000	0,97665349
785,80000000	0,97595589
786,00000000	0,97677102
786,20000000	0,97704768
786,40000000	0,97652024
786,60000000	0,97608770
786,80000000	0,97635558
787,00000000	0,97651230
787,20000000	0,97651224
787,40000000	0,97644186
787,60000000	0,97579792
787,80000000	0,97607353
788,00000000	0,97627674
788,20000000	0,97628962
788,40000000	0,97599842
788,60000000	0,97618118
788,80000000	0,97582150
789,00000000	0,97538870
789,20000000	0,97638025
789,40000000	0,97601577
789,60000000	0,97553524
789,80000000	0,97571571
790,00000000	0,97569173
790,20000000	0,97546434
790,40000000	0,97522427
790,60000000	0,97511640
790,80000000	0,97532879
791,00000000	0,97525353
791,20000000	0,97494878
791,40000000	0,97436806
791,60000000	0,97500727
791,80000000	0,97524807
792,00000000	0,97537808
792,20000000	0,97416060
792,40000000	0,97395721
792,60000000	0,97464610
792,80000000	0,97501148
793,00000000	0,97384798
793,20000000	0,97398149
793,40000000	0,97384570
793,60000000	0,97430866
793,80000000	0,97403271
794,00000000	0,97378719
794,20000000	0,97380155
794,40000000	0,97395984
794,60000000	0,97330485
794,80000000	0,97365922
795,00000000	0,97378885
795,20000000	0,97297419
795,40000000	0,97295168
795,60000000	0,97333050
795,80000000	0,97360291
796,00000000	0,97267083
796,20000000	0,97262655
796,40000000	0,97377627
796,60000000	0,97351580
796,80000000	0,97285317
797,00000000	0,97282274
797,20000000	0,97350968
797,40000000	0,97268904
797,60000000	0,97206056
797,80000000	0,97230286
798,00000000	0,97186066
798,20000000	0,97255577
798,40000000	0,97208659
798,60000000	0,97214774
798,80000000	0,97176677
799,00000000	0,97173586
799,20000000	0,97220871
799,40000000	0,97227862
799,60000000	0,97177742
799,80000000	0,97239521
800,00000000	0,97254610
800,20000000	0,97172453
800,40000000	0,97077007
800,60000000	0,97187575
800,80000000	0,97197869
801,00000000	0,97303638
801,20000000	0,97191859
801,40000000	0,97199520
801,60000000	0,97205471
801,80000000	0,97191132
802,00000000	0,97259656
802,20000000	0,97237971
802,40000000	0,97178535
802,60000000	0,97208678
802,80000000	0,97235069
803,00000000	0,97194558
803,20000000	0,97206378
803,40000000	0,97269865
803,60000000	0,97258201
803,80000000	0,97260395
804,00000000	0,97261794
804,20000000	0,97202149
804,40000000	0,97261895
804,60000000	0,97310065
804,80000000	0,97245459
805,00000000	0,97274225
805,20000000	0,97272030
805,40000000	0,97370232
805,60000000	0,97366584
805,80000000	0,97348420
806,00000000	0,97323900
806,20000000	0,97377133
806,40000000	0,97361171
806,60000000	0,97360218
806,80000000	0,97341062
807,00000000	0,97397343
807,20000000	0,97473879
807,40000000	0,97422557
807,60000000	0,97431687
807,80000000	0,97395179
808,00000000	0,97411546
808,20000000	0,97489526
808,40000000	0,97528171
808,60000000	0,97528939
808,80000000	0,97527528
809,00000000	0,97490972
809,20000000	0,97569275
809,40000000	0,97538869
809,60000000	0,97568650
809,80000000	0,97548492
810,00000000	0,97633348
810,20000000	0,97638590
810,40000000	0,97589282
810,60000000	0,97563553
810,80000000	0,97659000
811,00000000	0,97696104
811,20000000	0,97664605
811,40000000	0,97701748
811,60000000	0,97659419
811,80000000	0,97710591
812,00000000	0,97728215
812,20000000	0,97741983
812,40000000	0,97729830
812,60000000	0,97730178
812,80000000	0,97813673
813,00000000	0,97804628
813,20000000	0,97783263
813,40000000	0,97810100
813,60000000	0,97781524
813,80000000	0,97810638
814,00000000	0,97801202
814,20000000	0,97842471
814,40000000	0,97761422
814,60000000	0,97887788
814,80000000	0,97871351
815,00000000	0,97800987
815,20000000	0,97809621
815,40000000	0,97791261
815,60000000	0,97856477
815,80000000	0,97862138
816,00000000	0,97828348
816,20000000	0,97825784
816,40000000	0,97862959
816,60000000	0,97855547
816,80000000	0,97836159
817,00000000	0,97811081
817,20000000	0,97804588
817,40000000	0,97801096
817,60000000	0,97828027
817,80000000	0,97799218
818,00000000	0,97731854
818,20000000	0,97793499
818,40000000	0,97773585
818,60000000	0,97711423
818,80000000	0,97698385
819,00000000	0,97671562
819,20000000	0,97771753
819,40000000	0,97719598
819,60000000	0,97625066
819,80000000	0,97657412
820,00000000	0,97637803
820,20000000	0,97689785
820,40000000	0,97591616
820,60000000	0,97519080
820,80000000	0,97495082
821,00000000	0,97474633
821,20000000	0,97534455
821,40000000	0,97444827
821,60000000	0,97416734
821,80000000	0,97434434
822,00000000	0,97403711
822,20000000	0,97371719
822,40000000	0,97298401
822,60000000	0,97252648
822,80000000	0,97278919
823,00000000	0,97262268
823,20000000	0,97247938
823,40000000	0,97114856
823,60000000	0,97036650
823,80000000	0,97129956
824,00000000	0,97087418
824,20000000	0,97044811
824,40000000	0,96999245
824,60000000	0,96921410
824,80000000	0,96873970
825,00000000	0,96960259
825,20000000	0,96862845
825,40000000	0,96798161
825,60000000	0,96720127
825,80000000	0,96815186
826,00000000	0,96737290
826,20000000	0,96715332
826,40000000	0,96610300
826,60000000	0,96584196
826,80000000	0,96612763
827,00000000	0,96466556
827,20000000	0,96407731
827,40000000	0,96422478
827,60000000	0,96469796
827,80000000	0,96384623
828,00000000	0,96306972
828,20000000	0,96259510
828,40000000	0,96240006
828,60000000	0,96228255
828,80000000	0,96168497
829,00000000	0,96013325
829,20000000	0,96105386
829,40000000	0,96099806
829,60000000	0,96071393
829,80000000	0,95966993
830,00000000	0,95948489
830,20000000	0,95961839
830,40000000	0,95944469
830,60000000	0,95908406
830,80000000	0,95890964
831,00000000	0,95743176
831,20000000	0,95802532
831,40000000	0,95837312
831,60000000	0,95619615
831,80000000	0,95658549
832,00000000	0,95606213
832,20000000	0,95666743
832,40000000	0,95650627
832,60000000	0,95535828
832,80000000	0,95588032
833,00000000	0,95571500
833,20000000	0,95599642
833,40000000	0,95419217
833,60000000	0,95317889
833,80000000	0,95419183
834,00000000	0,95510362
834,20000000	0,95459665
834,40000000	0,95435425
834,60000000	0,95271748
834,80000000	0,95379193
835,00000000	0,95433180
835,20000000	0,95356537
835,40000000	0,95321804
835,60000000	0,95321131
835,80000000	0,95358721
836,00000000	0,95240318
836,20000000	0,95328609
836,40000000	0,95318706
836,60000000	0,95370995
836,80000000	0,95393835
837,00000000	0,95277431
837,20000000	0,95220938
837,40000000	0,95310745
837,60000000	0,95346029
837,80000000	0,95313348
838,00000000	0,95357341
838,20000000	0,95215054
838,40000000	0,95300975
838,60000000	0,95326673
838,80000000	0,95413520
839,00000000	0,95414356
839,20000000	0,95298425
839,40000000	0,95410455
839,60000000	0,95429581
839,80000000	0,95401200
840,00000000	0,95418158
840,20000000	0,95383754
840,40000000	0,95561041
840,60000000	0,95588473
840,80000000	0,95502108
841,00000000	0,95480853
841,20000000	0,95601252
841,40000000	0,95658930
841,60000000	0,95609578
841,80000000	0,95693874
842,00000000	0,95609508
842,20000000	0,95674481
842,40000000	0,95737211
842,60000000	0,95659337
842,80000000	0,95757326
843,00000000	0,95777908
843,20000000	0,95830306
843,40000000	0,95922762
843,60000000	0,95824245
843,80000000	0,95899907
844,00000000	0,95907997
844,20000000	0,96032387
844,40000000	0,96020912
844,60000000	0,96092345
844,80000000	0,96111090
845,00000000	0,96116824
845,20000000	0,96199350
845,40000000	0,96167399
845,60000000	0,96154893
845,80000000	0,96246568
846,00000000	0,96306020
846,20000000	0,96331311
846,40000000	0,96339419
846,60000000	0,96389909
846,80000000	0,96468180
847,00000000	0,96487388
847,20000000	0,96518968
847,40000000	0,96542472
847,60000000	0,96540056
847,80000000	0,96602131
848,00000000	0,96700912
848,20000000	0,96671095
848,40000000	0,96674080
848,60000000	0,96738340
848,80000000	0,96773731
849,00000000	0,96810462
849,20000000	0,96786257
849,40000000	0,96810619
849,60000000	0,96920467
849,80000000	0,96951334
850,00000000	0,96944205
850,20000000	0,96910824
850,40000000	0,97025111
850,60000000	0,97048860
850,80000000	0,97078649
851,00000000	0,97044135
851,20000000	0,97014307
851,40000000	0,97177546
851,60000000	0,97235551
851,80000000	0,97147826
852,00000000	0,97134292
852,20000000	0,97209395
852,40000000	0,97242796
852,60000000	0,97279821
852,80000000	0,97221701
853,00000000	0,97255313
853,20000000	0,97282562
853,40000000	0,97325923
853,60000000	0,97328265
853,80000000	0,97301194
854,00000000	0,97363802
854,20000000	0,97362022
854,40000000	0,97411939
854,60000000	0,97356895
854,80000000	0,97354451
855,00000000	0,97443303
855,20000000	0,97451658
855,40000000	0,97438542
855,60000000	0,97408737
855,80000000	0,97398053
856,00000000	0,97457452
856,20000000	0,97492114
856,40000000	0,97421214
856,60000000	0,97428156
856,80000000	0,97415352
857,00000000	0,97429764
857,20000000	0,97495378
857,40000000	0,97448376
857,60000000	0,97397343
857,80000000	0,97444168
858,00000000	0,97411305
858,20000000	0,97462231
858,40000000	0,97417685
858,60000000	0,97347070
858,80000000	0,97460852
859,00000000	0,97451258
859,20000000	0,97394767
859,40000000	0,97400092
859,60000000	0,97397684
859,80000000	0,97390501
860,00000000	0,97388204
860,20000000	0,97350175
860,40000000	0,97307283
860,60000000	0,97327940
860,80000000	0,97411427
861,00000000	0,97288016
861,20000000	0,97255497
861,40000000	0,97280571
861,60000000	0,97322372
861,80000000	0,97305987
862,00000000	0,97218800
862,20000000	0,97211028
862,40000000	0,97286048
862,60000000	0,97208033
862,80000000	0,97195250
863,00000000	0,97180932
863,20000000	0,97144299
863,40000000	0,97172785
863,60000000	0,97186173
863,80000000	0,97141155
864,00000000	0,97065558
864,20000000	0,97149639
864,40000000	0,97157641
864,60000000	0,97052939
864,80000000	0,97035804
865,00000000	0,97054939
865,20000000	0,97073971
865,40000000	0,97111273
865,60000000	0,97017395
865,80000000	0,96964367
866,00000000	0,97002934
866,20000000	0,97049241
866,40000000	0,96967799
866,60000000	0,96975342
866,80000000	0,96928821
867,00000000	0,96947546
867,20000000	0,96960499
867,40000000	0,96916773
867,60000000	0,96853156
867,80000000	0,96878023
868,00000000	0,96878913
868,20000000	0,96889396
868,40000000	0,96874310
868,60000000	0,96826169
868,80000000	0,96845933
869,00000000	0,96846434
869,20000000	0,96813626
869,40000000	0,96839431
869,60000000	0,96757857
869,80000000	0,96798035
870,00000000	0,96813659
870,20000000	0,96755093
870,40000000	0,96736259
870,60000000	0,96808819
870,80000000	0,96841724
871,00000000	0,96795048
871,20000000	0,96743719
871,40000000	0,96771612
871,60000000	0,96731023
871,80000000	0,96749456
872,00000000	0,96788618
872,20000000	0,96705992
872,40000000	0,96628289
872,60000000	0,96726603
872,80000000	0,96778286
873,00000000	0,96650696
873,20000000	0,96693493
873,40000000	0,96654247
873,60000000	0,96670044
873,80000000	0,96673951
874,00000000	0,96625594
874,20000000	0,96702345
874,40000000	0,96707034
874,60000000	0,96664367
874,80000000	0,96636680
875,00000000	0,96610049
875,20000000	0,96609920
875,40000000	0,96646291
875,60000000	0,96694250
875,80000000	0,96591753
876,00000000	0,96523039
876,20000000	0,96618520
876,40000000	0,96656983
876,60000000	0,96629353
876,80000000	0,96552341
877,00000000	0,96563267
877,20000000	0,96503936
877,40000000	0,96520942
877,60000000	0,96532691
877,80000000	0,96512708
878,00000000	0,96543044
878,20000000	0,96577719
878,40000000	0,96532613
878,60000000	0,96481305
878,80000000	0,96387060
879,00000000	0,96519644
879,20000000	0,96528438
879,40000000	0,96410343
879,60000000	0,96426713
879,80000000	0,96383422
880,00000000	0,96449030
880,20000000	0,96418865
880,40000000	0,96337464
880,60000000	0,96365801
880,80000000	0,96377507
881,00000000	0,96315479
881,20000000	0,96338362
881,40000000	0,96299333
881,60000000	0,96306387
881,80000000	0,96343138
882,00000000	0,96326148
882,20000000	0,96236648
882,40000000	0,96216691
882,60000000	0,96254144
882,80000000	0,96356851
883,00000000	0,96247709
883,20000000	0,96145613
883,40000000	0,96146174
883,60000000	0,96195191
883,80000000	0,96132935
884,00000000	0,96161487
884,20000000	0,96101641
884,40000000	0,96072453
884,60000000	0,96145789
884,80000000	0,96032664
885,00000000	0,96025843
885,20000000	0,96056494
885,40000000	0,95982529
885,60000000	0,96028263
885,80000000	0,96055416
886,00000000	0,95941112
886,20000000	0,95984344
886,40000000	0,96035032
886,60000000	0,95900716
886,80000000	0,95901001
887,00000000	0,95904977
887,20000000	0,95965060
887,40000000	0,95963422
887,60000000	0,95896629
887,80000000	0,95790994
888,00000000	0,95895463
888,20000000	0,95880654
888,40000000	0,95848917
888,60000000	0,95879937
888,80000000	0,95769539
889,00000000	0,95821305
889,20000000	0,95853275
889,40000000	0,95807962
889,60000000	0,95782060
889,80000000	0,95673687
890,00000000	0,95816592
890,20000000	0,95836958
890,40000000	0,95732859
890,60000000	0,95772765
890,80000000	0,95702404
891,00000000	0,95856075
891,20000000	0,95778205
891,40000000	0,95714629
891,60000000	0,95770042
891,80000000	0,95734696
892,00000000	0,95791815
892,20000000	0,95803026
892,40000000	0,95716591
892,60000000	0,95815246
892,80000000	0,95813647
893,00000000	0,95829706
893,20000000	0,95831306
893,40000000	0,95795461
893,60000000	0,95822299
893,80000000	0,95951536
894,00000000	0,95841842
894,20000000	0,95880668
894,40000000	0,95790789
894,60000000	0,95911193
894,80000000	0,95963736
895,00000000	0,95916085
895,20000000	0,95930156
895,40000000	0,95896752
895,60000000	0,96040036
895,80000000	0,96027211
896,00000000	0,96029515
896,20000000	0,96029154
896,40000000	0,96038862
896,60000000	0,96080525
896,80000000	0,96142262
897,00000000	0,96130116
897,20000000	0,96152595
897,40000000	0,96246562
897,60000000	0,96276408
897,80000000	0,96219468
898,00000000	0,96243569
898,20000000	0,96309640
898,40000000	0,96302508
898,60000000	0,96360356
898,80000000	0,96364519
899,00000000	0,96435484
899,20000000	0,96430880
899,40000000	0,96527037
899,60000000	0,96534253
899,80000000	0,96494542
900,00000000	0,96599584
