200,00000000	0,94299756
200,20000000	0,94582727
200,40000000	0,92998443
200,60000000	0,94177272
200,80000000	0,93271910
201,00000000	0,91638075
201,20000000	0,91736187
201,40000000	0,92503564
201,60000000	0,91902551
201,80000000	0,91922285
202,00000000	0,92266928
202,20000000	0,91408694
202,40000000	0,89054538
202,60000000	0,90801655
202,80000000	0,90258814
203,00000000	0,89856356
203,20000000	0,89803185
203,40000000	0,89507696
203,60000000	0,89508783
203,80000000	0,89875475
204,00000000	0,88530774
204,20000000	0,88098019
204,40000000	0,88725884
204,60000000	0,87851353
204,80000000	0,88106781
205,00000000	0,87189166
205,20000000	0,86147559
205,40000000	0,86208090
205,60000000	0,86998609
205,80000000	0,85578338
206,00000000	0,85924525
206,20000000	0,84725979
206,40000000	0,84736087
206,60000000	0,83554420
206,80000000	0,84287492
207,00000000	0,83470549
207,20000000	0,83427791
207,40000000	0,82243372
207,60000000	0,83193929
207,80000000	0,83503336
208,00000000	0,80716075
208,20000000	0,79631250
208,40000000	0,79564362
208,60000000	0,80171662
208,80000000	0,81068002
209,00000000	0,79726752
209,20000000	0,79678736
209,40000000	0,79996488
209,60000000	0,77511522
209,80000000	0,77475806
210,00000000	0,76550784
210,20000000	0,77853489
210,40000000	0,75799160
210,60000000	0,74319832
210,80000000	0,77937878
211,00000000	0,76602415
211,20000000	0,73544687
211,40000000	0,72262041
211,60000000	0,73664270
211,80000000	0,75708012
212,00000000	0,73686931
212,20000000	0,72982333
212,40000000	0,70185199
212,60000000	0,72407871
212,80000000	0,72973483
213,00000000	0,69365096
213,20000000	0,69506245
213,40000000	0,70736607
213,60000000	0,69712003
213,80000000	0,69973748
214,00000000	0,68222797
214,20000000	0,69354959
214,40000000	0,69243300
214,60000000	0,66106924
214,80000000	0,68322202
215,00000000	0,66249828
215,20000000	0,64349841
215,40000000	0,65844017
215,60000000	0,64010134
215,80000000	0,62450425
216,00000000	0,65593273
216,20000000	0,64085439
216,40000000	0,65196321
216,60000000	0,64760785
216,80000000	0,62730294
217,00000000	0,65049156
217,20000000	0,64613032
217,40000000	0,61790785
217,60000000	0,63583042
217,80000000	0,60777793
218,00000000	0,60422994
218,20000000	0,60658717
218,40000000	0,61419383
218,60000000	0,59494652
218,80000000	0,60526840
219,00000000	0,62313059
219,20000000	0,61412602
219,40000000	0,59466552
219,60000000	0,60644633
219,80000000	0,59312393
220,00000000	0,60031164
220,20000000	0,58330830
220,40000000	0,61716094
220,60000000	0,58411701
220,80000000	0,59326198
221,00000000	0,56900390
221,20000000	0,58032445
221,40000000	0,58175019
221,60000000	0,58073108
221,80000000	0,59460893
222,00000000	0,56969441
222,20000000	0,59293546
222,40000000	0,55915731
222,60000000	0,57077031
222,80000000	0,57160748
223,00000000	0,56829793
223,20000000	0,58845757
223,40000000	0,55990678
223,60000000	0,55578677
223,80000000	0,57035132
224,00000000	0,57278582
224,20000000	0,57751437
224,40000000	0,57782238
224,60000000	0,57771060
224,80000000	0,56520775
225,00000000	0,58141782
225,20000000	0,58924390
225,40000000	0,55303813
225,60000000	0,58473367
225,80000000	0,58486172
226,00000000	0,57598944
226,20000000	0,57897728
226,40000000	0,58801791
226,60000000	0,58349966
226,80000000	0,56667563
227,00000000	0,56793048
227,20000000	0,57683642
227,40000000	0,58350933
227,60000000	0,57551530
227,80000000	0,58257523
228,00000000	0,58428897
228,20000000	0,58085714
228,40000000	0,59134562
228,60000000	0,59046752
228,80000000	0,59365904
229,00000000	0,58903681
229,20000000	0,59338424
229,40000000	0,59956502
229,60000000	0,59344655
229,80000000	0,60505371
230,00000000	0,60322882
230,20000000	0,60747154
230,40000000	0,59163418
230,60000000	0,59513937
230,80000000	0,60329011
231,00000000	0,60738740
231,20000000	0,61967548
231,40000000	0,62171069
231,60000000	0,62072917
231,80000000	0,60836994
232,00000000	0,61599202
232,20000000	0,62747781
232,40000000	0,62643062
232,60000000	0,63310534
232,80000000	0,63995717
233,00000000	0,64084105
233,20000000	0,64575711
233,40000000	0,64575547
233,60000000	0,65290201
233,80000000	0,64825770
234,00000000	0,65780490
234,20000000	0,65487935
234,40000000	0,65635153
234,60000000	0,66450242
234,80000000	0,67333061
235,00000000	0,66540851
235,20000000	0,67250632
235,40000000	0,68176442
235,60000000	0,67940164
235,80000000	0,68378517
236,00000000	0,68945064
236,20000000	0,70315001
236,40000000	0,70007111
236,60000000	0,70368636
236,80000000	0,69962851
237,00000000	0,71036757
237,20000000	0,71643772
237,40000000	0,71199477
237,60000000	0,72489976
237,80000000	0,73506661
238,00000000	0,73455249
238,20000000	0,74003457
238,40000000	0,74254862
238,60000000	0,74999177
238,80000000	0,75307186
239,00000000	0,75553231
239,20000000	0,75708496
239,40000000	0,76795547
239,60000000	0,77689858
239,80000000	0,78229377
240,00000000	0,79031292
240,20000000	0,79275112
240,40000000	0,79280290
240,60000000	0,80328190
240,80000000	0,80966543
241,00000000	0,81538154
241,20000000	0,81656901
241,40000000	0,82433929
241,60000000	0,82929550
241,80000000	0,83260708
242,00000000	0,84292379
242,20000000	0,84821122
242,40000000	0,85539744
242,60000000	0,86520512
242,80000000	0,86308070
243,00000000	0,86636914
243,20000000	0,87975793
243,40000000	0,88680959
243,60000000	0,88840138
243,80000000	0,89373778
244,00000000	0,90302171
244,20000000	0,90754605
244,40000000	0,90953274
244,60000000	0,91472811
244,80000000	0,91831998
245,00000000	0,91997550
245,20000000	0,92824451
245,40000000	0,93550245
245,60000000	0,93588618
245,80000000	0,93990571
246,00000000	0,94654927
246,20000000	0,94383517
246,40000000	0,94992134
246,60000000	0,95219302
246,80000000	0,95222247
247,00000000	0,95705725
247,20000000	0,95596930
247,40000000	0,95969139
247,60000000	0,95712241
247,80000000	0,96188528
248,00000000	0,96143532
248,20000000	0,95635031
248,40000000	0,96214520
248,60000000	0,96055981
248,80000000	0,95508776
249,00000000	0,95399030
249,20000000	0,95101116
249,40000000	0,95514510
249,60000000	0,94603097
249,80000000	0,94680419
250,00000000	0,94406248
250,20000000	0,94128437
250,40000000	0,93939803
250,60000000	0,92853689
250,80000000	0,92505351
251,00000000	0,92553629
251,20000000	0,92244984
251,40000000	0,91815792
251,60000000	0,91150129
251,80000000	0,91137018
252,00000000	0,90872704
252,20000000	0,90450371
252,40000000	0,90052127
252,60000000	0,89368996
252,80000000	0,89188960
253,00000000	0,88007973
253,20000000	0,88378241
253,40000000	0,87768823
253,60000000	0,87338438
253,80000000	0,87312709
254,00000000	0,87034896
254,20000000	0,86585832
254,40000000	0,85802458
254,60000000	0,86033260
254,80000000	0,86131515
255,00000000	0,85805960
255,20000000	0,85631565
255,40000000	0,85342192
255,60000000	0,85684321
255,80000000	0,85220094
256,00000000	0,86119646
256,20000000	0,85812842
256,40000000	0,86090438
256,60000000	0,85769986
256,80000000	0,85408418
257,00000000	0,85906033
257,20000000	0,86583510
257,40000000	0,86805554
257,60000000	0,86946741
257,80000000	0,87370580
258,00000000	0,87680022
258,20000000	0,88169558
258,40000000	0,88839150
258,60000000	0,89139756
258,80000000	0,89619071
259,00000000	0,90197793
259,20000000	0,90827966
259,40000000	0,91618757
259,60000000	0,91733307
259,80000000	0,92656551
260,00000000	0,92612059
260,20000000	0,93331886
260,40000000	0,93874827
260,60000000	0,94189877
260,80000000	0,94856847
261,00000000	0,94908309
261,20000000	0,95108869
261,40000000	0,95522733
261,60000000	0,95439665
261,80000000	0,95656737
262,00000000	0,95660057
262,20000000	0,95485178
262,40000000	0,95063289
262,60000000	0,94641708
262,80000000	0,94384626
263,00000000	0,93808598
263,20000000	0,93519708
263,40000000	0,92313096
263,60000000	0,91590879
263,80000000	0,90595505
264,00000000	0,89514410
264,20000000	0,88953848
264,40000000	0,87315561
264,60000000	0,85841502
264,80000000	0,84708925
265,00000000	0,83317608
265,20000000	0,81446195
265,40000000	0,80927668
265,60000000	0,79386117
265,80000000	0,77437698
266,00000000	0,76320576
266,20000000	0,75184335
266,40000000	0,73369849
266,60000000	0,72241079
266,80000000	0,71008939
267,00000000	0,69408628
267,20000000	0,67553708
267,40000000	0,66006477
267,60000000	0,64057981
267,80000000	0,63911365
268,00000000	0,62437991
268,20000000	0,61210320
268,40000000	0,60705380
268,60000000	0,59179826
268,80000000	0,58286291
269,00000000	0,57308958
269,20000000	0,56614131
269,40000000	0,55203874
269,60000000	0,53975592
269,80000000	0,53180265
270,00000000	0,52158780
270,20000000	0,51027761
270,40000000	0,51032627
270,60000000	0,51196006
270,80000000	0,50385768
271,00000000	0,49799785
271,20000000	0,49297880
271,40000000	0,49539320
271,60000000	0,49349919
271,80000000	0,49233693
272,00000000	0,48610264
272,20000000	0,47357530
272,40000000	0,47018129
272,60000000	0,46846596
272,80000000	0,47241046
273,00000000	0,47907410
273,20000000	0,46915318
273,40000000	0,46433849
273,60000000	0,46811854
273,80000000	0,45859426
274,00000000	0,45722975
274,20000000	0,45119396
274,40000000	0,45583327
274,60000000	0,44675601
274,80000000	0,45117824
275,00000000	0,44940515
275,20000000	0,45063367
275,40000000	0,45072599
275,60000000	0,44119811
275,80000000	0,43956109
276,00000000	0,44282883
276,20000000	0,43399300
276,40000000	0,43322546
276,60000000	0,42944975
276,80000000	0,42271082
277,00000000	0,42429889
277,20000000	0,42584695
277,40000000	0,41071600
277,60000000	0,42548625
277,80000000	0,41247610
278,00000000	0,39983432
278,20000000	0,40570968
278,40000000	0,40839135
278,60000000	0,40312081
278,80000000	0,40424124
279,00000000	0,40996606
279,20000000	0,41529172
279,40000000	0,41312708
279,60000000	0,40815581
279,80000000	0,41903360
280,00000000	0,41327531
280,20000000	0,42167952
280,40000000	0,43514461
280,60000000	0,44493403
280,80000000	0,44965574
281,00000000	0,45192725
281,20000000	0,45422707
281,40000000	0,46007323
281,60000000	0,47525004
281,80000000	0,48205056
282,00000000	0,48925342
282,20000000	0,49121464
282,40000000	0,50113977
282,60000000	0,50638445
282,80000000	0,51316759
283,00000000	0,51705661
283,20000000	0,52342561
283,40000000	0,52162739
283,60000000	0,52290501
283,80000000	0,52585445
284,00000000	0,51704808
284,20000000	0,50346059
284,40000000	0,49654053
284,60000000	0,49063087
284,80000000	0,48254912
285,00000000	0,46651224
285,20000000	0,45773349
285,40000000	0,45201851
285,60000000	0,44364010
285,80000000	0,43371888
286,00000000	0,40975285
286,20000000	0,40186807
286,40000000	0,39685851
286,60000000	0,38121018
286,80000000	0,37133252
287,00000000	0,36584513
287,20000000	0,36110388
287,40000000	0,35264515
287,60000000	0,33934036
287,80000000	0,33317245
288,00000000	0,33501860
288,20000000	0,32093202
288,40000000	0,31405741
288,60000000	0,30364593
288,80000000	0,29612546
289,00000000	0,29946191
289,20000000	0,29542259
289,40000000	0,28583707
289,60000000	0,28369624
289,80000000	0,27662396
290,00000000	0,27911949
290,20000000	0,27175282
290,40000000	0,26521560
290,60000000	0,25810585
290,80000000	0,26162197
291,00000000	0,26088830
291,20000000	0,25372287
291,40000000	0,25177934
291,60000000	0,24966270
291,80000000	0,24743869
292,00000000	0,24831479
292,20000000	0,24824959
292,40000000	0,24483502
292,60000000	0,23998766
292,80000000	0,23318580
293,00000000	0,23185540
293,20000000	0,23189672
293,40000000	0,23255144
293,60000000	0,23170697
293,80000000	0,22970205
294,00000000	0,22597637
294,20000000	0,23192520
294,40000000	0,22881130
294,60000000	0,22701464
294,80000000	0,22070059
295,00000000	0,21904706
295,20000000	0,21650273
295,40000000	0,21273210
295,60000000	0,21922887
295,80000000	0,22304058
296,00000000	0,22238681
296,20000000	0,22202123
296,40000000	0,21823987
296,60000000	0,21357540
296,80000000	0,21056502
297,00000000	0,20741636
297,20000000	0,21082670
297,40000000	0,20971778
297,60000000	0,21104792
297,80000000	0,20160054
298,00000000	0,20832525
298,20000000	0,19646185
298,40000000	0,20507950
298,60000000	0,20580670
298,80000000	0,20822840
299,00000000	0,20042980
299,20000000	0,20303048
299,40000000	0,19585023
299,60000000	0,20698882
299,80000000	0,20504801
300,00000000	0,19797719
300,20000000	0,19537584
300,40000000	0,19698958
300,60000000	0,19717288
300,80000000	0,19523182
301,00000000	0,19971519
301,20000000	0,19220316
301,40000000	0,19806126
301,60000000	0,18973459
301,80000000	0,19985075
302,00000000	0,19648858
302,20000000	0,19648326
302,40000000	0,19058439
302,60000000	0,19706265
302,80000000	0,19559646
303,00000000	0,19432723
303,20000000	0,18820736
303,40000000	0,19650530
303,60000000	0,19323938
303,80000000	0,19587071
304,00000000	0,18510344
304,20000000	0,19612912
304,40000000	0,19051990
304,60000000	0,19215558
304,80000000	0,19134006
305,00000000	0,19542219
305,20000000	0,19140191
305,40000000	0,18883865
305,60000000	0,18432559
305,80000000	0,18725217
306,00000000	0,18665061
306,20000000	0,18882588
306,40000000	0,18285574
306,60000000	0,18427018
306,80000000	0,18604525
307,00000000	0,18813971
307,20000000	0,18464811
307,40000000	0,18251618
307,60000000	0,18139882
307,80000000	0,18393275
308,00000000	0,18895735
308,20000000	0,18562495
308,40000000	0,18285244
308,60000000	0,18405633
308,80000000	0,18484919
309,00000000	0,18220900
309,20000000	0,18114786
309,40000000	0,17931435
309,60000000	0,18236653
309,80000000	0,18022998
310,00000000	0,18015115
310,20000000	0,17922845
310,40000000	0,17754878
310,60000000	0,17904475
310,80000000	0,17944150
311,00000000	0,17919348
311,20000000	0,18340526
311,40000000	0,18000019
311,60000000	0,17735131
311,80000000	0,17649132
312,00000000	0,17757053
312,20000000	0,17734613
312,40000000	0,17898180
312,60000000	0,17719297
312,80000000	0,17492875
313,00000000	0,17587828
313,20000000	0,17726800
313,40000000	0,17602584
313,60000000	0,17811703
313,80000000	0,17565349
314,00000000	0,17449578
314,20000000	0,17492792
314,40000000	0,17680420
314,60000000	0,17458149
314,80000000	0,17565228
315,00000000	0,17441944
315,20000000	0,17274409
315,40000000	0,17119225
315,60000000	0,17476609
315,80000000	0,17309443
316,00000000	0,17358381
316,20000000	0,17179135
316,40000000	0,17087768
316,60000000	0,17253395
316,80000000	0,17238035
317,00000000	0,17093202
317,20000000	0,17242905
317,40000000	0,17254238
317,60000000	0,17124167
317,80000000	0,17104787
318,00000000	0,17155079
318,20000000	0,17040242
318,40000000	0,17083688
318,60000000	0,17193418
318,80000000	0,17103866
319,00000000	0,17011144
319,20000000	0,17064799
319,40000000	0,17028446
319,60000000	0,16826744
319,80000000	0,16854892
320,00000000	0,16765565
320,20000000	0,16875335
320,40000000	0,16987835
320,60000000	0,16940143
320,80000000	0,16707186
321,00000000	0,16895779
321,20000000	0,16834869
321,40000000	0,16967429
321,60000000	0,16848014
321,80000000	0,17007779
322,00000000	0,16668563
322,20000000	0,16801367
322,40000000	0,16691403
322,60000000	0,16704616
322,80000000	0,16448390
323,00000000	0,16680529
323,20000000	0,16583880
323,40000000	0,16774171
323,60000000	0,16632254
323,80000000	0,16777981
324,00000000	0,16611009
324,20000000	0,16702895
324,40000000	0,16590497
324,60000000	0,16693229
324,80000000	0,16563562
325,00000000	0,16647433
325,20000000	0,16507335
325,40000000	0,16623178
325,60000000	0,16471119
325,80000000	0,16631851
326,00000000	0,16499861
326,20000000	0,16616263
326,40000000	0,16382191
326,60000000	0,16433137
326,80000000	0,16309983
327,00000000	0,16387630
327,20000000	0,16434436
327,40000000	0,16455494
327,60000000	0,16405336
327,80000000	0,16372779
328,00000000	0,16420305
328,20000000	0,16425446
328,40000000	0,16293206
328,60000000	0,16264698
328,80000000	0,16313568
329,00000000	0,16312011
329,20000000	0,16408237
329,40000000	0,16290224
329,60000000	0,16257041
329,80000000	0,16266106
330,00000000	0,16304159
330,20000000	0,16308616
330,40000000	0,16273122
330,60000000	0,16231284
330,80000000	0,16300057
331,00000000	0,16210540
331,20000000	0,16334473
331,40000000	0,16256191
331,60000000	0,16224327
331,80000000	0,16193580
332,00000000	0,16283799
332,20000000	0,16205593
332,40000000	0,16224332
332,60000000	0,16153153
332,80000000	0,16146861
333,00000000	0,16226951
333,20000000	0,16188540
333,40000000	0,16268569
333,60000000	0,16172048
333,80000000	0,16198250
334,00000000	0,16202710
334,20000000	0,16127634
334,40000000	0,16110377
334,60000000	0,16150142
334,80000000	0,16092462
335,00000000	0,16172991
335,20000000	0,16130505
335,40000000	0,16102357
335,60000000	0,16181532
335,80000000	0,16100508
336,00000000	0,16161039
336,20000000	0,16104791
336,40000000	0,16033897
336,60000000	0,16222283
336,80000000	0,16054360
337,00000000	0,16156971
337,20000000	0,16172921
337,40000000	0,16047007
337,60000000	0,16143885
337,80000000	0,16084117
338,00000000	0,16108779
338,20000000	0,16102677
338,40000000	0,16119167
338,60000000	0,16073552
338,80000000	0,16111974
339,00000000	0,16061411
339,20000000	0,16155162
339,40000000	0,16080307
339,60000000	0,16064789
339,80000000	0,16148641
340,00000000	0,16103707
340,20000000	0,16121456
340,40000000	0,16116898
340,60000000	0,16075196
340,80000000	0,16099741
341,00000000	0,16149704
341,20000000	0,16118276
341,40000000	0,16125246
341,60000000	0,16146454
341,80000000	0,16084679
342,00000000	0,16180103
342,20000000	0,16072801
342,40000000	0,16159476
342,60000000	0,16171674
342,80000000	0,16087775
343,00000000	0,16182792
343,20000000	0,16117205
343,40000000	0,16152791
343,60000000	0,16199782
343,80000000	0,16162066
344,00000000	0,16185530
344,20000000	0,16185865
344,40000000	0,16157366
344,60000000	0,16202878
344,80000000	0,16194097
345,00000000	0,16185720
345,20000000	0,16225936
345,40000000	0,16189965
345,60000000	0,16199150
345,80000000	0,16242164
346,00000000	0,16186953
346,20000000	0,16253554
346,40000000	0,16221170
346,60000000	0,16240731
346,80000000	0,16261370
347,00000000	0,16233328
347,20000000	0,16279654
347,40000000	0,16248440
347,60000000	0,16292853
347,80000000	0,16265911
348,00000000	0,16310106
348,20000000	0,16306881
348,40000000	0,16304339
348,60000000	0,16330514
348,80000000	0,16320285
349,00000000	0,16358306
349,20000000	0,16373019
349,40000000	0,16360471
349,60000000	0,16379981
349,80000000	0,16398970
350,00000000	0,16397790
350,20000000	0,16452840
350,40000000	0,16454863
350,60000000	0,16459018
350,80000000	0,16469768
351,00000000	0,16484249
351,20000000	0,16512131
351,40000000	0,16567450
351,60000000	0,16552229
351,80000000	0,16593253
352,00000000	0,16613564
352,20000000	0,16617946
352,40000000	0,16693060
352,60000000	0,16702724
352,80000000	0,16747679
353,00000000	0,16747996
353,20000000	0,16785896
353,40000000	0,16832206
353,60000000	0,16858851
353,80000000	0,16890674
354,00000000	0,16945924
354,20000000	0,17004266
354,40000000	0,17004071
354,60000000	0,17071040
354,80000000	0,17139326
355,00000000	0,17178315
355,20000000	0,17220933
355,40000000	0,17311827
355,60000000	0,17403566
355,80000000	0,17415189
356,00000000	0,17462601
356,20000000	0,17581599
356,40000000	0,17692789
356,60000000	0,17728289
356,80000000	0,17778851
357,00000000	0,17857147
357,20000000	0,18000829
357,40000000	0,18062138
357,60000000	0,18181667
357,80000000	0,18283349
358,00000000	0,18384833
358,20000000	0,18504104
358,40000000	0,18571788
358,60000000	0,18798988
358,80000000	0,18920982
359,00000000	0,19054831
359,20000000	0,19141679
359,40000000	0,19326293
359,60000000	0,19518388
359,80000000	0,19696886
360,00000000	0,19943648
360,20000000	0,20067051
360,40000000	0,20276267
360,60000000	0,20474585
360,80000000	0,20721227
361,00000000	0,20971880
361,20000000	0,21193292
361,40000000	0,21417289
361,60000000	0,21710980
361,80000000	0,21989949
362,00000000	0,22308852
362,20000000	0,22707703
362,40000000	0,23032806
362,60000000	0,23422697
362,80000000	0,23808362
363,00000000	0,24245128
363,20000000	0,24603287
363,40000000	0,25156427
363,60000000	0,25618908
363,80000000	0,26161583
364,00000000	0,26687911
364,20000000	0,27194497
364,40000000	0,28000845
364,60000000	0,28537368
364,80000000	0,29263015
365,00000000	0,29981712
365,20000000	0,30803243
365,40000000	0,31529078
365,60000000	0,32377481
365,80000000	0,33288102
366,00000000	0,34108506
366,20000000	0,35149541
366,40000000	0,36032319
366,60000000	0,37036092
366,80000000	0,38156304
367,00000000	0,39363829
367,20000000	0,40418862
367,40000000	0,41429879
367,60000000	0,42563963
367,80000000	0,43696459
368,00000000	0,44717739
368,20000000	0,45736850
368,40000000	0,46703816
368,60000000	0,47617367
368,80000000	0,48420983
369,00000000	0,49095146
369,20000000	0,49671791
369,40000000	0,50089965
369,60000000	0,50469988
369,80000000	0,50672780
370,00000000	0,50728224
370,20000000	0,50540225
370,40000000	0,50292754
370,60000000	0,49893066
370,80000000	0,49336902
371,00000000	0,48705096
371,20000000	0,47947027
371,40000000	0,47108131
371,60000000	0,46171821
371,80000000	0,45239897
372,00000000	0,44285481
372,20000000	0,43326621
372,40000000	0,42302636
372,60000000	0,41217435
372,80000000	0,40161864
373,00000000	0,39124880
373,20000000	0,38136339
373,40000000	0,37186943
373,60000000	0,36203705
373,80000000	0,35281055
374,00000000	0,34420178
374,20000000	0,33575211
374,40000000	0,32733296
374,60000000	0,31909402
374,80000000	0,31230833
375,00000000	0,30495648
375,20000000	0,29782867
375,40000000	0,29116293
375,60000000	0,28451340
375,80000000	0,27920766
376,00000000	0,27311031
376,20000000	0,26809583
376,40000000	0,26340697
376,60000000	0,25824063
376,80000000	0,25373017
377,00000000	0,24916262
377,20000000	0,24505368
377,40000000	0,24028486
377,60000000	0,23694718
377,80000000	0,23400493
378,00000000	0,23070004
378,20000000	0,22757696
378,40000000	0,22364651
378,60000000	0,22091480
378,80000000	0,21800013
379,00000000	0,21520369
379,20000000	0,21340863
379,40000000	0,21110964
379,60000000	0,20853327
379,80000000	0,20618361
380,00000000	0,20344737
380,20000000	0,20150319
380,40000000	0,20037526
380,60000000	0,19802860
380,80000000	0,19591801
381,00000000	0,19441881
381,20000000	0,19325923
381,40000000	0,19148024
381,60000000	0,18977880
381,80000000	0,18872650
382,00000000	0,18658344
382,20000000	0,18601821
382,40000000	0,18420644
382,60000000	0,18224689
382,80000000	0,18139854
383,00000000	0,17991211
383,20000000	0,17897469
383,40000000	0,17754192
383,60000000	0,17759386
383,80000000	0,17695287
384,00000000	0,17552610
384,20000000	0,17448706
384,40000000	0,17303060
384,60000000	0,17237871
384,80000000	0,17175002
385,00000000	0,17135998
385,20000000	0,17088403
385,40000000	0,16987214
385,60000000	0,16840294
385,80000000	0,16744814
386,00000000	0,16765384
386,20000000	0,16738799
386,40000000	0,16645794
386,60000000	0,16482453
386,80000000	0,16376947
387,00000000	0,16352071
387,20000000	0,16308736
387,40000000	0,16298171
387,60000000	0,16240067
387,80000000	0,16120157
388,00000000	0,16027891
388,20000000	0,15987434
388,40000000	0,16012969
388,60000000	0,16055137
388,80000000	0,15975929
389,00000000	0,15859167
389,20000000	0,15821951
389,40000000	0,15761818
389,60000000	0,15733470
389,80000000	0,15723798
390,00000000	0,15772273
390,20000000	0,15718981
390,40000000	0,15543518
390,60000000	0,15454125
390,80000000	0,15389066
391,00000000	0,15416629
391,20000000	0,15443460
391,40000000	0,15384036
391,60000000	0,15388981
391,80000000	0,15494753
392,00000000	0,15478337
392,20000000	0,15388026
392,40000000	0,15300414
392,60000000	0,15206616
392,80000000	0,15232982
393,00000000	0,15272130
393,20000000	0,15123840
393,40000000	0,14997558
393,60000000	0,15049158
393,80000000	0,15066692
394,00000000	0,14953001
394,20000000	0,14834603
394,40000000	0,14792884
394,60000000	0,14747119
394,80000000	0,14826785
395,00000000	0,14923923
395,20000000	0,14861266
395,40000000	0,14842372
395,60000000	0,14838354
395,80000000	0,14751581
396,00000000	0,14751832
396,20000000	0,14790015
396,40000000	0,14713700
396,60000000	0,14646117
396,80000000	0,14746305
397,00000000	0,14805532
397,20000000	0,14809066
397,40000000	0,14963062
397,60000000	0,14928141
397,80000000	0,14782704
398,00000000	0,14649838
398,20000000	0,14610844
398,40000000	0,14734128
398,60000000	0,14708984
398,80000000	0,14770047
399,00000000	0,14831483
399,20000000	0,14911592
399,40000000	0,14975546
399,60000000	0,14738836
399,80000000	0,14511906
400,00000000	0,14313670
400,20000000	0,14255279
400,40000000	0,14408218
400,60000000	0,14556754
400,80000000	0,14577263
401,00000000	0,14540052
401,20000000	0,14636864
401,40000000	0,14599056
401,60000000	0,14344987
401,80000000	0,14309043
402,00000000	0,14495821
402,20000000	0,14299883
402,40000000	0,14176339
402,60000000	0,14525955
402,80000000	0,14606985
403,00000000	0,14639920
403,20000000	0,14574754
403,40000000	0,14330564
403,60000000	0,14243522
403,80000000	0,14324898
404,00000000	0,14570765
404,20000000	0,14387727
404,40000000	0,14308596
404,60000000	0,14475242
404,80000000	0,14366477
405,00000000	0,14330762
405,20000000	0,14242161
405,40000000	0,14321855
405,60000000	0,14578216
405,80000000	0,14599252
406,00000000	0,14410021
406,20000000	0,14356801
406,40000000	0,14545464
406,60000000	0,14582897
406,80000000	0,14507803
407,00000000	0,14317399
407,20000000	0,14228678
407,40000000	0,14219481
407,60000000	0,14075669
407,80000000	0,14172256
408,00000000	0,14161780
408,20000000	0,14098124
408,40000000	0,14288538
408,60000000	0,14253295
408,80000000	0,14105693
409,00000000	0,14022832
409,20000000	0,14004506
409,40000000	0,14237408
409,60000000	0,14299401
409,80000000	0,14186200
410,00000000	0,14322954
410,20000000	0,14407803
410,40000000	0,14403026
410,60000000	0,14367111
410,80000000	0,14155570
411,00000000	0,14012385
411,20000000	0,13975537
411,40000000	0,14110658
411,60000000	0,14280806
411,80000000	0,14087892
412,00000000	0,13866579
412,20000000	0,13775540
412,40000000	0,13835067
412,60000000	0,14170152
412,80000000	0,14623330
413,00000000	0,14798919
413,20000000	0,14817357
413,40000000	0,14899692
413,60000000	0,14700934
413,80000000	0,14618879
414,00000000	0,14719465
414,20000000	0,14513145
414,40000000	0,14437970
414,60000000	0,14431717
414,80000000	0,14432966
415,00000000	0,14594769
415,20000000	0,14410936
415,40000000	0,14231186
415,60000000	0,14186220
415,80000000	0,14156663
416,00000000	0,14354596
416,20000000	0,14341955
416,40000000	0,14293417
416,60000000	0,14356165
416,80000000	0,14312624
417,00000000	0,14348118
417,20000000	0,14474638
417,40000000	0,14593693
417,60000000	0,14484344
417,80000000	0,14586743
418,00000000	0,14669723
418,20000000	0,14421619
418,40000000	0,14582846
418,60000000	0,14705322
418,80000000	0,14721975
419,00000000	0,14834133
419,20000000	0,14530830
419,40000000	0,14349451
419,60000000	0,14576082
419,80000000	0,14635291
420,00000000	0,14342702
420,20000000	0,14155529
420,40000000	0,14364318
420,60000000	0,14406587
420,80000000	0,14108387
421,00000000	0,14064341
421,20000000	0,14433187
421,40000000	0,14648909
421,60000000	0,14690404
421,80000000	0,14648764
422,00000000	0,14530470
422,20000000	0,14525448
422,40000000	0,14519608
422,60000000	0,14493781
422,80000000	0,14419996
423,00000000	0,14576437
423,20000000	0,14961475
423,40000000	0,14962279
423,60000000	0,14670692
423,80000000	0,14480981
424,00000000	0,14650115
424,20000000	0,14962140
424,40000000	0,14814534
424,60000000	0,14618411
424,80000000	0,14687119
425,00000000	0,14602768
425,20000000	0,14654399
425,40000000	0,14787943
425,60000000	0,14559494
425,80000000	0,14715229
426,00000000	0,15061768
426,20000000	0,14600937
426,40000000	0,14228413
426,60000000	0,14538936
426,80000000	0,14538417
427,00000000	0,14530099
427,20000000	0,14603536
427,40000000	0,14414948
427,60000000	0,14531527
427,80000000	0,14319549
428,00000000	0,14184569
428,20000000	0,14619598
428,40000000	0,14827764
428,60000000	0,14672760
428,80000000	0,14328520
429,00000000	0,14562677
429,20000000	0,14692412
429,40000000	0,14247642
429,60000000	0,14511906
429,80000000	0,14857260
430,00000000	0,14595819
430,20000000	0,14855554
430,40000000	0,15274641
430,60000000	0,15079931
430,80000000	0,14966887
431,00000000	0,15049983
431,20000000	0,15080328
431,40000000	0,14883433
431,60000000	0,14585486
431,80000000	0,14466306
432,00000000	0,14588822
432,20000000	0,14873653
432,40000000	0,14811833
432,60000000	0,14908494
432,80000000	0,15741576
433,00000000	0,16049478
433,20000000	0,15621769
433,40000000	0,15506034
433,60000000	0,15555911
433,80000000	0,15492377
434,00000000	0,15471416
434,20000000	0,15407399
434,40000000	0,15171120
434,60000000	0,15399083
434,80000000	0,15858811
435,00000000	0,15937085
435,20000000	0,15853472
435,40000000	0,15641702
435,60000000	0,15541205
435,80000000	0,15402797
436,00000000	0,15233893
436,20000000	0,15353595
436,40000000	0,15845422
436,60000000	0,16001579
436,80000000	0,15788651
437,00000000	0,16163894
437,20000000	0,16244195
437,40000000	0,15614045
437,60000000	0,15333396
437,80000000	0,15644345
438,00000000	0,15876049
438,20000000	0,15750326
438,40000000	0,15473645
438,60000000	0,15025908
438,80000000	0,14533121
439,00000000	0,14674576
439,20000000	0,15175217
439,40000000	0,15543008
439,60000000	0,16130905
439,80000000	0,16227187
440,00000000	0,16039816
440,20000000	0,16127046
440,40000000	0,16022128
440,60000000	0,16176649
440,80000000	0,16329811
441,00000000	0,16460765
441,20000000	0,16581847
441,40000000	0,16075944
441,60000000	0,15685413
441,80000000	0,15952037
442,00000000	0,16540043
442,20000000	0,16446352
442,40000000	0,16055299
442,60000000	0,16345413
442,80000000	0,16404724
443,00000000	0,16302196
443,20000000	0,16840309
443,40000000	0,16631114
443,60000000	0,15582644
443,80000000	0,15563578
444,00000000	0,16236751
444,20000000	0,16564828
444,40000000	0,16696800
444,60000000	0,16671113
444,80000000	0,16777769
445,00000000	0,16573988
445,20000000	0,16312312
445,40000000	0,16584336
445,60000000	0,16548879
445,80000000	0,16334788
446,00000000	0,16311209
446,20000000	0,16243921
446,40000000	0,16160360
446,60000000	0,16591575
446,80000000	0,16705863
447,00000000	0,16473319
447,20000000	0,16580899
447,40000000	0,16884284
447,60000000	0,17024963
447,80000000	0,16724017
448,00000000	0,16971458
448,20000000	0,17591700
448,40000000	0,17733065
448,60000000	0,17641610
448,80000000	0,17181219
449,00000000	0,16649223
449,20000000	0,16940717
449,40000000	0,17032328
449,60000000	0,17092357
449,80000000	0,17386930
450,00000000	0,17968776
450,20000000	0,18542256
450,40000000	0,18237495
450,60000000	0,17985441
450,80000000	0,17632171
451,00000000	0,17306109
451,20000000	0,17427363
451,40000000	0,17641386
451,60000000	0,17942343
451,80000000	0,18654933
452,00000000	0,18977602
452,20000000	0,17783356
452,40000000	0,16414729
452,60000000	0,16479695
452,80000000	0,17409309
453,00000000	0,17924184
453,20000000	0,17861680
453,40000000	0,17648147
453,60000000	0,17601970
453,80000000	0,17321446
454,00000000	0,17520223
454,20000000	0,18135016
454,40000000	0,18017120
454,60000000	0,17995384
454,80000000	0,17993344
455,00000000	0,17573449
455,20000000	0,17849395
455,40000000	0,18593924
455,60000000	0,18486585
455,80000000	0,17822328
456,00000000	0,18055065
456,20000000	0,19057944
456,40000000	0,19286616
456,60000000	0,18767310
456,80000000	0,18325857
457,00000000	0,18489675
457,20000000	0,19094493
457,40000000	0,19574846
457,60000000	0,19489495
457,80000000	0,19047796
458,00000000	0,18672671
458,20000000	0,18577591
458,40000000	0,18819695
458,60000000	0,18561930
458,80000000	0,18512677
459,00000000	0,19066181
459,20000000	0,19006890
459,40000000	0,18837229
459,60000000	0,19140741
459,80000000	0,19153906
460,00000000	0,19201506
460,20000000	0,19517200
460,40000000	0,19183525
460,60000000	0,18830536
460,80000000	0,18815355
461,00000000	0,18752315
461,20000000	0,19027964
461,40000000	0,19310818
461,60000000	0,18890774
461,80000000	0,18831462
462,00000000	0,19466006
462,20000000	0,19478145
462,40000000	0,18547846
462,60000000	0,17956865
462,80000000	0,18073018
463,00000000	0,18114053
463,20000000	0,18529870
463,40000000	0,19692549
463,60000000	0,20128263
463,80000000	0,19307287
464,00000000	0,19001294
464,20000000	0,19037380
464,40000000	0,19806108
464,60000000	0,19973523
464,80000000	0,19236741
465,00000000	0,19197103
465,20000000	0,20185147
465,40000000	0,20582508
465,60000000	0,19777675
465,80000000	0,19500952
466,00000000	0,19846851
466,20000000	0,20056505
466,40000000	0,19955014
466,60000000	0,20563384
466,80000000	0,21096892
467,00000000	0,20672946
467,20000000	0,20098535
467,40000000	0,20057250
467,60000000	0,19958644
467,80000000	0,19595778
468,00000000	0,20191389
468,20000000	0,20371155
468,40000000	0,20332778
468,60000000	0,20680171
468,80000000	0,20965838
469,00000000	0,21481706
469,20000000	0,20916002
469,40000000	0,20232139
469,60000000	0,20564326
469,80000000	0,20658943
470,00000000	0,20768034
470,20000000	0,20865138
470,40000000	0,20664940
470,60000000	0,20172242
470,80000000	0,20298969
471,00000000	0,20968708
471,20000000	0,20963651
471,40000000	0,20888899
471,60000000	0,21384062
471,80000000	0,21975374
472,00000000	0,22537730
472,20000000	0,22164116
472,40000000	0,21188841
472,60000000	0,21047115
472,80000000	0,21506133
473,00000000	0,21722203
473,20000000	0,21566732
473,40000000	0,21213504
473,60000000	0,21237371
473,80000000	0,21508658
474,00000000	0,21366739
474,20000000	0,21823589
474,40000000	0,22419078
474,60000000	0,22192452
474,80000000	0,21751177
475,00000000	0,21832008
475,20000000	0,22002031
475,40000000	0,21837869
475,60000000	0,21308328
475,80000000	0,21539206
476,00000000	0,21743389
476,20000000	0,22042153
476,40000000	0,22140230
476,60000000	0,21589810
476,80000000	0,22010903
477,00000000	0,22521988
477,20000000	0,23264886
477,40000000	0,24061095
477,60000000	0,23438950
477,80000000	0,22512076
478,00000000	0,22584515
478,20000000	0,23303562
478,40000000	0,23384241
478,60000000	0,23308826
478,80000000	0,23573479
479,00000000	0,23166449
479,20000000	0,22516974
479,40000000	0,22783600
479,60000000	0,23093503
479,80000000	0,22682941
480,00000000	0,22651290
480,20000000	0,22962557
480,40000000	0,22625815
480,60000000	0,22720510
480,80000000	0,22847493
481,00000000	0,22468587
481,20000000	0,22494677
481,40000000	0,23337068
481,60000000	0,24330978
481,80000000	0,24800448
482,00000000	0,24443525
482,20000000	0,23448285
482,40000000	0,22646358
482,60000000	0,22786034
482,80000000	0,23288163
483,00000000	0,23302386
483,20000000	0,23426230
483,40000000	0,23767960
483,60000000	0,23351917
483,80000000	0,23379126
484,00000000	0,24145062
484,20000000	0,24364036
484,40000000	0,24308868
484,60000000	0,24295320
484,80000000	0,24272332
485,00000000	0,24432602
485,20000000	0,24489471
485,40000000	0,23596100
485,60000000	0,23628463
485,80000000	0,24908530
486,00000000	0,24535670
486,20000000	0,23839331
486,40000000	0,24285587
486,60000000	0,25131337
486,80000000	0,25304204
487,00000000	0,25343163
487,20000000	0,25522693
487,40000000	0,25252186
487,60000000	0,25267313
487,80000000	0,25857487
488,00000000	0,25774113
488,20000000	0,25112054
488,40000000	0,25569412
488,60000000	0,25885981
488,80000000	0,24989632
489,00000000	0,24491434
489,20000000	0,25017460
489,40000000	0,25581564
489,60000000	0,26184467
489,80000000	0,26154066
490,00000000	0,26010065
490,20000000	0,26194662
490,40000000	0,26371802
490,60000000	0,27016074
490,80000000	0,26516528
491,00000000	0,25509908
491,20000000	0,26057514
491,40000000	0,26741829
491,60000000	0,26332676
491,80000000	0,26019577
492,00000000	0,26758230
492,20000000	0,26838801
492,40000000	0,27336676
492,60000000	0,27519582
492,80000000	0,27049873
493,00000000	0,27384461
493,20000000	0,27815204
493,40000000	0,28370746
493,60000000	0,28557557
493,80000000	0,28255777
494,00000000	0,28383856
494,20000000	0,28255093
494,40000000	0,28046658
494,60000000	0,27794116
494,80000000	0,27964963
495,00000000	0,28633022
495,20000000	0,28827598
495,40000000	0,28405353
495,60000000	0,28294613
495,80000000	0,28467569
496,00000000	0,28438339
496,20000000	0,28512205
496,40000000	0,28646578
496,60000000	0,28549028
496,80000000	0,28784617
497,00000000	0,28734645
497,20000000	0,27579942
497,40000000	0,27679420
497,60000000	0,27978146
497,80000000	0,28295524
498,00000000	0,29503578
498,20000000	0,29779978
498,40000000	0,29613931
498,60000000	0,29753561
498,80000000	0,29571566
499,00000000	0,30068129
499,20000000	0,30564222
499,40000000	0,30215262
499,60000000	0,30082194
499,80000000	0,30218860
500,00000000	0,29814339
500,20000000	0,29793941
500,40000000	0,30938072
500,60000000	0,31776713
500,80000000	0,31001257
501,00000000	0,30457265
501,20000000	0,30657236
501,40000000	0,30495281
501,60000000	0,29886338
501,80000000	0,29577867
502,00000000	0,29382748
502,20000000	0,29934691
502,40000000	0,30691907
502,60000000	0,31441397
502,80000000	0,31329133
503,00000000	0,30667598
503,20000000	0,31187399
503,40000000	0,31828816
503,60000000	0,31731521
503,80000000	0,31612091
504,00000000	0,31484437
504,20000000	0,31866330
504,40000000	0,32154919
504,60000000	0,31725199
504,80000000	0,32041447
505,00000000	0,32220554
505,20000000	0,31829573
505,40000000	0,31669529
505,60000000	0,31670503
505,80000000	0,32862164
506,00000000	0,33274180
506,20000000	0,33387888
506,40000000	0,33823074
506,60000000	0,33811029
506,80000000	0,32991691
507,00000000	0,32888563
507,20000000	0,33724912
507,40000000	0,34061095
507,60000000	0,33801287
507,80000000	0,33815632
508,00000000	0,33870696
508,20000000	0,33689241
508,40000000	0,33860271
508,60000000	0,34354294
508,80000000	0,34973860
509,00000000	0,34649428
509,20000000	0,33918218
509,40000000	0,34269482
509,60000000	0,34621804
509,80000000	0,34883556
510,00000000	0,34934143
510,20000000	0,34776751
510,40000000	0,35085175
510,60000000	0,35356817
510,80000000	0,34774823
511,00000000	0,34871122
511,20000000	0,35226948
511,40000000	0,34900478
511,60000000	0,35406939
511,80000000	0,36290275
512,00000000	0,36202149
512,20000000	0,35918560
512,40000000	0,36346323
512,60000000	0,36403204
512,80000000	0,36459097
513,00000000	0,36841454
513,20000000	0,36541023
513,40000000	0,36791633
513,60000000	0,37327489
513,80000000	0,37195621
514,00000000	0,37426198
514,20000000	0,37775544
514,40000000	0,37811450
514,60000000	0,37824333
514,80000000	0,37653100
515,00000000	0,37440732
515,20000000	0,38136341
515,40000000	0,38822423
515,60000000	0,38530394
515,80000000	0,38496615
516,00000000	0,39290702
516,20000000	0,39220663
516,40000000	0,38625865
516,60000000	0,39007861
516,80000000	0,39160532
517,00000000	0,39342401
517,20000000	0,39376880
517,40000000	0,39622700
517,60000000	0,39778767
517,80000000	0,40378130
518,00000000	0,40854956
518,20000000	0,40276832
518,40000000	0,40308828
518,60000000	0,41006829
518,80000000	0,41487724
519,00000000	0,41720233
519,20000000	0,41623786
519,40000000	0,41597182
519,60000000	0,41790294
519,80000000	0,41917184
520,00000000	0,42315022
520,20000000	0,42348598
520,40000000	0,42034901
520,60000000	0,41591399
520,80000000	0,41977077
521,00000000	0,42789440
521,20000000	0,42644606
521,40000000	0,42886613
521,60000000	0,43498758
521,80000000	0,43226082
522,00000000	0,43068010
522,20000000	0,43365079
522,40000000	0,43756807
522,60000000	0,43790392
522,80000000	0,43771902
523,00000000	0,43636054
523,20000000	0,43827589
523,40000000	0,44044068
523,60000000	0,44288993
523,80000000	0,44426069
524,00000000	0,44539362
524,20000000	0,44899881
524,40000000	0,45037404
524,60000000	0,45207469
524,80000000	0,45545545
525,00000000	0,45693178
525,20000000	0,45695796
525,40000000	0,45817748
525,60000000	0,46120751
525,80000000	0,46208904
526,00000000	0,46612735
526,20000000	0,46728238
526,40000000	0,46813361
526,60000000	0,46911348
526,80000000	0,47262890
527,00000000	0,47776215
527,20000000	0,47650228
527,40000000	0,47599469
527,60000000	0,47608702
527,80000000	0,47524154
528,00000000	0,47718694
528,20000000	0,48277813
528,40000000	0,48941466
528,60000000	0,48910674
528,80000000	0,48424749
529,00000000	0,48448203
529,20000000	0,48846477
529,40000000	0,49173869
529,60000000	0,49381154
529,80000000	0,49743525
530,00000000	0,49942750
530,20000000	0,49877217
530,40000000	0,49717489
530,60000000	0,50140974
530,80000000	0,50517434
531,00000000	0,50504344
531,20000000	0,50588352
531,40000000	0,51030546
531,60000000	0,51267516
531,80000000	0,51009508
532,00000000	0,50974858
532,20000000	0,51347530
532,40000000	0,51690590
532,60000000	0,51915767
532,80000000	0,51913535
533,00000000	0,51999830
533,20000000	0,52162692
533,40000000	0,52764357
533,60000000	0,52853493
533,80000000	0,52782018
534,00000000	0,52966939
534,20000000	0,53095233
534,40000000	0,53198687
534,60000000	0,53319797
534,80000000	0,53525522
535,00000000	0,53588616
535,20000000	0,53834465
535,40000000	0,53964002
535,60000000	0,54127044
535,80000000	0,54402157
536,00000000	0,54341188
536,20000000	0,54634675
536,40000000	0,55049882
536,60000000	0,55040305
536,80000000	0,54967693
537,00000000	0,55162804
537,20000000	0,55432602
537,40000000	0,55685615
537,60000000	0,55899748
537,80000000	0,56212929
538,00000000	0,56505265
538,20000000	0,56426319
538,40000000	0,56407377
538,60000000	0,56576334
538,80000000	0,56927053
539,00000000	0,57166027
539,20000000	0,57194156
539,40000000	0,57351493
539,60000000	0,57536209
539,80000000	0,57705700
540,00000000	0,57948689
540,20000000	0,58310560
540,40000000	0,58506428
540,60000000	0,58614031
540,80000000	0,58758818
541,00000000	0,58968560
541,20000000	0,59183144
541,40000000	0,59367616
541,60000000	0,59449299
541,80000000	0,59645329
542,00000000	0,59986752
542,20000000	0,60167600
542,40000000	0,60291870
542,60000000	0,60556016
542,80000000	0,60756151
543,00000000	0,60992004
543,20000000	0,61229208
543,40000000	0,61378071
543,60000000	0,61519702
543,80000000	0,61744103
544,00000000	0,61999284
544,20000000	0,62129201
544,40000000	0,62363000
544,60000000	0,62610820
544,80000000	0,62802256
545,00000000	0,63026889
545,20000000	0,63187525
545,40000000	0,63386502
545,60000000	0,63655095
545,80000000	0,63952933
546,00000000	0,64205695
546,20000000	0,64455981
546,40000000	0,64626564
546,60000000	0,64834260
546,80000000	0,65100796
547,00000000	0,65275256
547,20000000	0,65458580
547,40000000	0,65778140
547,60000000	0,66051266
547,80000000	0,66310475
548,00000000	0,66600214
548,20000000	0,66741513
548,40000000	0,66948279
548,60000000	0,67200589
548,80000000	0,67408993
549,00000000	0,67628945
549,20000000	0,67880643
549,40000000	0,68119062
549,60000000	0,68366337
549,80000000	0,68561935
550,00000000	0,68829593
550,20000000	0,69138976
550,40000000	0,69438284
550,60000000	0,69605407
550,80000000	0,69873736
551,00000000	0,70144698
551,20000000	0,70389542
551,40000000	0,70565605
551,60000000	0,70776967
551,80000000	0,71052873
552,00000000	0,71317400
552,20000000	0,71527741
552,40000000	0,71762913
552,60000000	0,72057545
552,80000000	0,72280540
553,00000000	0,72542651
553,20000000	0,72729807
553,40000000	0,72950309
553,60000000	0,73175601
553,80000000	0,73426879
554,00000000	0,73684305
554,20000000	0,73994961
554,40000000	0,74209108
554,60000000	0,74399638
554,80000000	0,74610022
555,00000000	0,74886058
555,20000000	0,75149439
555,40000000	0,75336216
555,60000000	0,75517606
555,80000000	0,75763104
556,00000000	0,76029334
556,20000000	0,76221288
556,40000000	0,76420661
556,60000000	0,76663581
556,80000000	0,76868198
557,00000000	0,77060469
557,20000000	0,77275313
557,40000000	0,77469513
557,60000000	0,77697141
557,80000000	0,77887055
558,00000000	0,78092135
558,20000000	0,78292640
558,40000000	0,78500535
558,60000000	0,78676542
558,80000000	0,78844522
559,00000000	0,79063524
559,20000000	0,79230699
559,40000000	0,79435936
559,60000000	0,79641427
559,80000000	0,79832735
560,00000000	0,80004329
560,20000000	0,80140327
560,40000000	0,80273448
560,60000000	0,80452954
560,80000000	0,80596621
561,00000000	0,80780864
561,20000000	0,80909492
561,40000000	0,81131771
561,60000000	0,81315880
561,80000000	0,81472010
562,00000000	0,81586334
562,20000000	0,81728147
562,40000000	0,81877813
562,60000000	0,81993346
562,80000000	0,82138608
563,00000000	0,82305051
563,20000000	0,82465446
563,40000000	0,82520094
563,60000000	0,82619593
563,80000000	0,82787361
564,00000000	0,82954751
564,20000000	0,83082988
564,40000000	0,83223660
564,60000000	0,83383110
564,80000000	0,83501036
565,00000000	0,83606348
565,20000000	0,83706784
565,40000000	0,83801616
565,60000000	0,83900320
565,80000000	0,83994286
566,00000000	0,84125909
566,20000000	0,84225612
566,40000000	0,84370236
566,60000000	0,84488231
566,80000000	0,84589854
567,00000000	0,84692719
567,20000000	0,84803547
567,40000000	0,84875341
567,60000000	0,85008127
567,80000000	0,85141125
568,00000000	0,85269355
568,20000000	0,85313957
568,40000000	0,85419014
568,60000000	0,85506869
568,80000000	0,85566872
569,00000000	0,85725455
569,20000000	0,85843004
569,40000000	0,85907518
569,60000000	0,86001601
569,80000000	0,86133102
570,00000000	0,86187972
570,20000000	0,86281366
570,40000000	0,86436800
570,60000000	0,86613240
570,80000000	0,86704048
571,00000000	0,86720873
571,20000000	0,86799098
571,40000000	0,86890079
571,60000000	0,86984690
571,80000000	0,87052530
572,00000000	0,87193277
572,20000000	0,87286080
572,40000000	0,87392316
572,60000000	0,87491364
572,80000000	0,87541990
573,00000000	0,87605013
573,20000000	0,87712240
573,40000000	0,87860612
573,60000000	0,87980180
573,80000000	0,88055945
574,00000000	0,88146135
574,20000000	0,88255351
574,40000000	0,88308162
574,60000000	0,88460345
574,80000000	0,88578465
575,00000000	0,88662251
575,20000000	0,88791506
575,40000000	0,88875587
575,60000000	0,88960806
575,80000000	0,89079219
576,00000000	0,89179374
576,20000000	0,89317960
576,40000000	0,89364675
576,60000000	0,89502875
576,80000000	0,89632939
577,00000000	0,89754888
577,20000000	0,89863688
577,40000000	0,89949740
577,60000000	0,90099832
577,80000000	0,90174176
578,00000000	0,90229379
578,20000000	0,90334057
578,40000000	0,90461974
578,60000000	0,90481808
578,80000000	0,90627204
579,00000000	0,90738360
579,20000000	0,90869405
579,40000000	0,90988982
579,60000000	0,91105671
579,80000000	0,91212525
580,00000000	0,91278467
580,20000000	0,91406115
580,40000000	0,91542052
580,60000000	0,91594774
580,80000000	0,91647395
581,00000000	0,91886632
581,20000000	0,92030890
581,40000000	0,92078167
581,60000000	0,92127688
581,80000000	0,92220105
582,00000000	0,92275650
582,20000000	0,92396580
582,40000000	0,92616184
582,60000000	0,92737420
582,80000000	0,92786880
583,00000000	0,92770479
583,20000000	0,92869730
583,40000000	0,92989686
583,60000000	0,93099702
583,80000000	0,93162547
584,00000000	0,93276472
584,20000000	0,93392983
584,40000000	0,93467031
584,60000000	0,93522672
584,80000000	0,93632941
585,00000000	0,93653736
585,20000000	0,93744745
585,40000000	0,93844451
585,60000000	0,93929248
585,80000000	0,94020937
586,00000000	0,94186118
586,20000000	0,94235153
586,40000000	0,94251598
586,60000000	0,94430324
586,80000000	0,94472183
587,00000000	0,94551900
587,20000000	0,94624200
587,40000000	0,94619732
587,60000000	0,94667331
587,80000000	0,94758161
588,00000000	0,94837319
588,20000000	0,94956184
588,40000000	0,94987147
588,60000000	0,95024997
588,80000000	0,95110704
589,00000000	0,95175588
589,20000000	0,95205119
589,40000000	0,95271910
589,60000000	0,95319464
589,80000000	0,95368923
590,00000000	0,95451127
590,20000000	0,95435760
590,40000000	0,95401111
590,60000000	0,95471900
590,80000000	0,95583091
591,00000000	0,95631708
591,20000000	0,95667293
591,40000000	0,95689343
591,60000000	0,95761744
591,80000000	0,95776764
592,00000000	0,95779574
592,20000000	0,95827661
592,40000000	0,95905734
592,60000000	0,95880491
592,80000000	0,95862253
593,00000000	0,95894784
593,20000000	0,95940892
593,40000000	0,95998662
593,60000000	0,96055712
593,80000000	0,96119731
594,00000000	0,96092501
594,20000000	0,96135095
594,40000000	0,96174847
594,60000000	0,96163354
594,80000000	0,96153991
595,00000000	0,96148079
595,20000000	0,96173375
595,40000000	0,96200381
595,60000000	0,96221322
595,80000000	0,96225330
596,00000000	0,96221506
596,20000000	0,96150537
596,40000000	0,96214495
596,60000000	0,96297371
596,80000000	0,96253429
597,00000000	0,96254285
597,20000000	0,96323351
597,40000000	0,96280435
597,60000000	0,96245936
597,80000000	0,96231278
598,00000000	0,96324151
598,20000000	0,96353767
598,40000000	0,96313816
598,60000000	0,96327918
598,80000000	0,96413671
599,00000000	0,96418550
599,20000000	0,96369262
599,40000000	0,96347115
599,60000000	0,96402314
599,80000000	0,96368283
600,00000000	0,96349348
600,20000000	0,96347811
600,40000000	0,96332927
600,60000000	0,96340851
600,80000000	0,96382651
601,00000000	0,96421638
601,20000000	0,96429791
601,40000000	0,96392656
601,60000000	0,96390121
601,80000000	0,96426616
602,00000000	0,96421235
602,20000000	0,96396413
602,40000000	0,96472187
602,60000000	0,96468331
602,80000000	0,96409914
603,00000000	0,96461918
603,20000000	0,96498055
603,40000000	0,96421623
603,60000000	0,96455416
603,80000000	0,96448464
604,00000000	0,96485028
604,20000000	0,96521714
604,40000000	0,96494266
604,60000000	0,96491484
604,80000000	0,96487532
605,00000000	0,96465941
605,20000000	0,96472123
605,40000000	0,96494812
605,60000000	0,96522281
605,80000000	0,96510175
606,00000000	0,96573960
606,20000000	0,96556952
606,40000000	0,96480497
606,60000000	0,96537674
606,80000000	0,96634994
607,00000000	0,96565720
607,20000000	0,96545976
607,40000000	0,96630363
607,60000000	0,96638516
607,80000000	0,96595796
608,00000000	0,96586685
608,20000000	0,96547284
608,40000000	0,96628002
608,60000000	0,96662835
608,80000000	0,96663942
609,00000000	0,96628993
609,20000000	0,96608982
609,40000000	0,96641145
609,60000000	0,96712045
609,80000000	0,96606880
610,00000000	0,96638998
610,20000000	0,96618781
610,40000000	0,96667016
610,60000000	0,96799210
610,80000000	0,96703200
611,00000000	0,96680961
611,20000000	0,96693764
611,40000000	0,96695809
611,60000000	0,96714179
611,80000000	0,96773823
612,00000000	0,96822501
612,20000000	0,96798523
612,40000000	0,96735881
612,60000000	0,96742616
612,80000000	0,96785321
613,00000000	0,96751539
613,20000000	0,96751271
613,40000000	0,96722520
613,60000000	0,96758092
613,80000000	0,96724904
614,00000000	0,96679197
614,20000000	0,96717394
614,40000000	0,96740250
614,60000000	0,96706756
614,80000000	0,96728206
615,00000000	0,96761841
615,20000000	0,96766727
615,40000000	0,96712159
615,60000000	0,96767743
615,80000000	0,96685738
616,00000000	0,96676812
616,20000000	0,96721610
616,40000000	0,96710644
616,60000000	0,96701024
616,80000000	0,96614645
617,00000000	0,96582781
617,20000000	0,96641098
617,40000000	0,96599308
617,60000000	0,96617661
617,80000000	0,96628767
618,00000000	0,96530970
618,20000000	0,96544939
618,40000000	0,96574305
618,60000000	0,96515560
618,80000000	0,96498153
619,00000000	0,96503319
619,20000000	0,96498253
619,40000000	0,96488529
619,60000000	0,96425553
619,80000000	0,96461238
620,00000000	0,96460063
620,20000000	0,96408655
620,40000000	0,96354145
620,60000000	0,96406364
620,80000000	0,96376876
621,00000000	0,96303159
621,20000000	0,96255408
621,40000000	0,96259639
621,60000000	0,96311191
621,80000000	0,96249977
622,00000000	0,96172446
622,20000000	0,96144645
622,40000000	0,96133781
622,60000000	0,96099007
622,80000000	0,96062458
623,00000000	0,96045653
623,20000000	0,96039747
623,40000000	0,96041450
623,60000000	0,95935508
623,80000000	0,95906125
624,00000000	0,95879013
624,20000000	0,95897334
624,40000000	0,95844246
624,60000000	0,95808893
624,80000000	0,95815448
625,00000000	0,95846728
625,20000000	0,95728669
625,40000000	0,95658528
625,60000000	0,95715315
625,80000000	0,95677271
626,00000000	0,95594004
626,20000000	0,95568709
626,40000000	0,95571627
626,60000000	0,95569870
626,80000000	0,95588686
627,00000000	0,95525501
627,20000000	0,95524526
627,40000000	0,95545243
627,60000000	0,95431002
627,80000000	0,95444954
628,00000000	0,95327210
628,20000000	0,95284507
628,40000000	0,95346551
628,60000000	0,95302815
628,80000000	0,95303713
629,00000000	0,95312661
629,20000000	0,95246061
629,40000000	0,95295137
629,60000000	0,95298998
629,80000000	0,95280951
630,00000000	0,95202662
630,20000000	0,95156251
630,40000000	0,95080010
630,60000000	0,95054597
630,80000000	0,95000273
631,00000000	0,95029245
631,20000000	0,95090612
631,40000000	0,95140583
631,60000000	0,95034553
631,80000000	0,95055642
632,00000000	0,95169171
632,20000000	0,95213895
632,40000000	0,95097504
632,60000000	0,94918925
632,80000000	0,94898645
633,00000000	0,94852313
633,20000000	0,94796008
633,40000000	0,94791113
633,60000000	0,94857480
633,80000000	0,94917377
634,00000000	0,94926477
634,20000000	0,94902324
634,40000000	0,94873080
634,60000000	0,94930876
634,80000000	0,94870163
635,00000000	0,94884538
635,20000000	0,94871057
635,40000000	0,94852322
635,60000000	0,94780923
635,80000000	0,94769016
636,00000000	0,94804475
636,20000000	0,94748797
636,40000000	0,94728851
636,60000000	0,94729567
636,80000000	0,94843626
637,00000000	0,94763013
637,20000000	0,94802096
637,40000000	0,94699179
637,60000000	0,94705269
637,80000000	0,94776003
638,00000000	0,94725966
638,20000000	0,94786535
638,40000000	0,94790516
638,60000000	0,94787498
638,80000000	0,94646010
639,00000000	0,94686462
639,20000000	0,94738433
639,40000000	0,94745520
639,60000000	0,94652826
639,80000000	0,94631046
640,00000000	0,94767619
640,20000000	0,94683236
640,40000000	0,94612969
640,60000000	0,94645184
640,80000000	0,94526310
641,00000000	0,94584757
641,20000000	0,94572498
641,40000000	0,94608522
641,60000000	0,94540192
641,80000000	0,94558053
642,00000000	0,94473475
642,20000000	0,94542043
642,40000000	0,94419161
642,60000000	0,94407182
642,80000000	0,94433214
643,00000000	0,94392786
643,20000000	0,94289772
643,40000000	0,94394172
643,60000000	0,94363461
643,80000000	0,94346439
644,00000000	0,94399373
644,20000000	0,94322092
644,40000000	0,94322584
644,60000000	0,94264945
644,80000000	0,94217969
645,00000000	0,94277412
645,20000000	0,94194615
645,40000000	0,94163806
645,60000000	0,94100040
645,80000000	0,94084432
646,00000000	0,94073730
646,20000000	0,94039618
646,40000000	0,94008328
646,60000000	0,93965417
646,80000000	0,93871034
647,00000000	0,93798378
647,20000000	0,93866532
647,40000000	0,93731647
647,60000000	0,93699864
647,80000000	0,93679709
648,00000000	0,93701743
648,20000000	0,93690797
648,40000000	0,93658478
648,60000000	0,93513990
648,80000000	0,93453109
649,00000000	0,93452388
649,20000000	0,93472201
649,40000000	0,93504748
649,60000000	0,93443328
649,80000000	0,93321957
650,00000000	0,93090617
650,20000000	0,93116930
650,40000000	0,93131994
650,60000000	0,92991879
650,80000000	0,92946143
651,00000000	0,92852143
651,20000000	0,92763037
651,40000000	0,92741641
651,60000000	0,92697951
651,80000000	0,92738247
652,00000000	0,92595236
652,20000000	0,92575465
652,40000000	0,92560123
652,60000000	0,92491893
652,80000000	0,92484431
653,00000000	0,92367837
653,20000000	0,92335299
653,40000000	0,92311959
653,60000000	0,92215256
653,80000000	0,92006927
654,00000000	0,92034042
654,20000000	0,91988221
654,40000000	0,91867453
654,60000000	0,91964333
654,80000000	0,91839165
655,00000000	0,91818282
655,20000000	0,92016798
655,40000000	0,91923195
655,60000000	0,91727998
655,80000000	0,91516198
656,00000000	0,91418965
656,20000000	0,91572974
656,40000000	0,91425099
656,60000000	0,91454365
656,80000000	0,91276771
657,00000000	0,91123326
657,20000000	0,91278524
657,40000000	0,91349497
657,60000000	0,91294258
657,80000000	0,91150212
658,00000000	0,91088231
658,20000000	0,91037624
658,40000000	0,90999123
658,60000000	0,90960195
658,80000000	0,90991814
659,00000000	0,90927457
659,20000000	0,90792964
659,40000000	0,90816869
659,60000000	0,90827451
659,80000000	0,90856176
660,00000000	0,90660069
660,20000000	0,90726541
660,40000000	0,90774100
660,60000000	0,90779135
660,80000000	0,90668070
661,00000000	0,90626789
661,20000000	0,90661606
661,40000000	0,90730402
661,60000000	0,90591967
661,80000000	0,90559340
662,00000000	0,90708017
662,20000000	0,90705889
662,40000000	0,90418931
662,60000000	0,90333571
662,80000000	0,90392653
663,00000000	0,90296032
663,20000000	0,90336932
663,40000000	0,90517437
663,60000000	0,90474733
663,80000000	0,90331788
664,00000000	0,90262114
664,20000000	0,90278381
664,40000000	0,90352142
664,60000000	0,90492210
664,80000000	0,90674044
665,00000000	0,90679873
665,20000000	0,90465844
665,40000000	0,90406925
665,60000000	0,90292497
665,80000000	0,90214548
666,00000000	0,90145142
666,20000000	0,90273636
666,40000000	0,90320543
666,60000000	0,90418513
666,80000000	0,90272115
667,00000000	0,90312821
667,20000000	0,90333881
667,40000000	0,90624613
667,60000000	0,90419078
667,80000000	0,90418704
668,00000000	0,90479120
668,20000000	0,90618674
668,40000000	0,90558304
668,60000000	0,90526212
668,80000000	0,90459833
669,00000000	0,90420115
669,20000000	0,90528752
669,40000000	0,90464751
669,60000000	0,90412578
669,80000000	0,90372106
670,00000000	0,90375937
670,20000000	0,90488436
670,40000000	0,90662762
670,60000000	0,90558995
670,80000000	0,90604722
671,00000000	0,90662837
671,20000000	0,90617191
671,40000000	0,90676975
671,60000000	0,90768697
671,80000000	0,90617140
672,00000000	0,90655366
672,20000000	0,90613195
672,40000000	0,90512642
672,60000000	0,90611916
672,80000000	0,90520538
673,00000000	0,90548392
673,20000000	0,90561165
673,40000000	0,90420193
673,60000000	0,90450709
673,80000000	0,90802767
674,00000000	0,90684762
674,20000000	0,90702280
674,40000000	0,90700269
674,60000000	0,90539170
674,80000000	0,90603702
675,00000000	0,90719750
675,20000000	0,90637949
675,40000000	0,90688177
675,60000000	0,90733806
675,80000000	0,90691028
676,00000000	0,90725838
676,20000000	0,90653256
676,40000000	0,90671891
676,60000000	0,90721687
676,80000000	0,90769593
677,00000000	0,90570274
677,20000000	0,90469179
677,40000000	0,90539619
677,60000000	0,90604504
677,80000000	0,90575450
678,00000000	0,90529220
678,20000000	0,90568316
678,40000000	0,90569844
678,60000000	0,90606426
678,80000000	0,90435746
679,00000000	0,90704553
679,20000000	0,90686854
679,40000000	0,90620713
679,60000000	0,90520299
679,80000000	0,90442316
680,00000000	0,90464308
680,20000000	0,90619212
680,40000000	0,90631961
680,60000000	0,90518961
680,80000000	0,90412903
681,00000000	0,90480766
681,20000000	0,90419320
681,40000000	0,90318401
681,60000000	0,90570375
681,80000000	0,90533480
682,00000000	0,90289933
682,20000000	0,90231848
682,40000000	0,90270290
682,60000000	0,90452706
682,80000000	0,90350430
683,00000000	0,90296531
683,20000000	0,90508134
683,40000000	0,90427218
683,60000000	0,90318365
683,80000000	0,90130258
684,00000000	0,90087211
684,20000000	0,90189988
684,40000000	0,90169992
684,60000000	0,90275897
684,80000000	0,90143969
685,00000000	0,90162989
685,20000000	0,90173239
685,40000000	0,90038076
685,60000000	0,90106672
685,80000000	0,90136039
686,00000000	0,89949565
686,20000000	0,89997374
686,40000000	0,90121679
686,60000000	0,90115857
686,80000000	0,90065877
687,00000000	0,89924467
687,20000000	0,89790088
687,40000000	0,89904879
687,60000000	0,90091427
687,80000000	0,89975407
688,00000000	0,89823989
688,20000000	0,89745468
688,40000000	0,89961200
688,60000000	0,89886909
688,80000000	0,89854741
689,00000000	0,89916522
689,20000000	0,90069023
689,40000000	0,89897125
689,60000000	0,89945177
689,80000000	0,89952756
690,00000000	0,89925433
690,20000000	0,90041598
690,40000000	0,90062784
690,60000000	0,89902152
690,80000000	0,90102604
691,00000000	0,90159037
691,20000000	0,89962334
691,40000000	0,89931112
691,60000000	0,89946648
691,80000000	0,90022834
692,00000000	0,90051640
692,20000000	0,90111886
692,40000000	0,90045269
692,60000000	0,90104209
692,80000000	0,89966101
693,00000000	0,90102133
693,20000000	0,90181993
693,40000000	0,90121424
693,60000000	0,90038272
693,80000000	0,90162589
694,00000000	0,90139082
694,20000000	0,90352544
694,40000000	0,90142555
694,60000000	0,89974189
694,80000000	0,90090443
695,00000000	0,90238247
695,20000000	0,90207329
695,40000000	0,90102838
695,60000000	0,90172125
695,80000000	0,90288206
696,00000000	0,90202059
696,20000000	0,90200992
696,40000000	0,90277645
696,60000000	0,90520420
696,80000000	0,90252094
697,00000000	0,90348746
697,20000000	0,90452339
697,40000000	0,90662260
697,60000000	0,90510041
697,80000000	0,90326117
698,00000000	0,90159340
698,20000000	0,90458977
698,40000000	0,90623558
698,60000000	0,90440889
698,80000000	0,90362595
699,00000000	0,90594012
699,20000000	0,90754335
699,40000000	0,90670158
699,60000000	0,90636986
699,80000000	0,90666873
700,00000000	0,90600450
700,20000000	0,90479097
700,40000000	0,90532416
700,60000000	0,90665630
700,80000000	0,90728939
701,00000000	0,90525119
701,20000000	0,90464008
701,40000000	0,90700382
701,60000000	0,90867524
701,80000000	0,90692686
702,00000000	0,90536834
702,20000000	0,90474183
702,40000000	0,90698299
702,60000000	0,90548030
702,80000000	0,90575202
703,00000000	0,90547733
703,20000000	0,90602379
703,40000000	0,90651197
703,60000000	0,90488336
703,80000000	0,90652078
704,00000000	0,90726398
704,20000000	0,90741207
704,40000000	0,90534920
704,60000000	0,90584519
704,80000000	0,90732510
705,00000000	0,90728750
705,20000000	0,90538075
705,40000000	0,90597071
705,60000000	0,90725359
705,80000000	0,90664968
706,00000000	0,90501604
706,20000000	0,90410740
706,40000000	0,90555528
706,60000000	0,90553517
706,80000000	0,90463813
707,00000000	0,90319612
707,20000000	0,90408828
707,40000000	0,90571056
707,60000000	0,90477205
707,80000000	0,90326568
708,00000000	0,90348367
708,20000000	0,90514788
708,40000000	0,90551434
708,60000000	0,90423140
708,80000000	0,90431800
709,00000000	0,90475630
709,20000000	0,90365132
709,40000000	0,90324756
709,60000000	0,90332721
709,80000000	0,90283840
710,00000000	0,90492516
710,20000000	0,90469639
710,40000000	0,90246720
710,60000000	0,90317107
710,80000000	0,90213483
711,00000000	0,90038217
711,20000000	0,90128877
711,40000000	0,90249691
711,60000000	0,90082231
711,80000000	0,90095665
712,00000000	0,90148854
712,20000000	0,90294600
712,40000000	0,90273153
712,60000000	0,90117857
712,80000000	0,90061111
713,00000000	0,90068448
713,20000000	0,90094151
713,40000000	0,90089744
713,60000000	0,90126014
713,80000000	0,90183221
714,00000000	0,90032536
714,20000000	0,90092189
714,40000000	0,90180246
714,60000000	0,90143859
714,80000000	0,90203005
715,00000000	0,90093905
715,20000000	0,89943010
715,40000000	0,90258207
715,60000000	0,90222714
715,80000000	0,90220190
716,00000000	0,90231843
716,20000000	0,90208832
716,40000000	0,90217656
716,60000000	0,90231768
716,80000000	0,90340300
717,00000000	0,90331313
717,20000000	0,90316995
717,40000000	0,90413404
717,60000000	0,90538439
717,80000000	0,90501299
718,00000000	0,90524449
718,20000000	0,90427921
718,40000000	0,90548781
718,60000000	0,90560232
718,80000000	0,90537668
719,00000000	0,90468763
719,20000000	0,90530035
719,40000000	0,90586697
719,60000000	0,90598061
719,80000000	0,90735221
720,00000000	0,90747737
720,20000000	0,90800259
720,40000000	0,90804475
720,60000000	0,90737727
720,80000000	0,90773706
721,00000000	0,90869993
721,20000000	0,90969402
721,40000000	0,91106378
721,60000000	0,91023869
721,80000000	0,91043648
722,00000000	0,91157739
722,20000000	0,91078464
722,40000000	0,91173953
722,60000000	0,91263145
722,80000000	0,91334974
723,00000000	0,91402410
723,20000000	0,91409273
723,40000000	0,91444152
723,60000000	0,91584299
723,80000000	0,91505042
724,00000000	0,91648502
724,20000000	0,91718580
724,40000000	0,91717833
724,60000000	0,91761749
724,80000000	0,91744091
725,00000000	0,91946110
725,20000000	0,92060560
725,40000000	0,92085152
725,60000000	0,92053087
725,80000000	0,92119823
726,00000000	0,92121595
726,20000000	0,92244654
726,40000000	0,92154470
726,60000000	0,92176149
726,80000000	0,92356215
727,00000000	0,92379629
727,20000000	0,92424157
727,40000000	0,92437755
727,60000000	0,92506437
727,80000000	0,92632272
728,00000000	0,92580141
728,20000000	0,92654021
728,40000000	0,92754743
728,60000000	0,92725953
728,80000000	0,92730594
729,00000000	0,92793259
729,20000000	0,92858945
729,40000000	0,92927218
729,60000000	0,92866399
729,80000000	0,92966092
730,00000000	0,93080218
730,20000000	0,93148973
730,40000000	0,93080611
730,60000000	0,93126186
730,80000000	0,93222289
731,00000000	0,93330441
731,20000000	0,93259462
731,40000000	0,93247964
731,60000000	0,93335990
731,80000000	0,93457135
732,00000000	0,93367682
732,20000000	0,93328788
732,40000000	0,93495874
732,60000000	0,93619297
732,80000000	0,93581754
733,00000000	0,93600399
733,20000000	0,93590500
733,40000000	0,93683358
733,60000000	0,93666468
733,80000000	0,93607937
734,00000000	0,93627371
734,20000000	0,93727503
734,40000000	0,93752699
734,60000000	0,93782762
734,80000000	0,93816424
735,00000000	0,93840613
735,20000000	0,93784219
735,40000000	0,93719395
735,60000000	0,93734569
735,80000000	0,93806319
736,00000000	0,93902264
736,20000000	0,93815517
736,40000000	0,93804045
736,60000000	0,93939039
736,80000000	0,93935495
737,00000000	0,93831206
737,20000000	0,93807948
737,40000000	0,93835569
737,60000000	0,93910671
737,80000000	0,93856284
738,00000000	0,93845547
738,20000000	0,93931692
738,40000000	0,93947800
738,60000000	0,93965081
738,80000000	0,93991967
739,00000000	0,93909017
739,20000000	0,93895934
739,40000000	0,93954173
739,60000000	0,93941024
739,80000000	0,93966195
740,00000000	0,93892656
740,20000000	0,93851483
740,40000000	0,93968721
740,60000000	0,93896865
740,80000000	0,93935248
741,00000000	0,93967910
741,20000000	0,93953321
741,40000000	0,93938948
741,60000000	0,93984161
741,80000000	0,93958331
742,00000000	0,93908977
742,20000000	0,93896635
742,40000000	0,93945398
742,60000000	0,93888221
742,80000000	0,93920382
743,00000000	0,93940884
743,20000000	0,93974562
743,40000000	0,93924089
743,60000000	0,93862782
743,80000000	0,93899382
744,00000000	0,93919354
744,20000000	0,93851554
744,40000000	0,93936143
744,60000000	0,94002051
744,80000000	0,93964231
745,00000000	0,93996546
745,20000000	0,93994262
745,40000000	0,93943847
745,60000000	0,93972746
745,80000000	0,94033067
746,00000000	0,94010425
746,20000000	0,93972417
746,40000000	0,94030929
746,60000000	0,94110253
746,80000000	0,94027563
747,00000000	0,94060132
747,20000000	0,94162430
747,40000000	0,94156378
747,60000000	0,94143136
747,80000000	0,94144131
748,00000000	0,94176125
748,20000000	0,94194592
748,40000000	0,94141363
748,60000000	0,94119539
748,80000000	0,94152686
749,00000000	0,94229531
749,20000000	0,94272429
749,40000000	0,94249900
749,60000000	0,94305028
749,80000000	0,94337742
750,00000000	0,94315318
750,20000000	0,94311984
750,40000000	0,94373483
750,60000000	0,94420911
750,80000000	0,94445862
751,00000000	0,94467540
751,20000000	0,94552994
751,40000000	0,94495045
751,60000000	0,94479986
751,80000000	0,94561286
752,00000000	0,94620692
752,20000000	0,94784673
752,40000000	0,94699245
752,60000000	0,94686924
752,80000000	0,94683136
753,00000000	0,94764558
753,20000000	0,94799724
753,40000000	0,94902706
753,60000000	0,94920874
753,80000000	0,94905745
754,00000000	0,94945046
754,20000000	0,94972548
754,40000000	0,94960365
754,60000000	0,94937408
754,80000000	0,94970860
755,00000000	0,95031696
755,20000000	0,95032111
755,40000000	0,95116808
755,60000000	0,95182662
755,80000000	0,95158846
756,00000000	0,95210322
756,20000000	0,95224061
756,40000000	0,95320753
756,60000000	0,95266138
756,80000000	0,95285833
757,00000000	0,95303584
757,20000000	0,95366660
757,40000000	0,95366535
757,60000000	0,95366498
757,80000000	0,95443037
758,00000000	0,95480838
758,20000000	0,95388756
758,40000000	0,95456728
758,60000000	0,95543661
758,80000000	0,95473348
759,00000000	0,95531256
759,20000000	0,95544738
759,40000000	0,95574675
759,60000000	0,95617215
759,80000000	0,95615825
760,00000000	0,95602889
760,20000000	0,95643000
760,40000000	0,95682293
760,60000000	0,95680584
760,80000000	0,95663002
761,00000000	0,95666010
761,20000000	0,95697950
761,40000000	0,95686885
761,60000000	0,95779717
761,80000000	0,95794606
762,00000000	0,95726816
762,20000000	0,95720876
762,40000000	0,95780448
762,60000000	0,95776663
762,80000000	0,95824069
763,00000000	0,95772663
763,20000000	0,95735947
763,40000000	0,95796154
763,60000000	0,95837950
763,80000000	0,95820614
764,00000000	0,95763221
764,20000000	0,95778427
764,40000000	0,95749393
764,60000000	0,95755303
764,80000000	0,95792923
765,00000000	0,95774097
765,20000000	0,95860814
765,40000000	0,95822276
765,60000000	0,95732947
765,80000000	0,95748936
766,00000000	0,95768263
766,20000000	0,95761975
766,40000000	0,95744679
766,60000000	0,95771848
766,80000000	0,95814413
767,00000000	0,95780417
767,20000000	0,95792914
767,40000000	0,95723212
767,60000000	0,95728303
767,80000000	0,95755564
768,00000000	0,95731948
768,20000000	0,95737126
768,40000000	0,95740346
768,60000000	0,95747811
768,80000000	0,95699921
769,00000000	0,95698735
769,20000000	0,95739926
769,40000000	0,95735142
769,60000000	0,95732676
769,80000000	0,95743461
770,00000000	0,95773045
770,20000000	0,95747757
770,40000000	0,95719404
770,60000000	0,95722320
770,80000000	0,95755500
771,00000000	0,95774155
771,20000000	0,95666954
771,40000000	0,95693840
771,60000000	0,95735848
771,80000000	0,95793294
772,00000000	0,95735831
772,20000000	0,95745974
772,40000000	0,95746566
772,60000000	0,95748316
772,80000000	0,95760842
773,00000000	0,95792193
773,20000000	0,95795496
773,40000000	0,95832771
773,60000000	0,95794579
773,80000000	0,95822914
774,00000000	0,95866407
774,20000000	0,95866330
774,40000000	0,95852689
774,60000000	0,95869463
774,80000000	0,95848693
775,00000000	0,95919559
775,20000000	0,95942465
775,40000000	0,95878743
775,60000000	0,95952987
775,80000000	0,95934526
776,00000000	0,95943215
776,20000000	0,95996695
776,40000000	0,95981965
776,60000000	0,95985452
776,80000000	0,96025620
777,00000000	0,96010751
777,20000000	0,96078817
777,40000000	0,96174315
777,60000000	0,96191984
777,80000000	0,96181843
778,00000000	0,96196073
778,20000000	0,96266516
778,40000000	0,96360320
778,60000000	0,96312738
778,80000000	0,96336941
779,00000000	0,96367525
779,20000000	0,96394746
779,40000000	0,96372363
779,60000000	0,96437305
779,80000000	0,96495278
780,00000000	0,96511314
780,20000000	0,96534821
780,40000000	0,96559820
780,60000000	0,96603055
780,80000000	0,96672373
781,00000000	0,96621129
781,20000000	0,96700540
781,40000000	0,96775902
781,60000000	0,96765579
781,80000000	0,96755849
782,00000000	0,96794568
782,20000000	0,96876872
782,40000000	0,96925334
782,60000000	0,96948900
782,80000000	0,96933429
783,00000000	0,96982034
783,20000000	0,97081174
783,40000000	0,97098231
783,60000000	0,97065996
783,80000000	0,97117424
784,00000000	0,97202766
784,20000000	0,97221555
784,40000000	0,97233372
784,60000000	0,97249487
784,80000000	0,97303098
785,00000000	0,97360183
785,20000000	0,97341089
785,40000000	0,97354213
785,60000000	0,97373450
785,80000000	0,97458005
786,00000000	0,97457305
786,20000000	0,97469077
786,40000000	0,97529354
786,60000000	0,97483094
786,80000000	0,97568109
787,00000000	0,97611003
787,20000000	0,97633271
787,40000000	0,97646372
787,60000000	0,97613609
787,80000000	0,97677757
788,00000000	0,97712945
788,20000000	0,97707240
788,40000000	0,97697290
788,60000000	0,97699880
788,80000000	0,97726647
789,00000000	0,97775697
789,20000000	0,97793130
789,40000000	0,97780043
789,60000000	0,97793842
789,80000000	0,97872521
790,00000000	0,97825732
790,20000000	0,97788654
790,40000000	0,97841747
790,60000000	0,97896265
790,80000000	0,97868271
791,00000000	0,97892252
791,20000000	0,97917054
791,40000000	0,97924738
791,60000000	0,97915856
791,80000000	0,97888037
792,00000000	0,97892253
792,20000000	0,97940094
792,40000000	0,97921374
792,60000000	0,97956894
792,80000000	0,97932807
793,00000000	0,97908182
793,20000000	0,97920425
793,40000000	0,97921193
793,60000000	0,97881020
793,80000000	0,97904260
794,00000000	0,97896470
794,20000000	0,97901692
794,40000000	0,97867142
794,60000000	0,97901538
794,80000000	0,97895474
795,00000000	0,97853841
795,20000000	0,97876923
795,40000000	0,97892083
795,60000000	0,97884124
795,80000000	0,97830334
796,00000000	0,97843026
796,20000000	0,97856375
796,40000000	0,97826517
796,60000000	0,97781460
796,80000000	0,97842379
797,00000000	0,97841484
797,20000000	0,97782067
797,40000000	0,97768063
797,60000000	0,97831702
797,80000000	0,97757361
798,00000000	0,97792018
798,20000000	0,97761974
798,40000000	0,97757353
798,60000000	0,97755330
798,80000000	0,97683972
799,00000000	0,97721879
799,20000000	0,97718247
799,40000000	0,97734095
799,60000000	0,97740463
799,80000000	0,97717438
800,00000000	0,97736094
800,20000000	0,97742086
800,40000000	0,97719732
800,60000000	0,97656509
800,80000000	0,97679887
801,00000000	0,97654830
801,20000000	0,97691346
801,40000000	0,97669467
801,60000000	0,97656040
801,80000000	0,97657086
802,00000000	0,97647972
802,20000000	0,97666182
802,40000000	0,97638682
802,60000000	0,97615566
802,80000000	0,97659007
803,00000000	0,97607860
803,20000000	0,97607311
803,40000000	0,97617942
803,60000000	0,97605217
803,80000000	0,97660062
804,00000000	0,97630038
804,20000000	0,97610399
804,40000000	0,97632900
804,60000000	0,97633411
804,80000000	0,97605607
805,00000000	0,97589597
805,20000000	0,97654372
805,40000000	0,97631127
805,60000000	0,97626094
805,80000000	0,97593311
806,00000000	0,97573304
806,20000000	0,97599508
806,40000000	0,97641952
806,60000000	0,97573647
806,80000000	0,97624680
807,00000000	0,97648265
807,20000000	0,97562086
807,40000000	0,97632500
807,60000000	0,97612421
807,80000000	0,97632745
808,00000000	0,97605131
808,20000000	0,97602648
808,40000000	0,97632189
808,60000000	0,97616893
808,80000000	0,97601997
809,00000000	0,97629651
809,20000000	0,97678021
809,40000000	0,97665857
809,60000000	0,97683441
809,80000000	0,97712881
810,00000000	0,97688947
810,20000000	0,97722999
810,40000000	0,97682504
810,60000000	0,97655666
810,80000000	0,97739729
811,00000000	0,97720217
811,20000000	0,97715178
811,40000000	0,97769339
811,60000000	0,97706506
811,80000000	0,97764251
812,00000000	0,97772814
812,20000000	0,97748413
812,40000000	0,97716747
812,60000000	0,97788582
812,80000000	0,97807909
813,00000000	0,97775411
813,20000000	0,97818165
813,40000000	0,97794538
813,60000000	0,97817074
813,80000000	0,97808621
814,00000000	0,97847371
814,20000000	0,97898270
814,40000000	0,97871973
814,60000000	0,97868801
814,80000000	0,97846690
815,00000000	0,97890836
815,20000000	0,97871775
815,40000000	0,97882186
815,60000000	0,97917078
815,80000000	0,97903685
816,00000000	0,97929825
816,20000000	0,97913710
816,40000000	0,97967273
816,60000000	0,98009608
816,80000000	0,98017724
817,00000000	0,97933957
817,20000000	0,97943934
817,40000000	0,97986947
817,60000000	0,98036765
817,80000000	0,98041988
818,00000000	0,98025328
818,20000000	0,98031911
818,40000000	0,98055137
818,60000000	0,98047879
818,80000000	0,98095794
819,00000000	0,98173153
819,20000000	0,98188537
819,40000000	0,98145407
819,60000000	0,98130092
819,80000000	0,98183870
820,00000000	0,98202302
820,20000000	0,98177244
820,40000000	0,98228540
820,60000000	0,98223633
820,80000000	0,98240978
821,00000000	0,98288218
821,20000000	0,98295955
821,40000000	0,98348276
821,60000000	0,98316019
821,80000000	0,98327620
822,00000000	0,98321218
822,20000000	0,98344494
822,40000000	0,98355961
822,60000000	0,98397070
822,80000000	0,98430256
823,00000000	0,98453958
823,20000000	0,98414309
823,40000000	0,98449704
823,60000000	0,98497824
823,80000000	0,98476945
824,00000000	0,98491101
824,20000000	0,98503167
824,40000000	0,98535630
824,60000000	0,98512586
824,80000000	0,98549966
825,00000000	0,98592029
825,20000000	0,98542331
825,40000000	0,98525225
825,60000000	0,98583950
825,80000000	0,98607336
826,00000000	0,98566227
826,20000000	0,98627512
826,40000000	0,98652195
826,60000000	0,98656034
826,80000000	0,98651304
827,00000000	0,98683426
827,20000000	0,98660186
827,40000000	0,98684793
827,60000000	0,98670586
827,80000000	0,98682266
828,00000000	0,98630478
828,20000000	0,98638578
828,40000000	0,98657840
828,60000000	0,98661128
828,80000000	0,98622694
829,00000000	0,98640594
829,20000000	0,98631803
829,40000000	0,98645174
829,60000000	0,98639547
829,80000000	0,98630974
830,00000000	0,98589719
830,20000000	0,98596082
830,40000000	0,98585160
830,60000000	0,98555565
830,80000000	0,98536012
831,00000000	0,98537766
831,20000000	0,98539019
831,40000000	0,98542452
831,60000000	0,98469961
831,80000000	0,98392445
832,00000000	0,98397675
832,20000000	0,98404338
832,40000000	0,98364397
832,60000000	0,98337567
832,80000000	0,98350643
833,00000000	0,98349246
833,20000000	0,98250480
833,40000000	0,98256196
833,60000000	0,98214974
833,80000000	0,98179177
834,00000000	0,98082607
834,20000000	0,98078861
834,40000000	0,98021994
834,60000000	0,97970173
834,80000000	0,97962472
835,00000000	0,97899840
835,20000000	0,97900403
835,40000000	0,97892252
835,60000000	0,97762049
835,80000000	0,97720182
836,00000000	0,97675972
836,20000000	0,97670472
836,40000000	0,97570395
836,60000000	0,97516142
836,80000000	0,97451048
837,00000000	0,97337646
837,20000000	0,97331613
837,40000000	0,97306964
837,60000000	0,97226969
837,80000000	0,97204278
838,00000000	0,97132652
838,20000000	0,97121082
838,40000000	0,96965532
838,60000000	0,97001516
838,80000000	0,96894038
839,00000000	0,96811120
839,20000000	0,96704188
839,40000000	0,96689194
839,60000000	0,96637009
839,80000000	0,96525764
840,00000000	0,96509184
840,20000000	0,96496240
840,40000000	0,96439029
840,60000000	0,96304353
840,80000000	0,96252783
841,00000000	0,96181752
841,20000000	0,96153747
841,40000000	0,96087404
841,60000000	0,96037683
841,80000000	0,95959747
842,00000000	0,95881296
842,20000000	0,95878017
842,40000000	0,95753923
842,60000000	0,95753857
842,80000000	0,95779135
843,00000000	0,95659954
843,20000000	0,95556545
843,40000000	0,95541283
843,60000000	0,95482289
843,80000000	0,95400434
844,00000000	0,95340043
844,20000000	0,95260445
844,40000000	0,95343612
844,60000000	0,95181418
844,80000000	0,95154288
845,00000000	0,95151864
845,20000000	0,95086765
845,40000000	0,95114209
845,60000000	0,95012480
845,80000000	0,94941393
846,00000000	0,94923853
846,20000000	0,94913282
846,40000000	0,94764398
846,60000000	0,94784598
846,80000000	0,94865355
847,00000000	0,94796452
847,20000000	0,94719867
847,40000000	0,94644431
847,60000000	0,94679736
847,80000000	0,94662427
848,00000000	0,94644141
848,20000000	0,94566857
848,40000000	0,94525181
848,60000000	0,94584461
848,80000000	0,94606560
849,00000000	0,94525614
849,20000000	0,94546110
849,40000000	0,94572742
849,60000000	0,94480087
849,80000000	0,94498668
850,00000000	0,94491945
850,20000000	0,94497813
850,40000000	0,94518264
850,60000000	0,94521539
850,80000000	0,94538595
851,00000000	0,94473590
851,20000000	0,94452589
851,40000000	0,94524259
851,60000000	0,94544621
851,80000000	0,94537928
852,00000000	0,94545413
852,20000000	0,94508108
852,40000000	0,94510123
852,60000000	0,94545916
852,80000000	0,94593956
853,00000000	0,94583748
853,20000000	0,94596674
853,40000000	0,94668385
853,60000000	0,94644822
853,80000000	0,94634398
854,00000000	0,94662087
854,20000000	0,94767366
854,40000000	0,94746355
854,60000000	0,94769429
854,80000000	0,94856220
855,00000000	0,94794791
855,20000000	0,94847235
855,40000000	0,94862387
855,60000000	0,94958326
855,80000000	0,94984236
856,00000000	0,95065572
856,20000000	0,95106245
856,40000000	0,95086025
856,60000000	0,95099438
856,80000000	0,95169095
857,00000000	0,95172411
857,20000000	0,95267387
857,40000000	0,95319397
857,60000000	0,95344506
857,80000000	0,95332245
858,00000000	0,95386306
858,20000000	0,95469730
858,40000000	0,95526144
858,60000000	0,95580786
858,80000000	0,95598515
859,00000000	0,95647093
859,20000000	0,95668982
859,40000000	0,95703873
859,60000000	0,95738573
859,80000000	0,95814414
860,00000000	0,95875177
860,20000000	0,95904313
860,40000000	0,95954614
860,60000000	0,95958330
860,80000000	0,96025604
861,00000000	0,96069744
861,20000000	0,96158531
861,40000000	0,96198185
861,60000000	0,96269526
861,80000000	0,96229364
862,00000000	0,96291014
862,20000000	0,96374959
862,40000000	0,96421029
862,60000000	0,96494439
862,80000000	0,96528333
863,00000000	0,96543883
863,20000000	0,96593798
863,40000000	0,96632253
863,60000000	0,96679212
863,80000000	0,96727510
864,00000000	0,96845820
864,20000000	0,96801235
864,40000000	0,96883476
864,60000000	0,96922693
864,80000000	0,96996479
865,00000000	0,96964130
865,20000000	0,97061014
865,40000000	0,97121541
865,60000000	0,97170301
865,80000000	0,97224806
866,00000000	0,97231060
866,20000000	0,97245264
866,40000000	0,97272514
866,60000000	0,97319885
866,80000000	0,97357297
867,00000000	0,97377717
867,20000000	0,97487083
867,40000000	0,97510155
867,60000000	0,97489089
867,80000000	0,97552773
868,00000000	0,97641518
868,20000000	0,97636770
868,40000000	0,97651327
868,60000000	0,97678859
868,80000000	0,97736596
869,00000000	0,97752398
869,20000000	0,97779629
869,40000000	0,97823225
869,60000000	0,97889638
869,80000000	0,97899948
870,00000000	0,97924940
870,20000000	0,97972953
870,40000000	0,97947684
870,60000000	0,97928021
870,80000000	0,97998898
871,00000000	0,98069988
871,20000000	0,98070570
871,40000000	0,98125570
871,60000000	0,98149632
871,80000000	0,98177059
872,00000000	0,98195288
872,20000000	0,98231786
872,40000000	0,98251359
872,60000000	0,98303790
872,80000000	0,98291561
873,00000000	0,98316999
873,20000000	0,98345661
873,40000000	0,98385987
873,60000000	0,98393136
873,80000000	0,98457801
874,00000000	0,98429675
874,20000000	0,98474462
874,40000000	0,98497783
874,60000000	0,98515489
874,80000000	0,98548359
875,00000000	0,98567428
875,20000000	0,98611164
875,40000000	0,98633961
875,60000000	0,98668325
875,80000000	0,98672245
876,00000000	0,98712172
876,20000000	0,98738604
876,40000000	0,98751854
876,60000000	0,98790481
876,80000000	0,98797730
877,00000000	0,98842037
877,20000000	0,98867221
877,40000000	0,98868450
877,60000000	0,98882053
877,80000000	0,98958856
878,00000000	0,98969566
878,20000000	0,98961553
878,40000000	0,98963536
878,60000000	0,99023396
878,80000000	0,99065525
879,00000000	0,99054177
879,20000000	0,99089996
879,40000000	0,99115285
879,60000000	0,99138320
879,80000000	0,99138990
880,00000000	0,99133497
880,20000000	0,99180037
880,40000000	0,99199243
880,60000000	0,99236732
880,80000000	0,99259634
881,00000000	0,99257821
881,20000000	0,99264696
881,40000000	0,99277683
881,60000000	0,99316379
881,80000000	0,99359539
882,00000000	0,99366727
882,20000000	0,99391108
882,40000000	0,99418919
882,60000000	0,99390182
882,80000000	0,99422693
883,00000000	0,99464793
883,20000000	0,99457638
883,40000000	0,99501431
883,60000000	0,99524431
883,80000000	0,99531716
884,00000000	0,99515854
884,20000000	0,99589676
884,40000000	0,99613074
884,60000000	0,99603650
884,80000000	0,99624733
885,00000000	0,99634604
885,20000000	0,99647630
885,40000000	0,99662876
885,60000000	0,99677682
885,80000000	0,99704767
886,00000000	0,99706902
886,20000000	0,99717129
886,40000000	0,99715473
886,60000000	0,99728683
886,80000000	0,99735690
887,00000000	0,99746996
887,20000000	0,99768619
887,40000000	0,99773976
887,60000000	0,99765152
887,80000000	0,99783214
888,00000000	0,99796066
888,20000000	0,99811557
888,40000000	0,99826287
888,60000000	0,99831360
888,80000000	0,99825793
889,00000000	0,99860054
889,20000000	0,99848949
889,40000000	0,99855383
889,60000000	0,99862153
889,80000000	0,99876973
890,00000000	0,99879839
890,20000000	0,99881454
890,40000000	0,99887947
890,60000000	0,99884040
890,80000000	0,99882897
891,00000000	0,99892224
891,20000000	0,99898668
891,40000000	0,99891658
891,60000000	0,99909930
891,80000000	0,99915656
892,00000000	0,99907983
892,20000000	0,99917336
892,40000000	0,99922568
892,60000000	0,99923846
892,80000000	0,99923424
893,00000000	0,99920796
893,20000000	0,99924530
893,40000000	0,99925928
893,60000000	0,99924486
893,80000000	0,99919508
894,00000000	0,99930651
894,20000000	0,99941888
894,40000000	0,99923294
894,60000000	0,99931125
894,80000000	0,99913198
895,00000000	0,99922753
895,20000000	0,99918199
895,40000000	0,99940831
895,60000000	0,99924596
895,80000000	0,99930944
896,00000000	0,99923488
896,20000000	0,99921861
896,40000000	0,99930736
896,60000000	0,99928020
896,80000000	0,99925140
897,00000000	0,99922758
897,20000000	0,99920908
897,40000000	0,99915064
897,60000000	0,99919480
897,80000000	0,99917862
898,00000000	0,99912183
898,20000000	0,99915070
898,40000000	0,99904523
898,60000000	0,99922113
898,80000000	0,99914199
899,00000000	0,99916508
899,20000000	0,99901713
899,40000000	0,99902047
899,60000000	0,99903314
899,80000000	0,99921993
900,00000000	0,99904824
