200,00000000	0,82103239
200,20000000	0,82851807
200,40000000	0,81150061
200,60000000	0,85341117
200,80000000	0,79645643
201,00000000	0,80664412
201,20000000	0,83039121
201,40000000	0,84178001
201,60000000	0,82119690
201,80000000	0,81845116
202,00000000	0,83149379
202,20000000	0,85774423
202,40000000	0,83152566
202,60000000	0,82417495
202,80000000	0,83462132
203,00000000	0,85128490
203,20000000	0,85059472
203,40000000	0,84306141
203,60000000	0,83957274
203,80000000	0,86071511
204,00000000	0,87496199
204,20000000	0,83467814
204,40000000	0,86346345
204,60000000	0,85794580
204,80000000	0,84134926
205,00000000	0,86066456
205,20000000	0,83962471
205,40000000	0,84984159
205,60000000	0,84057655
205,80000000	0,86892677
206,00000000	0,87625410
206,20000000	0,84423493
206,40000000	0,85433426
206,60000000	0,86944171
206,80000000	0,86043008
207,00000000	0,87170497
207,20000000	0,87723181
207,40000000	0,86616784
207,60000000	0,86082044
207,80000000	0,87186349
208,00000000	0,90396262
208,20000000	0,88484192
208,40000000	0,87959280
208,60000000	0,89337776
208,80000000	0,89463383
209,00000000	0,90263202
209,20000000	0,89590584
209,40000000	0,90559810
209,60000000	0,88264753
209,80000000	0,91431164
210,00000000	0,92167239
210,20000000	0,90743702
210,40000000	0,90208101
210,60000000	0,90382429
210,80000000	0,92565150
211,00000000	0,90381824
211,20000000	0,90279936
211,40000000	0,91455375
211,60000000	0,92852113
211,80000000	0,92693294
212,00000000	0,92377453
212,20000000	0,92378802
212,40000000	0,92412807
212,60000000	0,94029115
212,80000000	0,93054152
213,00000000	0,92889688
213,20000000	0,94484856
213,40000000	0,94764636
213,60000000	0,94910542
213,80000000	0,95500645
214,00000000	0,94200555
214,20000000	0,93279161
214,40000000	0,95498503
214,60000000	0,95228682
214,80000000	0,93157321
215,00000000	0,93165036
215,20000000	0,95850478
215,40000000	0,95559323
215,60000000	0,94847593
215,80000000	0,94104069
216,00000000	0,93347468
216,20000000	0,96320509
216,40000000	0,94831058
216,60000000	0,95381907
216,80000000	0,94012073
217,00000000	0,93708453
217,20000000	0,95016737
217,40000000	0,97687537
217,60000000	0,94702378
217,80000000	0,94196421
218,00000000	0,94133023
218,20000000	0,94665869
218,40000000	0,96109700
218,60000000	0,95447580
218,80000000	0,93473019
219,00000000	0,93704872
219,20000000	0,94424805
219,40000000	0,94696681
219,60000000	0,96395115
219,80000000	0,94892659
220,00000000	0,92956560
220,20000000	0,90611457
220,40000000	0,92810641
220,60000000	0,95559694
220,80000000	0,95122142
221,00000000	0,92569094
221,20000000	0,91360579
221,40000000	0,92626736
221,60000000	0,96292893
221,80000000	0,91391442
222,00000000	0,90535074
222,20000000	0,95145509
222,40000000	0,90318155
222,60000000	0,91617552
222,80000000	0,93076960
223,00000000	0,86749945
223,20000000	0,88259703
223,40000000	0,93022849
223,60000000	0,91225678
223,80000000	0,87387728
224,00000000	0,89662836
224,20000000	0,88707748
224,40000000	0,89118585
224,60000000	0,90559284
224,80000000	0,90282803
225,00000000	0,87927003
225,20000000	0,89359882
225,40000000	0,88557414
225,60000000	0,89695387
225,80000000	0,89863133
226,00000000	0,85937805
226,20000000	0,84581259
226,40000000	0,87162467
226,60000000	0,89047897
226,80000000	0,85141978
227,00000000	0,81876384
227,20000000	0,84482531
227,40000000	0,86486097
227,60000000	0,85657369
227,80000000	0,85755031
228,00000000	0,82982402
228,20000000	0,83417772
228,40000000	0,83501582
228,60000000	0,86342273
228,80000000	0,84491316
229,00000000	0,80960276
229,20000000	0,83377700
229,40000000	0,82719705
229,60000000	0,81572566
229,80000000	0,78904004
230,00000000	0,76897627
230,20000000	0,79967226
230,40000000	0,77882212
230,60000000	0,76770193
230,80000000	0,78101470
231,00000000	0,79587703
231,20000000	0,78822250
231,40000000	0,77145966
231,60000000	0,77591166
231,80000000	0,75859569
232,00000000	0,72945670
232,20000000	0,74080945
232,40000000	0,75027419
232,60000000	0,76426696
232,80000000	0,76078638
233,00000000	0,74113620
233,20000000	0,72446441
233,40000000	0,70219624
233,60000000	0,70980601
233,80000000	0,72330336
234,00000000	0,66979284
234,20000000	0,68846820
234,40000000	0,71211862
234,60000000	0,70153301
234,80000000	0,70569692
235,00000000	0,68590199
235,20000000	0,66074879
235,40000000	0,71182734
235,60000000	0,73365435
235,80000000	0,73724431
236,00000000	0,71279712
236,20000000	0,71613302
236,40000000	0,71138603
236,60000000	0,65994851
236,80000000	0,63505815
237,00000000	0,61623403
237,20000000	0,61624011
237,40000000	0,59312229
237,60000000	0,57149493
237,80000000	0,59418815
238,00000000	0,64275535
238,20000000	0,66180842
238,40000000	0,63606767
238,60000000	0,62959660
238,80000000	0,60601206
239,00000000	0,60281159
239,20000000	0,53153973
239,40000000	0,57546193
239,60000000	0,64571825
239,80000000	0,61212375
240,00000000	0,57790953
240,20000000	0,56516909
240,40000000	0,60149203
240,60000000	0,55640566
240,80000000	0,57418898
241,00000000	0,55817234
241,20000000	0,51295554
241,40000000	0,48458192
241,60000000	0,55104119
241,80000000	0,58769732
242,00000000	0,51300070
242,20000000	0,52006106
242,40000000	0,51526596
242,60000000	0,50071205
242,80000000	0,46809391
243,00000000	0,46170902
243,20000000	0,52588264
243,40000000	0,47997742
243,60000000	0,48549998
243,80000000	0,47027967
244,00000000	0,47347846
244,20000000	0,48721337
244,40000000	0,50807993
244,60000000	0,55242929
244,80000000	0,43259192
245,00000000	0,43132092
245,20000000	0,44742398
245,40000000	0,50924176
245,60000000	0,45426143
245,80000000	0,43972951
246,00000000	0,49153630
246,20000000	0,44267004
246,40000000	0,46561938
246,60000000	0,45867439
246,80000000	0,53886235
247,00000000	0,45158638
247,20000000	0,44478442
247,40000000	0,47776921
247,60000000	0,46478883
247,80000000	0,45693863
248,00000000	0,41027279
248,20000000	0,46472759
248,40000000	0,42966822
248,60000000	0,45216442
248,80000000	0,46237981
249,00000000	0,45132223
249,20000000	0,44849452
249,40000000	0,41608119
249,60000000	0,45541502
249,80000000	0,44159836
250,00000000	0,44984376
250,20000000	0,41979168
250,40000000	0,44545695
250,60000000	0,44472226
250,80000000	0,44177161
251,00000000	0,47862251
251,20000000	0,47707942
251,40000000	0,48032623
251,60000000	0,46373069
251,80000000	0,45658656
252,00000000	0,46244253
252,20000000	0,47870943
252,40000000	0,46697497
252,60000000	0,49327081
252,80000000	0,47455260
253,00000000	0,47836644
253,20000000	0,49010685
253,40000000	0,47989329
253,60000000	0,47312752
253,80000000	0,47146954
254,00000000	0,48693794
254,20000000	0,49548514
254,40000000	0,49123606
254,60000000	0,46672007
254,80000000	0,47542965
255,00000000	0,48879879
255,20000000	0,48737425
255,40000000	0,50391155
255,60000000	0,49767078
255,80000000	0,51331681
256,00000000	0,52558251
256,20000000	0,52336350
256,40000000	0,53775386
256,60000000	0,53099416
256,80000000	0,51985360
257,00000000	0,54407848
257,20000000	0,55338326
257,40000000	0,57495480
257,60000000	0,57390499
257,80000000	0,56103156
258,00000000	0,57493590
258,20000000	0,56384138
258,40000000	0,57130089
258,60000000	0,58619475
258,80000000	0,58841360
259,00000000	0,59750655
259,20000000	0,61367623
259,40000000	0,62391250
259,60000000	0,62179427
259,80000000	0,61976022
260,00000000	0,61380427
260,20000000	0,63139221
260,40000000	0,65841058
260,60000000	0,66193562
260,80000000	0,66167901
261,00000000	0,66313895
261,20000000	0,66418140
261,40000000	0,68043003
261,60000000	0,67996895
261,80000000	0,69079042
262,00000000	0,70017466
262,20000000	0,69396074
262,40000000	0,68340630
262,60000000	0,68455219
262,80000000	0,69002827
263,00000000	0,69247849
263,20000000	0,68911237
263,40000000	0,68918772
263,60000000	0,68977360
263,80000000	0,68722872
264,00000000	0,68679009
264,20000000	0,68699613
264,40000000	0,68473022
264,60000000	0,67460813
264,80000000	0,67717039
265,00000000	0,68104614
265,20000000	0,67871107
265,40000000	0,66102178
265,60000000	0,64037879
265,80000000	0,63599613
266,00000000	0,63235997
266,20000000	0,62403869
266,40000000	0,62046370
266,60000000	0,61943778
266,80000000	0,60830330
267,00000000	0,60542270
267,20000000	0,60121479
267,40000000	0,60032137
267,60000000	0,60348562
267,80000000	0,58530916
268,00000000	0,57268116
268,20000000	0,56786550
268,40000000	0,56147010
268,60000000	0,55076600
268,80000000	0,54369498
269,00000000	0,54268988
269,20000000	0,54712983
269,40000000	0,55171266
269,60000000	0,55190058
269,80000000	0,54815545
270,00000000	0,54787891
270,20000000	0,54639693
270,40000000	0,54938116
270,60000000	0,55528349
270,80000000	0,55531967
271,00000000	0,55570620
271,20000000	0,54969761
271,40000000	0,55317018
271,60000000	0,55800207
271,80000000	0,57066693
272,00000000	0,57735109
272,20000000	0,58596508
272,40000000	0,59477187
272,60000000	0,60015211
272,80000000	0,60758066
273,00000000	0,61556946
273,20000000	0,62653566
273,40000000	0,64514833
273,60000000	0,65779988
273,80000000	0,66583781
274,00000000	0,68576644
274,20000000	0,70143735
274,40000000	0,71237863
274,60000000	0,72185005
274,80000000	0,73450941
275,00000000	0,75215104
275,20000000	0,76744135
275,40000000	0,77852804
275,60000000	0,79426680
275,80000000	0,81248292
276,00000000	0,82664757
276,20000000	0,83308476
276,40000000	0,83903819
276,60000000	0,84820041
276,80000000	0,85399668
277,00000000	0,85312270
277,20000000	0,85240499
277,40000000	0,85431660
277,60000000	0,85536688
277,80000000	0,85119010
278,00000000	0,84074832
278,20000000	0,83247088
278,40000000	0,82639272
278,60000000	0,81210364
278,80000000	0,80013667
279,00000000	0,79716842
279,20000000	0,78941837
279,40000000	0,77003436
279,60000000	0,74292194
279,80000000	0,73007743
280,00000000	0,72374150
280,20000000	0,71065562
280,40000000	0,70106401
280,60000000	0,68727981
280,80000000	0,67322284
281,00000000	0,66064733
281,20000000	0,63278555
281,40000000	0,61431382
281,60000000	0,60385388
281,80000000	0,59762766
282,00000000	0,58369084
282,20000000	0,56256031
282,40000000	0,54197871
282,60000000	0,53378476
282,80000000	0,53254230
283,00000000	0,52611010
283,20000000	0,50763048
283,40000000	0,48464950
283,60000000	0,47484167
283,80000000	0,45916123
284,00000000	0,43544450
284,20000000	0,43688177
284,40000000	0,42510493
284,60000000	0,42108610
284,80000000	0,41080646
285,00000000	0,38989310
285,20000000	0,37960001
285,40000000	0,36396475
285,60000000	0,35068741
285,80000000	0,35669278
286,00000000	0,36042019
286,20000000	0,35207902
286,40000000	0,34390988
286,60000000	0,34131074
286,80000000	0,33236801
287,00000000	0,32241131
287,20000000	0,31967759
287,40000000	0,30672698
287,60000000	0,29696205
287,80000000	0,29200378
288,00000000	0,28737482
288,20000000	0,29608548
288,40000000	0,30103143
288,60000000	0,28830968
288,80000000	0,27621236
289,00000000	0,27264174
289,20000000	0,27106236
289,40000000	0,26239843
289,60000000	0,25296308
289,80000000	0,25617867
290,00000000	0,25826977
290,20000000	0,26377609
290,40000000	0,25785005
290,60000000	0,24771707
290,80000000	0,24193569
291,00000000	0,23588646
291,20000000	0,23280152
291,40000000	0,23134779
291,60000000	0,23195306
291,80000000	0,23051107
292,00000000	0,23281619
292,20000000	0,23257337
292,40000000	0,22780196
292,60000000	0,22406339
292,80000000	0,22492266
293,00000000	0,22633155
293,20000000	0,22222393
293,40000000	0,21990793
293,60000000	0,21490952
293,80000000	0,21482199
294,00000000	0,22117588
294,20000000	0,22247369
294,40000000	0,22054038
294,60000000	0,20982590
294,80000000	0,20289901
295,00000000	0,19885727
295,20000000	0,20638629
295,40000000	0,21046139
295,60000000	0,20671688
295,80000000	0,19980922
296,00000000	0,19500659
296,20000000	0,19747087
296,40000000	0,20074337
296,60000000	0,20170469
296,80000000	0,19938127
297,00000000	0,19303209
297,20000000	0,19057094
297,40000000	0,19472891
297,60000000	0,19950441
297,80000000	0,19733056
298,00000000	0,19745291
298,20000000	0,18893242
298,40000000	0,18401841
298,60000000	0,18848478
298,80000000	0,19247286
299,00000000	0,19202026
299,20000000	0,19179807
299,40000000	0,19006531
299,60000000	0,18831340
299,80000000	0,18490126
300,00000000	0,18845041
300,20000000	0,18960271
300,40000000	0,18656252
300,60000000	0,18074322
300,80000000	0,17654949
301,00000000	0,17156765
301,20000000	0,17068748
301,40000000	0,17601296
301,60000000	0,18231040
301,80000000	0,18307265
302,00000000	0,18160033
302,20000000	0,18049322
302,40000000	0,17830762
302,60000000	0,17706791
302,80000000	0,17500533
303,00000000	0,17158668
303,20000000	0,17172889
303,40000000	0,17091636
303,60000000	0,16842076
303,80000000	0,16940338
304,00000000	0,17202676
304,20000000	0,17140146
304,40000000	0,17064607
304,60000000	0,16756159
304,80000000	0,16781481
305,00000000	0,16842233
305,20000000	0,17240961
305,40000000	0,17302887
305,60000000	0,16450695
305,80000000	0,16343825
306,00000000	0,16477009
306,20000000	0,16449115
306,40000000	0,16615927
306,60000000	0,16692792
306,80000000	0,16580655
307,00000000	0,16839078
307,20000000	0,16889133
307,40000000	0,16537786
307,60000000	0,16294820
307,80000000	0,16317823
308,00000000	0,16136113
308,20000000	0,16119794
308,40000000	0,16367532
308,60000000	0,16488846
308,80000000	0,16588056
309,00000000	0,16688961
309,20000000	0,16652480
309,40000000	0,16533904
309,60000000	0,16251060
309,80000000	0,15876590
310,00000000	0,15801257
310,20000000	0,15708498
310,40000000	0,15808810
310,60000000	0,16191613
310,80000000	0,16678360
311,00000000	0,16153672
311,20000000	0,15450663
311,40000000	0,15161114
311,60000000	0,15164203
311,80000000	0,15601576
312,00000000	0,15812245
312,20000000	0,15766090
312,40000000	0,15775331
312,60000000	0,15843475
312,80000000	0,16021119
313,00000000	0,16109661
313,20000000	0,15831327
313,40000000	0,15672959
313,60000000	0,15749841
313,80000000	0,15560834
314,00000000	0,15396572
314,20000000	0,15580509
314,40000000	0,15527228
314,60000000	0,15424753
314,80000000	0,15401306
315,00000000	0,15415971
315,20000000	0,15406507
315,40000000	0,15468607
315,60000000	0,15640562
315,80000000	0,15446334
316,00000000	0,15403319
316,20000000	0,15483975
316,40000000	0,15415230
316,60000000	0,15543106
316,80000000	0,15644895
317,00000000	0,15421091
317,20000000	0,15301630
317,40000000	0,15117343
317,60000000	0,14987309
317,80000000	0,15148140
318,00000000	0,15088550
318,20000000	0,15295764
318,40000000	0,15551591
318,60000000	0,15431749
318,80000000	0,15038639
319,00000000	0,14969602
319,20000000	0,15142047
319,40000000	0,15276320
319,60000000	0,15325938
319,80000000	0,15147138
320,00000000	0,15026311
320,20000000	0,15155149
320,40000000	0,15502274
320,60000000	0,15463967
320,80000000	0,15217278
321,00000000	0,15175240
321,20000000	0,15114203
321,40000000	0,15206530
321,60000000	0,15129185
321,80000000	0,14923240
322,00000000	0,14839500
322,20000000	0,14980728
322,40000000	0,15056980
322,60000000	0,14927829
322,80000000	0,14885272
323,00000000	0,14711215
323,20000000	0,14626554
323,40000000	0,14719954
323,60000000	0,14776994
323,80000000	0,14991740
324,00000000	0,15125068
324,20000000	0,15147882
324,40000000	0,15317428
324,60000000	0,15420749
324,80000000	0,15199692
325,00000000	0,14815010
325,20000000	0,14722308
325,40000000	0,14913497
325,60000000	0,14913303
325,80000000	0,14909843
326,00000000	0,14809542
326,20000000	0,14622880
326,40000000	0,14704529
326,60000000	0,14914194
326,80000000	0,15040975
327,00000000	0,15089002
327,20000000	0,15105207
327,40000000	0,15138472
327,60000000	0,15192481
327,80000000	0,15039704
328,00000000	0,14871654
328,20000000	0,14955757
328,40000000	0,14973096
328,60000000	0,14822932
328,80000000	0,14709153
329,00000000	0,14774578
329,20000000	0,14915825
329,40000000	0,14858420
329,60000000	0,14670234
329,80000000	0,14722035
330,00000000	0,14861385
330,20000000	0,14895559
330,40000000	0,14849331
330,60000000	0,14777161
330,80000000	0,14880557
331,00000000	0,15081259
331,20000000	0,15127926
331,40000000	0,15044823
331,60000000	0,14995888
331,80000000	0,15069340
332,00000000	0,15226231
332,20000000	0,15240351
332,40000000	0,15016366
332,60000000	0,14817612
332,80000000	0,14803856
333,00000000	0,14928702
333,20000000	0,15039707
333,40000000	0,15046189
333,60000000	0,15055976
333,80000000	0,15057192
334,00000000	0,14933049
334,20000000	0,14830280
334,40000000	0,14830207
334,60000000	0,14931126
334,80000000	0,15101014
335,00000000	0,15259734
335,20000000	0,15303971
335,40000000	0,15197816
335,60000000	0,15072303
335,80000000	0,15076772
336,00000000	0,15307079
336,20000000	0,15547243
336,40000000	0,15531402
336,60000000	0,15337190
336,80000000	0,15179270
337,00000000	0,15124892
337,20000000	0,15023858
337,40000000	0,14891261
337,60000000	0,14926737
337,80000000	0,15181349
338,00000000	0,15487916
338,20000000	0,15631135
338,40000000	0,15522369
338,60000000	0,15350561
338,80000000	0,15348507
339,00000000	0,15534216
339,20000000	0,15722985
339,40000000	0,15725888
339,60000000	0,15667315
339,80000000	0,15675459
340,00000000	0,15732618
340,20000000	0,15809083
340,40000000	0,15805444
340,60000000	0,15753090
340,80000000	0,15801978
341,00000000	0,15969684
341,20000000	0,16035385
341,40000000	0,15987297
341,60000000	0,15974785
341,80000000	0,16010291
342,00000000	0,16034363
342,20000000	0,16003716
342,40000000	0,16014259
342,60000000	0,16140875
342,80000000	0,16271919
343,00000000	0,16305770
343,20000000	0,16291662
343,40000000	0,16319615
343,60000000	0,16404596
343,80000000	0,16499051
344,00000000	0,16577187
344,20000000	0,16663656
344,40000000	0,16755628
344,60000000	0,16820674
344,80000000	0,16847702
345,00000000	0,16840878
345,20000000	0,16879565
345,40000000	0,16937176
345,60000000	0,16994074
345,80000000	0,17060688
346,00000000	0,17096477
346,20000000	0,17161830
346,40000000	0,17246713
346,60000000	0,17319528
346,80000000	0,17319405
347,00000000	0,17321770
347,20000000	0,17446983
347,40000000	0,17568949
347,60000000	0,17636320
347,80000000	0,17692670
348,00000000	0,17752124
348,20000000	0,17842517
348,40000000	0,17906598
348,60000000	0,17991501
348,80000000	0,18125070
349,00000000	0,18409615
349,20000000	0,18679476
349,40000000	0,18820021
349,60000000	0,18876182
349,80000000	0,18977609
350,00000000	0,19154306
350,20000000	0,19297503
350,40000000	0,19380113
350,60000000	0,19480475
350,80000000	0,19627647
351,00000000	0,19735648
351,20000000	0,19715965
351,40000000	0,19762180
351,60000000	0,19883746
351,80000000	0,19998205
352,00000000	0,20024640
352,20000000	0,19976226
352,40000000	0,20131045
352,60000000	0,20475974
352,80000000	0,20846177
353,00000000	0,21059527
353,20000000	0,21337739
353,40000000	0,21731172
353,60000000	0,21972291
353,80000000	0,22088936
354,00000000	0,22205791
354,20000000	0,22397829
354,40000000	0,22583651
354,60000000	0,22627030
354,80000000	0,22657504
355,00000000	0,22860334
355,20000000	0,23264184
355,40000000	0,23759280
355,60000000	0,24256910
355,80000000	0,24697385
356,00000000	0,25002692
356,20000000	0,25289198
356,40000000	0,25481719
356,60000000	0,25727307
356,80000000	0,26028272
357,00000000	0,26484870
357,20000000	0,26808713
357,40000000	0,26886911
357,60000000	0,27102084
357,80000000	0,27703970
358,00000000	0,28367799
358,20000000	0,28831738
358,40000000	0,29235923
358,60000000	0,29740012
358,80000000	0,30266391
359,00000000	0,30831568
359,20000000	0,31468546
359,40000000	0,32270059
359,60000000	0,33054123
359,80000000	0,33618953
360,00000000	0,33995143
360,20000000	0,34313133
360,40000000	0,34803104
360,60000000	0,35552502
360,80000000	0,36694788
361,00000000	0,37810268
361,20000000	0,38760785
361,40000000	0,39480317
361,60000000	0,40064483
361,80000000	0,40540953
362,00000000	0,41250542
362,20000000	0,42500631
362,40000000	0,43953931
362,60000000	0,45365913
362,80000000	0,46536912
363,00000000	0,47600443
363,20000000	0,48625557
363,40000000	0,49630636
363,60000000	0,50747238
363,80000000	0,52107905
364,00000000	0,53591265
364,20000000	0,55126438
364,40000000	0,56472875
364,60000000	0,57659792
364,80000000	0,58975586
365,00000000	0,60607845
365,20000000	0,62252171
365,40000000	0,63842324
365,60000000	0,65242405
365,80000000	0,66806635
366,00000000	0,68676682
366,20000000	0,70319372
366,40000000	0,71916349
366,60000000	0,73543693
366,80000000	0,75084269
367,00000000	0,76581088
367,20000000	0,78125313
367,40000000	0,79690234
367,60000000	0,81169758
367,80000000	0,82531845
368,00000000	0,83859220
368,20000000	0,85112821
368,40000000	0,86281789
368,60000000	0,87336373
368,80000000	0,88186829
369,00000000	0,88880815
369,20000000	0,89631160
369,40000000	0,90172131
369,60000000	0,90520704
369,80000000	0,90827891
370,00000000	0,90956878
370,20000000	0,91011874
370,40000000	0,90890969
370,60000000	0,90612962
370,80000000	0,90245645
371,00000000	0,89760715
371,20000000	0,89072521
371,40000000	0,88310918
371,60000000	0,87405073
371,80000000	0,86345501
372,00000000	0,85237059
372,20000000	0,84110423
372,40000000	0,82914323
372,60000000	0,81665986
372,80000000	0,80319217
373,00000000	0,78957488
373,20000000	0,77556840
373,40000000	0,76104878
373,60000000	0,74699079
373,80000000	0,73263719
374,00000000	0,71766825
374,20000000	0,70325371
374,40000000	0,68886758
374,60000000	0,67412229
374,80000000	0,66019501
375,00000000	0,64652570
375,20000000	0,63217740
375,40000000	0,61799507
375,60000000	0,60404329
375,80000000	0,59082881
376,00000000	0,57844432
376,20000000	0,56625376
376,40000000	0,55408643
376,60000000	0,54164027
376,80000000	0,52989080
377,00000000	0,51924376
377,20000000	0,50873924
377,40000000	0,49838605
377,60000000	0,48839303
377,80000000	0,47869252
378,00000000	0,46935828
378,20000000	0,45997775
378,40000000	0,45098606
378,60000000	0,44229164
378,80000000	0,43356222
379,00000000	0,42514571
379,20000000	0,41723073
379,40000000	0,40995396
379,60000000	0,40284922
379,80000000	0,39556353
380,00000000	0,38847709
380,20000000	0,38186537
380,40000000	0,37579908
380,60000000	0,36990574
380,80000000	0,36405761
381,00000000	0,35821128
381,20000000	0,35189277
381,40000000	0,34628796
381,60000000	0,34181400
381,80000000	0,33758199
382,00000000	0,33279864
382,20000000	0,32747092
382,40000000	0,32235757
382,60000000	0,31739182
382,80000000	0,31269521
383,00000000	0,30819432
383,20000000	0,30338452
383,40000000	0,29889515
383,60000000	0,29484194
383,80000000	0,29071582
384,00000000	0,28699198
384,20000000	0,28350988
384,40000000	0,28024655
384,60000000	0,27677151
384,80000000	0,27318561
385,00000000	0,26955666
385,20000000	0,26599028
385,40000000	0,26279011
385,60000000	0,25942483
385,80000000	0,25614709
386,00000000	0,25285932
386,20000000	0,25029900
386,40000000	0,24840699
386,60000000	0,24652373
386,80000000	0,24498661
387,00000000	0,24270724
387,20000000	0,24027499
387,40000000	0,23825363
387,60000000	0,23593696
387,80000000	0,23379278
388,00000000	0,23172649
388,20000000	0,23015427
388,40000000	0,22860059
388,60000000	0,22650939
388,80000000	0,22458844
389,00000000	0,22252286
389,20000000	0,22116774
389,40000000	0,22056290
389,60000000	0,21925185
389,80000000	0,21758786
390,00000000	0,21558725
390,20000000	0,21389659
390,40000000	0,21243922
390,60000000	0,21093055
390,80000000	0,21001862
391,00000000	0,20950468
391,20000000	0,20839301
391,40000000	0,20566712
391,60000000	0,20341737
391,80000000	0,20326301
392,00000000	0,20326231
392,20000000	0,20230073
392,40000000	0,19972524
392,60000000	0,19711859
392,80000000	0,19694245
393,00000000	0,19671978
393,20000000	0,19564665
393,40000000	0,19289272
393,60000000	0,19083009
393,80000000	0,19163020
394,00000000	0,19173365
394,20000000	0,19099203
394,40000000	0,18809171
394,60000000	0,18516672
394,80000000	0,18491578
395,00000000	0,18480528
395,20000000	0,18347161
395,40000000	0,18135724
395,60000000	0,18054172
395,80000000	0,18088350
396,00000000	0,17995656
396,20000000	0,17706085
396,40000000	0,17345975
396,60000000	0,17293820
396,80000000	0,17455063
397,00000000	0,17400265
397,20000000	0,17206607
397,40000000	0,17025740
397,60000000	0,16912110
397,80000000	0,16914469
398,00000000	0,16873414
398,20000000	0,16698099
398,40000000	0,16627811
398,60000000	0,16672214
398,80000000	0,16701439
399,00000000	0,16705470
399,20000000	0,16649408
399,40000000	0,16603205
399,60000000	0,16656714
399,80000000	0,16636432
400,00000000	0,16515288
400,20000000	0,16515850
400,40000000	0,16580177
400,60000000	0,16442552
400,80000000	0,16341634
401,00000000	0,16433237
401,20000000	0,16405264
401,40000000	0,16260156
401,60000000	0,16197015
401,80000000	0,16259218
402,00000000	0,16375241
402,20000000	0,16486319
402,40000000	0,16409924
402,60000000	0,16261804
402,80000000	0,16153759
403,00000000	0,15884792
403,20000000	0,15631672
403,40000000	0,15638708
403,60000000	0,15779297
403,80000000	0,15844744
404,00000000	0,15804330
404,20000000	0,15689412
404,40000000	0,15507370
404,60000000	0,15379400
404,80000000	0,15215731
405,00000000	0,14943971
405,20000000	0,14889371
405,40000000	0,15055051
405,60000000	0,15145729
405,80000000	0,15178809
406,00000000	0,15340028
406,20000000	0,15383343
406,40000000	0,15224127
406,60000000	0,15213338
406,80000000	0,15240456
407,00000000	0,15244044
407,20000000	0,15227285
407,40000000	0,15169110
407,60000000	0,15316994
407,80000000	0,15463184
408,00000000	0,15336224
408,20000000	0,15364911
408,40000000	0,15668936
408,60000000	0,15744535
408,80000000	0,15619796
409,00000000	0,15531048
409,20000000	0,15504815
409,40000000	0,15553531
409,60000000	0,15528845
409,80000000	0,15364854
410,00000000	0,15183824
410,20000000	0,14856071
410,40000000	0,14562309
410,60000000	0,14547884
410,80000000	0,14433669
411,00000000	0,14330123
411,20000000	0,14442630
411,40000000	0,14546400
411,60000000	0,14458269
411,80000000	0,14277517
412,00000000	0,14322852
412,20000000	0,14451447
412,40000000	0,14395674
412,60000000	0,14336354
412,80000000	0,14360934
413,00000000	0,14295551
413,20000000	0,14150394
413,40000000	0,14171054
413,60000000	0,14396643
413,80000000	0,14625799
414,00000000	0,14702191
414,20000000	0,14695209
414,40000000	0,14870377
414,60000000	0,14916947
414,80000000	0,14706267
415,00000000	0,14790351
415,20000000	0,14874691
415,40000000	0,14546329
415,60000000	0,14219055
415,80000000	0,14316656
416,00000000	0,14608450
416,20000000	0,14675850
416,40000000	0,14769840
416,60000000	0,14992076
416,80000000	0,14952206
417,00000000	0,14589700
417,20000000	0,13999862
417,40000000	0,13608364
417,60000000	0,13774593
417,80000000	0,13719342
418,00000000	0,13439435
418,20000000	0,13644677
418,40000000	0,13585429
418,60000000	0,13176037
418,80000000	0,13508031
419,00000000	0,13945521
419,20000000	0,13805727
419,40000000	0,13694372
419,60000000	0,13781067
419,80000000	0,14232496
420,00000000	0,14488888
420,20000000	0,14196581
420,40000000	0,14158127
420,60000000	0,14258527
420,80000000	0,14161950
421,00000000	0,14209527
421,20000000	0,14401438
421,40000000	0,14267523
421,60000000	0,14217448
421,80000000	0,14383753
422,00000000	0,14109453
422,20000000	0,13864493
422,40000000	0,14112625
422,60000000	0,14361023
422,80000000	0,14110716
423,00000000	0,13676092
423,20000000	0,13451591
423,40000000	0,13353038
423,60000000	0,13364194
423,80000000	0,13473113
424,00000000	0,13400146
424,20000000	0,13199662
424,40000000	0,13411021
424,60000000	0,13636505
424,80000000	0,13609861
425,00000000	0,13922471
425,20000000	0,14144646
425,40000000	0,14048255
425,60000000	0,14078904
425,80000000	0,14229503
426,00000000	0,14574263
426,20000000	0,14654880
426,40000000	0,14384959
426,60000000	0,14467229
426,80000000	0,14549503
427,00000000	0,14086587
427,20000000	0,13857728
427,40000000	0,14045419
427,60000000	0,13860919
427,80000000	0,13606877
428,00000000	0,13409368
428,20000000	0,13062609
428,40000000	0,13124939
428,60000000	0,13628944
428,80000000	0,14010784
429,00000000	0,14227649
429,20000000	0,14312046
429,40000000	0,14047444
429,60000000	0,13766797
429,80000000	0,13890207
430,00000000	0,14169890
430,20000000	0,14231337
430,40000000	0,14148234
430,60000000	0,14109542
430,80000000	0,14134187
431,00000000	0,14365237
431,20000000	0,14355266
431,40000000	0,13935921
431,60000000	0,13735625
431,80000000	0,13971680
432,00000000	0,13775910
432,20000000	0,13233110
432,40000000	0,13862307
432,60000000	0,14745174
432,80000000	0,14269696
433,00000000	0,13345852
433,20000000	0,13688560
433,40000000	0,14333707
433,60000000	0,13948370
433,80000000	0,13708790
434,00000000	0,13924439
434,20000000	0,13741898
434,40000000	0,13449690
434,60000000	0,13692253
434,80000000	0,14339048
435,00000000	0,14513756
435,20000000	0,14340618
435,40000000	0,14768201
435,60000000	0,14821833
435,80000000	0,14335293
436,00000000	0,14374888
436,20000000	0,14548716
436,40000000	0,14620600
436,60000000	0,14640749
436,80000000	0,14551230
437,00000000	0,14546562
437,20000000	0,14685473
437,40000000	0,14537450
437,60000000	0,13986121
437,80000000	0,13677335
438,00000000	0,13580395
438,20000000	0,13501359
438,40000000	0,13551894
438,60000000	0,13530527
438,80000000	0,13568203
439,00000000	0,13686624
439,20000000	0,14267630
439,40000000	0,14772076
439,60000000	0,14244586
439,80000000	0,13927026
440,00000000	0,14240949
440,20000000	0,14439135
440,40000000	0,14434875
440,60000000	0,14502717
440,80000000	0,14526376
441,00000000	0,14209529
441,20000000	0,13734736
441,40000000	0,13427351
441,60000000	0,13798087
441,80000000	0,14527110
442,00000000	0,14821833
442,20000000	0,14791878
442,40000000	0,14680716
442,60000000	0,14374595
442,80000000	0,13997826
443,00000000	0,14313523
443,20000000	0,15264665
443,40000000	0,15630039
443,60000000	0,15337545
443,80000000	0,15291793
444,00000000	0,15221648
444,20000000	0,14666017
444,40000000	0,14219194
444,60000000	0,14219325
444,80000000	0,14454688
445,00000000	0,14545535
445,20000000	0,14768106
445,40000000	0,15309480
445,60000000	0,15536562
445,80000000	0,15378076
446,00000000	0,15304127
446,20000000	0,15560156
446,40000000	0,15765332
446,60000000	0,15413765
446,80000000	0,14812731
447,00000000	0,14475872
447,20000000	0,14138692
447,40000000	0,14085895
447,60000000	0,14139920
447,80000000	0,14104798
448,00000000	0,14604876
448,20000000	0,14527993
448,40000000	0,14221596
448,60000000	0,14529937
448,80000000	0,14465504
449,00000000	0,14446617
449,20000000	0,15012257
449,40000000	0,15352345
449,60000000	0,15229558
449,80000000	0,14849741
450,00000000	0,14531861
450,20000000	0,14921744
450,40000000	0,15076961
450,60000000	0,14745776
450,80000000	0,15489190
451,00000000	0,16008381
451,20000000	0,14989078
451,40000000	0,14215066
451,60000000	0,14511697
451,80000000	0,14433769
452,00000000	0,13723018
452,20000000	0,13644657
452,40000000	0,13933307
452,60000000	0,14510615
452,80000000	0,15489689
453,00000000	0,15444665
453,20000000	0,14673164
453,40000000	0,14205915
453,60000000	0,13961562
453,80000000	0,14366663
454,00000000	0,15218315
454,20000000	0,15390022
454,40000000	0,15010394
454,60000000	0,15132491
454,80000000	0,15940028
455,00000000	0,16184892
455,20000000	0,15801798
455,40000000	0,16097724
455,60000000	0,16487283
455,80000000	0,16523131
456,00000000	0,16396404
456,20000000	0,16032208
456,40000000	0,15451637
456,60000000	0,15486768
456,80000000	0,15830522
457,00000000	0,15655944
457,20000000	0,15904709
457,40000000	0,15395946
457,60000000	0,14283010
457,80000000	0,14614992
458,00000000	0,16079138
458,20000000	0,16613994
458,40000000	0,15713131
458,60000000	0,15659031
458,80000000	0,15800057
459,00000000	0,15558905
459,20000000	0,15828078
459,40000000	0,15844261
459,60000000	0,15743876
459,80000000	0,16585748
460,00000000	0,16587736
460,20000000	0,15327081
460,40000000	0,15544132
460,60000000	0,16283782
460,80000000	0,16076535
461,00000000	0,15281083
461,20000000	0,15021473
461,40000000	0,15446023
461,60000000	0,15686483
461,80000000	0,15585420
462,00000000	0,15724928
462,20000000	0,16231436
462,40000000	0,16398718
462,60000000	0,16092014
462,80000000	0,15791837
463,00000000	0,15946073
463,20000000	0,15877595
463,40000000	0,15900397
463,60000000	0,16600248
463,80000000	0,16622581
464,00000000	0,15972251
464,20000000	0,16049828
464,40000000	0,15871233
464,60000000	0,15321817
464,80000000	0,15403550
465,00000000	0,15597785
465,20000000	0,15763790
465,40000000	0,16424395
465,60000000	0,16761740
465,80000000	0,15861253
466,00000000	0,16202473
466,20000000	0,16763016
466,40000000	0,15619563
466,60000000	0,15669970
466,80000000	0,17008955
467,00000000	0,16827554
467,20000000	0,16378005
467,40000000	0,16461381
467,60000000	0,16066064
467,80000000	0,15907886
468,00000000	0,16232414
468,20000000	0,16676346
468,40000000	0,16958448
468,60000000	0,17195657
468,80000000	0,16600241
469,00000000	0,16188741
469,20000000	0,17099077
469,40000000	0,17151633
469,60000000	0,16475054
469,80000000	0,16418179
470,00000000	0,16455285
470,20000000	0,16974458
470,40000000	0,17262454
470,60000000	0,16263792
470,80000000	0,15864470
471,00000000	0,16332784
471,20000000	0,16528499
471,40000000	0,17676589
471,60000000	0,18715695
471,80000000	0,17643328
472,00000000	0,16525044
472,20000000	0,17739485
472,40000000	0,18896779
472,60000000	0,17691503
472,80000000	0,16282799
473,00000000	0,15843591
473,20000000	0,16425690
473,40000000	0,17729415
473,60000000	0,18143613
473,80000000	0,18233242
474,00000000	0,17834542
474,20000000	0,17104147
474,40000000	0,17102011
474,60000000	0,17883118
474,80000000	0,18346106
475,00000000	0,17608709
475,20000000	0,17309051
475,40000000	0,18095525
475,60000000	0,18337738
475,80000000	0,18092017
476,00000000	0,18318732
476,20000000	0,17892214
476,40000000	0,17732932
476,60000000	0,17745780
476,80000000	0,16974137
477,00000000	0,17476290
477,20000000	0,18332246
477,40000000	0,17927544
477,60000000	0,18044296
477,80000000	0,18998960
478,00000000	0,19280523
478,20000000	0,18194210
478,40000000	0,17140294
478,60000000	0,17291508
478,80000000	0,18087840
479,00000000	0,18373788
479,20000000	0,17490618
479,40000000	0,17869879
479,60000000	0,18513431
479,80000000	0,17772403
480,00000000	0,17486357
480,20000000	0,17907001
480,40000000	0,18770677
480,60000000	0,18326666
480,80000000	0,17440885
481,00000000	0,18707053
481,20000000	0,19264338
481,40000000	0,18354256
481,60000000	0,17562523
481,80000000	0,17893789
482,00000000	0,19446347
482,20000000	0,19877345
482,40000000	0,19197562
482,60000000	0,19139676
482,80000000	0,19456935
483,00000000	0,18932123
483,20000000	0,18787724
483,40000000	0,18809615
483,60000000	0,19181250
483,80000000	0,19340319
484,00000000	0,18602784
484,20000000	0,18491002
484,40000000	0,18719297
484,60000000	0,19520674
484,80000000	0,19608293
485,00000000	0,19401113
485,20000000	0,19527874
485,40000000	0,18909174
485,60000000	0,18662558
485,80000000	0,19333336
486,00000000	0,20130889
486,20000000	0,20455855
486,40000000	0,20220921
486,60000000	0,19562386
486,80000000	0,19742205
487,00000000	0,20874811
487,20000000	0,21343175
487,40000000	0,21066341
487,60000000	0,20217786
487,80000000	0,19006551
488,00000000	0,18863391
488,20000000	0,19390211
488,40000000	0,19397349
488,60000000	0,19372359
488,80000000	0,20250348
489,00000000	0,20828344
489,20000000	0,19816861
489,40000000	0,20402023
489,60000000	0,22088415
489,80000000	0,21947697
490,00000000	0,21281209
490,20000000	0,21033729
490,40000000	0,20371658
490,60000000	0,20183174
490,80000000	0,21039716
491,00000000	0,21275507
491,20000000	0,20720726
491,40000000	0,21109901
491,60000000	0,21148865
491,80000000	0,21052731
492,00000000	0,22006590
492,20000000	0,21887779
492,40000000	0,21242626
492,60000000	0,21606676
492,80000000	0,21651508
493,00000000	0,21184643
493,20000000	0,21002129
493,40000000	0,21584500
493,60000000	0,20886020
493,80000000	0,20229300
494,00000000	0,21562442
494,20000000	0,22293661
494,40000000	0,21652115
494,60000000	0,22188260
494,80000000	0,23290948
495,00000000	0,23600584
495,20000000	0,23132764
495,40000000	0,23021723
495,60000000	0,23216024
495,80000000	0,22761468
496,00000000	0,22325777
496,20000000	0,22709454
496,40000000	0,22610112
496,60000000	0,21840284
496,80000000	0,22094052
497,00000000	0,22938939
497,20000000	0,23878342
497,40000000	0,23381443
497,60000000	0,21834817
497,80000000	0,21707702
498,00000000	0,23530072
498,20000000	0,24637547
498,40000000	0,24515000
498,60000000	0,24217143
498,80000000	0,23304916
499,00000000	0,22650984
499,20000000	0,23298864
499,40000000	0,24046198
499,60000000	0,24374255
499,80000000	0,24486252
500,00000000	0,24456242
500,20000000	0,24535453
500,40000000	0,24905709
500,60000000	0,24905773
500,80000000	0,24223094
501,00000000	0,23967699
501,20000000	0,24396150
501,40000000	0,25162288
501,60000000	0,25861471
501,80000000	0,25942702
502,00000000	0,25851813
502,20000000	0,26234375
502,40000000	0,27198784
502,60000000	0,27254015
502,80000000	0,26439702
503,00000000	0,26231766
503,20000000	0,26150159
503,40000000	0,26134871
503,60000000	0,26248322
503,80000000	0,26187208
504,00000000	0,26391628
504,20000000	0,26768800
504,40000000	0,27309482
504,60000000	0,28464691
504,80000000	0,28263816
505,00000000	0,27369990
505,20000000	0,27169037
505,40000000	0,27667630
505,60000000	0,27292339
505,80000000	0,26840239
506,00000000	0,27363169
506,20000000	0,27844288
506,40000000	0,27451826
506,60000000	0,27610438
506,80000000	0,27977364
507,00000000	0,27491507
507,20000000	0,28193424
507,40000000	0,28813660
507,60000000	0,28922533
507,80000000	0,29310073
508,00000000	0,29727456
508,20000000	0,29285025
508,40000000	0,27920460
508,60000000	0,27900893
508,80000000	0,28921024
509,00000000	0,29761726
509,20000000	0,30356491
509,40000000	0,31107223
509,60000000	0,31046491
509,80000000	0,30436479
510,00000000	0,29384659
510,20000000	0,28421098
510,40000000	0,28894547
510,60000000	0,30011865
510,80000000	0,30744672
511,00000000	0,30423325
511,20000000	0,30179566
511,40000000	0,30917351
511,60000000	0,30414903
511,80000000	0,30269512
512,00000000	0,31071275
512,20000000	0,30839907
512,40000000	0,30795777
512,60000000	0,31276169
512,80000000	0,32066921
513,00000000	0,31306753
513,20000000	0,31134975
513,40000000	0,31858306
513,60000000	0,31813618
513,80000000	0,31726178
514,00000000	0,31395057
514,20000000	0,31552431
514,40000000	0,32123327
514,60000000	0,32016552
514,80000000	0,31946295
515,00000000	0,32001518
515,20000000	0,32317846
515,40000000	0,32700115
515,60000000	0,32121631
515,80000000	0,31782953
516,00000000	0,31647452
516,20000000	0,32664586
516,40000000	0,33860739
516,60000000	0,33734531
516,80000000	0,33672067
517,00000000	0,33088681
517,20000000	0,32213276
517,40000000	0,32484093
517,60000000	0,33531917
517,80000000	0,34772705
518,00000000	0,34666851
518,20000000	0,34218558
518,40000000	0,33884778
518,60000000	0,33834029
518,80000000	0,34840873
519,00000000	0,35676251
519,20000000	0,35404772
519,40000000	0,35170714
519,60000000	0,35808658
519,80000000	0,35287151
520,00000000	0,34898156
520,20000000	0,35100636
520,40000000	0,34635398
520,60000000	0,34327385
520,80000000	0,34344744
521,00000000	0,34146411
521,20000000	0,34147416
521,40000000	0,35029949
521,60000000	0,34912747
521,80000000	0,34441854
522,00000000	0,34964038
522,20000000	0,35007645
522,40000000	0,34748875
522,60000000	0,35538648
522,80000000	0,35742037
523,00000000	0,35756110
523,20000000	0,35989957
523,40000000	0,36169828
523,60000000	0,37194351
523,80000000	0,37908853
524,00000000	0,37695057
524,20000000	0,37466557
524,40000000	0,37248419
524,60000000	0,37272543
524,80000000	0,37235547
525,00000000	0,37440774
525,20000000	0,37723435
525,40000000	0,37186945
525,60000000	0,36855034
525,80000000	0,36433545
526,00000000	0,36661974
526,20000000	0,37411109
526,40000000	0,38413570
526,60000000	0,38221665
526,80000000	0,38320933
527,00000000	0,38575492
527,20000000	0,37396588
527,40000000	0,36516787
527,60000000	0,36684461
527,80000000	0,37442751
528,00000000	0,37837070
528,20000000	0,38479556
528,40000000	0,39636063
528,60000000	0,39529696
528,80000000	0,39843461
529,00000000	0,39983017
529,20000000	0,39700196
529,40000000	0,39132827
529,60000000	0,39134051
529,80000000	0,39333035
530,00000000	0,38785264
530,20000000	0,38635039
530,40000000	0,38831597
530,60000000	0,39251685
530,80000000	0,39273108
531,00000000	0,39357909
531,20000000	0,40184482
531,40000000	0,40393767
531,60000000	0,40431786
531,80000000	0,40984123
532,00000000	0,40460283
532,20000000	0,40163582
532,40000000	0,40537539
532,60000000	0,41496973
532,80000000	0,42559071
533,00000000	0,43287677
533,20000000	0,43442016
533,40000000	0,43320923
533,60000000	0,43587982
533,80000000	0,43674000
534,00000000	0,43292334
534,20000000	0,42018001
534,40000000	0,41894324
534,60000000	0,42326869
534,80000000	0,41818994
535,00000000	0,42415692
535,20000000	0,43255169
535,40000000	0,43196821
535,60000000	0,43797831
535,80000000	0,44138889
536,00000000	0,43612079
536,20000000	0,43936818
536,40000000	0,44739034
536,60000000	0,44218848
536,80000000	0,44332941
537,00000000	0,45901184
537,20000000	0,45871765
537,40000000	0,45429911
537,60000000	0,45738205
537,80000000	0,45531045
538,00000000	0,44932992
538,20000000	0,44816097
538,40000000	0,45199619
538,60000000	0,45492180
538,80000000	0,45560474
539,00000000	0,45114644
539,20000000	0,44820160
539,40000000	0,44963115
539,60000000	0,45355024
539,80000000	0,45394868
540,00000000	0,45955725
540,20000000	0,46994520
540,40000000	0,47599542
540,60000000	0,47651738
540,80000000	0,47226786
541,00000000	0,47146364
541,20000000	0,47639975
541,40000000	0,47533609
541,60000000	0,46539175
541,80000000	0,46868070
542,00000000	0,47612332
542,20000000	0,47470086
542,40000000	0,47895652
542,60000000	0,48184768
542,80000000	0,47216030
543,00000000	0,47570507
543,20000000	0,48752158
543,40000000	0,48808168
543,60000000	0,49469435
543,80000000	0,50775223
544,00000000	0,50776898
544,20000000	0,49770346
544,40000000	0,50183652
544,60000000	0,50980993
544,80000000	0,50841504
545,00000000	0,51583983
545,20000000	0,51747848
545,40000000	0,50369264
545,60000000	0,50446087
545,80000000	0,50973676
546,00000000	0,50964729
546,20000000	0,51342724
546,40000000	0,50706026
546,60000000	0,49548609
546,80000000	0,50622870
547,00000000	0,51822115
547,20000000	0,51677779
547,40000000	0,52307077
547,60000000	0,52794055
547,80000000	0,52176861
548,00000000	0,52062509
548,20000000	0,52819458
548,40000000	0,52868331
548,60000000	0,53152023
548,80000000	0,53406407
549,00000000	0,52613696
549,20000000	0,52727598
549,40000000	0,53694056
549,60000000	0,53574585
549,80000000	0,53711838
550,00000000	0,54082897
550,20000000	0,53204014
550,40000000	0,53337150
550,60000000	0,54197973
550,80000000	0,53232464
551,00000000	0,52902799
551,20000000	0,54228502
551,40000000	0,53915022
551,60000000	0,53622010
551,80000000	0,54464031
552,00000000	0,54218481
552,20000000	0,53626067
552,40000000	0,54365702
552,60000000	0,54503910
552,80000000	0,54127625
553,00000000	0,54812266
553,20000000	0,54832753
553,40000000	0,54170934
553,60000000	0,54616025
553,80000000	0,55237272
554,00000000	0,54909128
554,20000000	0,55644391
554,40000000	0,56349099
554,60000000	0,55396710
554,80000000	0,55293479
555,00000000	0,56602707
555,20000000	0,56473899
555,40000000	0,55859824
555,60000000	0,56083668
555,80000000	0,55506459
556,00000000	0,55726560
556,20000000	0,56348073
556,40000000	0,55601017
556,60000000	0,56315241
556,80000000	0,57404827
557,00000000	0,57160975
557,20000000	0,57273327
557,40000000	0,57478270
557,60000000	0,57429593
557,80000000	0,57541361
558,00000000	0,57949320
558,20000000	0,58087965
558,40000000	0,58038700
558,60000000	0,58228597
558,80000000	0,57940247
559,00000000	0,57243483
559,20000000	0,58067427
559,40000000	0,58557968
559,60000000	0,58111704
559,80000000	0,58497849
560,00000000	0,59008890
560,20000000	0,59636407
560,40000000	0,60045957
560,60000000	0,59955772
560,80000000	0,59313763
561,00000000	0,59670859
561,20000000	0,60447091
561,40000000	0,60164853
561,60000000	0,60560874
561,80000000	0,60678824
562,00000000	0,60219400
562,20000000	0,60945415
562,40000000	0,61520807
562,60000000	0,61053432
562,80000000	0,61149039
563,00000000	0,61863537
563,20000000	0,61989244
563,40000000	0,62226230
563,60000000	0,62726764
563,80000000	0,62489236
564,00000000	0,62409512
564,20000000	0,62814502
564,40000000	0,62606850
564,60000000	0,62438178
564,80000000	0,63180422
565,00000000	0,63039163
565,20000000	0,63170558
565,40000000	0,63686544
565,60000000	0,63586061
565,80000000	0,64261444
566,00000000	0,65007210
566,20000000	0,64857423
566,40000000	0,64695325
566,60000000	0,64892421
566,80000000	0,65101130
567,00000000	0,65259802
567,20000000	0,65865323
567,40000000	0,65835080
567,60000000	0,65708362
567,80000000	0,66214921
568,00000000	0,66164990
568,20000000	0,65928513
568,40000000	0,66217281
568,60000000	0,66572739
568,80000000	0,66739173
569,00000000	0,67295573
569,20000000	0,67643961
569,40000000	0,67227535
569,60000000	0,67488259
569,80000000	0,67806907
570,00000000	0,67924913
570,20000000	0,68082087
570,40000000	0,68414660
570,60000000	0,68341778
570,80000000	0,68253896
571,00000000	0,68887910
571,20000000	0,68918690
571,40000000	0,69346651
571,60000000	0,70299570
571,80000000	0,69795739
572,00000000	0,69768299
572,20000000	0,70510774
572,40000000	0,70374700
572,60000000	0,70115734
572,80000000	0,70727451
573,00000000	0,71097028
573,20000000	0,70614037
573,40000000	0,70712154
573,60000000	0,70821653
573,80000000	0,70687446
574,00000000	0,71414228
574,20000000	0,71675835
574,40000000	0,71712387
574,60000000	0,72571629
574,80000000	0,72800785
575,00000000	0,72338147
575,20000000	0,72874742
575,40000000	0,73137405
575,60000000	0,72885566
575,80000000	0,73740828
576,00000000	0,74020800
576,20000000	0,73452726
576,40000000	0,73212967
576,60000000	0,73621242
576,80000000	0,73681358
577,00000000	0,74238977
577,20000000	0,74781228
577,40000000	0,74183907
577,60000000	0,74422358
577,80000000	0,75033462
578,00000000	0,74554565
578,20000000	0,74689051
578,40000000	0,75297311
578,60000000	0,75086024
578,80000000	0,75107699
579,00000000	0,75836416
579,20000000	0,75734930
579,40000000	0,75767821
579,60000000	0,76575602
579,80000000	0,76201881
580,00000000	0,75799901
580,20000000	0,76479126
580,40000000	0,76559092
580,60000000	0,76324372
580,80000000	0,77088600
581,00000000	0,76807527
581,20000000	0,76325562
581,40000000	0,77430907
581,60000000	0,77711530
581,80000000	0,77219777
582,00000000	0,77459207
582,20000000	0,77453309
582,40000000	0,77703330
582,60000000	0,78348847
582,80000000	0,77867940
583,00000000	0,77367942
583,20000000	0,78164359
583,40000000	0,78299919
583,60000000	0,77747536
583,80000000	0,78207054
584,00000000	0,78427374
584,20000000	0,78507617
584,40000000	0,79096655
584,60000000	0,78897861
584,80000000	0,78543390
585,00000000	0,78912316
585,20000000	0,79043147
585,40000000	0,79440533
585,60000000	0,79835750
585,80000000	0,79074552
586,00000000	0,78618954
586,20000000	0,79753175
586,40000000	0,80374498
586,60000000	0,79237953
586,80000000	0,79370347
587,00000000	0,80915055
587,20000000	0,80673089
587,40000000	0,79872379
587,60000000	0,79895674
587,80000000	0,80667370
588,00000000	0,81205862
588,20000000	0,80216456
588,40000000	0,79517675
588,60000000	0,81115399
588,80000000	0,81489948
589,00000000	0,79800045
589,20000000	0,80359968
589,40000000	0,82608636
589,60000000	0,81329843
589,80000000	0,80156884
590,00000000	0,81990730
590,20000000	0,82800797
590,40000000	0,81302255
590,60000000	0,80699627
590,80000000	0,82761663
591,00000000	0,83726316
591,20000000	0,81462090
591,40000000	0,80382392
591,60000000	0,83519655
591,80000000	0,84840354
592,00000000	0,81732502
592,20000000	0,80562982
592,40000000	0,83994593
592,60000000	0,84871349
592,80000000	0,82456656
593,00000000	0,81783312
593,20000000	0,83657813
593,40000000	0,84899201
593,60000000	0,84213562
593,80000000	0,82888099
594,00000000	0,82964055
594,20000000	0,85043765
594,40000000	0,85555922
594,60000000	0,83592066
594,80000000	0,83010964
595,00000000	0,85021972
595,20000000	0,86344738
595,40000000	0,85185198
595,60000000	0,83451461
595,80000000	0,84572886
596,00000000	0,87053765
596,20000000	0,85965264
596,40000000	0,84172903
596,60000000	0,85269670
596,80000000	0,86830891
597,00000000	0,86328105
597,20000000	0,85968366
597,40000000	0,85872393
597,60000000	0,85779954
597,80000000	0,86703593
598,00000000	0,87228121
598,20000000	0,86611262
598,40000000	0,86063011
598,60000000	0,86526656
598,80000000	0,87449340
599,00000000	0,87530367
599,20000000	0,86843431
599,40000000	0,86882069
599,60000000	0,87678427
599,80000000	0,87639259
600,00000000	0,87758162
600,20000000	0,88138621
600,40000000	0,87345659
600,60000000	0,87389456
600,80000000	0,89299551
601,00000000	0,89011697
601,20000000	0,87544983
601,40000000	0,88283807
601,60000000	0,89377949
601,80000000	0,88783659
602,00000000	0,88873563
602,20000000	0,89275501
602,40000000	0,88548181
602,60000000	0,89336113
602,80000000	0,90504781
603,00000000	0,89085473
603,20000000	0,88578388
603,40000000	0,90358679
603,60000000	0,90605922
603,80000000	0,89450851
604,00000000	0,89893858
604,20000000	0,90376291
604,40000000	0,90065596
604,60000000	0,90699927
604,80000000	0,90952041
605,00000000	0,90042806
605,20000000	0,90232879
605,40000000	0,91460326
605,60000000	0,91106184
605,80000000	0,90335107
606,00000000	0,90851214
606,20000000	0,91364098
606,40000000	0,91198456
606,60000000	0,91171926
606,80000000	0,91174904
607,00000000	0,91129758
607,20000000	0,91639046
607,40000000	0,91959568
607,60000000	0,91373527
607,80000000	0,91218321
608,00000000	0,91898034
608,20000000	0,92205658
608,40000000	0,91917321
608,60000000	0,91736381
608,80000000	0,92034517
609,00000000	0,92332153
609,20000000	0,92318995
609,40000000	0,92451837
609,60000000	0,92435718
609,80000000	0,92460101
610,00000000	0,92661704
610,20000000	0,92814146
610,40000000	0,92722077
610,60000000	0,92589987
610,80000000	0,92865161
611,00000000	0,93040630
611,20000000	0,93025096
611,40000000	0,93012598
611,60000000	0,92935441
611,80000000	0,92952136
612,00000000	0,93212367
612,20000000	0,93373823
612,40000000	0,93149869
612,60000000	0,93190959
612,80000000	0,93486993
613,00000000	0,93604779
613,20000000	0,93523509
613,40000000	0,93537317
613,60000000	0,93575265
613,80000000	0,93680352
614,00000000	0,93799445
614,20000000	0,93819272
614,40000000	0,93827540
614,60000000	0,93899290
614,80000000	0,94025341
615,00000000	0,94110489
615,20000000	0,94099275
615,40000000	0,94090772
615,60000000	0,94226494
615,80000000	0,94377864
616,00000000	0,94419515
616,20000000	0,94359014
616,40000000	0,94410139
616,60000000	0,94470908
616,80000000	0,94617006
617,00000000	0,94746377
617,20000000	0,94561506
617,40000000	0,94597934
617,60000000	0,94793002
617,80000000	0,94881374
618,00000000	0,94804126
618,20000000	0,94790712
618,40000000	0,94953840
618,60000000	0,95073333
618,80000000	0,95153635
619,00000000	0,95127810
619,20000000	0,95108739
619,40000000	0,95271359
619,60000000	0,95392357
619,80000000	0,95367223
620,00000000	0,95328412
620,20000000	0,95396496
620,40000000	0,95578178
620,60000000	0,95603748
620,80000000	0,95592854
621,00000000	0,95662117
621,20000000	0,95797731
621,40000000	0,95842337
621,60000000	0,95837942
621,80000000	0,95962264
622,00000000	0,95969668
622,20000000	0,96016122
622,40000000	0,96108549
622,60000000	0,96119391
622,80000000	0,96060744
623,00000000	0,96176459
623,20000000	0,96327571
623,40000000	0,96378481
623,60000000	0,96422287
623,80000000	0,96393202
624,00000000	0,96434811
624,20000000	0,96638373
624,40000000	0,96671843
624,60000000	0,96615201
624,80000000	0,96642194
625,00000000	0,96764649
625,20000000	0,96844552
625,40000000	0,96813900
625,60000000	0,96844233
625,80000000	0,96929851
626,00000000	0,96955386
626,20000000	0,96995054
626,40000000	0,97097791
626,60000000	0,97110632
626,80000000	0,97123774
627,00000000	0,97260930
627,20000000	0,97218983
627,40000000	0,97213085
627,60000000	0,97303291
627,80000000	0,97404405
628,00000000	0,97441041
628,20000000	0,97381530
628,40000000	0,97468025
628,60000000	0,97608376
628,80000000	0,97634337
629,00000000	0,97620753
629,20000000	0,97610152
629,40000000	0,97633033
629,60000000	0,97741166
629,80000000	0,97811565
630,00000000	0,97807175
630,20000000	0,97778376
630,40000000	0,97853920
630,60000000	0,97902138
630,80000000	0,97923137
631,00000000	0,97944299
631,20000000	0,97905961
631,40000000	0,97986139
631,60000000	0,98040859
631,80000000	0,98026505
632,00000000	0,98060241
632,20000000	0,98113073
632,40000000	0,98101353
632,60000000	0,98139987
632,80000000	0,98082913
633,00000000	0,98111505
633,20000000	0,98256364
633,40000000	0,98218658
633,60000000	0,98209335
633,80000000	0,98219601
634,00000000	0,98263160
634,20000000	0,98268878
634,40000000	0,98304457
634,60000000	0,98262716
634,80000000	0,98284850
635,00000000	0,98379423
635,20000000	0,98317030
635,40000000	0,98285965
635,60000000	0,98318737
635,80000000	0,98385098
636,00000000	0,98393608
636,20000000	0,98399757
636,40000000	0,98376623
636,60000000	0,98386995
636,80000000	0,98413806
637,00000000	0,98441218
637,20000000	0,98442107
637,40000000	0,98436168
637,60000000	0,98428171
637,80000000	0,98414593
638,00000000	0,98445268
638,20000000	0,98444969
638,40000000	0,98511691
638,60000000	0,98477104
638,80000000	0,98412430
639,00000000	0,98421208
639,20000000	0,98448292
639,40000000	0,98460212
639,60000000	0,98518025
639,80000000	0,98570644
640,00000000	0,98485817
640,20000000	0,98520011
640,40000000	0,98535120
640,60000000	0,98570050
640,80000000	0,98591282
641,00000000	0,98549979
641,20000000	0,98564515
641,40000000	0,98596753
641,60000000	0,98562115
641,80000000	0,98547566
642,00000000	0,98568580
642,20000000	0,98603009
642,40000000	0,98633089
642,60000000	0,98591837
642,80000000	0,98609521
643,00000000	0,98643041
643,20000000	0,98624438
643,40000000	0,98635794
643,60000000	0,98628875
643,80000000	0,98678900
644,00000000	0,98724484
644,20000000	0,98701757
644,40000000	0,98698631
644,60000000	0,98663262
644,80000000	0,98748916
645,00000000	0,98777839
645,20000000	0,98722546
645,40000000	0,98749335
645,60000000	0,98736697
645,80000000	0,98746180
646,00000000	0,98819868
646,20000000	0,98806214
646,40000000	0,98797556
646,60000000	0,98789663
646,80000000	0,98725415
647,00000000	0,98804241
647,20000000	0,98857449
647,40000000	0,98884092
647,60000000	0,98928942
647,80000000	0,98868858
648,00000000	0,98941363
648,20000000	0,98994125
648,40000000	0,98937876
648,60000000	0,99063276
648,80000000	0,99037114
649,00000000	0,99033084
649,20000000	0,99061318
649,40000000	0,99040371
649,60000000	0,99079634
649,80000000	0,99093820
650,00000000	0,99081163
650,20000000	0,99096301
650,40000000	0,99066306
650,60000000	0,99139946
650,80000000	0,99177210
651,00000000	0,99127589
651,20000000	0,99184879
651,40000000	0,99226179
651,60000000	0,99274315
651,80000000	0,99362431
652,00000000	0,99315036
652,20000000	0,99349426
652,40000000	0,99355349
652,60000000	0,99375625
652,80000000	0,99438707
653,00000000	0,99407120
653,20000000	0,99452636
653,40000000	0,99429198
653,60000000	0,99424662
653,80000000	0,99507662
654,00000000	0,99421432
654,20000000	0,99386111
654,40000000	0,99433001
654,60000000	0,99406897
654,80000000	0,99507719
655,00000000	0,99509907
655,20000000	0,99462157
655,40000000	0,99517342
655,60000000	0,99510468
655,80000000	0,99557892
656,00000000	0,99623724
656,20000000	0,99562595
656,40000000	0,99641353
656,60000000	0,99611811
656,80000000	0,99585279
657,00000000	0,99617644
657,20000000	0,99610285
657,40000000	0,99572072
657,60000000	0,99549093
657,80000000	0,99546045
658,00000000	0,99589080
658,20000000	0,99570056
658,40000000	0,99563201
658,60000000	0,99548316
658,80000000	0,99566831
659,00000000	0,99625221
659,20000000	0,99619422
659,40000000	0,99598750
659,60000000	0,99642172
659,80000000	0,99612828
660,00000000	0,99670112
660,20000000	0,99667004
660,40000000	0,99642799
660,60000000	0,99656373
660,80000000	0,99602609
661,00000000	0,99630557
661,20000000	0,99656218
661,40000000	0,99606157
661,60000000	0,99584301
661,80000000	0,99529719
662,00000000	0,99538332
662,20000000	0,99583345
662,40000000	0,99569666
662,60000000	0,99540277
662,80000000	0,99567877
663,00000000	0,99577338
663,20000000	0,99612986
663,40000000	0,99578834
663,60000000	0,99563338
663,80000000	0,99557222
664,00000000	0,99492616
664,20000000	0,99506035
664,40000000	0,99505775
664,60000000	0,99456380
664,80000000	0,99413604
665,00000000	0,99351031
665,20000000	0,99379656
665,40000000	0,99386950
665,60000000	0,99349433
665,80000000	0,99364099
666,00000000	0,99359782
666,20000000	0,99382420
666,40000000	0,99419023
666,60000000	0,99290665
666,80000000	0,99289595
667,00000000	0,99313853
667,20000000	0,99280675
667,40000000	0,99291846
667,60000000	0,99257502
667,80000000	0,99291601
668,00000000	0,99309013
668,20000000	0,99315488
668,40000000	0,99381124
668,60000000	0,99341983
668,80000000	0,99270766
669,00000000	0,99208563
669,20000000	0,99201153
669,40000000	0,99246174
669,60000000	0,99153731
669,80000000	0,99157415
670,00000000	0,99188790
670,20000000	0,99127651
670,40000000	0,99220531
670,60000000	0,99149140
670,80000000	0,99101139
671,00000000	0,99133428
671,20000000	0,99076989
671,40000000	0,99080530
671,60000000	0,99087522
671,80000000	0,99129927
672,00000000	0,99176929
672,20000000	0,99103182
672,40000000	0,99149151
672,60000000	0,99206547
672,80000000	0,99171774
673,00000000	0,99181764
673,20000000	0,99164390
673,40000000	0,99142417
673,60000000	0,99089653
673,80000000	0,99048638
674,00000000	0,99142635
674,20000000	0,99087033
674,40000000	0,99045164
674,60000000	0,99059453
674,80000000	0,99074906
675,00000000	0,99100575
675,20000000	0,99111229
675,40000000	0,99089973
675,60000000	0,99084732
675,80000000	0,99165544
676,00000000	0,99167406
676,20000000	0,99129877
676,40000000	0,99171437
676,60000000	0,99204824
676,80000000	0,99152387
677,00000000	0,99159122
677,20000000	0,99146442
677,40000000	0,99117984
677,60000000	0,99127691
677,80000000	0,99115356
678,00000000	0,99188060
678,20000000	0,99173997
678,40000000	0,99118430
678,60000000	0,99142433
678,80000000	0,99128904
679,00000000	0,99148832
679,20000000	0,99134534
679,40000000	0,99117517
679,60000000	0,99118735
679,80000000	0,99120351
680,00000000	0,99175558
680,20000000	0,99215378
680,40000000	0,99146380
680,60000000	0,99174279
680,80000000	0,99159957
681,00000000	0,99194756
681,20000000	0,99290482
681,40000000	0,99257527
681,60000000	0,99222662
681,80000000	0,99209083
682,00000000	0,99247091
682,20000000	0,99229769
682,40000000	0,99151045
682,60000000	0,99188306
682,80000000	0,99195928
683,00000000	0,99134573
683,20000000	0,99230441
683,40000000	0,99220464
683,60000000	0,99198874
683,80000000	0,99230710
684,00000000	0,99249758
684,20000000	0,99237098
684,40000000	0,99164692
684,60000000	0,99239543
684,80000000	0,99304455
685,00000000	0,99230305
685,20000000	0,99215377
685,40000000	0,99221619
685,60000000	0,99182345
685,80000000	0,99190120
686,00000000	0,99200788
686,20000000	0,99226072
686,40000000	0,99197030
686,60000000	0,99273682
686,80000000	0,99282087
687,00000000	0,99205669
687,20000000	0,99239306
687,40000000	0,99198991
687,60000000	0,99136521
687,80000000	0,99199785
688,00000000	0,99257443
688,20000000	0,99172000
688,40000000	0,99142654
688,60000000	0,99254768
688,80000000	0,99300437
689,00000000	0,99167395
689,20000000	0,99145314
689,40000000	0,99171908
689,60000000	0,99186714
689,80000000	0,99270482
690,00000000	0,99164398
690,20000000	0,99134361
690,40000000	0,99211390
690,60000000	0,99234857
690,80000000	0,99218945
691,00000000	0,99111803
691,20000000	0,99192451
691,40000000	0,99204437
691,60000000	0,99143236
691,80000000	0,99227217
692,00000000	0,99206447
692,20000000	0,99105061
692,40000000	0,99120676
692,60000000	0,99150875
692,80000000	0,99199178
693,00000000	0,99154593
693,20000000	0,99111792
693,40000000	0,99173433
693,60000000	0,99089052
693,80000000	0,99225349
694,00000000	0,99201086
694,20000000	0,99095139
694,40000000	0,99186929
694,60000000	0,99160569
694,80000000	0,99210232
695,00000000	0,99166955
695,20000000	0,99130747
695,40000000	0,99139053
695,60000000	0,99096940
695,80000000	0,99168299
696,00000000	0,99168253
696,20000000	0,99077233
696,40000000	0,99174987
696,60000000	0,99138105
696,80000000	0,99061778
697,00000000	0,99243758
697,20000000	0,99197543
697,40000000	0,99060586
697,60000000	0,99061530
697,80000000	0,99125730
698,00000000	0,99185773
698,20000000	0,99110662
698,40000000	0,99165622
698,60000000	0,99177231
698,80000000	0,99111335
699,00000000	0,99242656
699,20000000	0,99219113
699,40000000	0,99201870
699,60000000	0,99215261
699,80000000	0,99159050
700,00000000	0,99254899
700,20000000	0,99202612
700,40000000	0,99194532
700,60000000	0,99162316
700,80000000	0,99062038
701,00000000	0,99220924
701,20000000	0,99269021
701,40000000	0,99249350
701,60000000	0,99231945
701,80000000	0,99105975
702,00000000	0,99170972
702,20000000	0,99318260
702,40000000	0,99311588
702,60000000	0,99288217
702,80000000	0,99219669
703,00000000	0,99299519
703,20000000	0,99266055
703,40000000	0,99232661
703,60000000	0,99336444
703,80000000	0,99272656
704,00000000	0,99271792
704,20000000	0,99357073
704,40000000	0,99389481
704,60000000	0,99401052
704,80000000	0,99333899
705,00000000	0,99389169
705,20000000	0,99384544
705,40000000	0,99244751
705,60000000	0,99432485
705,80000000	0,99387888
706,00000000	0,99237416
706,20000000	0,99421252
706,40000000	0,99387356
706,60000000	0,99329968
706,80000000	0,99456419
707,00000000	0,99448233
707,20000000	0,99361301
707,40000000	0,99366888
707,60000000	0,99503232
707,80000000	0,99406137
708,00000000	0,99418871
708,20000000	0,99574951
708,40000000	0,99348263
708,60000000	0,99388089
708,80000000	0,99582469
709,00000000	0,99350209
709,20000000	0,99434772
709,40000000	0,99556662
709,60000000	0,99424063
709,80000000	0,99524323
710,00000000	0,99529436
710,20000000	0,99479344
710,40000000	0,99472292
710,60000000	0,99579554
710,80000000	0,99545589
711,00000000	0,99380534
711,20000000	0,99557002
711,40000000	0,99562138
711,60000000	0,99466358
711,80000000	0,99601786
712,00000000	0,99509096
712,20000000	0,99482908
712,40000000	0,99556769
712,60000000	0,99522214
712,80000000	0,99614302
713,00000000	0,99526875
713,20000000	0,99463597
713,40000000	0,99579822
713,60000000	0,99442673
713,80000000	0,99492366
714,00000000	0,99596873
714,20000000	0,99497983
714,40000000	0,99487581
714,60000000	0,99542402
714,80000000	0,99590783
715,00000000	0,99557333
715,20000000	0,99518608
715,40000000	0,99597182
715,60000000	0,99484160
715,80000000	0,99446352
716,00000000	0,99504646
716,20000000	0,99500246
716,40000000	0,99525822
716,60000000	0,99462732
716,80000000	0,99527054
717,00000000	0,99525648
717,20000000	0,99361167
717,40000000	0,99500107
717,60000000	0,99495016
717,80000000	0,99368682
718,00000000	0,99494780
718,20000000	0,99466229
718,40000000	0,99460168
718,60000000	0,99424839
718,80000000	0,99438053
719,00000000	0,99474476
719,20000000	0,99414423
719,40000000	0,99427795
719,60000000	0,99352479
719,80000000	0,99379698
720,00000000	0,99435840
720,20000000	0,99298802
720,40000000	0,99357171
720,60000000	0,99422900
720,80000000	0,99271181
721,00000000	0,99391572
721,20000000	0,99333666
721,40000000	0,99353245
721,60000000	0,99396760
721,80000000	0,99255258
722,00000000	0,99342050
722,20000000	0,99239483
722,40000000	0,99220285
722,60000000	0,99413249
722,80000000	0,99179675
723,00000000	0,99113745
723,20000000	0,99340046
723,40000000	0,99097641
723,60000000	0,99270370
723,80000000	0,99211204
724,00000000	0,99064814
724,20000000	0,99178778
724,40000000	0,99064234
724,60000000	0,99065621
724,80000000	0,99236912
725,00000000	0,99012666
725,20000000	0,99160470
725,40000000	0,99177849
725,60000000	0,99025426
725,80000000	0,99129740
726,00000000	0,99079931
726,20000000	0,99077716
726,40000000	0,99051157
726,60000000	0,98953688
726,80000000	0,99097569
727,00000000	0,99102055
727,20000000	0,98925459
727,40000000	0,98970174
727,60000000	0,98964618
727,80000000	0,98980237
728,00000000	0,99056969
728,20000000	0,99026176
728,40000000	0,98971323
728,60000000	0,99012595
728,80000000	0,98886285
729,00000000	0,98895299
729,20000000	0,98925747
729,40000000	0,98931979
729,60000000	0,98928106
729,80000000	0,98963269
730,00000000	0,98890234
730,20000000	0,98797367
730,40000000	0,98898387
730,60000000	0,98876421
730,80000000	0,98800167
731,00000000	0,98881150
731,20000000	0,98867706
731,40000000	0,98772373
731,60000000	0,98757439
731,80000000	0,98830738
732,00000000	0,98893177
732,20000000	0,98856686
732,40000000	0,98883061
732,60000000	0,98823861
732,80000000	0,98798609
733,00000000	0,98806658
733,20000000	0,98794814
733,40000000	0,98807969
733,60000000	0,98829090
733,80000000	0,98772739
734,00000000	0,98856504
734,20000000	0,98855682
734,40000000	0,98816701
734,60000000	0,98784753
734,80000000	0,98881925
735,00000000	0,98816553
735,20000000	0,98707278
735,40000000	0,98844588
735,60000000	0,98797977
735,80000000	0,98690285
736,00000000	0,98803700
736,20000000	0,98766366
736,40000000	0,98745798
736,60000000	0,98815852
736,80000000	0,98757473
737,00000000	0,98718166
737,20000000	0,98821164
737,40000000	0,98720321
737,60000000	0,98705197
737,80000000	0,98809172
738,00000000	0,98817570
738,20000000	0,98758832
738,40000000	0,98723885
738,60000000	0,98751317
738,80000000	0,98762716
739,00000000	0,98841023
739,20000000	0,98924870
739,40000000	0,98838207
739,60000000	0,98822724
739,80000000	0,98849291
740,00000000	0,98929645
740,20000000	0,98840943
740,40000000	0,98844792
740,60000000	0,98787758
740,80000000	0,98853684
741,00000000	0,98918240
741,20000000	0,98906481
741,40000000	0,98892879
741,60000000	0,98849534
741,80000000	0,98823515
742,00000000	0,98876838
742,20000000	0,98891019
742,40000000	0,98793614
742,60000000	0,98899299
742,80000000	0,98856165
743,00000000	0,98766542
743,20000000	0,98836797
743,40000000	0,98953812
743,60000000	0,98893297
743,80000000	0,98897428
744,00000000	0,98913731
744,20000000	0,98874874
744,40000000	0,98858877
744,60000000	0,98892291
744,80000000	0,98935871
745,00000000	0,98964055
745,20000000	0,98932744
745,40000000	0,98886900
745,60000000	0,98940902
745,80000000	0,98951165
746,00000000	0,98961756
746,20000000	0,98913120
746,40000000	0,98931539
746,60000000	0,98896283
746,80000000	0,98938520
747,00000000	0,98946597
747,20000000	0,98847045
747,40000000	0,98860993
747,60000000	0,99001895
747,80000000	0,98873759
748,00000000	0,98869278
748,20000000	0,98951541
748,40000000	0,98810377
748,60000000	0,98813039
748,80000000	0,98907200
749,00000000	0,98878671
749,20000000	0,98836602
749,40000000	0,98870126
749,60000000	0,98860596
749,80000000	0,98823721
750,00000000	0,98913285
750,20000000	0,98928223
750,40000000	0,98880162
750,60000000	0,98822668
750,80000000	0,98815840
751,00000000	0,98840221
751,20000000	0,98907698
751,40000000	0,98856671
751,60000000	0,98865875
751,80000000	0,98875133
752,00000000	0,98831636
752,20000000	0,98820518
752,40000000	0,98819891
752,60000000	0,98773470
752,80000000	0,98742991
753,00000000	0,98825182
753,20000000	0,98801152
753,40000000	0,98730602
753,60000000	0,98742918
753,80000000	0,98811689
754,00000000	0,98736182
754,20000000	0,98760026
754,40000000	0,98630355
754,60000000	0,98644972
754,80000000	0,98681079
755,00000000	0,98615620
755,20000000	0,98647008
755,40000000	0,98646464
755,60000000	0,98587142
755,80000000	0,98681111
756,00000000	0,98644838
756,20000000	0,98585685
756,40000000	0,98589858
756,60000000	0,98643005
756,80000000	0,98578597
757,00000000	0,98590355
757,20000000	0,98572865
757,40000000	0,98544218
757,60000000	0,98521704
757,80000000	0,98542227
758,00000000	0,98544556
758,20000000	0,98510291
758,40000000	0,98474706
758,60000000	0,98407559
758,80000000	0,98433975
759,00000000	0,98411907
759,20000000	0,98379661
759,40000000	0,98392706
759,60000000	0,98410128
759,80000000	0,98420363
760,00000000	0,98296195
760,20000000	0,98367732
760,40000000	0,98367098
760,60000000	0,98430631
760,80000000	0,98352258
761,00000000	0,98310022
761,20000000	0,98338505
761,40000000	0,98300402
761,60000000	0,98253800
761,80000000	0,98320857
762,00000000	0,98312003
762,20000000	0,98300504
762,40000000	0,98305524
762,60000000	0,98233654
762,80000000	0,98238898
763,00000000	0,98304068
763,20000000	0,98269771
763,40000000	0,98248167
763,60000000	0,98346579
763,80000000	0,98364408
764,00000000	0,98269005
764,20000000	0,98217511
764,40000000	0,98254550
764,60000000	0,98283802
764,80000000	0,98260637
765,00000000	0,98250603
765,20000000	0,98293060
765,40000000	0,98353354
765,60000000	0,98320619
765,80000000	0,98302685
766,00000000	0,98214837
766,20000000	0,98208880
766,40000000	0,98250209
766,60000000	0,98307323
766,80000000	0,98266957
767,00000000	0,98252643
767,20000000	0,98322280
767,40000000	0,98250772
767,60000000	0,98268175
767,80000000	0,98323330
768,00000000	0,98268188
768,20000000	0,98307885
768,40000000	0,98310635
768,60000000	0,98347794
768,80000000	0,98278343
769,00000000	0,98372981
769,20000000	0,98359952
769,40000000	0,98355127
769,60000000	0,98303987
769,80000000	0,98319525
770,00000000	0,98270758
770,20000000	0,98346437
770,40000000	0,98400346
770,60000000	0,98428719
770,80000000	0,98427969
771,00000000	0,98451850
771,20000000	0,98431293
771,40000000	0,98450228
771,60000000	0,98397272
771,80000000	0,98416485
772,00000000	0,98398098
772,20000000	0,98391073
772,40000000	0,98409788
772,60000000	0,98449894
772,80000000	0,98518642
773,00000000	0,98509583
773,20000000	0,98408687
773,40000000	0,98440469
773,60000000	0,98563158
773,80000000	0,98572155
774,00000000	0,98529086
774,20000000	0,98509295
774,40000000	0,98537356
774,60000000	0,98528464
774,80000000	0,98479360
775,00000000	0,98516898
775,20000000	0,98535284
775,40000000	0,98508258
775,60000000	0,98567221
775,80000000	0,98551014
776,00000000	0,98484316
776,20000000	0,98544435
776,40000000	0,98583517
776,60000000	0,98514706
776,80000000	0,98544580
777,00000000	0,98497247
777,20000000	0,98521890
777,40000000	0,98536232
777,60000000	0,98579529
777,80000000	0,98530423
778,00000000	0,98572972
778,20000000	0,98560100
778,40000000	0,98523750
778,60000000	0,98535300
778,80000000	0,98580335
779,00000000	0,98573048
779,20000000	0,98485775
779,40000000	0,98442678
779,60000000	0,98461467
779,80000000	0,98395268
780,00000000	0,98487975
780,20000000	0,98499363
780,40000000	0,98494491
780,60000000	0,98401387
780,80000000	0,98422413
781,00000000	0,98473657
781,20000000	0,98266359
781,40000000	0,98284311
781,60000000	0,98484862
781,80000000	0,98441075
782,00000000	0,98329991
782,20000000	0,98420159
782,40000000	0,98418174
782,60000000	0,98372526
782,80000000	0,98299230
783,00000000	0,98250860
783,20000000	0,98257228
783,40000000	0,98268550
783,60000000	0,98177489
783,80000000	0,98295648
784,00000000	0,98227678
784,20000000	0,98179094
784,40000000	0,98100453
784,60000000	0,98076963
784,80000000	0,98100181
785,00000000	0,98032284
785,20000000	0,98093007
785,40000000	0,97977074
785,60000000	0,98016408
785,80000000	0,98021998
786,00000000	0,98051163
786,20000000	0,98013354
786,40000000	0,97907470
786,60000000	0,97835955
786,80000000	0,97968204
787,00000000	0,97845950
787,20000000	0,97709352
787,40000000	0,97852136
787,60000000	0,97854825
787,80000000	0,97747279
788,00000000	0,97711605
788,20000000	0,97672599
788,40000000	0,97647282
788,60000000	0,97731780
788,80000000	0,97614507
789,00000000	0,97638641
789,20000000	0,97622035
789,40000000	0,97557700
789,60000000	0,97536478
789,80000000	0,97543608
790,00000000	0,97570274
790,20000000	0,97457377
790,40000000	0,97450995
790,60000000	0,97466117
790,80000000	0,97440000
791,00000000	0,97438671
791,20000000	0,97414988
791,40000000	0,97385355
791,60000000	0,97366861
791,80000000	0,97354885
792,00000000	0,97312557
792,20000000	0,97279835
792,40000000	0,97275519
792,60000000	0,97347759
792,80000000	0,97255703
793,00000000	0,97283802
793,20000000	0,97266040
793,40000000	0,97195958
793,60000000	0,97206171
793,80000000	0,97130164
794,00000000	0,97252815
794,20000000	0,97193164
794,40000000	0,97012735
794,60000000	0,97054570
794,80000000	0,97188532
795,00000000	0,97175276
795,20000000	0,97031866
795,40000000	0,97117289
795,60000000	0,96951144
795,80000000	0,97124467
796,00000000	0,96976204
796,20000000	0,97085203
796,40000000	0,97219307
796,60000000	0,97191324
796,80000000	0,96929365
797,00000000	0,97048120
797,20000000	0,97105356
797,40000000	0,97106137
797,60000000	0,96984603
797,80000000	0,96939687
798,00000000	0,97073127
798,20000000	0,97125032
798,40000000	0,96942933
798,60000000	0,96982289
798,80000000	0,96996169
799,00000000	0,97039481
799,20000000	0,97024681
799,40000000	0,96979152
799,60000000	0,96842415
799,80000000	0,97038759
800,00000000	0,96903181
800,20000000	0,96776642
800,40000000	0,96893661
800,60000000	0,97032727
800,80000000	0,96976763
801,00000000	0,97084960
801,20000000	0,96889367
801,40000000	0,97028652
801,60000000	0,97018464
801,80000000	0,96884490
802,00000000	0,97015140
802,20000000	0,97074347
802,40000000	0,97060768
802,60000000	0,96882433
802,80000000	0,96897256
803,00000000	0,97039685
803,20000000	0,97029345
803,40000000	0,96927289
803,60000000	0,96975125
803,80000000	0,97041533
804,00000000	0,96878366
804,20000000	0,96998554
804,40000000	0,96900805
804,60000000	0,96910886
804,80000000	0,96867996
805,00000000	0,97100511
805,20000000	0,97066746
805,40000000	0,96905488
805,60000000	0,96939435
805,80000000	0,96977633
806,00000000	0,97085144
806,20000000	0,97096184
806,40000000	0,97015094
806,60000000	0,96958115
806,80000000	0,97020874
807,00000000	0,97185013
807,20000000	0,96947804
807,40000000	0,96964330
807,60000000	0,97131234
807,80000000	0,96953461
808,00000000	0,96867519
808,20000000	0,97156056
808,40000000	0,97043431
808,60000000	0,96841351
808,80000000	0,97133941
809,00000000	0,97070508
809,20000000	0,96965547
809,40000000	0,97044371
809,60000000	0,97018779
809,80000000	0,97024010
810,00000000	0,97063003
810,20000000	0,96985436
810,40000000	0,97044492
810,60000000	0,97105677
810,80000000	0,96863712
811,00000000	0,96994714
811,20000000	0,96973408
811,40000000	0,97165474
811,60000000	0,96919083
811,80000000	0,96940087
812,00000000	0,97012815
812,20000000	0,97051922
812,40000000	0,97071987
812,60000000	0,97063861
812,80000000	0,96942958
813,00000000	0,96899298
813,20000000	0,97117131
813,40000000	0,96881194
813,60000000	0,96941026
813,80000000	0,97226969
814,00000000	0,96871255
814,20000000	0,97005101
814,40000000	0,97026434
814,60000000	0,97023558
814,80000000	0,96925705
815,00000000	0,96876622
815,20000000	0,96914410
815,40000000	0,97079159
815,60000000	0,97041290
815,80000000	0,96886673
816,00000000	0,96932093
816,20000000	0,96845066
816,40000000	0,96890620
816,60000000	0,96906611
816,80000000	0,97005526
817,00000000	0,96882741
817,20000000	0,96872214
817,40000000	0,96865623
817,60000000	0,96910319
817,80000000	0,96723709
818,00000000	0,96735139
818,20000000	0,96901349
818,40000000	0,96978851
818,60000000	0,96828638
818,80000000	0,96820364
819,00000000	0,96827434
819,20000000	0,96740206
819,40000000	0,96635497
819,60000000	0,96686787
819,80000000	0,96629044
820,00000000	0,96781105
820,20000000	0,96832011
820,40000000	0,96809794
820,60000000	0,96531660
820,80000000	0,96560031
821,00000000	0,96513292
821,20000000	0,96552447
821,40000000	0,96717061
821,60000000	0,96573444
821,80000000	0,96389279
822,00000000	0,96469039
822,20000000	0,96492594
822,40000000	0,96288215
822,60000000	0,96436776
822,80000000	0,96530894
823,00000000	0,96254736
823,20000000	0,96527770
823,40000000	0,96484079
823,60000000	0,96037115
823,80000000	0,96249498
824,00000000	0,96265919
824,20000000	0,96127590
824,40000000	0,96356653
824,60000000	0,95768285
824,80000000	0,96090147
825,00000000	0,96182550
825,20000000	0,95693560
825,40000000	0,96217163
825,60000000	0,95915925
825,80000000	0,95910034
826,00000000	0,95869537
826,20000000	0,95642799
826,40000000	0,95828902
826,60000000	0,95734581
826,80000000	0,95541513
827,00000000	0,95781043
827,20000000	0,95280364
827,40000000	0,95644713
827,60000000	0,95897792
827,80000000	0,94950362
828,00000000	0,95456896
828,20000000	0,95345314
828,40000000	0,95018896
828,60000000	0,95727656
828,80000000	0,94974052
829,00000000	0,94874364
829,20000000	0,95390557
829,40000000	0,94672598
829,60000000	0,94755524
829,80000000	0,95020233
830,00000000	0,94870493
830,20000000	0,94671044
830,40000000	0,94814928
830,60000000	0,94484339
830,80000000	0,94623814
831,00000000	0,94584550
831,20000000	0,94171849
831,40000000	0,94526474
831,60000000	0,94628365
831,80000000	0,93901119
832,00000000	0,94386473
832,20000000	0,94328838
832,40000000	0,93808920
832,60000000	0,94154800
832,80000000	0,93794921
833,00000000	0,94045631
833,20000000	0,94209158
833,40000000	0,93486157
833,60000000	0,93797223
833,80000000	0,93831730
834,00000000	0,93649459
834,20000000	0,93510925
834,40000000	0,93728679
834,60000000	0,93409446
834,80000000	0,93461457
835,00000000	0,93690868
835,20000000	0,92945963
835,40000000	0,93090115
835,60000000	0,93493035
835,80000000	0,93212111
836,00000000	0,93220406
836,20000000	0,93261036
836,40000000	0,92874464
836,60000000	0,93172194
836,80000000	0,92811016
837,00000000	0,92791188
837,20000000	0,93024126
837,40000000	0,92902847
837,60000000	0,93157026
837,80000000	0,92736957
838,00000000	0,92798376
838,20000000	0,92809256
838,40000000	0,92701576
838,60000000	0,92591539
838,80000000	0,92784485
839,00000000	0,92616507
839,20000000	0,92511341
839,40000000	0,92711919
839,60000000	0,92399283
839,80000000	0,92822277
840,00000000	0,92514574
840,20000000	0,92251388
840,40000000	0,92706028
840,60000000	0,92678031
840,80000000	0,92318139
841,00000000	0,92677390
841,20000000	0,92437188
841,40000000	0,92456859
841,60000000	0,92713791
841,80000000	0,92114617
842,00000000	0,92628564
842,20000000	0,92615165
842,40000000	0,92508141
842,60000000	0,92478892
842,80000000	0,92548126
843,00000000	0,92764236
843,20000000	0,92259137
843,40000000	0,93050788
843,60000000	0,92565478
843,80000000	0,92428217
844,00000000	0,92936521
844,20000000	0,92415665
844,40000000	0,92822219
844,60000000	0,92633835
844,80000000	0,93016898
845,00000000	0,92627597
845,20000000	0,93138526
845,40000000	0,93019843
845,60000000	0,92693907
845,80000000	0,93553643
846,00000000	0,92825188
846,20000000	0,93273222
846,40000000	0,93283813
846,60000000	0,92942255
846,80000000	0,93456903
847,00000000	0,93321088
847,20000000	0,93406031
847,40000000	0,93420158
847,60000000	0,93625917
847,80000000	0,93679316
848,00000000	0,93450583
848,20000000	0,94010984
848,40000000	0,93648091
848,60000000	0,93902352
848,80000000	0,94000739
849,00000000	0,93897178
849,20000000	0,93842563
849,40000000	0,94152724
849,60000000	0,94258463
849,80000000	0,94058970
850,00000000	0,94437557
850,20000000	0,94522489
850,40000000	0,94487721
850,60000000	0,94632640
850,80000000	0,94734937
851,00000000	0,94689821
851,20000000	0,94813215
851,40000000	0,94755605
851,60000000	0,94874628
851,80000000	0,95004103
852,00000000	0,95047607
852,20000000	0,95181623
852,40000000	0,95062442
852,60000000	0,95314752
852,80000000	0,95188856
853,00000000	0,95642902
853,20000000	0,95668447
853,40000000	0,95636622
853,60000000	0,95840210
853,80000000	0,95756076
854,00000000	0,95736295
854,20000000	0,95912164
854,40000000	0,95916130
854,60000000	0,96038718
854,80000000	0,96051717
855,00000000	0,96103183
855,20000000	0,96234403
855,40000000	0,96237057
855,60000000	0,96369006
855,80000000	0,96545744
856,00000000	0,96568724
856,20000000	0,96623595
856,40000000	0,96474743
856,60000000	0,96704274
856,80000000	0,96752729
857,00000000	0,96724829
857,20000000	0,96853271
857,40000000	0,96995449
857,60000000	0,96962296
857,80000000	0,97089801
858,00000000	0,97194407
858,20000000	0,97044054
858,40000000	0,97172088
858,60000000	0,97205747
858,80000000	0,97247822
859,00000000	0,97316092
859,20000000	0,97346643
859,40000000	0,97397432
859,60000000	0,97423343
859,80000000	0,97513123
860,00000000	0,97559488
860,20000000	0,97651290
860,40000000	0,97748542
860,60000000	0,97728030
860,80000000	0,97683437
861,00000000	0,97782558
861,20000000	0,97600132
861,40000000	0,97819291
861,60000000	0,97808659
861,80000000	0,97761744
862,00000000	0,97834992
862,20000000	0,97916082
862,40000000	0,97747805
862,60000000	0,97895421
862,80000000	0,98008989
863,00000000	0,98017419
863,20000000	0,97988781
863,40000000	0,98050244
863,60000000	0,97914660
863,80000000	0,97954245
864,00000000	0,98109034
864,20000000	0,98025392
864,40000000	0,98057521
864,60000000	0,98099736
864,80000000	0,98041240
865,00000000	0,98043031
865,20000000	0,98060615
865,40000000	0,98035178
865,60000000	0,98125508
865,80000000	0,98233363
866,00000000	0,98156257
866,20000000	0,98068131
866,40000000	0,98026836
866,60000000	0,98088137
866,80000000	0,98228028
867,00000000	0,97982895
867,20000000	0,98105122
867,40000000	0,98164683
867,60000000	0,98051306
867,80000000	0,98093060
868,00000000	0,98152970
868,20000000	0,98224312
868,40000000	0,98182849
868,60000000	0,98040637
868,80000000	0,98054574
869,00000000	0,98078442
869,20000000	0,98084129
869,40000000	0,98027942
869,60000000	0,98156609
869,80000000	0,98212993
870,00000000	0,98079987
870,20000000	0,98121702
870,40000000	0,98066293
870,60000000	0,98089625
870,80000000	0,98161818
871,00000000	0,98181915
871,20000000	0,98066943
871,40000000	0,98062978
871,60000000	0,97955340
871,80000000	0,98021190
872,00000000	0,98014784
872,20000000	0,98157525
872,40000000	0,97987253
872,60000000	0,98025759
872,80000000	0,98026379
873,00000000	0,98086564
873,20000000	0,98005244
873,40000000	0,97994235
873,60000000	0,98074423
873,80000000	0,98028070
874,00000000	0,97980198
874,20000000	0,97901462
874,40000000	0,97711525
874,60000000	0,97853392
874,80000000	0,98058456
875,00000000	0,98002915
875,20000000	0,97900612
875,40000000	0,97940134
875,60000000	0,97824558
875,80000000	0,97722399
876,00000000	0,97936808
876,20000000	0,97873007
876,40000000	0,97918714
876,60000000	0,97907962
876,80000000	0,97738315
877,00000000	0,97719541
877,20000000	0,97771000
877,40000000	0,97784069
877,60000000	0,97704765
877,80000000	0,97854861
878,00000000	0,97677361
878,20000000	0,97634101
878,40000000	0,97771670
878,60000000	0,97706502
878,80000000	0,97698282
879,00000000	0,97663328
879,20000000	0,97636842
879,40000000	0,97406739
879,60000000	0,97422863
879,80000000	0,97566306
880,00000000	0,97578977
880,20000000	0,97592509
880,40000000	0,97524813
880,60000000	0,97509577
880,80000000	0,97255658
881,00000000	0,97262822
881,20000000	0,97491384
881,40000000	0,97388720
881,60000000	0,97331242
881,80000000	0,97364430
882,00000000	0,97204113
882,20000000	0,97123354
882,40000000	0,97248411
882,60000000	0,97167718
882,80000000	0,97097320
883,00000000	0,97100286
883,20000000	0,97084350
883,40000000	0,97167890
883,60000000	0,97012318
883,80000000	0,96950651
884,00000000	0,96955162
884,20000000	0,96858424
884,40000000	0,96873504
884,60000000	0,96829998
884,80000000	0,96741737
885,00000000	0,96715253
885,20000000	0,96802665
885,40000000	0,96726548
885,60000000	0,96678289
885,80000000	0,96632103
886,00000000	0,96609006
886,20000000	0,96723142
886,40000000	0,96577527
886,60000000	0,96282141
886,80000000	0,96377998
887,00000000	0,96393966
887,20000000	0,96354718
887,40000000	0,96356368
887,60000000	0,96371739
887,80000000	0,96475145
888,00000000	0,96241222
888,20000000	0,96208256
888,40000000	0,96256216
888,60000000	0,96190906
888,80000000	0,96141620
889,00000000	0,96082683
889,20000000	0,95962330
889,40000000	0,96007014
889,60000000	0,95953334
889,80000000	0,96131245
890,00000000	0,96088837
890,20000000	0,96044256
890,40000000	0,95781481
890,60000000	0,95895618
890,80000000	0,95995542
891,00000000	0,96014888
891,20000000	0,95796892
891,40000000	0,95581820
891,60000000	0,95786877
891,80000000	0,95823911
892,00000000	0,95787795
892,20000000	0,95845486
892,40000000	0,95678866
892,60000000	0,95701444
892,80000000	0,95703730
893,00000000	0,95900512
893,20000000	0,95513521
893,40000000	0,95704562
893,60000000	0,95783138
893,80000000	0,95622467
894,00000000	0,95570878
894,20000000	0,95634081
894,40000000	0,95792047
894,60000000	0,95628496
894,80000000	0,95704249
895,00000000	0,95729011
895,20000000	0,95567099
895,40000000	0,95661750
895,60000000	0,95616665
895,80000000	0,95727469
896,00000000	0,95732906
896,20000000	0,95636884
896,40000000	0,95606373
896,60000000	0,95748181
896,80000000	0,95846351
897,00000000	0,95733658
897,20000000	0,95740979
897,40000000	0,95842471
897,60000000	0,95883099
897,80000000	0,95670888
898,00000000	0,95772067
898,20000000	0,95916991
898,40000000	0,95798269
898,60000000	0,95784953
898,80000000	0,95976713
899,00000000	0,95916620
899,20000000	0,95938708
899,40000000	0,96056408
899,60000000	0,95938191
899,80000000	0,95994077
900,00000000	0,96063311
