150,00000000	0,93439470
150,20000000	0,93505026
150,40000000	0,92920001
150,60000000	0,92726358
150,80000000	0,93740903
151,00000000	0,93569448
151,20000000	0,94535634
151,40000000	0,93072429
151,60000000	0,93303639
151,80000000	0,93135934
152,00000000	0,93828379
152,20000000	0,94110151
152,40000000	0,92749004
152,60000000	0,94104367
152,80000000	0,94047046
153,00000000	0,94220914
153,20000000	0,93914843
153,40000000	0,93883054
153,60000000	0,93546594
153,80000000	0,93891381
154,00000000	0,93572612
154,20000000	0,93484287
154,40000000	0,93025677
154,60000000	0,94399063
154,80000000	0,93196297
155,00000000	0,92623550
155,20000000	0,94304456
155,40000000	0,93642242
155,60000000	0,93060484
155,80000000	0,93828493
156,00000000	0,93426995
156,20000000	0,93491892
156,40000000	0,93357023
156,60000000	0,92719761
156,80000000	0,92484048
157,00000000	0,93410809
157,20000000	0,94502650
157,40000000	0,94297640
157,60000000	0,93137638
157,80000000	0,93933190
158,00000000	0,93053965
158,20000000	0,93704294
158,40000000	0,93868185
158,60000000	0,93294765
158,80000000	0,93170910
159,00000000	0,92705492
159,20000000	0,94195344
159,40000000	0,92945310
159,60000000	0,93113241
159,80000000	0,93104414
160,00000000	0,93742306
160,20000000	0,93153096
160,40000000	0,92979594
160,60000000	0,92717547
160,80000000	0,93092109
161,00000000	0,93112845
161,20000000	0,93766968
161,40000000	0,92079069
161,60000000	0,92831005
161,80000000	0,93641552
162,00000000	0,93432665
162,20000000	0,92676931
162,40000000	0,92665636
162,60000000	0,93390333
162,80000000	0,93505838
163,00000000	0,93550892
163,20000000	0,93079876
163,40000000	0,92690301
163,60000000	0,93351933
163,80000000	0,93904428
164,00000000	0,93262079
164,20000000	0,92997150
164,40000000	0,93026828
164,60000000	0,93251055
164,80000000	0,93847665
165,00000000	0,93806698
165,20000000	0,93120071
165,40000000	0,92652101
165,60000000	0,93444344
165,80000000	0,94130526
166,00000000	0,93448634
166,20000000	0,93603855
166,40000000	0,93345376
166,60000000	0,93621053
166,80000000	0,93805723
167,00000000	0,93739258
167,20000000	0,94353914
167,40000000	0,93432586
167,60000000	0,93631059
167,80000000	0,94270581
168,00000000	0,93811125
168,20000000	0,93667111
168,40000000	0,93869777
168,60000000	0,94487121
168,80000000	0,94308284
169,00000000	0,94818752
169,20000000	0,94208749
169,40000000	0,94606453
169,60000000	0,95500089
169,80000000	0,95272469
170,00000000	0,95072649
170,20000000	0,94678634
170,40000000	0,95154530
170,60000000	0,95636833
170,80000000	0,95636551
171,00000000	0,95419978
171,20000000	0,95484431
171,40000000	0,95974614
171,60000000	0,95677141
171,80000000	0,95830022
172,00000000	0,96124967
172,20000000	0,96101003
172,40000000	0,96188148
172,60000000	0,96149376
172,80000000	0,96197777
173,00000000	0,96424326
173,20000000	0,96604709
173,40000000	0,96736864
173,60000000	0,96963706
173,80000000	0,96701062
174,00000000	0,96977863
174,20000000	0,96865173
174,40000000	0,97281201
174,60000000	0,97098898
174,80000000	0,97482924
175,00000000	0,97259509
175,20000000	0,97182378
175,40000000	0,97641377
175,60000000	0,97703872
175,80000000	0,97815967
176,00000000	0,97639053
176,20000000	0,97881108
176,40000000	0,97985298
176,60000000	0,98229539
176,80000000	0,98096289
177,00000000	0,98082687
177,20000000	0,98112961
177,40000000	0,98343359
177,60000000	0,98244778
177,80000000	0,98468734
178,00000000	0,98605355
178,20000000	0,98588500
178,40000000	0,98611413
178,60000000	0,98714227
178,80000000	0,98895930
179,00000000	0,98900710
179,20000000	0,98986206
179,40000000	0,99075643
179,60000000	0,99161197
179,80000000	0,99079158
180,00000000	0,99104166
180,20000000	0,99051346
180,40000000	0,99176141
180,60000000	0,99236710
180,80000000	0,99284162
181,00000000	0,99291806
181,20000000	0,99230448
181,40000000	0,99418655
181,60000000	0,99445945
181,80000000	0,99491039
182,00000000	0,99534870
182,20000000	0,99569303
182,40000000	0,99528834
182,60000000	0,99492938
182,80000000	0,99628766
183,00000000	0,99662871
183,20000000	0,99582170
183,40000000	0,99593236
183,60000000	0,99761836
183,80000000	0,99778367
184,00000000	0,99790233
184,20000000	0,99787833
184,40000000	0,99778454
184,60000000	0,99802807
184,80000000	0,99845416
185,00000000	0,99822450
185,20000000	0,99793987
185,40000000	0,99826252
185,60000000	0,99772960
185,80000000	0,99753634
186,00000000	0,99805933
186,20000000	0,99812948
186,40000000	0,99772232
186,60000000	0,99765112
186,80000000	0,99836673
187,00000000	0,99811679
187,20000000	0,99836305
187,40000000	0,99826276
187,60000000	0,99792280
187,80000000	0,99690398
188,00000000	0,99758084
188,20000000	0,99747530
188,40000000	0,99780829
188,60000000	0,99804677
188,80000000	0,99713396
189,00000000	0,99644863
189,20000000	0,99600040
189,40000000	0,99701051
189,60000000	0,99711041
189,80000000	0,99742781
190,00000000	0,99692571
190,20000000	0,99629573
190,40000000	0,99701255
190,60000000	0,99589279
190,80000000	0,99500300
191,00000000	0,99504681
191,20000000	0,99509778
191,40000000	0,99398878
191,60000000	0,99508285
191,80000000	0,99571798
192,00000000	0,99468005
192,20000000	0,99333404
192,40000000	0,99353059
192,60000000	0,99452491
192,80000000	0,99351269
193,00000000	0,99393295
193,20000000	0,99279349
193,40000000	0,99324038
193,60000000	0,99243594
193,80000000	0,99076168
194,00000000	0,99092571
194,20000000	0,99225780
194,40000000	0,99104929
194,60000000	0,99049556
194,80000000	0,98793210
195,00000000	0,98780700
195,20000000	0,98938994
195,40000000	0,98770744
195,60000000	0,98926368
195,80000000	0,98812180
196,00000000	0,98813463
196,20000000	0,98568283
196,40000000	0,98532779
196,60000000	0,98538211
196,80000000	0,98506536
197,00000000	0,98468779
197,20000000	0,98390572
197,40000000	0,98141913
197,60000000	0,97953659
197,80000000	0,97901665
198,00000000	0,98213682
198,20000000	0,98158037
198,40000000	0,97996957
198,60000000	0,97767616
198,80000000	0,97723129
199,00000000	0,97652644
199,20000000	0,97507704
199,40000000	0,97287506
199,60000000	0,97206542
199,80000000	0,97301251
200,00000000	0,97171195
200,20000000	0,96797827
200,40000000	0,96645681
200,60000000	0,96492173
200,80000000	0,96305964
201,00000000	0,96542481
201,20000000	0,96392110
201,40000000	0,96431325
201,60000000	0,96223689
201,80000000	0,96423839
202,00000000	0,95866402
202,20000000	0,95556216
202,40000000	0,95814256
202,60000000	0,95830152
202,80000000	0,95297379
203,00000000	0,95201400
203,20000000	0,95302920
203,40000000	0,95202915
203,60000000	0,94572291
203,80000000	0,94824952
204,00000000	0,94749345
204,20000000	0,94484417
204,40000000	0,94825676
204,60000000	0,94830857
204,80000000	0,94414069
205,00000000	0,93855450
205,20000000	0,93913621
205,40000000	0,93888771
205,60000000	0,93403563
205,80000000	0,93464708
206,00000000	0,93838855
206,20000000	0,93558652
206,40000000	0,93633234
206,60000000	0,93001248
206,80000000	0,91822916
207,00000000	0,92295227
207,20000000	0,92515278
207,40000000	0,92271745
207,60000000	0,92132287
207,80000000	0,91727117
208,00000000	0,91641817
208,20000000	0,91483862
208,40000000	0,90929877
208,60000000	0,90818317
208,80000000	0,90758961
209,00000000	0,91102544
209,20000000	0,90745654
209,40000000	0,90663247
209,60000000	0,90411360
209,80000000	0,90713502
210,00000000	0,90010213
210,20000000	0,89769926
210,40000000	0,89525149
210,60000000	0,88618713
210,80000000	0,88869631
211,00000000	0,89054340
211,20000000	0,89244538
211,40000000	0,89009180
211,60000000	0,88764432
211,80000000	0,88410035
212,00000000	0,87879248
212,20000000	0,87580447
212,40000000	0,88016021
212,60000000	0,87852034
212,80000000	0,86936411
213,00000000	0,86299854
213,20000000	0,86267739
213,40000000	0,86747429
213,60000000	0,86699346
213,80000000	0,85721998
214,00000000	0,86016104
214,20000000	0,85648631
214,40000000	0,85622263
214,60000000	0,85381576
214,80000000	0,84809032
215,00000000	0,85205239
215,20000000	0,84846528
215,40000000	0,84221737
215,60000000	0,84326677
215,80000000	0,84218741
216,00000000	0,83377576
216,20000000	0,83918251
216,40000000	0,83593625
216,60000000	0,82925688
216,80000000	0,82405440
217,00000000	0,82423321
217,20000000	0,82512170
217,40000000	0,81360559
217,60000000	0,80675153
217,80000000	0,81361093
218,00000000	0,81743295
218,20000000	0,81434832
218,40000000	0,80017386
218,60000000	0,80115992
218,80000000	0,79622331
219,00000000	0,79694231
219,20000000	0,79626181
219,40000000	0,78897564
219,60000000	0,78717902
219,80000000	0,78501003
220,00000000	0,78853997
220,20000000	0,77728102
220,40000000	0,77680420
220,60000000	0,77023546
220,80000000	0,76532187
221,00000000	0,77201445
221,20000000	0,76232744
221,40000000	0,76056821
221,60000000	0,75380703
221,80000000	0,75634209
222,00000000	0,75959047
222,20000000	0,76233427
222,40000000	0,75090498
222,60000000	0,73284987
222,80000000	0,73654957
223,00000000	0,74292682
223,20000000	0,74171605
223,40000000	0,72900453
223,60000000	0,71972459
223,80000000	0,71837969
224,00000000	0,72610785
224,20000000	0,72152838
224,40000000	0,71095652
224,60000000	0,71089930
224,80000000	0,70449813
225,00000000	0,70937252
225,20000000	0,69642331
225,40000000	0,69802979
225,60000000	0,68762205
225,80000000	0,68449415
226,00000000	0,69001604
226,20000000	0,67479995
226,40000000	0,67512102
226,60000000	0,68274448
226,80000000	0,67610341
227,00000000	0,67197668
227,20000000	0,65594507
227,40000000	0,66123890
227,60000000	0,65909396
227,80000000	0,66046610
228,00000000	0,65671573
228,20000000	0,64544425
228,40000000	0,64484542
228,60000000	0,63291408
228,80000000	0,63053124
229,00000000	0,63218365
229,20000000	0,63005175
229,40000000	0,62678007
229,60000000	0,61987222
229,80000000	0,61517428
230,00000000	0,61057544
230,20000000	0,60793619
230,40000000	0,61396561
230,60000000	0,60890275
230,80000000	0,59887401
231,00000000	0,60082868
231,20000000	0,59718477
231,40000000	0,59916813
231,60000000	0,60333174
231,80000000	0,60326905
232,00000000	0,59479611
232,20000000	0,58072339
232,40000000	0,57751517
232,60000000	0,58536873
232,80000000	0,57638270
233,00000000	0,57543105
233,20000000	0,57354237
233,40000000	0,55895416
233,60000000	0,56969037
233,80000000	0,56696866
234,00000000	0,55681244
234,20000000	0,56258529
234,40000000	0,55401320
234,60000000	0,54593403
234,80000000	0,55124181
235,00000000	0,55267333
235,20000000	0,55176567
235,40000000	0,55255134
235,60000000	0,54796256
235,80000000	0,54664349
236,00000000	0,53213280
236,20000000	0,52387294
236,40000000	0,51432076
236,60000000	0,51879375
236,80000000	0,52801136
237,00000000	0,51898285
237,20000000	0,52068920
237,40000000	0,51973654
237,60000000	0,51436343
237,80000000	0,50232481
238,00000000	0,50673794
238,20000000	0,50069343
238,40000000	0,50972988
238,60000000	0,51381824
238,80000000	0,50065158
239,00000000	0,50382398
239,20000000	0,50664842
239,40000000	0,51044788
239,60000000	0,49791540
239,80000000	0,49840091
240,00000000	0,50204635
240,20000000	0,49521074
240,40000000	0,48744774
240,60000000	0,48828377
240,80000000	0,49579005
241,00000000	0,50048879
241,20000000	0,49508644
241,40000000	0,47909606
241,60000000	0,48422465
241,80000000	0,48712891
242,00000000	0,47938653
242,20000000	0,47224352
242,40000000	0,48519113
242,60000000	0,48518878
242,80000000	0,47981562
243,00000000	0,47088009
243,20000000	0,46194293
243,40000000	0,46818527
243,60000000	0,46244826
243,80000000	0,46149512
244,00000000	0,46682606
244,20000000	0,46000178
244,40000000	0,46191705
244,60000000	0,45826831
244,80000000	0,46138464
245,00000000	0,46310312
245,20000000	0,45985615
245,40000000	0,45264141
245,60000000	0,44509054
245,80000000	0,45080803
246,00000000	0,44841289
246,20000000	0,45304659
246,40000000	0,45249871
246,60000000	0,45349864
246,80000000	0,45793392
247,00000000	0,45151989
247,20000000	0,45180938
247,40000000	0,45144090
247,60000000	0,44286504
247,80000000	0,44376610
248,00000000	0,45004482
248,20000000	0,45754100
248,40000000	0,45235619
248,60000000	0,44657143
248,80000000	0,44352027
249,00000000	0,44040509
249,20000000	0,43952688
249,40000000	0,43510995
249,60000000	0,42637972
249,80000000	0,43382168
250,00000000	0,44533827
250,20000000	0,44104565
250,40000000	0,43611682
250,60000000	0,43917106
250,80000000	0,44164005
251,00000000	0,43760096
251,20000000	0,43763656
251,40000000	0,43377496
251,60000000	0,43497881
251,80000000	0,43770290
252,00000000	0,43723896
252,20000000	0,43720467
252,40000000	0,43654320
252,60000000	0,43744612
252,80000000	0,43468823
253,00000000	0,43222696
253,20000000	0,43234880
253,40000000	0,43628618
253,60000000	0,44362955
253,80000000	0,44036688
254,00000000	0,43591739
254,20000000	0,43813096
254,40000000	0,43758012
254,60000000	0,43636220
254,80000000	0,44106777
255,00000000	0,44424641
255,20000000	0,44255469
255,40000000	0,44536890
255,60000000	0,44880166
255,80000000	0,44512418
256,00000000	0,44374179
256,20000000	0,44677938
256,40000000	0,44610683
256,60000000	0,44602323
256,80000000	0,44525852
257,00000000	0,44752270
257,20000000	0,45548357
257,40000000	0,45265388
257,60000000	0,45217327
257,80000000	0,46006684
258,00000000	0,46778017
258,20000000	0,46484285
258,40000000	0,46388330
258,60000000	0,46381531
258,80000000	0,46095053
259,00000000	0,46440949
259,20000000	0,47010333
259,40000000	0,46992994
259,60000000	0,47082926
259,80000000	0,47398105
260,00000000	0,47914031
260,20000000	0,48551662
260,40000000	0,48587039
260,60000000	0,48305278
260,80000000	0,48575366
261,00000000	0,48928574
261,20000000	0,49293062
261,40000000	0,49757051
261,60000000	0,50008991
261,80000000	0,50468818
262,00000000	0,51160308
262,20000000	0,51627017
262,40000000	0,51961417
262,60000000	0,52538288
262,80000000	0,52958922
263,00000000	0,53432005
263,20000000	0,53650132
263,40000000	0,53983675
263,60000000	0,55230322
263,80000000	0,55765958
264,00000000	0,56255276
264,20000000	0,56980467
264,40000000	0,57366586
264,60000000	0,58026107
264,80000000	0,58800383
265,00000000	0,59336531
265,20000000	0,59865544
265,40000000	0,60860905
265,60000000	0,61478934
265,80000000	0,62058230
266,00000000	0,62563271
266,20000000	0,63215034
266,40000000	0,63982917
266,60000000	0,65116490
266,80000000	0,65984983
267,00000000	0,66859073
267,20000000	0,67661681
267,40000000	0,68177866
267,60000000	0,69311129
267,80000000	0,70057728
268,00000000	0,70741761
268,20000000	0,71699485
268,40000000	0,72742501
268,60000000	0,73668801
268,80000000	0,74507754
269,00000000	0,75155340
269,20000000	0,75701974
269,40000000	0,76613094
269,60000000	0,77442905
269,80000000	0,78056385
270,00000000	0,78907249
270,20000000	0,79594610
270,40000000	0,80111378
270,60000000	0,80908135
270,80000000	0,81514298
271,00000000	0,81915260
271,20000000	0,82420646
271,40000000	0,82859621
271,60000000	0,83244352
271,80000000	0,83540910
272,00000000	0,83685615
272,20000000	0,83859528
272,40000000	0,84183437
272,60000000	0,84270712
272,80000000	0,84199853
273,00000000	0,84163685
273,20000000	0,84039503
273,40000000	0,83869719
273,60000000	0,83678578
273,80000000	0,83166299
274,00000000	0,82923587
274,20000000	0,82906508
274,40000000	0,82596243
274,60000000	0,82265793
274,80000000	0,81917164
275,00000000	0,81400875
275,20000000	0,80760261
275,40000000	0,80084132
275,60000000	0,79580593
275,80000000	0,79252131
276,00000000	0,78991033
276,20000000	0,78563891
276,40000000	0,77917296
276,60000000	0,77466119
276,80000000	0,77131314
277,00000000	0,76934778
277,20000000	0,76760288
277,40000000	0,76256219
277,60000000	0,75963093
277,80000000	0,76007508
278,00000000	0,75781039
278,20000000	0,75265584
278,40000000	0,74885631
278,60000000	0,74655121
278,80000000	0,74497228
279,00000000	0,74469682
279,20000000	0,74385247
279,40000000	0,73820965
279,60000000	0,73459415
279,80000000	0,73108057
280,00000000	0,72510064
280,20000000	0,71980471
280,40000000	0,71287902
280,60000000	0,70364853
280,80000000	0,69362208
281,00000000	0,68327169
281,20000000	0,67524785
281,40000000	0,66643585
281,60000000	0,65570431
281,80000000	0,64138124
282,00000000	0,62613416
282,20000000	0,61433489
282,40000000	0,60005409
282,60000000	0,58882544
282,80000000	0,57947014
283,00000000	0,56676228
283,20000000	0,55099152
283,40000000	0,53657867
283,60000000	0,52524400
283,80000000	0,51149254
284,00000000	0,50032671
284,20000000	0,48979960
284,40000000	0,47582364
284,60000000	0,46459862
284,80000000	0,45743958
285,00000000	0,44481714
285,20000000	0,43531225
285,40000000	0,42703050
285,60000000	0,41739248
285,80000000	0,41200843
286,00000000	0,40045953
286,20000000	0,39342090
286,40000000	0,38513936
286,60000000	0,37487281
286,80000000	0,36747005
287,00000000	0,35960650
287,20000000	0,35085109
287,40000000	0,34423286
287,60000000	0,33921537
287,80000000	0,33329368
288,00000000	0,32610322
288,20000000	0,32291099
288,40000000	0,32372133
288,60000000	0,31738124
288,80000000	0,30650889
289,00000000	0,30126172
289,20000000	0,29896501
289,40000000	0,29621150
289,60000000	0,29090457
289,80000000	0,28200603
290,00000000	0,28090960
290,20000000	0,28179446
290,40000000	0,27725552
290,60000000	0,27078815
290,80000000	0,26874230
291,00000000	0,26696818
291,20000000	0,26436833
291,40000000	0,26225012
291,60000000	0,25993544
291,80000000	0,25730336
292,00000000	0,25081214
292,20000000	0,24633878
292,40000000	0,24441763
292,60000000	0,23915778
292,80000000	0,23630200
293,00000000	0,23347622
293,20000000	0,23146470
293,40000000	0,23201766
293,60000000	0,23114407
293,80000000	0,23045075
294,00000000	0,22827870
294,20000000	0,22504290
294,40000000	0,22330394
294,60000000	0,21912935
294,80000000	0,21565643
295,00000000	0,21397442
295,20000000	0,21466627
295,40000000	0,21495174
295,60000000	0,21079084
295,80000000	0,20785052
296,00000000	0,20557632
296,20000000	0,20474328
296,40000000	0,20325818
296,60000000	0,19963122
296,80000000	0,20098660
297,00000000	0,19925027
297,20000000	0,19264642
297,40000000	0,19069302
297,60000000	0,19342215
297,80000000	0,19414998
298,00000000	0,19343060
298,20000000	0,19149260
298,40000000	0,18907867
298,60000000	0,18735224
298,80000000	0,18891097
299,00000000	0,18946552
299,20000000	0,18384517
299,40000000	0,18029442
299,60000000	0,17865820
299,80000000	0,17617764
300,00000000	0,17747956
300,20000000	0,17901265
300,40000000	0,17826767
300,60000000	0,17798300
300,80000000	0,17817511
301,00000000	0,17754743
301,20000000	0,17689134
301,40000000	0,17690598
301,60000000	0,17372208
301,80000000	0,17216983
302,00000000	0,17316956
302,20000000	0,17305725
302,40000000	0,17191688
302,60000000	0,17205197
302,80000000	0,17121190
303,00000000	0,17151237
303,20000000	0,17111908
303,40000000	0,16748003
303,60000000	0,16481094
303,80000000	0,16445694
304,00000000	0,16402384
304,20000000	0,16462652
304,40000000	0,16414155
304,60000000	0,16102881
304,80000000	0,16134721
305,00000000	0,16368140
305,20000000	0,16392899
305,40000000	0,16102615
305,60000000	0,15704782
305,80000000	0,15644818
306,00000000	0,15676618
306,20000000	0,15585478
306,40000000	0,15552243
306,60000000	0,15578670
306,80000000	0,15545252
307,00000000	0,15500794
307,20000000	0,15553299
307,40000000	0,15425968
307,60000000	0,15462607
307,80000000	0,15621658
308,00000000	0,15448031
308,20000000	0,15229404
308,40000000	0,15101975
308,60000000	0,15014717
308,80000000	0,14953430
309,00000000	0,14937574
309,20000000	0,14978015
309,40000000	0,14942731
309,60000000	0,14840186
309,80000000	0,14903484
310,00000000	0,14978057
310,20000000	0,14765086
310,40000000	0,14602264
310,60000000	0,14654604
310,80000000	0,14674107
311,00000000	0,14622839
311,20000000	0,14637928
311,40000000	0,14532295
311,60000000	0,14457411
311,80000000	0,14438530
312,00000000	0,14256824
312,20000000	0,14052733
312,40000000	0,14033353
312,60000000	0,14177996
312,80000000	0,14302655
313,00000000	0,14240856
313,20000000	0,14170367
313,40000000	0,14254004
313,60000000	0,14248047
313,80000000	0,14248517
314,00000000	0,14258210
314,20000000	0,14193213
314,40000000	0,14102757
314,60000000	0,14005076
314,80000000	0,13909897
315,00000000	0,13920663
315,20000000	0,13926228
315,40000000	0,13976692
315,60000000	0,14062025
315,80000000	0,13910725
316,00000000	0,13812852
316,20000000	0,13868071
316,40000000	0,13819999
316,60000000	0,13730947
316,80000000	0,13624883
317,00000000	0,13617011
317,20000000	0,13716142
317,40000000	0,13695426
317,60000000	0,13621303
317,80000000	0,13650702
318,00000000	0,13669084
318,20000000	0,13631389
318,40000000	0,13668799
318,60000000	0,13659255
318,80000000	0,13576003
319,00000000	0,13590997
319,20000000	0,13637731
319,40000000	0,13547089
319,60000000	0,13462290
319,80000000	0,13499610
320,00000000	0,13554894
320,20000000	0,13541905
320,40000000	0,13505658
320,60000000	0,13495635
320,80000000	0,13464993
321,00000000	0,13459559
321,20000000	0,13462894
321,40000000	0,13371851
321,60000000	0,13300061
321,80000000	0,13383385
322,00000000	0,13464362
322,20000000	0,13439366
322,40000000	0,13401201
322,60000000	0,13388558
322,80000000	0,13391213
323,00000000	0,13400980
323,20000000	0,13390618
323,40000000	0,13393057
323,60000000	0,13453628
323,80000000	0,13446351
324,00000000	0,13424503
324,20000000	0,13450258
324,40000000	0,13409974
324,60000000	0,13396745
324,80000000	0,13438186
325,00000000	0,13461282
325,20000000	0,13478796
325,40000000	0,13525960
325,60000000	0,13579195
325,80000000	0,13556956
326,00000000	0,13560047
326,20000000	0,13594186
326,40000000	0,13590020
326,60000000	0,13590543
326,80000000	0,13591375
327,00000000	0,13611887
327,20000000	0,13636351
327,40000000	0,13678946
327,60000000	0,13720418
327,80000000	0,13731973
328,00000000	0,13749831
328,20000000	0,13770165
328,40000000	0,13809302
328,60000000	0,13882567
328,80000000	0,13924149
329,00000000	0,13952120
329,20000000	0,14034655
329,40000000	0,14066370
329,60000000	0,14069985
329,80000000	0,14112510
330,00000000	0,14176148
330,20000000	0,14260442
330,40000000	0,14310133
330,60000000	0,14336856
330,80000000	0,14397984
331,00000000	0,14456591
331,20000000	0,14488310
331,40000000	0,14551872
331,60000000	0,14654012
331,80000000	0,14743708
332,00000000	0,14813356
332,20000000	0,14898219
332,40000000	0,14973320
332,60000000	0,15051561
332,80000000	0,15156713
333,00000000	0,15253937
333,20000000	0,15352363
333,40000000	0,15462167
333,60000000	0,15565771
333,80000000	0,15679937
334,00000000	0,15795424
334,20000000	0,15915284
334,40000000	0,16059241
334,60000000	0,16207082
334,80000000	0,16355482
335,00000000	0,16492149
335,20000000	0,16644449
335,40000000	0,16819679
335,60000000	0,16993849
335,80000000	0,17173131
336,00000000	0,17361638
336,20000000	0,17562324
336,40000000	0,17771435
336,60000000	0,17980378
336,80000000	0,18200024
337,00000000	0,18433763
337,20000000	0,18675993
337,40000000	0,18943422
337,60000000	0,19218378
337,80000000	0,19492686
338,00000000	0,19786939
338,20000000	0,20099524
338,40000000	0,20424233
338,60000000	0,20753958
338,80000000	0,21095536
339,00000000	0,21469431
339,20000000	0,21864645
339,40000000	0,22258352
339,60000000	0,22666032
339,80000000	0,23106311
340,00000000	0,23568344
340,20000000	0,24040305
340,40000000	0,24531198
340,60000000	0,25048625
340,80000000	0,25590875
341,00000000	0,26149155
341,20000000	0,26716788
341,40000000	0,27305944
341,60000000	0,27931371
341,80000000	0,28585434
342,00000000	0,29248518
342,20000000	0,29919372
342,40000000	0,30615276
342,60000000	0,31350228
342,80000000	0,32108819
343,00000000	0,32862200
343,20000000	0,33618504
343,40000000	0,34394130
343,60000000	0,35187794
343,80000000	0,35992174
344,00000000	0,36786474
344,20000000	0,37569538
344,40000000	0,38356751
344,60000000	0,39127185
344,80000000	0,39870402
345,00000000	0,40601957
345,20000000	0,41307076
345,40000000	0,41972377
345,60000000	0,42589035
345,80000000	0,43145941
346,00000000	0,43654317
346,20000000	0,44125123
346,40000000	0,44548483
346,60000000	0,44902228
346,80000000	0,45156524
347,00000000	0,45319440
347,20000000	0,45436655
347,40000000	0,45510708
347,60000000	0,45495704
347,80000000	0,45395765
348,00000000	0,45230890
348,20000000	0,44995477
348,40000000	0,44694915
348,60000000	0,44332116
348,80000000	0,43909424
349,00000000	0,43426959
349,20000000	0,42909018
349,40000000	0,42364348
349,60000000	0,41776958
349,80000000	0,41168222
350,00000000	0,40551659
350,20000000	0,39905799
350,40000000	0,39231178
350,60000000	0,38547633
350,80000000	0,37864171
351,00000000	0,37177731
351,20000000	0,36501557
351,40000000	0,35828734
351,60000000	0,35142233
351,80000000	0,34468946
352,00000000	0,33814615
352,20000000	0,33162888
352,40000000	0,32516846
352,60000000	0,31880855
352,80000000	0,31279364
353,00000000	0,30706838
353,20000000	0,30123730
353,40000000	0,29551374
353,60000000	0,29013876
353,80000000	0,28490795
354,00000000	0,27968728
354,20000000	0,27453720
354,40000000	0,26964343
354,60000000	0,26502381
354,80000000	0,26047334
355,00000000	0,25601737
355,20000000	0,25174335
355,40000000	0,24765879
355,60000000	0,24372951
355,80000000	0,23985404
356,00000000	0,23613742
356,20000000	0,23255438
356,40000000	0,22904506
356,60000000	0,22570113
356,80000000	0,22235169
357,00000000	0,21906806
357,20000000	0,21608537
357,40000000	0,21326548
357,60000000	0,21046053
357,80000000	0,20763741
358,00000000	0,20488217
358,20000000	0,20235813
358,40000000	0,19994489
358,60000000	0,19751521
358,80000000	0,19514182
359,00000000	0,19281007
359,20000000	0,19061142
359,40000000	0,18851958
359,60000000	0,18637146
359,80000000	0,18434795
360,00000000	0,18244744
360,20000000	0,18051969
360,40000000	0,17873337
360,60000000	0,17697273
360,80000000	0,17513984
361,00000000	0,17345873
361,20000000	0,17185591
361,40000000	0,17027635
361,60000000	0,16873829
361,80000000	0,16721245
362,00000000	0,16582202
362,20000000	0,16441838
362,40000000	0,16288017
362,60000000	0,16146692
362,80000000	0,16026845
363,00000000	0,15908334
363,20000000	0,15772380
363,40000000	0,15645730
363,60000000	0,15545111
363,80000000	0,15436259
364,00000000	0,15315610
364,20000000	0,15197990
364,40000000	0,15098722
364,60000000	0,15015044
364,80000000	0,14910022
365,00000000	0,14797935
365,20000000	0,14706121
365,40000000	0,14612361
365,60000000	0,14513707
365,80000000	0,14427766
366,00000000	0,14345805
366,20000000	0,14259777
366,40000000	0,14182371
366,60000000	0,14111733
366,80000000	0,14025174
367,00000000	0,13929045
367,20000000	0,13855384
367,40000000	0,13792747
367,60000000	0,13720368
367,80000000	0,13652333
368,00000000	0,13589947
368,20000000	0,13534694
368,40000000	0,13468965
368,60000000	0,13388765
368,80000000	0,13330663
369,00000000	0,13281584
369,20000000	0,13219535
369,40000000	0,13159077
369,60000000	0,13101207
369,80000000	0,13028573
370,00000000	0,12954054
370,20000000	0,12907730
370,40000000	0,12869986
370,60000000	0,12809448
370,80000000	0,12753809
371,00000000	0,12724293
371,20000000	0,12692484
371,40000000	0,12616191
371,60000000	0,12532159
371,80000000	0,12508397
372,00000000	0,12506262
372,20000000	0,12477332
372,40000000	0,12416658
372,60000000	0,12353841
372,80000000	0,12315890
373,00000000	0,12274191
373,20000000	0,12233090
373,40000000	0,12190213
373,60000000	0,12136998
373,80000000	0,12129499
374,00000000	0,12129361
374,20000000	0,12062390
374,40000000	0,11990243
374,60000000	0,11994968
374,80000000	0,11989685
375,00000000	0,11918890
375,20000000	0,11873544
375,40000000	0,11838046
375,60000000	0,11815357
375,80000000	0,11800366
376,00000000	0,11761345
376,20000000	0,11738451
376,40000000	0,11717783
376,60000000	0,11706112
376,80000000	0,11690888
377,00000000	0,11644930
377,20000000	0,11598281
377,40000000	0,11592458
377,60000000	0,11609322
377,80000000	0,11562864
378,00000000	0,11518890
378,20000000	0,11497624
378,40000000	0,11436849
378,60000000	0,11422103
378,80000000	0,11406006
379,00000000	0,11365138
379,20000000	0,11383458
379,40000000	0,11417048
379,60000000	0,11410603
379,80000000	0,11345391
380,00000000	0,11278656
380,20000000	0,11278328
380,40000000	0,11297087
380,60000000	0,11283165
380,80000000	0,11268903
381,00000000	0,11227220
381,20000000	0,11166088
381,40000000	0,11158275
381,60000000	0,11166673
381,80000000	0,11146339
382,00000000	0,11127413
382,20000000	0,11159515
382,40000000	0,11184739
382,60000000	0,11127822
382,80000000	0,11068120
383,00000000	0,11068654
383,20000000	0,11076168
383,40000000	0,11086538
383,60000000	0,11088807
383,80000000	0,11084914
384,00000000	0,11050392
384,20000000	0,10974102
384,40000000	0,10951059
384,60000000	0,11000637
384,80000000	0,10998105
385,00000000	0,10918965
385,20000000	0,10908783
385,40000000	0,10929778
385,60000000	0,10934594
385,80000000	0,10941728
386,00000000	0,10874021
386,20000000	0,10842677
386,40000000	0,10877653
386,60000000	0,10853172
386,80000000	0,10841856
387,00000000	0,10809660
387,20000000	0,10723655
387,40000000	0,10718925
387,60000000	0,10826864
387,80000000	0,10865043
388,00000000	0,10776647
388,20000000	0,10750310
388,40000000	0,10779259
388,60000000	0,10730361
388,80000000	0,10658078
389,00000000	0,10659286
389,20000000	0,10679253
389,40000000	0,10717863
389,60000000	0,10722176
389,80000000	0,10648356
390,00000000	0,10591465
390,20000000	0,10607744
390,40000000	0,10706883
390,60000000	0,10730163
390,80000000	0,10691501
391,00000000	0,10621308
391,20000000	0,10579292
391,40000000	0,10599813
391,60000000	0,10592789
391,80000000	0,10645859
392,00000000	0,10648950
392,20000000	0,10645404
392,40000000	0,10651252
392,60000000	0,10581796
392,80000000	0,10582069
393,00000000	0,10521707
393,20000000	0,10494206
393,40000000	0,10591605
393,60000000	0,10554520
393,80000000	0,10507769
394,00000000	0,10558545
394,20000000	0,10542874
394,40000000	0,10562114
394,60000000	0,10598555
394,80000000	0,10604606
395,00000000	0,10609104
395,20000000	0,10462772
395,40000000	0,10392404
395,60000000	0,10457010
395,80000000	0,10445330
396,00000000	0,10420070
396,20000000	0,10360373
396,40000000	0,10304292
396,60000000	0,10362631
396,80000000	0,10512773
397,00000000	0,10552370
397,20000000	0,10426826
397,40000000	0,10328121
397,60000000	0,10269930
397,80000000	0,10234200
398,00000000	0,10272735
398,20000000	0,10270520
398,40000000	0,10275886
398,60000000	0,10323735
398,80000000	0,10274343
399,00000000	0,10191503
399,20000000	0,10123496
399,40000000	0,10160851
399,60000000	0,10344178
399,80000000	0,10348234
400,00000000	0,10188381
400,20000000	0,10140306
400,40000000	0,10127739
400,60000000	0,10232630
400,80000000	0,10404710
401,00000000	0,10486950
401,20000000	0,10469351
401,40000000	0,10248960
401,60000000	0,10148336
401,80000000	0,10212386
402,00000000	0,10290882
402,20000000	0,10392827
402,40000000	0,10331972
402,60000000	0,10292888
402,80000000	0,10299592
403,00000000	0,10339717
403,20000000	0,10463042
403,40000000	0,10482036
403,60000000	0,10481534
403,80000000	0,10473184
404,00000000	0,10406365
404,20000000	0,10388230
404,40000000	0,10378553
404,60000000	0,10224257
404,80000000	0,10205321
405,00000000	0,10389058
405,20000000	0,10519401
405,40000000	0,10566622
405,60000000	0,10502800
405,80000000	0,10376887
406,00000000	0,10204609
406,20000000	0,10200758
406,40000000	0,10499846
406,60000000	0,10621677
406,80000000	0,10623700
407,00000000	0,10666438
407,20000000	0,10576494
407,40000000	0,10399274
407,60000000	0,10349190
407,80000000	0,10358524
408,00000000	0,10431067
408,20000000	0,10615703
408,40000000	0,10656748
408,60000000	0,10628009
408,80000000	0,10514665
409,00000000	0,10359962
409,20000000	0,10346039
409,40000000	0,10401813
409,60000000	0,10420913
409,80000000	0,10573683
410,00000000	0,10732447
410,20000000	0,10593968
410,40000000	0,10507833
410,60000000	0,10509529
410,80000000	0,10585259
411,00000000	0,10657511
411,20000000	0,10454837
411,40000000	0,10443999
411,60000000	0,10642549
411,80000000	0,10605872
412,00000000	0,10420521
412,20000000	0,10327640
412,40000000	0,10338600
412,60000000	0,10598278
412,80000000	0,10728686
413,00000000	0,10554186
413,20000000	0,10532461
413,40000000	0,10514559
413,60000000	0,10565682
413,80000000	0,10846312
414,00000000	0,10756184
414,20000000	0,10577253
414,40000000	0,10796225
414,60000000	0,10851615
414,80000000	0,10868586
415,00000000	0,11010289
415,20000000	0,10841635
415,40000000	0,10743418
415,60000000	0,10755792
415,80000000	0,10631640
416,00000000	0,10666284
416,20000000	0,10775728
416,40000000	0,10778205
416,60000000	0,10701462
416,80000000	0,10784878
417,00000000	0,10958203
417,20000000	0,10894136
417,40000000	0,10850578
417,60000000	0,10801064
417,80000000	0,10725508
418,00000000	0,10712288
418,20000000	0,10828259
418,40000000	0,10967802
418,60000000	0,10782633
418,80000000	0,10594046
419,00000000	0,10601670
419,20000000	0,10761432
419,40000000	0,10962254
419,60000000	0,11109419
419,80000000	0,11126598
420,00000000	0,11184164
420,20000000	0,11159576
420,40000000	0,11170989
420,60000000	0,11263323
420,80000000	0,11096466
421,00000000	0,11057150
421,20000000	0,11303125
421,40000000	0,11414529
421,60000000	0,11285944
421,80000000	0,11304122
422,00000000	0,11517383
422,20000000	0,11379201
422,40000000	0,11184402
422,60000000	0,11335736
422,80000000	0,11309404
423,00000000	0,11280332
423,20000000	0,11408270
423,40000000	0,11383691
423,60000000	0,11513439
423,80000000	0,11796057
424,00000000	0,11603273
424,20000000	0,11225654
424,40000000	0,11336675
424,60000000	0,11469316
424,80000000	0,11354249
425,00000000	0,11299183
425,20000000	0,11305147
425,40000000	0,11489097
425,60000000	0,11625889
425,80000000	0,11610942
426,00000000	0,11780473
426,20000000	0,11750570
426,40000000	0,11634207
426,60000000	0,11600717
426,80000000	0,11478389
427,00000000	0,11680301
427,20000000	0,11810681
427,40000000	0,11513341
427,60000000	0,11470328
427,80000000	0,11816799
428,00000000	0,11739103
428,20000000	0,11476580
428,40000000	0,11683729
428,60000000	0,12112455
428,80000000	0,12125785
429,00000000	0,11553142
429,20000000	0,11526836
429,40000000	0,11920396
429,60000000	0,12055607
429,80000000	0,12024297
430,00000000	0,12078397
430,20000000	0,12255626
430,40000000	0,12194657
430,60000000	0,12097612
430,80000000	0,12334430
431,00000000	0,12486666
431,20000000	0,12265432
431,40000000	0,12039498
431,60000000	0,11864486
431,80000000	0,11799884
432,00000000	0,12115224
432,20000000	0,12518806
432,40000000	0,12750124
432,60000000	0,12600864
432,80000000	0,12493554
433,00000000	0,12251370
433,20000000	0,12004059
433,40000000	0,12232846
433,60000000	0,12754664
433,80000000	0,13241055
434,00000000	0,13485230
434,20000000	0,13161999
434,40000000	0,12465446
434,60000000	0,12377996
434,80000000	0,12891193
435,00000000	0,13169676
435,20000000	0,13063035
435,40000000	0,12968941
435,60000000	0,12862653
435,80000000	0,12807558
436,00000000	0,12809569
436,20000000	0,12588913
436,40000000	0,12434708
436,60000000	0,12782281
436,80000000	0,12949806
437,00000000	0,13190389
437,20000000	0,13276866
437,40000000	0,12912746
437,60000000	0,12890617
437,80000000	0,13096286
438,00000000	0,13458904
438,20000000	0,13695918
438,40000000	0,13681494
438,60000000	0,13433162
438,80000000	0,13380624
439,00000000	0,13786646
439,20000000	0,13791464
439,40000000	0,13798892
439,60000000	0,13773590
439,80000000	0,13843140
440,00000000	0,14036255
440,20000000	0,13883918
440,40000000	0,13884332
440,60000000	0,13930417
440,80000000	0,14095248
441,00000000	0,14322447
441,20000000	0,14329455
441,40000000	0,14277597
441,60000000	0,14354356
441,80000000	0,14212274
442,00000000	0,14102393
442,20000000	0,13943951
442,40000000	0,14035501
442,60000000	0,14419627
442,80000000	0,14324012
443,00000000	0,14040970
443,20000000	0,14198067
443,40000000	0,14114750
443,60000000	0,14039514
443,80000000	0,14176194
444,00000000	0,14568137
444,20000000	0,14799798
444,40000000	0,14550121
444,60000000	0,14184664
444,80000000	0,14478828
445,00000000	0,14800038
445,20000000	0,14585109
445,40000000	0,14969438
445,60000000	0,15025087
445,80000000	0,15272676
446,00000000	0,15434120
446,20000000	0,15166919
446,40000000	0,14931280
446,60000000	0,14764325
446,80000000	0,14953874
447,00000000	0,15152410
447,20000000	0,15055508
447,40000000	0,14867725
447,60000000	0,15097924
447,80000000	0,15364079
448,00000000	0,15530782
448,20000000	0,15201238
448,40000000	0,15317023
448,60000000	0,15746742
448,80000000	0,16062065
449,00000000	0,15945898
449,20000000	0,15277377
449,40000000	0,15112531
449,60000000	0,15592227
449,80000000	0,16076624
450,00000000	0,16357094
450,20000000	0,16544509
450,40000000	0,16220125
450,60000000	0,15752871
450,80000000	0,15830239
451,00000000	0,15769438
451,20000000	0,15806779
451,40000000	0,15815417
451,60000000	0,15854289
451,80000000	0,16688988
452,00000000	0,16982761
452,20000000	0,17018291
452,40000000	0,16949129
452,60000000	0,16634041
452,80000000	0,16548748
453,00000000	0,16167884
453,20000000	0,15616490
453,40000000	0,16080416
453,60000000	0,16756290
453,80000000	0,16360011
454,00000000	0,16406174
454,20000000	0,16957771
454,40000000	0,16767139
454,60000000	0,16469427
454,80000000	0,16831675
455,00000000	0,17614289
455,20000000	0,17336124
455,40000000	0,16644448
455,60000000	0,17180861
455,80000000	0,17400296
456,00000000	0,17248906
456,20000000	0,17027628
456,40000000	0,16743659
456,60000000	0,16723524
456,80000000	0,17117729
457,00000000	0,17803436
457,20000000	0,17783990
457,40000000	0,17463520
457,60000000	0,17745815
457,80000000	0,17833707
458,00000000	0,17609827
458,20000000	0,17674174
458,40000000	0,18164670
458,60000000	0,18016237
458,80000000	0,17693135
459,00000000	0,18255287
459,20000000	0,18638418
459,40000000	0,18241500
459,60000000	0,18184475
459,80000000	0,18515658
460,00000000	0,18774123
460,20000000	0,18659074
460,40000000	0,18214457
460,60000000	0,18434251
460,80000000	0,19131169
461,00000000	0,19223956
461,20000000	0,19376700
461,40000000	0,19585951
461,60000000	0,19608055
461,80000000	0,19803878
462,00000000	0,19741491
462,20000000	0,19658608
462,40000000	0,19654222
462,60000000	0,19771250
462,80000000	0,19719417
463,00000000	0,19400663
463,20000000	0,19669132
463,40000000	0,19805514
463,60000000	0,19398654
463,80000000	0,19552383
464,00000000	0,19459022
464,20000000	0,19684681
464,40000000	0,19889188
464,60000000	0,20115778
464,80000000	0,20546704
465,00000000	0,20835074
465,20000000	0,20783806
465,40000000	0,20548327
465,60000000	0,20789872
465,80000000	0,20873829
466,00000000	0,20670362
466,20000000	0,20822160
466,40000000	0,21681611
466,60000000	0,21622791
466,80000000	0,21450996
467,00000000	0,21356433
467,20000000	0,20913537
467,40000000	0,20637682
467,60000000	0,20633524
467,80000000	0,21042948
468,00000000	0,21363072
468,20000000	0,21658265
468,40000000	0,21802509
468,60000000	0,22100431
468,80000000	0,22172615
469,00000000	0,21938417
469,20000000	0,22196549
469,40000000	0,22138165
469,60000000	0,21716626
469,80000000	0,21617902
470,00000000	0,21745634
470,20000000	0,21978894
470,40000000	0,22170496
470,60000000	0,22417939
470,80000000	0,22651692
471,00000000	0,22767684
471,20000000	0,22641172
471,40000000	0,22476854
471,60000000	0,22335481
471,80000000	0,22246207
472,00000000	0,22610253
472,20000000	0,23501590
472,40000000	0,23596418
472,60000000	0,23554318
472,80000000	0,23504090
473,00000000	0,23653272
473,20000000	0,23901879
473,40000000	0,24065494
473,60000000	0,24306025
473,80000000	0,24376508
474,00000000	0,24300505
474,20000000	0,24642319
474,40000000	0,24730005
474,60000000	0,25061203
474,80000000	0,25244066
475,00000000	0,25064676
475,20000000	0,24824423
475,40000000	0,24811897
475,60000000	0,25886480
475,80000000	0,25914616
476,00000000	0,25540570
476,20000000	0,25851545
476,40000000	0,25669070
476,60000000	0,25525821
476,80000000	0,25974305
477,00000000	0,26150115
477,20000000	0,26246848
477,40000000	0,26661836
477,60000000	0,26844482
477,80000000	0,27092643
478,00000000	0,27312738
478,20000000	0,27204957
478,40000000	0,26962336
478,60000000	0,27437273
478,80000000	0,28029261
479,00000000	0,28408282
479,20000000	0,28350013
479,40000000	0,27716149
479,60000000	0,27975562
479,80000000	0,28139239
480,00000000	0,28473471
480,20000000	0,28911220
480,40000000	0,28704491
480,60000000	0,28638052
480,80000000	0,29462702
481,00000000	0,29734107
481,20000000	0,29949709
481,40000000	0,30220925
481,60000000	0,30062178
481,80000000	0,29643332
482,00000000	0,29347139
482,20000000	0,29867813
482,40000000	0,30003253
482,60000000	0,29945361
482,80000000	0,30191185
483,00000000	0,30528737
483,20000000	0,30921835
483,40000000	0,30937730
483,60000000	0,30686863
483,80000000	0,31142306
484,00000000	0,31542333
484,20000000	0,31669958
484,40000000	0,31896239
484,60000000	0,31838463
484,80000000	0,31627381
485,00000000	0,32231650
485,20000000	0,32608332
485,40000000	0,33012400
485,60000000	0,33352624
485,80000000	0,33232917
486,00000000	0,33413913
486,20000000	0,33960466
486,40000000	0,33889236
486,60000000	0,33500908
486,80000000	0,34161088
487,00000000	0,34482361
487,20000000	0,34209491
487,40000000	0,34431979
487,60000000	0,34678467
487,80000000	0,35159116
488,00000000	0,34589170
488,20000000	0,34198705
488,40000000	0,35273766
488,60000000	0,35545649
488,80000000	0,35588349
489,00000000	0,36105758
489,20000000	0,36168029
489,40000000	0,36709215
489,60000000	0,36614072
489,80000000	0,36600719
490,00000000	0,36974743
490,20000000	0,36582049
490,40000000	0,36113678
490,60000000	0,36344342
490,80000000	0,36560959
491,00000000	0,37270621
491,20000000	0,38500133
491,40000000	0,38615227
491,60000000	0,37837345
491,80000000	0,38329277
492,00000000	0,39106718
492,20000000	0,39491156
492,40000000	0,39649785
492,60000000	0,39200350
492,80000000	0,38834083
493,00000000	0,39463785
493,20000000	0,39605750
493,40000000	0,39323470
493,60000000	0,39575388
493,80000000	0,39572709
494,00000000	0,40037337
494,20000000	0,40204257
494,40000000	0,40497993
494,60000000	0,40978430
494,80000000	0,41102303
495,00000000	0,41072949
495,20000000	0,40702347
495,40000000	0,41180314
495,60000000	0,41559213
495,80000000	0,41869721
496,00000000	0,41721883
496,20000000	0,41768973
496,40000000	0,42496076
496,60000000	0,42294952
496,80000000	0,42414758
497,00000000	0,43349476
497,20000000	0,42839204
497,40000000	0,42157316
497,60000000	0,43096449
497,80000000	0,43961132
498,00000000	0,44005606
498,20000000	0,44395805
498,40000000	0,44595431
498,60000000	0,44911266
498,80000000	0,45535117
499,00000000	0,45587332
499,20000000	0,45142456
499,40000000	0,45432838
499,60000000	0,45279316
499,80000000	0,45301972
500,00000000	0,45328863
500,20000000	0,45343181
500,40000000	0,46026659
500,60000000	0,46540779
500,80000000	0,46730158
501,00000000	0,46873288
501,20000000	0,46510291
501,40000000	0,46610363
501,60000000	0,46842318
501,80000000	0,47612847
502,00000000	0,47950328
502,20000000	0,47629948
502,40000000	0,48241330
502,60000000	0,48510320
502,80000000	0,48482322
503,00000000	0,48798990
503,20000000	0,49326273
503,40000000	0,49986515
503,60000000	0,49763496
503,80000000	0,49443362
504,00000000	0,49732744
504,20000000	0,50068640
504,40000000	0,50401272
504,60000000	0,50295871
504,80000000	0,50208648
505,00000000	0,50773456
505,20000000	0,51443965
505,40000000	0,51559855
505,60000000	0,51602518
505,80000000	0,51874045
506,00000000	0,51854605
506,20000000	0,51651043
506,40000000	0,52038606
506,60000000	0,52834180
506,80000000	0,53009694
507,00000000	0,53220321
507,20000000	0,53480663
507,40000000	0,53215953
507,60000000	0,53500645
507,80000000	0,54222284
508,00000000	0,54690229
508,20000000	0,54667375
508,40000000	0,54323776
508,60000000	0,54381945
508,80000000	0,54884056
509,00000000	0,54907585
509,20000000	0,55079764
509,40000000	0,55816682
509,60000000	0,56047729
509,80000000	0,56615572
510,00000000	0,57196039
510,20000000	0,57069611
510,40000000	0,57004302
510,60000000	0,57230235
510,80000000	0,57727761
511,00000000	0,57942043
511,20000000	0,57806968
511,40000000	0,58023853
511,60000000	0,58213572
511,80000000	0,58248117
512,00000000	0,58371948
512,20000000	0,58871966
512,40000000	0,59181285
512,60000000	0,59504049
512,80000000	0,59784600
513,00000000	0,59832285
513,20000000	0,60284062
513,40000000	0,60602116
513,60000000	0,60832505
513,80000000	0,61162425
514,00000000	0,61336914
514,20000000	0,61759912
514,40000000	0,62388282
514,60000000	0,62374659
514,80000000	0,62173851
515,00000000	0,62450770
515,20000000	0,62786768
515,40000000	0,62955465
515,60000000	0,63265233
515,80000000	0,63569259
516,00000000	0,63839967
516,20000000	0,64434948
516,40000000	0,64831791
516,60000000	0,64959785
516,80000000	0,65150660
517,00000000	0,65480339
517,20000000	0,65606100
517,40000000	0,65595069
517,60000000	0,65804354
517,80000000	0,65762293
518,00000000	0,66207809
518,20000000	0,66869610
518,40000000	0,66870893
518,60000000	0,66970172
518,80000000	0,67276530
519,00000000	0,67683263
519,20000000	0,68178781
519,40000000	0,68057420
519,60000000	0,68185908
519,80000000	0,68629020
520,00000000	0,68985728
520,20000000	0,69000258
520,40000000	0,69201939
520,60000000	0,69583137
520,80000000	0,69952124
521,00000000	0,69964687
521,20000000	0,69907892
521,40000000	0,70145785
521,60000000	0,70539988
521,80000000	0,71062423
522,00000000	0,71205325
522,20000000	0,71528366
522,40000000	0,71685459
522,60000000	0,71693075
522,80000000	0,72083575
523,00000000	0,72466741
523,20000000	0,72606932
523,40000000	0,72826929
523,60000000	0,73165689
523,80000000	0,73669055
524,00000000	0,73749721
524,20000000	0,73983998
524,40000000	0,74085203
524,60000000	0,74263421
524,80000000	0,74746891
525,00000000	0,74915124
525,20000000	0,75210443
525,40000000	0,75447993
525,60000000	0,75470237
525,80000000	0,75672085
526,00000000	0,75780583
526,20000000	0,75958307
526,40000000	0,76421233
526,60000000	0,76824615
526,80000000	0,76890595
527,00000000	0,76994450
527,20000000	0,77208329
527,40000000	0,77492743
527,60000000	0,77720727
527,80000000	0,77802105
528,00000000	0,78063397
528,20000000	0,78306518
528,40000000	0,78366435
528,60000000	0,78783842
528,80000000	0,79011989
529,00000000	0,79174681
529,20000000	0,79456828
529,40000000	0,79448252
529,60000000	0,79629313
529,80000000	0,80041425
530,00000000	0,80223498
530,20000000	0,80156386
530,40000000	0,80397550
530,60000000	0,80752254
530,80000000	0,81161520
531,00000000	0,81351145
531,20000000	0,81423022
531,40000000	0,81536124
531,60000000	0,81637938
531,80000000	0,81829935
532,00000000	0,82285043
532,20000000	0,82465856
532,40000000	0,82423113
532,60000000	0,82583100
532,80000000	0,82713278
533,00000000	0,82951268
533,20000000	0,83206999
533,40000000	0,83292348
533,60000000	0,83692346
533,80000000	0,83809385
534,00000000	0,83737623
534,20000000	0,83902509
534,40000000	0,84206804
534,60000000	0,84394449
534,80000000	0,84569787
535,00000000	0,84609725
535,20000000	0,84755334
535,40000000	0,84929772
535,60000000	0,85163514
535,80000000	0,85363700
536,00000000	0,85444041
536,20000000	0,85510668
536,40000000	0,85691004
536,60000000	0,85860715
536,80000000	0,85959278
537,00000000	0,86266069
537,20000000	0,86317495
537,40000000	0,86339596
537,60000000	0,86520316
537,80000000	0,86655408
538,00000000	0,86694766
538,20000000	0,86926979
538,40000000	0,87129691
538,60000000	0,87205337
538,80000000	0,87406034
539,00000000	0,87698659
539,20000000	0,87712432
539,40000000	0,87684011
539,60000000	0,87732381
539,80000000	0,87838851
540,00000000	0,87981018
540,20000000	0,88258308
540,40000000	0,88170207
540,60000000	0,88144602
540,80000000	0,88437037
541,00000000	0,88599848
541,20000000	0,88761470
541,40000000	0,88777642
541,60000000	0,88866655
541,80000000	0,89099683
542,00000000	0,89084197
542,20000000	0,89093992
542,40000000	0,89167822
542,60000000	0,89360757
542,80000000	0,89501856
543,00000000	0,89558320
543,20000000	0,89618465
543,40000000	0,89688071
543,60000000	0,89736044
543,80000000	0,89836807
544,00000000	0,89893083
544,20000000	0,89870065
544,40000000	0,90005415
544,60000000	0,90200353
544,80000000	0,90377669
545,00000000	0,90410889
545,20000000	0,90448092
545,40000000	0,90585875
545,60000000	0,90663550
545,80000000	0,90742522
546,00000000	0,90844501
546,20000000	0,90804514
546,40000000	0,90838498
546,60000000	0,91023703
546,80000000	0,91063098
547,00000000	0,91141596
547,20000000	0,91242340
547,40000000	0,91371294
547,60000000	0,91410936
547,80000000	0,91449299
548,00000000	0,91525193
548,20000000	0,91651521
548,40000000	0,91700061
548,60000000	0,91718036
548,80000000	0,91843737
549,00000000	0,91940410
549,20000000	0,92025983
549,40000000	0,92079058
549,60000000	0,92204005
549,80000000	0,92203717
550,00000000	0,92226431
550,20000000	0,92238085
550,40000000	0,92357887
550,60000000	0,92491520
550,80000000	0,92574491
551,00000000	0,92650504
551,20000000	0,92761161
551,40000000	0,92908736
551,60000000	0,92920596
551,80000000	0,92922207
552,00000000	0,93041351
552,20000000	0,93152261
552,40000000	0,93218697
552,60000000	0,93253483
552,80000000	0,93285232
553,00000000	0,93406468
553,20000000	0,93513063
553,40000000	0,93595289
553,60000000	0,93660106
553,80000000	0,93720788
554,00000000	0,93767245
554,20000000	0,93922684
554,40000000	0,93996924
554,60000000	0,94002972
554,80000000	0,94087850
555,00000000	0,94188032
555,20000000	0,94192649
555,40000000	0,94308681
555,60000000	0,94463394
555,80000000	0,94559416
556,00000000	0,94568803
556,20000000	0,94610102
556,40000000	0,94755086
556,60000000	0,94851109
556,80000000	0,94891875
557,00000000	0,94932118
557,20000000	0,95025939
557,40000000	0,95114136
557,60000000	0,95190224
557,80000000	0,95240988
558,00000000	0,95307697
558,20000000	0,95409717
558,40000000	0,95487907
558,60000000	0,95599332
558,80000000	0,95668094
559,00000000	0,95720603
559,20000000	0,95804683
559,40000000	0,95883623
559,60000000	0,95957892
559,80000000	0,96006272
560,00000000	0,96096782
560,20000000	0,96182755
560,40000000	0,96258057
560,60000000	0,96372233
560,80000000	0,96428472
561,00000000	0,96407256
561,20000000	0,96547984
561,40000000	0,96668251
561,60000000	0,96685277
561,80000000	0,96709595
562,00000000	0,96767478
562,20000000	0,96859686
562,40000000	0,96948127
562,60000000	0,97032942
562,80000000	0,97106705
563,00000000	0,97179546
563,20000000	0,97225037
563,40000000	0,97315800
563,60000000	0,97359040
563,80000000	0,97385438
564,00000000	0,97485729
564,20000000	0,97541868
564,40000000	0,97550148
564,60000000	0,97643165
564,80000000	0,97718953
565,00000000	0,97762326
565,20000000	0,97794363
565,40000000	0,97821736
565,60000000	0,97865033
565,80000000	0,97970655
566,00000000	0,98019020
566,20000000	0,98031811
566,40000000	0,98113097
566,60000000	0,98171679
566,80000000	0,98211034
567,00000000	0,98252903
567,20000000	0,98298015
567,40000000	0,98377137
567,60000000	0,98445535
567,80000000	0,98426038
568,00000000	0,98461771
568,20000000	0,98532767
568,40000000	0,98561838
568,60000000	0,98598339
568,80000000	0,98633542
569,00000000	0,98681962
569,20000000	0,98728201
569,40000000	0,98768518
569,60000000	0,98812447
569,80000000	0,98836282
570,00000000	0,98849220
570,20000000	0,98885522
570,40000000	0,98944957
570,60000000	0,98978692
570,80000000	0,98994223
571,00000000	0,99014652
571,20000000	0,99063133
571,40000000	0,99098219
571,60000000	0,99110474
571,80000000	0,99126571
572,00000000	0,99152170
572,20000000	0,99177882
572,40000000	0,99233826
572,60000000	0,99254509
572,80000000	0,99252846
573,00000000	0,99291751
573,20000000	0,99306233
573,40000000	0,99330254
573,60000000	0,99365982
573,80000000	0,99388204
574,00000000	0,99395646
574,20000000	0,99426156
574,40000000	0,99446396
574,60000000	0,99427743
574,80000000	0,99453284
575,00000000	0,99478730
575,20000000	0,99501806
575,40000000	0,99521922
575,60000000	0,99524642
575,80000000	0,99530777
576,00000000	0,99552311
576,20000000	0,99571020
576,40000000	0,99578879
576,60000000	0,99597783
576,80000000	0,99598718
577,00000000	0,99623462
577,20000000	0,99650197
577,40000000	0,99651360
577,60000000	0,99647074
577,80000000	0,99667021
578,00000000	0,99677925
578,20000000	0,99675337
578,40000000	0,99683838
578,60000000	0,99707967
578,80000000	0,99719199
579,00000000	0,99720294
579,20000000	0,99733011
579,40000000	0,99737466
579,60000000	0,99756159
579,80000000	0,99754198
580,00000000	0,99756106
580,20000000	0,99771080
580,40000000	0,99776772
580,60000000	0,99786751
580,80000000	0,99792183
581,00000000	0,99794654
581,20000000	0,99812348
581,40000000	0,99825696
581,60000000	0,99824597
581,80000000	0,99818671
582,00000000	0,99816180
582,20000000	0,99820048
582,40000000	0,99832585
582,60000000	0,99836880
582,80000000	0,99838838
583,00000000	0,99851177
583,20000000	0,99861280
583,40000000	0,99868308
583,60000000	0,99865902
583,80000000	0,99867997
584,00000000	0,99868086
584,20000000	0,99875322
584,40000000	0,99877336
584,60000000	0,99877583
584,80000000	0,99883183
585,00000000	0,99900461
585,20000000	0,99898906
585,40000000	0,99891255
585,60000000	0,99890741
585,80000000	0,99902716
586,00000000	0,99910903
586,20000000	0,99912178
586,40000000	0,99909677
586,60000000	0,99911239
586,80000000	0,99913231
587,00000000	0,99920165
587,20000000	0,99920211
587,40000000	0,99915309
587,60000000	0,99920312
587,80000000	0,99919521
588,00000000	0,99926944
588,20000000	0,99932975
588,40000000	0,99937006
588,60000000	0,99933747
588,80000000	0,99926511
589,00000000	0,99931190
589,20000000	0,99940297
589,40000000	0,99937192
589,60000000	0,99941889
589,80000000	0,99939423
590,00000000	0,99944390
590,20000000	0,99943435
590,40000000	0,99945595
590,60000000	0,99953434
590,80000000	0,99948369
591,00000000	0,99946915
591,20000000	0,99945099
591,40000000	0,99945130
591,60000000	0,99947444
591,80000000	0,99947377
592,00000000	0,99947610
592,20000000	0,99948779
592,40000000	0,99948557
592,60000000	0,99949136
592,80000000	0,99946809
593,00000000	0,99952444
593,20000000	0,99950082
593,40000000	0,99943869
593,60000000	0,99949222
593,80000000	0,99954247
594,00000000	0,99950698
594,20000000	0,99952700
594,40000000	0,99954388
594,60000000	0,99957689
594,80000000	0,99953346
595,00000000	0,99947450
595,20000000	0,99947620
595,40000000	0,99952425
595,60000000	0,99947538
595,80000000	0,99944725
596,00000000	0,99949376
596,20000000	0,99951597
596,40000000	0,99943876
596,60000000	0,99944435
596,80000000	0,99945352
597,00000000	0,99943416
597,20000000	0,99950301
597,40000000	0,99948226
597,60000000	0,99947470
597,80000000	0,99947340
598,00000000	0,99944485
598,20000000	0,99948181
598,40000000	0,99946300
598,60000000	0,99946211
598,80000000	0,99943283
599,00000000	0,99945337
599,20000000	0,99947297
599,40000000	0,99940476
599,60000000	0,99933752
599,80000000	0,99940349
600,00000000	0,99938096
600,20000000	0,99935287
600,40000000	0,99934742
600,60000000	0,99937212
600,80000000	0,99940140
601,00000000	0,99942564
601,20000000	0,99940630
601,40000000	0,99942648
601,60000000	0,99945044
601,80000000	0,99945696
602,00000000	0,99943903
602,20000000	0,99937453
602,40000000	0,99940759
602,60000000	0,99939098
602,80000000	0,99947583
603,00000000	0,99943474
603,20000000	0,99937483
603,40000000	0,99941631
603,60000000	0,99944441
603,80000000	0,99948357
604,00000000	0,99948339
604,20000000	0,99944662
604,40000000	0,99947158
604,60000000	0,99950904
604,80000000	0,99947498
605,00000000	0,99948224
605,20000000	0,99942644
605,40000000	0,99942091
605,60000000	0,99947890
605,80000000	0,99949779
606,00000000	0,99944198
606,20000000	0,99947408
606,40000000	0,99947291
606,60000000	0,99947401
606,80000000	0,99946230
607,00000000	0,99945810
607,20000000	0,99948225
607,40000000	0,99956940
607,60000000	0,99954843
607,80000000	0,99950149
608,00000000	0,99952037
608,20000000	0,99958356
608,40000000	0,99955090
608,60000000	0,99960610
608,80000000	0,99961872
609,00000000	0,99954799
609,20000000	0,99961049
609,40000000	0,99960592
609,60000000	0,99957819
609,80000000	0,99959988
610,00000000	0,99960205
610,20000000	0,99967618
610,40000000	0,99963169
610,60000000	0,99962805
610,80000000	0,99965733
611,00000000	0,99965354
611,20000000	0,99970906
611,40000000	0,99969433
611,60000000	0,99968236
611,80000000	0,99968371
612,00000000	0,99974181
612,20000000	0,99975339
612,40000000	0,99972869
612,60000000	0,99974843
612,80000000	0,99977328
613,00000000	0,99978824
613,20000000	0,99979901
613,40000000	0,99981059
613,60000000	0,99978767
613,80000000	0,99977867
614,00000000	0,99980900
614,20000000	0,99976606
614,40000000	0,99978251
614,60000000	0,99979542
614,80000000	0,99982171
615,00000000	0,99984004
615,20000000	0,99983280
615,40000000	0,99983776
615,60000000	0,99983045
615,80000000	0,99984765
616,00000000	0,99985016
616,20000000	0,99981082
616,40000000	0,99985688
616,60000000	0,99988667
616,80000000	0,99988563
617,00000000	0,99988441
617,20000000	0,99987793
617,40000000	0,99987959
617,60000000	0,99989030
617,80000000	0,99989579
618,00000000	0,99989488
618,20000000	0,99988404
618,40000000	0,99988507
618,60000000	0,99987445
618,80000000	0,99988476
619,00000000	0,99987374
619,20000000	0,99987119
619,40000000	0,99987447
619,60000000	0,99990608
619,80000000	0,99987865
620,00000000	0,99985893
620,20000000	0,99985661
620,40000000	0,99985201
620,60000000	0,99987759
620,80000000	0,99988883
621,00000000	0,99985426
621,20000000	0,99984332
621,40000000	0,99986664
621,60000000	0,99987479
621,80000000	0,99981054
622,00000000	0,99976584
622,20000000	0,99981669
622,40000000	0,99984891
622,60000000	0,99982556
622,80000000	0,99975555
623,00000000	0,99973494
623,20000000	0,99973828
623,40000000	0,99974347
623,60000000	0,99971495
623,80000000	0,99966969
624,00000000	0,99967807
624,20000000	0,99975732
624,40000000	0,99971615
624,60000000	0,99964289
624,80000000	0,99957959
625,00000000	0,99964077
625,20000000	0,99967119
625,40000000	0,99959618
625,60000000	0,99953108
625,80000000	0,99953351
626,00000000	0,99954514
626,20000000	0,99953824
626,40000000	0,99956857
626,60000000	0,99953900
626,80000000	0,99945165
627,00000000	0,99945456
627,20000000	0,99943221
627,40000000	0,99936103
627,60000000	0,99942147
627,80000000	0,99935648
628,00000000	0,99934311
628,20000000	0,99928683
628,40000000	0,99923731
628,60000000	0,99919851
628,80000000	0,99923801
629,00000000	0,99916194
629,20000000	0,99911634
629,40000000	0,99908332
629,60000000	0,99902178
629,80000000	0,99895483
630,00000000	0,99895801
630,20000000	0,99895598
630,40000000	0,99888548
630,60000000	0,99892483
630,80000000	0,99887653
631,00000000	0,99873178
631,20000000	0,99863453
631,40000000	0,99857625
631,60000000	0,99860975
631,80000000	0,99857055
632,00000000	0,99849309
632,20000000	0,99844144
632,40000000	0,99832404
632,60000000	0,99833478
632,80000000	0,99834698
633,00000000	0,99812651
633,20000000	0,99811511
633,40000000	0,99815574
633,60000000	0,99793278
633,80000000	0,99799855
634,00000000	0,99797664
634,20000000	0,99769347
634,40000000	0,99773495
634,60000000	0,99777336
634,80000000	0,99763094
635,00000000	0,99752676
635,20000000	0,99766121
635,40000000	0,99758341
635,60000000	0,99738199
635,80000000	0,99722465
636,00000000	0,99710767
636,20000000	0,99710757
636,40000000	0,99718792
636,60000000	0,99700185
636,80000000	0,99685315
637,00000000	0,99690753
637,20000000	0,99681606
637,40000000	0,99667695
637,60000000	0,99651126
637,80000000	0,99644738
638,00000000	0,99649033
638,20000000	0,99646866
638,40000000	0,99610651
638,60000000	0,99594588
638,80000000	0,99608477
639,00000000	0,99606240
639,20000000	0,99584478
639,40000000	0,99570745
639,60000000	0,99572967
639,80000000	0,99570906
640,00000000	0,99586256
640,20000000	0,99549105
640,40000000	0,99531557
640,60000000	0,99536894
640,80000000	0,99530047
641,00000000	0,99513284
641,20000000	0,99482147
641,40000000	0,99474899
641,60000000	0,99479263
641,80000000	0,99487015
642,00000000	0,99456559
642,20000000	0,99414165
642,40000000	0,99442450
642,60000000	0,99461209
642,80000000	0,99457086
643,00000000	0,99424537
643,20000000	0,99410614
643,40000000	0,99381268
643,60000000	0,99391421
643,80000000	0,99398689
644,00000000	0,99364688
644,20000000	0,99361392
644,40000000	0,99369807
644,60000000	0,99372788
644,80000000	0,99365638
645,00000000	0,99353719
645,20000000	0,99340676
645,40000000	0,99348886
645,60000000	0,99322221
645,80000000	0,99272190
646,00000000	0,99285836
646,20000000	0,99309899
646,40000000	0,99297216
646,60000000	0,99270771
646,80000000	0,99274062
647,00000000	0,99256400
647,20000000	0,99254592
647,40000000	0,99256207
647,60000000	0,99256008
647,80000000	0,99261249
648,00000000	0,99230540
648,20000000	0,99227580
648,40000000	0,99222588
648,60000000	0,99202105
648,80000000	0,99214005
649,00000000	0,99202325
649,20000000	0,99215816
649,40000000	0,99202006
649,60000000	0,99180175
649,80000000	0,99191952
650,00000000	0,99200539
650,20000000	0,99173274
650,40000000	0,99180808
650,60000000	0,99228330
650,80000000	0,99194235
651,00000000	0,99177721
651,20000000	0,99182457
651,40000000	0,99189292
651,60000000	0,99194323
651,80000000	0,99189193
652,00000000	0,99162197
652,20000000	0,99191717
652,40000000	0,99202170
652,60000000	0,99189050
652,80000000	0,99196713
653,00000000	0,99162429
653,20000000	0,99173829
653,40000000	0,99192957
653,60000000	0,99209459
653,80000000	0,99197127
654,00000000	0,99207889
654,20000000	0,99217963
654,40000000	0,99178007
654,60000000	0,99210934
654,80000000	0,99220093
655,00000000	0,99182192
655,20000000	0,99204761
655,40000000	0,99232355
655,60000000	0,99238239
655,80000000	0,99252285
656,00000000	0,99252970
656,20000000	0,99252985
656,40000000	0,99278751
656,60000000	0,99263685
656,80000000	0,99273077
657,00000000	0,99312656
657,20000000	0,99294896
657,40000000	0,99264059
657,60000000	0,99294433
657,80000000	0,99309297
658,00000000	0,99294337
658,20000000	0,99296234
658,40000000	0,99329720
658,60000000	0,99340603
658,80000000	0,99342581
659,00000000	0,99363938
659,20000000	0,99360817
659,40000000	0,99368702
659,60000000	0,99376565
659,80000000	0,99421843
660,00000000	0,99391263
660,20000000	0,99397912
660,40000000	0,99393626
660,60000000	0,99397191
660,80000000	0,99447361
661,00000000	0,99465078
661,20000000	0,99440825
661,40000000	0,99453913
661,60000000	0,99454459
661,80000000	0,99468125
662,00000000	0,99493302
662,20000000	0,99492921
662,40000000	0,99502599
662,60000000	0,99520669
662,80000000	0,99526833
663,00000000	0,99541011
663,20000000	0,99538933
663,40000000	0,99533685
663,60000000	0,99557572
663,80000000	0,99564108
664,00000000	0,99574512
664,20000000	0,99567927
664,40000000	0,99588464
664,60000000	0,99623256
664,80000000	0,99611220
665,00000000	0,99609346
665,20000000	0,99630323
665,40000000	0,99636476
665,60000000	0,99634816
665,80000000	0,99658862
666,00000000	0,99649034
666,20000000	0,99658082
666,40000000	0,99666353
666,60000000	0,99674050
666,80000000	0,99679659
667,00000000	0,99692488
667,20000000	0,99705387
667,40000000	0,99701637
667,60000000	0,99712582
667,80000000	0,99721073
668,00000000	0,99730326
668,20000000	0,99728267
668,40000000	0,99736817
668,60000000	0,99743576
668,80000000	0,99746248
669,00000000	0,99753774
669,20000000	0,99763836
669,40000000	0,99784425
669,60000000	0,99770697
669,80000000	0,99769422
670,00000000	0,99761343
670,20000000	0,99770285
670,40000000	0,99778746
670,60000000	0,99787454
670,80000000	0,99795125
671,00000000	0,99793820
671,20000000	0,99806381
671,40000000	0,99811793
671,60000000	0,99802594
671,80000000	0,99808249
672,00000000	0,99805281
672,20000000	0,99810948
672,40000000	0,99811787
672,60000000	0,99805794
672,80000000	0,99822814
673,00000000	0,99824768
673,20000000	0,99817758
673,40000000	0,99823686
673,60000000	0,99831466
673,80000000	0,99833493
674,00000000	0,99833025
674,20000000	0,99824360
674,40000000	0,99834021
674,60000000	0,99843293
674,80000000	0,99832775
675,00000000	0,99834834
675,20000000	0,99827313
675,40000000	0,99836841
675,60000000	0,99838157
675,80000000	0,99833831
676,00000000	0,99840356
676,20000000	0,99838736
676,40000000	0,99835692
676,60000000	0,99839467
676,80000000	0,99833002
677,00000000	0,99837546
677,20000000	0,99840486
677,40000000	0,99832588
677,60000000	0,99826007
677,80000000	0,99831981
678,00000000	0,99836049
678,20000000	0,99847116
678,40000000	0,99837332
678,60000000	0,99828121
678,80000000	0,99835449
679,00000000	0,99852107
679,20000000	0,99843272
679,40000000	0,99822717
679,60000000	0,99830325
679,80000000	0,99833008
680,00000000	0,99855320
680,20000000	0,99847273
680,40000000	0,99845516
680,60000000	0,99840071
680,80000000	0,99832459
681,00000000	0,99846555
681,20000000	0,99838156
681,40000000	0,99835018
681,60000000	0,99840584
681,80000000	0,99858360
682,00000000	0,99856166
682,20000000	0,99834052
682,40000000	0,99831611
682,60000000	0,99842221
682,80000000	0,99846696
683,00000000	0,99837667
683,20000000	0,99839542
683,40000000	0,99848808
683,60000000	0,99863799
683,80000000	0,99860731
684,00000000	0,99852085
684,20000000	0,99843277
684,40000000	0,99860403
684,60000000	0,99867234
684,80000000	0,99859448
685,00000000	0,99861112
685,20000000	0,99863808
685,40000000	0,99868802
685,60000000	0,99873302
685,80000000	0,99854599
686,00000000	0,99857469
686,20000000	0,99879951
686,40000000	0,99873280
686,60000000	0,99870188
686,80000000	0,99876813
687,00000000	0,99876361
687,20000000	0,99884782
687,40000000	0,99886745
687,60000000	0,99888000
687,80000000	0,99888086
688,00000000	0,99890528
688,20000000	0,99895566
688,40000000	0,99891886
688,60000000	0,99889364
688,80000000	0,99890987
689,00000000	0,99905258
689,20000000	0,99910024
689,40000000	0,99908402
689,60000000	0,99908729
689,80000000	0,99908226
690,00000000	0,99914012
690,20000000	0,99911027
690,40000000	0,99913314
690,60000000	0,99909464
690,80000000	0,99927888
691,00000000	0,99925553
691,20000000	0,99928389
691,40000000	0,99924872
691,60000000	0,99926185
691,80000000	0,99934221
692,00000000	0,99934416
692,20000000	0,99932365
692,40000000	0,99934084
692,60000000	0,99951129
692,80000000	0,99940312
693,00000000	0,99946964
693,20000000	0,99948518
693,40000000	0,99936345
693,60000000	0,99951383
693,80000000	0,99961000
694,00000000	0,99957186
694,20000000	0,99956269
694,40000000	0,99958362
694,60000000	0,99962862
694,80000000	0,99960099
695,00000000	0,99961811
695,20000000	0,99967975
695,40000000	0,99970506
695,60000000	0,99968895
695,80000000	0,99972399
696,00000000	0,99971745
696,20000000	0,99970636
696,40000000	0,99972459
696,60000000	0,99979243
696,80000000	0,99976460
697,00000000	0,99975339
697,20000000	0,99984000
697,40000000	0,99980280
697,60000000	0,99980813
697,80000000	0,99981944
698,00000000	0,99984155
698,20000000	0,99986460
698,40000000	0,99986042
698,60000000	0,99983823
698,80000000	0,99987958
699,00000000	0,99985577
699,20000000	0,99991554
699,40000000	0,99991071
699,60000000	0,99986958
699,80000000	0,99986576
700,00000000	0,99992131
700,20000000	0,99993066
700,40000000	0,99991730
700,60000000	0,99992758
700,80000000	0,99995685
701,00000000	0,99994474
701,20000000	0,99994554
701,40000000	0,99994268
701,60000000	0,99995398
701,80000000	0,99996538
702,00000000	0,99995615
702,20000000	0,99996101
702,40000000	0,99994543
702,60000000	0,99995691
702,80000000	0,99998670
703,00000000	0,99997508
703,20000000	0,99996934
703,40000000	0,99996730
703,60000000	0,99998052
703,80000000	0,99998085
704,00000000	0,99998713
704,20000000	0,99997486
704,40000000	0,99996689
704,60000000	0,99999091
704,80000000	0,99998767
705,00000000	0,99998656
705,20000000	0,99996208
705,40000000	0,99998312
705,60000000	0,99999180
705,80000000	0,99998810
706,00000000	0,99998312
706,20000000	0,99999416
706,40000000	0,99997574
706,60000000	0,99998791
706,80000000	0,99998155
707,00000000	0,99997399
707,20000000	0,99998541
707,40000000	0,99997332
707,60000000	0,99997143
707,80000000	0,99997642
708,00000000	0,99996891
708,20000000	0,99997140
708,40000000	0,99997917
708,60000000	0,99996299
708,80000000	0,99995224
709,00000000	0,99996215
709,20000000	0,99995861
709,40000000	0,99995561
709,60000000	0,99995624
709,80000000	0,99994436
710,00000000	0,99994715
710,20000000	0,99995390
710,40000000	0,99991667
710,60000000	0,99991219
710,80000000	0,99992487
711,00000000	0,99993874
711,20000000	0,99994556
711,40000000	0,99986423
711,60000000	0,99987171
711,80000000	0,99990894
712,00000000	0,99989072
712,20000000	0,99988211
712,40000000	0,99983769
712,60000000	0,99983183
712,80000000	0,99989235
713,00000000	0,99983208
713,20000000	0,99982633
713,40000000	0,99982315
713,60000000	0,99983371
713,80000000	0,99980503
714,00000000	0,99976529
714,20000000	0,99976121
714,40000000	0,99975628
714,60000000	0,99979305
714,80000000	0,99972848
715,00000000	0,99972437
715,20000000	0,99966206
715,40000000	0,99972991
715,60000000	0,99976160
715,80000000	0,99964964
716,00000000	0,99956229
716,20000000	0,99957353
716,40000000	0,99961781
716,60000000	0,99961531
716,80000000	0,99957496
717,00000000	0,99955617
717,20000000	0,99951912
717,40000000	0,99952952
717,60000000	0,99956269
717,80000000	0,99937825
718,00000000	0,99940777
718,20000000	0,99953585
718,40000000	0,99947938
718,60000000	0,99933711
718,80000000	0,99932736
719,00000000	0,99935170
719,20000000	0,99932883
719,40000000	0,99925920
719,60000000	0,99917481
719,80000000	0,99918823
720,00000000	0,99922925
720,20000000	0,99919441
720,40000000	0,99909758
720,60000000	0,99910536
720,80000000	0,99907669
721,00000000	0,99919570
721,20000000	0,99915458
721,40000000	0,99899096
721,60000000	0,99897221
721,80000000	0,99893090
722,00000000	0,99902135
722,20000000	0,99898600
722,40000000	0,99879891
722,60000000	0,99880977
722,80000000	0,99889143
723,00000000	0,99894537
723,20000000	0,99884107
723,40000000	0,99874658
723,60000000	0,99879752
723,80000000	0,99889429
724,00000000	0,99884984
724,20000000	0,99856689
724,40000000	0,99855488
724,60000000	0,99873351
724,80000000	0,99873106
725,00000000	0,99868074
725,20000000	0,99842411
725,40000000	0,99855341
725,60000000	0,99867832
725,80000000	0,99868118
726,00000000	0,99848136
726,20000000	0,99862764
726,40000000	0,99852694
726,60000000	0,99856176
726,80000000	0,99855572
727,00000000	0,99844874
727,20000000	0,99849681
727,40000000	0,99848828
727,60000000	0,99860004
727,80000000	0,99845998
728,00000000	0,99844484
728,20000000	0,99859682
728,40000000	0,99858398
728,60000000	0,99858330
728,80000000	0,99843991
729,00000000	0,99843554
729,20000000	0,99865061
729,40000000	0,99861348
729,60000000	0,99860054
729,80000000	0,99858945
730,00000000	0,99851867
730,20000000	0,99868188
730,40000000	0,99869371
730,60000000	0,99846759
730,80000000	0,99854144
731,00000000	0,99872328
731,20000000	0,99872718
731,40000000	0,99862909
731,60000000	0,99868577
731,80000000	0,99864013
732,00000000	0,99890519
732,20000000	0,99886203
732,40000000	0,99865817
732,60000000	0,99885912
732,80000000	0,99885323
733,00000000	0,99889095
733,20000000	0,99895952
733,40000000	0,99890003
733,60000000	0,99896680
733,80000000	0,99892277
734,00000000	0,99898728
734,20000000	0,99907170
734,40000000	0,99900172
734,60000000	0,99914310
734,80000000	0,99916591
735,00000000	0,99922459
735,20000000	0,99909989
735,40000000	0,99918200
735,60000000	0,99920991
735,80000000	0,99920836
736,00000000	0,99931026
736,20000000	0,99924973
736,40000000	0,99943669
736,60000000	0,99932315
736,80000000	0,99929893
737,00000000	0,99947658
737,20000000	0,99941897
737,40000000	0,99942191
737,60000000	0,99951487
737,80000000	0,99953963
738,00000000	0,99956385
738,20000000	0,99960348
738,40000000	0,99961573
738,60000000	0,99964571
738,80000000	0,99963009
739,00000000	0,99967546
739,20000000	0,99970516
739,40000000	0,99974927
739,60000000	0,99970213
739,80000000	0,99976365
740,00000000	0,99978694
740,20000000	0,99983830
740,40000000	0,99982998
740,60000000	0,99980046
740,80000000	0,99982412
741,00000000	0,99985625
741,20000000	0,99987507
741,40000000	0,99987760
741,60000000	0,99983081
741,80000000	0,99985301
742,00000000	0,99988367
742,20000000	0,99986546
742,40000000	0,99987465
742,60000000	0,99985644
742,80000000	0,99987702
743,00000000	0,99984847
743,20000000	0,99984308
743,40000000	0,99981653
743,60000000	0,99980169
743,80000000	0,99978550
744,00000000	0,99978004
744,20000000	0,99978166
744,40000000	0,99975676
744,60000000	0,99973088
744,80000000	0,99968448
745,00000000	0,99963990
745,20000000	0,99961670
745,40000000	0,99955130
745,60000000	0,99953202
745,80000000	0,99943727
746,00000000	0,99949162
746,20000000	0,99950125
746,40000000	0,99936494
746,60000000	0,99931269
746,80000000	0,99935221
747,00000000	0,99929873
747,20000000	0,99919006
747,40000000	0,99911380
747,60000000	0,99899707
747,80000000	0,99894590
748,00000000	0,99901034
748,20000000	0,99895165
748,40000000	0,99884349
748,60000000	0,99874725
748,80000000	0,99883473
749,00000000	0,99867753
749,20000000	0,99845186
749,40000000	0,99850099
749,60000000	0,99848941
749,80000000	0,99830962
750,00000000	0,99820003
750,20000000	0,99820638
750,40000000	0,99802638
750,60000000	0,99799423
750,80000000	0,99798726
751,00000000	0,99774341
751,20000000	0,99755891
751,40000000	0,99777916
751,60000000	0,99761132
751,80000000	0,99751199
752,00000000	0,99742823
752,20000000	0,99729913
752,40000000	0,99731624
752,60000000	0,99709058
752,80000000	0,99706590
753,00000000	0,99675600
753,20000000	0,99684895
753,40000000	0,99683592
753,60000000	0,99670016
753,80000000	0,99664015
754,00000000	0,99625505
754,20000000	0,99631837
754,40000000	0,99619219
754,60000000	0,99611417
754,80000000	0,99598913
755,00000000	0,99574846
755,20000000	0,99580483
755,40000000	0,99580837
755,60000000	0,99540171
755,80000000	0,99528259
756,00000000	0,99546875
756,20000000	0,99524706
756,40000000	0,99510248
756,60000000	0,99495921
756,80000000	0,99492346
757,00000000	0,99490647
757,20000000	0,99471626
757,40000000	0,99449038
757,60000000	0,99436818
757,80000000	0,99437705
758,00000000	0,99418967
758,20000000	0,99409994
758,40000000	0,99396689
758,60000000	0,99388849
758,80000000	0,99385150
759,00000000	0,99366602
759,20000000	0,99352972
759,40000000	0,99361600
759,60000000	0,99344631
759,80000000	0,99331645
760,00000000	0,99307498
760,20000000	0,99306569
760,40000000	0,99296203
760,60000000	0,99304682
760,80000000	0,99265974
761,00000000	0,99264124
761,20000000	0,99236796
761,40000000	0,99245083
761,60000000	0,99228875
761,80000000	0,99228961
762,00000000	0,99230181
762,20000000	0,99206287
762,40000000	0,99187437
762,60000000	0,99176866
762,80000000	0,99183226
763,00000000	0,99162981
763,20000000	0,99191974
763,40000000	0,99190070
763,60000000	0,99129925
763,80000000	0,99084721
764,00000000	0,99110052
764,20000000	0,99147422
764,40000000	0,99126658
764,60000000	0,99090045
764,80000000	0,99055414
765,00000000	0,99071068
765,20000000	0,99097287
765,40000000	0,99082605
765,60000000	0,99044699
765,80000000	0,99041161
766,00000000	0,99052870
766,20000000	0,99073271
766,40000000	0,99034968
766,60000000	0,98989393
766,80000000	0,99003078
767,00000000	0,98991562
767,20000000	0,99002964
767,40000000	0,98969248
767,60000000	0,98960278
767,80000000	0,98964507
768,00000000	0,98965684
768,20000000	0,98962217
768,40000000	0,98937050
768,60000000	0,98949831
768,80000000	0,98960091
769,00000000	0,98915843
769,20000000	0,98931939
769,40000000	0,98895337
769,60000000	0,98910815
769,80000000	0,98907542
770,00000000	0,98916603
770,20000000	0,98874031
770,40000000	0,98859821
770,60000000	0,98886873
770,80000000	0,98887569
771,00000000	0,98851521
771,20000000	0,98868623
771,40000000	0,98866331
771,60000000	0,98850013
771,80000000	0,98820180
772,00000000	0,98823609
772,20000000	0,98826365
772,40000000	0,98806721
772,60000000	0,98838502
772,80000000	0,98798820
773,00000000	0,98785188
773,20000000	0,98845609
773,40000000	0,98809509
773,60000000	0,98802309
773,80000000	0,98798460
774,00000000	0,98759695
774,20000000	0,98763994
774,40000000	0,98794811
774,60000000	0,98768000
774,80000000	0,98793636
775,00000000	0,98782809
775,20000000	0,98780451
775,40000000	0,98776062
775,60000000	0,98795195
775,80000000	0,98753301
776,00000000	0,98780182
776,20000000	0,98790875
776,40000000	0,98758470
776,60000000	0,98748084
776,80000000	0,98761666
777,00000000	0,98784574
777,20000000	0,98727254
777,40000000	0,98743224
777,60000000	0,98715561
777,80000000	0,98774687
778,00000000	0,98753798
778,20000000	0,98731523
778,40000000	0,98724820
778,60000000	0,98736454
778,80000000	0,98743364
779,00000000	0,98729158
779,20000000	0,98745535
779,40000000	0,98720595
779,60000000	0,98719818
779,80000000	0,98717690
780,00000000	0,98717241
780,20000000	0,98707267
780,40000000	0,98728323
780,60000000	0,98741370
780,80000000	0,98755119
781,00000000	0,98723480
781,20000000	0,98712562
781,40000000	0,98707789
781,60000000	0,98723149
781,80000000	0,98745849
782,00000000	0,98700405
782,20000000	0,98721102
782,40000000	0,98728442
782,60000000	0,98730272
782,80000000	0,98668520
783,00000000	0,98671441
783,20000000	0,98699897
783,40000000	0,98720786
783,60000000	0,98712083
783,80000000	0,98705346
784,00000000	0,98698307
784,20000000	0,98667471
784,40000000	0,98713135
784,60000000	0,98714206
784,80000000	0,98647841
785,00000000	0,98658142
785,20000000	0,98673353
785,40000000	0,98668118
785,60000000	0,98704038
785,80000000	0,98640758
786,00000000	0,98629637
786,20000000	0,98676121
786,40000000	0,98669048
786,60000000	0,98657424
786,80000000	0,98620434
787,00000000	0,98632014
787,20000000	0,98641766
787,40000000	0,98658351
787,60000000	0,98623646
787,80000000	0,98603014
788,00000000	0,98625728
788,20000000	0,98640678
788,40000000	0,98588437
788,60000000	0,98574706
788,80000000	0,98615665
789,00000000	0,98650593
789,20000000	0,98563566
789,40000000	0,98539061
789,60000000	0,98594143
789,80000000	0,98572540
790,00000000	0,98588265
790,20000000	0,98559127
790,40000000	0,98537049
790,60000000	0,98533438
790,80000000	0,98530019
791,00000000	0,98508617
791,20000000	0,98508292
791,40000000	0,98495699
791,60000000	0,98523281
791,80000000	0,98540626
792,00000000	0,98486594
792,20000000	0,98483802
792,40000000	0,98461409
792,60000000	0,98466574
792,80000000	0,98455575
793,00000000	0,98439276
793,20000000	0,98414022
793,40000000	0,98432941
793,60000000	0,98487128
793,80000000	0,98379813
794,00000000	0,98380733
794,20000000	0,98378985
794,40000000	0,98391207
794,60000000	0,98408163
794,80000000	0,98391550
795,00000000	0,98378549
795,20000000	0,98372127
795,40000000	0,98364806
795,60000000	0,98390359
795,80000000	0,98372709
796,00000000	0,98336335
796,20000000	0,98347973
796,40000000	0,98335374
796,60000000	0,98344884
796,80000000	0,98308288
797,00000000	0,98279737
797,20000000	0,98324626
797,40000000	0,98297552
797,60000000	0,98248598
797,80000000	0,98251128
798,00000000	0,98247905
798,20000000	0,98306772
798,40000000	0,98264038
798,60000000	0,98266234
798,80000000	0,98244390
799,00000000	0,98239050
799,20000000	0,98257597
799,40000000	0,98250353
799,60000000	0,98220283
799,80000000	0,98251478
800,00000000	0,98223468
800,20000000	0,98209452
800,40000000	0,98226243
800,60000000	0,98246836
800,80000000	0,98231916
801,00000000	0,98262194
801,20000000	0,98236411
801,40000000	0,98190609
801,60000000	0,98232551
801,80000000	0,98271960
802,00000000	0,98256434
802,20000000	0,98225565
802,40000000	0,98242395
802,60000000	0,98223094
802,80000000	0,98271471
803,00000000	0,98218139
803,20000000	0,98215610
803,40000000	0,98284715
803,60000000	0,98283937
803,80000000	0,98231777
804,00000000	0,98261642
804,20000000	0,98249221
804,40000000	0,98277623
804,60000000	0,98318549
804,80000000	0,98278847
805,00000000	0,98260885
805,20000000	0,98322276
805,40000000	0,98318847
805,60000000	0,98323187
805,80000000	0,98351420
806,00000000	0,98370958
806,20000000	0,98363230
806,40000000	0,98315826
806,60000000	0,98343091
806,80000000	0,98378509
807,00000000	0,98332711
807,20000000	0,98368540
807,40000000	0,98405099
807,60000000	0,98379535
807,80000000	0,98394311
808,00000000	0,98428890
808,20000000	0,98446265
808,40000000	0,98458912
808,60000000	0,98477446
808,80000000	0,98454631
809,00000000	0,98465947
809,20000000	0,98499128
809,40000000	0,98511843
809,60000000	0,98476745
809,80000000	0,98488491
810,00000000	0,98536140
810,20000000	0,98535064
810,40000000	0,98519561
810,60000000	0,98530591
810,80000000	0,98571354
811,00000000	0,98600580
811,20000000	0,98625164
811,40000000	0,98555191
811,60000000	0,98560690
811,80000000	0,98613256
812,00000000	0,98646104
812,20000000	0,98631691
812,40000000	0,98627569
812,60000000	0,98635569
812,80000000	0,98672774
813,00000000	0,98646274
813,20000000	0,98622406
813,40000000	0,98665717
813,60000000	0,98666566
813,80000000	0,98692924
814,00000000	0,98705110
814,20000000	0,98699199
814,40000000	0,98665700
814,60000000	0,98709423
814,80000000	0,98703031
815,00000000	0,98697716
815,20000000	0,98717416
815,40000000	0,98673973
815,60000000	0,98704399
815,80000000	0,98708208
816,00000000	0,98671602
816,20000000	0,98720343
816,40000000	0,98659731
816,60000000	0,98665800
816,80000000	0,98725884
817,00000000	0,98681623
817,20000000	0,98665801
817,40000000	0,98673869
817,60000000	0,98660854
817,80000000	0,98634679
818,00000000	0,98653503
818,20000000	0,98628995
818,40000000	0,98630538
818,60000000	0,98584523
818,80000000	0,98568048
819,00000000	0,98583482
819,20000000	0,98578241
819,40000000	0,98570507
819,60000000	0,98519565
819,80000000	0,98519571
820,00000000	0,98465146
820,20000000	0,98512620
820,40000000	0,98505625
820,60000000	0,98439693
820,80000000	0,98405832
821,00000000	0,98390515
821,20000000	0,98402364
821,40000000	0,98373732
821,60000000	0,98317133
821,80000000	0,98285473
822,00000000	0,98296740
822,20000000	0,98331098
822,40000000	0,98221525
822,60000000	0,98171479
822,80000000	0,98176313
823,00000000	0,98165214
823,20000000	0,98170885
823,40000000	0,98084654
823,60000000	0,98027738
823,80000000	0,98007938
824,00000000	0,98038949
824,20000000	0,97985654
824,40000000	0,97906638
824,60000000	0,97863408
824,80000000	0,97938192
825,00000000	0,97894330
825,20000000	0,97835096
825,40000000	0,97814335
825,60000000	0,97751723
825,80000000	0,97799976
826,00000000	0,97738256
826,20000000	0,97711047
826,40000000	0,97572384
826,60000000	0,97611552
826,80000000	0,97628310
827,00000000	0,97520225
827,20000000	0,97509326
827,40000000	0,97482674
827,60000000	0,97401731
827,80000000	0,97454281
828,00000000	0,97430230
828,20000000	0,97333616
828,40000000	0,97378750
828,60000000	0,97352264
828,80000000	0,97219890
829,00000000	0,97243240
829,20000000	0,97178231
829,40000000	0,97126953
829,60000000	0,97129062
829,80000000	0,97068959
830,00000000	0,97078116
830,20000000	0,97021510
830,40000000	0,97009475
830,60000000	0,96972171
830,80000000	0,96922655
831,00000000	0,96907638
831,20000000	0,96944991
831,40000000	0,96860914
831,60000000	0,96860077
831,80000000	0,96815871
832,00000000	0,96881294
832,20000000	0,96779486
832,40000000	0,96776070
832,60000000	0,96678846
832,80000000	0,96752573
833,00000000	0,96708770
833,20000000	0,96750628
833,40000000	0,96604824
833,60000000	0,96607871
833,80000000	0,96678338
834,00000000	0,96630992
834,20000000	0,96630018
834,40000000	0,96567220
834,60000000	0,96521346
834,80000000	0,96522535
835,00000000	0,96623729
835,20000000	0,96559364
835,40000000	0,96526364
835,60000000	0,96487661
835,80000000	0,96442859
836,00000000	0,96591658
836,20000000	0,96452734
836,40000000	0,96454809
836,60000000	0,96576203
836,80000000	0,96478879
837,00000000	0,96466121
837,20000000	0,96603361
837,40000000	0,96482324
837,60000000	0,96489609
837,80000000	0,96576444
838,00000000	0,96514063
838,20000000	0,96532550
838,40000000	0,96541685
838,60000000	0,96547437
838,80000000	0,96595720
839,00000000	0,96535634
839,20000000	0,96579624
839,40000000	0,96564601
839,60000000	0,96641915
839,80000000	0,96642515
840,00000000	0,96583418
840,20000000	0,96599823
840,40000000	0,96616934
840,60000000	0,96731099
840,80000000	0,96758210
841,00000000	0,96662319
841,20000000	0,96756517
841,40000000	0,96710205
841,60000000	0,96792893
841,80000000	0,96774920
842,00000000	0,96782319
842,20000000	0,96888528
842,40000000	0,96928349
842,60000000	0,96853937
842,80000000	0,96825818
843,00000000	0,96961674
843,20000000	0,96961572
843,40000000	0,96941227
843,60000000	0,96993853
843,80000000	0,97027351
844,00000000	0,97064053
844,20000000	0,97149083
844,40000000	0,97117374
844,60000000	0,97133250
844,80000000	0,97149673
845,00000000	0,97239058
845,20000000	0,97234616
845,40000000	0,97315364
845,60000000	0,97253796
845,80000000	0,97282800
846,00000000	0,97351589
846,20000000	0,97380012
846,40000000	0,97397712
846,60000000	0,97425073
846,80000000	0,97445813
847,00000000	0,97524511
847,20000000	0,97517191
847,40000000	0,97520539
847,60000000	0,97557314
847,80000000	0,97633984
848,00000000	0,97628435
848,20000000	0,97650324
848,40000000	0,97734452
848,60000000	0,97737826
848,80000000	0,97814375
849,00000000	0,97748943
849,20000000	0,97771892
849,40000000	0,97842294
849,60000000	0,97861009
849,80000000	0,97840945
850,00000000	0,97890124
850,20000000	0,97874187
850,40000000	0,97973979
850,60000000	0,98013018
850,80000000	0,98002811
851,00000000	0,97960803
851,20000000	0,98023067
851,40000000	0,98075278
851,60000000	0,98107321
851,80000000	0,98071968
852,00000000	0,98062096
852,20000000	0,98122603
852,40000000	0,98154111
852,60000000	0,98126203
852,80000000	0,98120357
853,00000000	0,98153362
853,20000000	0,98229921
853,40000000	0,98211899
853,60000000	0,98225631
853,80000000	0,98182780
854,00000000	0,98194548
854,20000000	0,98260427
854,40000000	0,98323829
854,60000000	0,98167507
854,80000000	0,98210478
855,00000000	0,98289860
855,20000000	0,98300164
855,40000000	0,98276414
855,60000000	0,98269039
855,80000000	0,98275362
856,00000000	0,98323733
856,20000000	0,98285064
856,40000000	0,98309356
856,60000000	0,98278962
856,80000000	0,98307766
857,00000000	0,98327723
857,20000000	0,98284630
857,40000000	0,98288578
857,60000000	0,98269812
857,80000000	0,98261043
858,00000000	0,98330741
858,20000000	0,98316644
858,40000000	0,98261886
858,60000000	0,98256633
858,80000000	0,98267938
859,00000000	0,98268356
859,20000000	0,98225024
859,40000000	0,98273614
859,60000000	0,98230725
859,80000000	0,98226195
860,00000000	0,98223242
860,20000000	0,98217304
860,40000000	0,98178559
860,60000000	0,98232946
860,80000000	0,98162949
861,00000000	0,98127786
861,20000000	0,98132928
861,40000000	0,98169986
861,60000000	0,98191284
861,80000000	0,98150119
862,00000000	0,98128786
862,20000000	0,98112513
862,40000000	0,98126297
862,60000000	0,98080409
862,80000000	0,98068688
863,00000000	0,98005989
863,20000000	0,98067407
863,40000000	0,98067679
863,60000000	0,98037422
863,80000000	0,98008126
864,00000000	0,97921088
864,20000000	0,98004574
864,40000000	0,98021855
864,60000000	0,97983412
864,80000000	0,97932891
865,00000000	0,97931889
865,20000000	0,97991025
865,40000000	0,97957032
865,60000000	0,97897726
865,80000000	0,97893741
866,00000000	0,97892893
866,20000000	0,97874546
866,40000000	0,97906056
866,60000000	0,97845105
866,80000000	0,97845202
867,00000000	0,97896921
867,20000000	0,97877158
867,40000000	0,97823698
867,60000000	0,97754043
867,80000000	0,97780507
868,00000000	0,97836348
868,20000000	0,97827912
868,40000000	0,97803499
868,60000000	0,97710710
868,80000000	0,97778597
869,00000000	0,97752560
869,20000000	0,97774066
869,40000000	0,97742186
869,60000000	0,97716355
869,80000000	0,97725437
870,00000000	0,97792796
870,20000000	0,97653162
870,40000000	0,97660511
870,60000000	0,97664548
870,80000000	0,97712838
871,00000000	0,97682129
871,20000000	0,97680512
871,40000000	0,97586388
871,60000000	0,97676271
871,80000000	0,97715946
872,00000000	0,97651046
872,20000000	0,97601502
872,40000000	0,97587152
872,60000000	0,97659047
872,80000000	0,97623758
873,00000000	0,97617778
873,20000000	0,97592897
873,40000000	0,97590227
873,60000000	0,97597421
873,80000000	0,97625424
874,00000000	0,97515582
874,20000000	0,97598563
874,40000000	0,97526131
874,60000000	0,97610862
874,80000000	0,97569024
875,00000000	0,97534193
875,20000000	0,97512363
875,40000000	0,97605575
875,60000000	0,97565046
875,80000000	0,97528742
876,00000000	0,97514994
876,20000000	0,97506573
876,40000000	0,97564615
876,60000000	0,97483578
876,80000000	0,97531508
877,00000000	0,97496653
877,20000000	0,97526891
877,40000000	0,97519474
877,60000000	0,97441414
877,80000000	0,97433433
878,00000000	0,97515579
878,20000000	0,97470176
878,40000000	0,97407969
878,60000000	0,97410860
878,80000000	0,97350531
879,00000000	0,97379757
879,20000000	0,97427366
879,40000000	0,97381941
879,60000000	0,97335086
879,80000000	0,97383433
880,00000000	0,97367825
880,20000000	0,97378995
880,40000000	0,97324899
880,60000000	0,97305644
880,80000000	0,97284776
881,00000000	0,97301545
881,20000000	0,97304948
881,40000000	0,97272167
881,60000000	0,97226141
881,80000000	0,97234176
882,00000000	0,97328585
882,20000000	0,97248134
882,40000000	0,97140126
882,60000000	0,97196915
882,80000000	0,97275633
883,00000000	0,97241575
883,20000000	0,97106426
883,40000000	0,97119373
883,60000000	0,97188275
883,80000000	0,97135958
884,00000000	0,97080793
884,20000000	0,97108169
884,40000000	0,97058387
884,60000000	0,97092419
884,80000000	0,97067910
885,00000000	0,97019405
885,20000000	0,97055169
885,40000000	0,97038910
885,60000000	0,97053073
885,80000000	0,96981084
886,00000000	0,96928760
886,20000000	0,96915860
886,40000000	0,97002315
886,60000000	0,96967714
886,80000000	0,96881078
887,00000000	0,96848130
887,20000000	0,96931965
887,40000000	0,96935102
887,60000000	0,96883022
887,80000000	0,96889293
888,00000000	0,96845719
888,20000000	0,96837273
888,40000000	0,96919008
888,60000000	0,96830992
888,80000000	0,96760408
889,00000000	0,96824260
889,20000000	0,96849265
889,40000000	0,96814732
889,60000000	0,96835771
889,80000000	0,96786380
890,00000000	0,96806452
890,20000000	0,96804573
890,40000000	0,96836312
890,60000000	0,96721782
890,80000000	0,96760083
891,00000000	0,96837162
891,20000000	0,96774814
891,40000000	0,96821698
891,60000000	0,96768584
891,80000000	0,96736934
892,00000000	0,96842648
892,20000000	0,96829950
892,40000000	0,96779870
892,60000000	0,96727244
892,80000000	0,96858348
893,00000000	0,96803961
893,20000000	0,96803458
893,40000000	0,96795429
893,60000000	0,96866947
893,80000000	0,96825418
894,00000000	0,96869186
894,20000000	0,96881368
894,40000000	0,96916674
894,60000000	0,96886586
894,80000000	0,96955261
895,00000000	0,96936989
895,20000000	0,96917758
895,40000000	0,96984561
895,60000000	0,97060482
895,80000000	0,96977464
896,00000000	0,97015016
896,20000000	0,96990468
896,40000000	0,97074504
896,60000000	0,97106825
896,80000000	0,97139572
897,00000000	0,97111115
897,20000000	0,97109549
897,40000000	0,97191569
897,60000000	0,97225324
897,80000000	0,97210136
898,00000000	0,97169943
898,20000000	0,97199704
898,40000000	0,97369266
898,60000000	0,97363872
898,80000000	0,97333502
899,00000000	0,97353674
899,20000000	0,97363071
899,40000000	0,97448817
899,60000000	0,97451662
899,80000000	0,97461983
900,00000000	0,97461786
