200,00000000	0,96951901
200,20000000	0,97506068
200,40000000	0,97195025
200,60000000	0,97631037
200,80000000	0,97998963
201,00000000	0,97491956
201,20000000	0,97632241
201,40000000	0,98019837
201,60000000	0,98604051
201,80000000	0,97866844
202,00000000	0,97766091
202,20000000	0,97931821
202,40000000	0,99000925
202,60000000	0,98691972
202,80000000	0,98610877
203,00000000	0,98643359
203,20000000	0,98393242
203,40000000	0,98477495
203,60000000	0,98795274
203,80000000	0,98469652
204,00000000	0,99223616
204,20000000	0,98642076
204,40000000	0,98900944
204,60000000	0,98747960
204,80000000	0,98459129
205,00000000	0,98952408
205,20000000	0,98990684
205,40000000	0,98930254
205,60000000	0,98854127
205,80000000	0,98695977
206,00000000	0,98763853
206,20000000	0,98515763
206,40000000	0,98491553
206,60000000	0,98257042
206,80000000	0,97796577
207,00000000	0,98212374
207,20000000	0,98347597
207,40000000	0,98603544
207,60000000	0,97738494
207,80000000	0,97958387
208,00000000	0,96969498
208,20000000	0,96817549
208,40000000	0,97334356
208,60000000	0,97684365
208,80000000	0,96644791
209,00000000	0,95500389
209,20000000	0,97146075
209,40000000	0,97151320
209,60000000	0,95265203
209,80000000	0,95631180
210,00000000	0,96973852
210,20000000	0,94103731
210,40000000	0,91596361
210,60000000	0,94616174
210,80000000	0,95696557
211,00000000	0,94961124
211,20000000	0,94491502
211,40000000	0,93469464
211,60000000	0,92601242
211,80000000	0,90832783
212,00000000	0,91474976
212,20000000	0,93584428
212,40000000	0,91195574
212,60000000	0,91123194
212,80000000	0,91473704
213,00000000	0,92112741
213,20000000	0,88812626
213,40000000	0,87997689
213,60000000	0,88723329
213,80000000	0,87688953
214,00000000	0,88561112
214,20000000	0,89282758
214,40000000	0,89156178
214,60000000	0,87766454
214,80000000	0,85534683
215,00000000	0,84284902
215,20000000	0,84134914
215,40000000	0,85618120
215,60000000	0,84901264
215,80000000	0,83884789
216,00000000	0,82824834
216,20000000	0,79045653
216,40000000	0,83712489
216,60000000	0,82532918
216,80000000	0,79341419
217,00000000	0,78833742
217,20000000	0,77262149
217,40000000	0,77130645
217,60000000	0,80988629
217,80000000	0,82414987
218,00000000	0,79418823
218,20000000	0,77249454
218,40000000	0,74923194
218,60000000	0,77870723
218,80000000	0,79220364
219,00000000	0,76002237
219,20000000	0,78104456
219,40000000	0,78872916
219,60000000	0,73853973
219,80000000	0,74221782
220,00000000	0,75469950
220,20000000	0,73869190
220,40000000	0,72093675
220,60000000	0,70154704
220,80000000	0,68360401
221,00000000	0,75809284
221,20000000	0,70551022
221,40000000	0,75209877
221,60000000	0,70450462
221,80000000	0,64746559
222,00000000	0,67560056
222,20000000	0,66757031
222,40000000	0,72906570
222,60000000	0,69203569
222,80000000	0,70176789
223,00000000	0,65549898
223,20000000	0,68607491
223,40000000	0,68331560
223,60000000	0,69713733
223,80000000	0,67904426
224,00000000	0,64911093
224,20000000	0,69612375
224,40000000	0,66441315
224,60000000	0,65157157
224,80000000	0,61758061
225,00000000	0,61095795
225,20000000	0,66537392
225,40000000	0,63047120
225,60000000	0,66596535
225,80000000	0,64040713
226,00000000	0,63379227
226,20000000	0,65554124
226,40000000	0,59158904
226,60000000	0,63260972
226,80000000	0,63866297
227,00000000	0,59646725
227,20000000	0,61390952
227,40000000	0,63314380
227,60000000	0,58016405
227,80000000	0,58882972
228,00000000	0,59197994
228,20000000	0,59308394
228,40000000	0,64054127
228,60000000	0,59130665
228,80000000	0,61729525
229,00000000	0,62936352
229,20000000	0,56998472
229,40000000	0,57674545
229,60000000	0,62326209
229,80000000	0,60265234
230,00000000	0,59988656
230,20000000	0,59385116
230,40000000	0,60912024
230,60000000	0,56953572
230,80000000	0,56697315
231,00000000	0,56444871
231,20000000	0,55904056
231,40000000	0,56161595
231,60000000	0,56331500
231,80000000	0,55232886
232,00000000	0,54636137
232,20000000	0,56121085
232,40000000	0,58248063
232,60000000	0,54416383
232,80000000	0,54584967
233,00000000	0,55958826
233,20000000	0,57418965
233,40000000	0,59388615
233,60000000	0,54388257
233,80000000	0,57681021
234,00000000	0,53800448
234,20000000	0,55703292
234,40000000	0,57048668
234,60000000	0,58096971
234,80000000	0,55392342
235,00000000	0,54925825
235,20000000	0,50908911
235,40000000	0,52592929
235,60000000	0,54292036
235,80000000	0,54752529
236,00000000	0,56614261
236,20000000	0,56569603
236,40000000	0,53885221
236,60000000	0,56195081
236,80000000	0,57376650
237,00000000	0,53838630
237,20000000	0,55771299
237,40000000	0,54007398
237,60000000	0,56818768
237,80000000	0,52145384
238,00000000	0,52746638
238,20000000	0,53341373
238,40000000	0,53395276
238,60000000	0,55665249
238,80000000	0,56176685
239,00000000	0,58745948
239,20000000	0,54627625
239,40000000	0,51274879
239,60000000	0,52556974
239,80000000	0,52861611
240,00000000	0,53633067
240,20000000	0,54374338
240,40000000	0,54020000
240,60000000	0,53729242
240,80000000	0,52737728
241,00000000	0,55042983
241,20000000	0,56261501
241,40000000	0,55726440
241,60000000	0,54692433
241,80000000	0,55469811
242,00000000	0,55776484
242,20000000	0,52551298
242,40000000	0,54168072
242,60000000	0,54357843
242,80000000	0,55676621
243,00000000	0,56276511
243,20000000	0,58087788
243,40000000	0,55770463
243,60000000	0,58022419
243,80000000	0,58515034
244,00000000	0,55770488
244,20000000	0,58511200
244,40000000	0,57260859
244,60000000	0,59257376
244,80000000	0,59556507
245,00000000	0,59776261
245,20000000	0,58362456
245,40000000	0,59927875
245,60000000	0,57007432
245,80000000	0,58615462
246,00000000	0,61655931
246,20000000	0,60903504
246,40000000	0,62575439
246,60000000	0,63052445
246,80000000	0,65344174
247,00000000	0,61551294
247,20000000	0,63270416
247,40000000	0,63048650
247,60000000	0,64051572
247,80000000	0,64830852
248,00000000	0,65968303
248,20000000	0,69462563
248,40000000	0,68618096
248,60000000	0,67447100
248,80000000	0,67116066
249,00000000	0,70101691
249,20000000	0,69483277
249,40000000	0,68196421
249,60000000	0,71169367
249,80000000	0,71190105
250,00000000	0,70536770
250,20000000	0,69565754
250,40000000	0,71679161
250,60000000	0,74572481
250,80000000	0,72673179
251,00000000	0,73380327
251,20000000	0,74949798
251,40000000	0,75390065
251,60000000	0,75055811
251,80000000	0,73397844
252,00000000	0,74871954
252,20000000	0,73865136
252,40000000	0,74018587
252,60000000	0,74809089
252,80000000	0,77154276
253,00000000	0,76027291
253,20000000	0,74954614
253,40000000	0,75586858
253,60000000	0,74593775
253,80000000	0,73734102
254,00000000	0,74160745
254,20000000	0,74057031
254,40000000	0,73795924
254,60000000	0,73481091
254,80000000	0,72207762
255,00000000	0,71554580
255,20000000	0,70000280
255,40000000	0,70039896
255,60000000	0,68878040
255,80000000	0,69524915
256,00000000	0,68998918
256,20000000	0,70070967
256,40000000	0,67698072
256,60000000	0,64894530
256,80000000	0,65357877
257,00000000	0,64374119
257,20000000	0,63068341
257,40000000	0,62280532
257,60000000	0,62802189
257,80000000	0,62789774
258,00000000	0,62110935
258,20000000	0,61107594
258,40000000	0,58602052
258,60000000	0,58507599
258,80000000	0,56733141
259,00000000	0,55473992
259,20000000	0,56140234
259,40000000	0,56451900
259,60000000	0,54806659
259,80000000	0,52951593
260,00000000	0,54138713
260,20000000	0,52295513
260,40000000	0,50228728
260,60000000	0,51360395
260,80000000	0,51845433
261,00000000	0,50424941
261,20000000	0,49641458
261,40000000	0,49504489
261,60000000	0,49703476
261,80000000	0,48442811
262,00000000	0,47779591
262,20000000	0,48183240
262,40000000	0,48060691
262,60000000	0,48670728
262,80000000	0,48427609
263,00000000	0,48377522
263,20000000	0,47991798
263,40000000	0,47303135
263,60000000	0,47609443
263,80000000	0,47330925
264,00000000	0,46808200
264,20000000	0,45920045
264,40000000	0,46643028
264,60000000	0,47693226
264,80000000	0,46458876
265,00000000	0,46241361
265,20000000	0,48410457
265,40000000	0,47048493
265,60000000	0,47713115
265,80000000	0,46882553
266,00000000	0,46941389
266,20000000	0,48156995
266,40000000	0,48668472
266,60000000	0,49426107
266,80000000	0,49005915
267,00000000	0,49390737
267,20000000	0,50559859
267,40000000	0,50630317
267,60000000	0,50762623
267,80000000	0,52246267
268,00000000	0,53477874
268,20000000	0,53972950
268,40000000	0,53792691
268,60000000	0,54306614
268,80000000	0,55205149
269,00000000	0,56693130
269,20000000	0,57024206
269,40000000	0,58063144
269,60000000	0,59459686
269,80000000	0,59957340
270,00000000	0,61069487
270,20000000	0,62327059
270,40000000	0,63452034
270,60000000	0,64085165
270,80000000	0,64979751
271,00000000	0,65981547
271,20000000	0,67085386
271,40000000	0,67701355
271,60000000	0,68801749
271,80000000	0,70177588
272,00000000	0,70418951
272,20000000	0,71058744
272,40000000	0,72109331
272,60000000	0,72268177
272,80000000	0,73214809
273,00000000	0,74080568
273,20000000	0,74315404
273,40000000	0,74478140
273,60000000	0,74871844
273,80000000	0,75034145
274,00000000	0,75378778
274,20000000	0,75407422
274,40000000	0,75493032
274,60000000	0,75887932
274,80000000	0,76104019
275,00000000	0,75998785
275,20000000	0,76253856
275,40000000	0,76576234
275,60000000	0,76919962
275,80000000	0,78013618
276,00000000	0,78131257
276,20000000	0,78298800
276,40000000	0,79053662
276,60000000	0,79484887
276,80000000	0,79958243
277,00000000	0,80165690
277,20000000	0,80717466
277,40000000	0,81775731
277,60000000	0,82265752
277,80000000	0,82198136
278,00000000	0,82328332
278,20000000	0,82054603
278,40000000	0,82194433
278,60000000	0,82247428
278,80000000	0,81082853
279,00000000	0,80850092
279,20000000	0,80057193
279,40000000	0,78564703
279,60000000	0,77529204
279,80000000	0,76015634
280,00000000	0,74703793
280,20000000	0,72686789
280,40000000	0,71119005
280,60000000	0,70161363
280,80000000	0,68528173
281,00000000	0,66021916
281,20000000	0,65000243
281,40000000	0,62990858
281,60000000	0,61140368
281,80000000	0,59817253
282,00000000	0,57951155
282,20000000	0,56004002
282,40000000	0,54408728
282,60000000	0,53241308
282,80000000	0,52135480
283,00000000	0,50378982
283,20000000	0,48958162
283,40000000	0,48481277
283,60000000	0,47400537
283,80000000	0,46877370
284,00000000	0,45624707
284,20000000	0,44736646
284,40000000	0,43503733
284,60000000	0,42244166
284,80000000	0,41228299
285,00000000	0,39932469
285,20000000	0,39080962
285,40000000	0,38733302
285,60000000	0,38061608
285,80000000	0,36507317
286,00000000	0,35646232
286,20000000	0,34054814
286,40000000	0,33589570
286,60000000	0,33534502
286,80000000	0,33213861
287,00000000	0,32581275
287,20000000	0,32158661
287,40000000	0,31989070
287,60000000	0,31477583
287,80000000	0,30558113
288,00000000	0,30017116
288,20000000	0,29229023
288,40000000	0,28363973
288,60000000	0,27609160
288,80000000	0,27518818
289,00000000	0,27884701
289,20000000	0,27541078
289,40000000	0,27209603
289,60000000	0,27523587
289,80000000	0,26896838
290,00000000	0,26061684
290,20000000	0,25951638
290,40000000	0,25600902
290,60000000	0,25705533
290,80000000	0,25988110
291,00000000	0,25298296
291,20000000	0,25058940
291,40000000	0,24519843
291,60000000	0,24240105
291,80000000	0,23700453
292,00000000	0,23928883
292,20000000	0,24097634
292,40000000	0,23692681
292,60000000	0,23529855
292,80000000	0,22846572
293,00000000	0,22456066
293,20000000	0,22176547
293,40000000	0,22122911
293,60000000	0,22122643
293,80000000	0,21739293
294,00000000	0,21883852
294,20000000	0,21980887
294,40000000	0,21137426
294,60000000	0,21192933
294,80000000	0,21540076
295,00000000	0,21377141
295,20000000	0,21202139
295,40000000	0,20742311
295,60000000	0,20844942
295,80000000	0,21049461
296,00000000	0,20606145
296,20000000	0,20190935
296,40000000	0,20632519
296,60000000	0,20760291
296,80000000	0,20467190
297,00000000	0,20144842
297,20000000	0,20056288
297,40000000	0,19741376
297,60000000	0,19631154
297,80000000	0,19855442
298,00000000	0,19988049
298,20000000	0,19907261
298,40000000	0,19349837
298,60000000	0,19395154
298,80000000	0,19533397
299,00000000	0,18872019
299,20000000	0,19078889
299,40000000	0,20078387
299,60000000	0,19970081
299,80000000	0,19542551
300,00000000	0,19933516
300,20000000	0,20087668
300,40000000	0,19693727
300,60000000	0,19102070
300,80000000	0,18408295
301,00000000	0,18278410
301,20000000	0,18656850
301,40000000	0,18475838
301,60000000	0,18327150
301,80000000	0,18310104
302,00000000	0,18358462
302,20000000	0,18161861
302,40000000	0,17729681
302,60000000	0,17633591
302,80000000	0,17950776
303,00000000	0,18722374
303,20000000	0,18864671
303,40000000	0,18762926
303,60000000	0,18394023
303,80000000	0,18782376
304,00000000	0,18897730
304,20000000	0,18288896
304,40000000	0,18233809
304,60000000	0,18505413
304,80000000	0,18483189
305,00000000	0,18647925
305,20000000	0,17917884
305,40000000	0,17032462
305,60000000	0,17233450
305,80000000	0,17285476
306,00000000	0,16955887
306,20000000	0,16976264
306,40000000	0,17040035
306,60000000	0,17601761
306,80000000	0,17764085
307,00000000	0,17174851
307,20000000	0,17675619
307,40000000	0,18310038
307,60000000	0,17912154
307,80000000	0,17333670
308,00000000	0,17560136
308,20000000	0,17479018
308,40000000	0,17522656
308,60000000	0,17793706
308,80000000	0,17504067
309,00000000	0,17150740
309,20000000	0,17036558
309,40000000	0,16227587
309,60000000	0,16027396
309,80000000	0,16774754
310,00000000	0,16688904
310,20000000	0,16521112
310,40000000	0,16965168
310,60000000	0,16885663
310,80000000	0,17166076
311,00000000	0,17723078
311,20000000	0,17537540
311,40000000	0,17518035
311,60000000	0,17746236
311,80000000	0,17430784
312,00000000	0,17228285
312,20000000	0,17281976
312,40000000	0,17019054
312,60000000	0,16881124
312,80000000	0,16530127
313,00000000	0,16304257
313,20000000	0,16147877
313,40000000	0,16121217
313,60000000	0,16160596
313,80000000	0,16104891
314,00000000	0,16195908
314,20000000	0,15657860
314,40000000	0,15481856
314,60000000	0,16150378
314,80000000	0,16258071
315,00000000	0,16123464
315,20000000	0,16599490
315,40000000	0,16558413
315,60000000	0,16150515
315,80000000	0,16254896
316,00000000	0,16439110
316,20000000	0,16482813
316,40000000	0,16478182
316,60000000	0,16438895
316,80000000	0,16423436
317,00000000	0,16564667
317,20000000	0,16142529
317,40000000	0,15775071
317,60000000	0,15967019
317,80000000	0,15775018
318,00000000	0,15583444
318,20000000	0,15870398
318,40000000	0,15814684
318,60000000	0,15459709
318,80000000	0,15422059
319,00000000	0,15576957
319,20000000	0,15699201
319,40000000	0,15869813
319,60000000	0,15882609
319,80000000	0,15566824
320,00000000	0,15426915
320,20000000	0,15500929
320,40000000	0,15482093
320,60000000	0,15780091
320,80000000	0,16179427
321,00000000	0,16185203
321,20000000	0,16250326
321,40000000	0,16510261
321,60000000	0,16325588
321,80000000	0,16115624
322,00000000	0,16003589
322,20000000	0,15841373
322,40000000	0,15962294
322,60000000	0,16086100
322,80000000	0,15981990
323,00000000	0,15905407
323,20000000	0,15957700
323,40000000	0,15744320
323,60000000	0,15621703
323,80000000	0,15658766
324,00000000	0,15648821
324,20000000	0,15720036
324,40000000	0,15798747
324,60000000	0,15905361
324,80000000	0,15824877
325,00000000	0,15685416
325,20000000	0,15795727
325,40000000	0,15768035
325,60000000	0,15509443
325,80000000	0,15498427
326,00000000	0,15402601
326,20000000	0,15525013
326,40000000	0,15822032
326,60000000	0,15717477
326,80000000	0,15549169
327,00000000	0,15752422
327,20000000	0,15804708
327,40000000	0,15520084
327,60000000	0,15515443
327,80000000	0,15713002
328,00000000	0,15740205
328,20000000	0,15568562
328,40000000	0,15588473
328,60000000	0,15728468
328,80000000	0,15692683
329,00000000	0,15663363
329,20000000	0,15564863
329,40000000	0,15481464
329,60000000	0,15683790
329,80000000	0,15829279
330,00000000	0,15683787
330,20000000	0,15657717
330,40000000	0,15866072
330,60000000	0,15845182
330,80000000	0,15676634
331,00000000	0,15781651
331,20000000	0,15813045
331,40000000	0,15550923
331,60000000	0,15478173
331,80000000	0,15478563
332,00000000	0,15393944
332,20000000	0,15485992
332,40000000	0,15719305
332,60000000	0,15767608
332,80000000	0,15764869
333,00000000	0,15941525
333,20000000	0,15958640
333,40000000	0,15675814
333,60000000	0,15594318
333,80000000	0,15822392
334,00000000	0,15811266
334,20000000	0,15629093
334,40000000	0,15784442
334,60000000	0,15965130
334,80000000	0,15887917
335,00000000	0,15876940
335,20000000	0,15989351
335,40000000	0,15978663
335,60000000	0,15874282
335,80000000	0,15837676
336,00000000	0,15875675
336,20000000	0,15830443
336,40000000	0,15786256
336,60000000	0,15852404
336,80000000	0,15875271
337,00000000	0,15825620
337,20000000	0,15857281
337,40000000	0,15918144
337,60000000	0,15893001
337,80000000	0,15894707
338,00000000	0,15969645
338,20000000	0,16035873
338,40000000	0,16118721
338,60000000	0,16183625
338,80000000	0,16196672
339,00000000	0,16209735
339,20000000	0,16228443
339,40000000	0,16244012
339,60000000	0,16284669
339,80000000	0,16371173
340,00000000	0,16437378
340,20000000	0,16445067
340,40000000	0,16529055
340,60000000	0,16661976
340,80000000	0,16641510
341,00000000	0,16579177
341,20000000	0,16638439
341,40000000	0,16692545
341,60000000	0,16666898
341,80000000	0,16726175
342,00000000	0,16859656
342,20000000	0,16852027
342,40000000	0,16827171
342,60000000	0,16947600
342,80000000	0,17031865
343,00000000	0,16979294
343,20000000	0,16971254
343,40000000	0,17065480
343,60000000	0,17122199
343,80000000	0,17126750
344,00000000	0,17187652
344,20000000	0,17295473
344,40000000	0,17343046
344,60000000	0,17345202
344,80000000	0,17407013
345,00000000	0,17496715
345,20000000	0,17533165
345,40000000	0,17598184
345,60000000	0,17713037
345,80000000	0,17777797
346,00000000	0,17838292
346,20000000	0,17952474
346,40000000	0,18041140
346,60000000	0,18102801
346,80000000	0,18169529
347,00000000	0,18197410
347,20000000	0,18282088
347,40000000	0,18434381
347,60000000	0,18512510
347,80000000	0,18566625
348,00000000	0,18718898
348,20000000	0,18814520
348,40000000	0,18846315
348,60000000	0,18977241
348,80000000	0,19050920
349,00000000	0,19041718
349,20000000	0,19216773
349,40000000	0,19423237
349,60000000	0,19476744
349,80000000	0,19579197
350,00000000	0,19691303
350,20000000	0,19693560
350,40000000	0,19807336
350,60000000	0,20019194
350,80000000	0,20044450
351,00000000	0,20078182
351,20000000	0,20390575
351,40000000	0,20647103
351,60000000	0,20707619
351,80000000	0,20828865
352,00000000	0,21008530
352,20000000	0,21208895
352,40000000	0,21485568
352,60000000	0,21578989
352,80000000	0,21638554
353,00000000	0,21978873
353,20000000	0,22281023
353,40000000	0,22432204
353,60000000	0,22695013
353,80000000	0,22794463
354,00000000	0,22852422
354,20000000	0,23243754
354,40000000	0,23446067
354,60000000	0,23419337
354,80000000	0,23786970
355,00000000	0,24188475
355,20000000	0,24329013
355,40000000	0,24636235
355,60000000	0,24954968
355,80000000	0,25055575
356,00000000	0,25249499
356,20000000	0,25663692
356,40000000	0,26017439
356,60000000	0,26382528
356,80000000	0,26828563
357,00000000	0,27095169
357,20000000	0,27394125
357,40000000	0,27985574
357,60000000	0,28348617
357,80000000	0,28529626
358,00000000	0,29099848
358,20000000	0,29593079
358,40000000	0,29964587
358,60000000	0,30842426
358,80000000	0,31350488
359,00000000	0,31303999
359,20000000	0,31972868
359,40000000	0,33022579
359,60000000	0,33500550
359,80000000	0,34191939
360,00000000	0,35016010
360,20000000	0,35324215
360,40000000	0,35946372
360,60000000	0,36883822
360,80000000	0,37492486
361,00000000	0,38140121
361,20000000	0,39048805
361,40000000	0,39800679
361,60000000	0,40429304
361,80000000	0,41436112
362,00000000	0,42382295
362,20000000	0,43109894
362,40000000	0,44258331
362,60000000	0,45685615
362,80000000	0,46869644
363,00000000	0,47938463
363,20000000	0,49102609
363,40000000	0,50310334
363,60000000	0,51744080
363,80000000	0,53404442
364,00000000	0,54471661
364,20000000	0,55285894
364,40000000	0,56933221
364,60000000	0,58686013
364,80000000	0,59828464
365,00000000	0,61224789
365,20000000	0,62783890
365,40000000	0,64112968
365,60000000	0,65764250
365,80000000	0,67626694
366,00000000	0,69236742
366,20000000	0,70760101
366,40000000	0,72281491
366,60000000	0,73560686
366,80000000	0,75083729
367,00000000	0,76948775
367,20000000	0,78595415
367,40000000	0,79956685
367,60000000	0,81392019
367,80000000	0,82833364
368,00000000	0,84064045
368,20000000	0,85188732
368,40000000	0,86360946
368,60000000	0,87545511
368,80000000	0,88555365
369,00000000	0,89441899
369,20000000	0,90079507
369,40000000	0,90553149
369,60000000	0,91017207
369,80000000	0,91208461
370,00000000	0,91251775
370,20000000	0,91401639
370,40000000	0,91265148
370,60000000	0,90812998
370,80000000	0,90404047
371,00000000	0,89995544
371,20000000	0,89306473
371,40000000	0,88400924
371,60000000	0,87427628
371,80000000	0,86580282
372,00000000	0,85788186
372,20000000	0,84755763
372,40000000	0,83472229
372,60000000	0,82067606
372,80000000	0,80625409
373,00000000	0,79277424
373,20000000	0,77811858
373,40000000	0,76404820
373,60000000	0,75226092
373,80000000	0,73703721
374,00000000	0,71860022
374,20000000	0,70363244
374,40000000	0,69079797
374,60000000	0,67595329
374,80000000	0,66158683
375,00000000	0,64805179
375,20000000	0,63463370
375,40000000	0,62267043
375,60000000	0,60984990
375,80000000	0,59465611
376,00000000	0,58146887
376,20000000	0,57018735
376,40000000	0,55750575
376,60000000	0,54511143
376,80000000	0,53448897
377,00000000	0,52381259
377,20000000	0,51253615
377,40000000	0,50142295
377,60000000	0,49099694
377,80000000	0,48211723
378,00000000	0,47289989
378,20000000	0,46283463
378,40000000	0,45376993
378,60000000	0,44520683
378,80000000	0,43681512
379,00000000	0,42900624
379,20000000	0,42097127
379,40000000	0,41262966
379,60000000	0,40519107
379,80000000	0,39825899
380,00000000	0,39133578
380,20000000	0,38481557
380,40000000	0,37885244
380,60000000	0,37328523
380,80000000	0,36766143
381,00000000	0,36143643
381,20000000	0,35422212
381,40000000	0,34808362
381,60000000	0,34407675
381,80000000	0,33951600
382,00000000	0,33383753
382,20000000	0,32907997
382,40000000	0,32538735
382,60000000	0,32150687
382,80000000	0,31703924
383,00000000	0,31214446
383,20000000	0,30788694
383,40000000	0,30445273
383,60000000	0,30030124
383,80000000	0,29564435
384,00000000	0,29168638
384,20000000	0,28897049
384,40000000	0,28635301
384,60000000	0,28309623
384,80000000	0,27939084
385,00000000	0,27518655
385,20000000	0,27216558
385,40000000	0,27007062
385,60000000	0,26683864
385,80000000	0,26323999
386,00000000	0,26075068
386,20000000	0,25873064
386,40000000	0,25692363
386,60000000	0,25480290
386,80000000	0,25141647
387,00000000	0,24875932
387,20000000	0,24727986
387,40000000	0,24462885
387,60000000	0,24102145
387,80000000	0,23890769
388,00000000	0,23844771
388,20000000	0,23677039
388,40000000	0,23426065
388,60000000	0,23167765
388,80000000	0,22894034
389,00000000	0,22819624
389,20000000	0,22782234
389,40000000	0,22574607
389,60000000	0,22355631
389,80000000	0,22198339
390,00000000	0,22055676
390,20000000	0,21896568
390,40000000	0,21691457
390,60000000	0,21499404
390,80000000	0,21413151
391,00000000	0,21307255
391,20000000	0,21056773
391,40000000	0,20840360
391,60000000	0,20855884
391,80000000	0,20882333
392,00000000	0,20697595
392,20000000	0,20592711
392,40000000	0,20479954
392,60000000	0,20196224
392,80000000	0,20048991
393,00000000	0,19915699
393,20000000	0,19717000
393,40000000	0,19692225
393,60000000	0,19674456
393,80000000	0,19516427
394,00000000	0,19437286
394,20000000	0,19442443
394,40000000	0,19358457
394,60000000	0,19292660
394,80000000	0,19304117
395,00000000	0,19119333
395,20000000	0,18834172
395,40000000	0,18741385
395,60000000	0,18630625
395,80000000	0,18577580
396,00000000	0,18639969
396,20000000	0,18344033
396,40000000	0,18033395
396,60000000	0,18187871
396,80000000	0,18279206
397,00000000	0,18155108
397,20000000	0,18123544
397,40000000	0,18078409
397,60000000	0,17847952
397,80000000	0,17670181
398,00000000	0,17712648
398,20000000	0,17586255
398,40000000	0,17422736
398,60000000	0,17496958
398,80000000	0,17384724
399,00000000	0,17272408
399,20000000	0,17282382
399,40000000	0,17057100
399,60000000	0,16968456
399,80000000	0,17091963
400,00000000	0,16997185
400,20000000	0,16856416
400,40000000	0,16912281
400,60000000	0,17012613
400,80000000	0,17002982
401,00000000	0,17016935
401,20000000	0,17114458
401,40000000	0,16953399
401,60000000	0,16735774
401,80000000	0,16814082
402,00000000	0,16745674
402,20000000	0,16702310
402,40000000	0,16929935
402,60000000	0,16885982
402,80000000	0,16711627
403,00000000	0,16684975
403,20000000	0,16524627
403,40000000	0,16453148
403,60000000	0,16661867
403,80000000	0,16633386
404,00000000	0,16315181
404,20000000	0,16142572
404,40000000	0,16077444
404,60000000	0,15929380
404,80000000	0,16038934
405,00000000	0,16209723
405,20000000	0,16009122
405,40000000	0,15958732
405,60000000	0,16025951
405,80000000	0,15668804
406,00000000	0,15390986
406,20000000	0,15698986
406,40000000	0,15948913
406,60000000	0,15898054
406,80000000	0,15923191
407,00000000	0,16002071
407,20000000	0,15948798
407,40000000	0,15963204
407,60000000	0,16230006
407,80000000	0,16317959
408,00000000	0,16052091
408,20000000	0,15663622
408,40000000	0,15308320
408,60000000	0,15277391
408,80000000	0,15607311
409,00000000	0,15693549
409,20000000	0,15385354
409,40000000	0,15283653
409,60000000	0,15432166
409,80000000	0,15373313
410,00000000	0,15182149
410,20000000	0,15162544
410,40000000	0,15135763
410,60000000	0,15182839
410,80000000	0,15293755
411,00000000	0,15072752
411,20000000	0,15079555
411,40000000	0,15429787
411,60000000	0,15358585
411,80000000	0,15077188
412,00000000	0,14831012
412,20000000	0,14765402
412,40000000	0,14876844
412,60000000	0,15032845
412,80000000	0,15343408
413,00000000	0,15316348
413,20000000	0,14842491
413,40000000	0,14611518
413,60000000	0,14903587
413,80000000	0,15199424
414,00000000	0,15070530
414,20000000	0,14819867
414,40000000	0,14933251
414,60000000	0,15172197
414,80000000	0,15265406
415,00000000	0,15213752
415,20000000	0,15009308
415,40000000	0,14975355
415,60000000	0,15048524
415,80000000	0,15041861
416,00000000	0,15124881
416,20000000	0,15105483
416,40000000	0,15076695
416,60000000	0,15206853
416,80000000	0,14954260
417,00000000	0,14621400
417,20000000	0,14816479
417,40000000	0,15003918
417,60000000	0,14730075
417,80000000	0,14385745
418,00000000	0,14472888
418,20000000	0,14845295
418,40000000	0,14881239
418,60000000	0,14530483
418,80000000	0,14457896
419,00000000	0,14501402
419,20000000	0,14029436
419,40000000	0,13566635
419,60000000	0,13905593
419,80000000	0,14731031
420,00000000	0,14744264
420,20000000	0,14008199
420,40000000	0,13979766
420,60000000	0,14471541
420,80000000	0,14717920
421,00000000	0,14646546
421,20000000	0,14334801
421,40000000	0,14138218
421,60000000	0,14018001
421,80000000	0,13823278
422,00000000	0,13630553
422,20000000	0,13614894
422,40000000	0,14101352
422,60000000	0,14511258
422,80000000	0,14069821
423,00000000	0,13573548
423,20000000	0,14089005
423,40000000	0,14845953
423,60000000	0,15132569
423,80000000	0,15154644
424,00000000	0,14816029
424,20000000	0,14788476
424,40000000	0,15053821
424,60000000	0,14803665
424,80000000	0,14407973
425,00000000	0,14279366
425,20000000	0,14319172
425,40000000	0,14567903
425,60000000	0,14748281
425,80000000	0,14422010
426,00000000	0,14286186
426,20000000	0,14487226
426,40000000	0,14325283
426,60000000	0,14014100
426,80000000	0,13953319
427,00000000	0,14048790
427,20000000	0,14110472
427,40000000	0,14082747
427,60000000	0,14215611
427,80000000	0,14159731
428,00000000	0,13537162
428,20000000	0,13115185
428,40000000	0,13467750
428,60000000	0,14243069
428,80000000	0,14275227
429,00000000	0,13794730
429,20000000	0,14020629
429,40000000	0,14748010
429,60000000	0,15367088
429,80000000	0,15137511
430,00000000	0,14545024
430,20000000	0,14636505
430,40000000	0,14751937
430,60000000	0,14564055
430,80000000	0,14330966
431,00000000	0,14029004
431,20000000	0,14097854
431,40000000	0,14505057
431,60000000	0,14437796
431,80000000	0,14212410
432,00000000	0,14459002
432,20000000	0,14885571
432,40000000	0,15186049
432,60000000	0,15342571
432,80000000	0,15058354
433,00000000	0,14126263
433,20000000	0,13723323
433,40000000	0,14158700
433,60000000	0,14227462
433,80000000	0,13621791
434,00000000	0,13667373
434,20000000	0,14508396
434,40000000	0,14863065
434,60000000	0,14603351
434,80000000	0,14253188
435,00000000	0,14534616
435,20000000	0,15247198
435,40000000	0,15470110
435,60000000	0,14889643
435,80000000	0,14036218
436,00000000	0,13873087
436,20000000	0,14525512
436,40000000	0,14846984
436,60000000	0,14183378
436,80000000	0,13364544
437,00000000	0,13516661
437,20000000	0,14321182
437,40000000	0,14641217
437,60000000	0,14841146
437,80000000	0,14902609
438,00000000	0,14257784
438,20000000	0,14349554
438,40000000	0,15107424
438,60000000	0,15045364
438,80000000	0,14629579
439,00000000	0,14862308
439,20000000	0,15760999
439,40000000	0,15893640
439,60000000	0,14594808
439,80000000	0,13835310
440,00000000	0,14477256
440,20000000	0,15047266
440,40000000	0,15428981
440,60000000	0,15281054
440,80000000	0,14843399
441,00000000	0,15044662
441,20000000	0,15397438
441,40000000	0,15094049
441,60000000	0,14592331
441,80000000	0,14461853
442,00000000	0,14486537
442,20000000	0,15202122
442,40000000	0,15651674
442,60000000	0,15178383
442,80000000	0,14900787
443,00000000	0,14921699
443,20000000	0,14803583
443,40000000	0,14819066
443,60000000	0,14932956
443,80000000	0,14613986
444,00000000	0,14283567
444,20000000	0,14482070
444,40000000	0,15240478
444,60000000	0,15801468
444,80000000	0,15460082
445,00000000	0,15070975
445,20000000	0,15709402
445,40000000	0,16440585
445,60000000	0,15791231
445,80000000	0,14632032
446,00000000	0,14113882
446,20000000	0,14312909
446,40000000	0,14545583
446,60000000	0,14624797
446,80000000	0,15072188
447,00000000	0,15445671
447,20000000	0,15322789
447,40000000	0,14883020
447,60000000	0,14629427
447,80000000	0,14910723
448,00000000	0,15519463
448,20000000	0,16165477
448,40000000	0,15921723
448,60000000	0,15167822
448,80000000	0,15138313
449,00000000	0,15404535
449,20000000	0,15178914
449,40000000	0,15160067
449,60000000	0,15734852
449,80000000	0,15568601
450,00000000	0,14771140
450,20000000	0,14728363
450,40000000	0,15534838
450,60000000	0,15661688
450,80000000	0,14597532
451,00000000	0,14036623
451,20000000	0,15076009
451,40000000	0,15967825
451,60000000	0,15597301
451,80000000	0,15200280
452,00000000	0,15191461
452,20000000	0,15498045
452,40000000	0,15647545
452,60000000	0,15610643
452,80000000	0,15395669
453,00000000	0,14216648
453,20000000	0,13672229
453,40000000	0,14414957
453,60000000	0,15533754
453,80000000	0,16711382
454,00000000	0,16816331
454,20000000	0,16062542
454,40000000	0,15903483
454,60000000	0,16363483
454,80000000	0,16427316
455,00000000	0,15840473
455,20000000	0,14924087
455,40000000	0,14786016
455,60000000	0,15036742
455,80000000	0,14880768
456,00000000	0,15421683
456,20000000	0,15756178
456,40000000	0,15441503
456,60000000	0,15740044
456,80000000	0,16494474
457,00000000	0,16970561
457,20000000	0,16678052
457,40000000	0,15687736
457,60000000	0,14657252
457,80000000	0,14582517
458,00000000	0,15381709
458,20000000	0,15757045
458,40000000	0,15045628
458,60000000	0,14787531
458,80000000	0,16311086
459,00000000	0,16976009
459,20000000	0,16325265
459,40000000	0,16157894
459,60000000	0,16106606
459,80000000	0,16362362
460,00000000	0,16874633
460,20000000	0,16772824
460,40000000	0,16418049
460,60000000	0,15898457
460,80000000	0,15498789
461,00000000	0,15638355
461,20000000	0,16077611
461,40000000	0,16969055
461,60000000	0,17481671
461,80000000	0,17116425
462,00000000	0,16613331
462,20000000	0,16408769
462,40000000	0,16445685
462,60000000	0,15733109
462,80000000	0,15444900
463,00000000	0,16127059
463,20000000	0,16401236
463,40000000	0,17300577
463,60000000	0,17950606
463,80000000	0,17192856
464,00000000	0,16506505
464,20000000	0,16322490
464,40000000	0,16603989
464,60000000	0,17112755
464,80000000	0,17221245
465,00000000	0,17640409
465,20000000	0,17761065
465,40000000	0,17158205
465,60000000	0,16482083
465,80000000	0,16094453
466,00000000	0,16374489
466,20000000	0,16579816
466,40000000	0,16490876
466,60000000	0,17084152
466,80000000	0,17514965
467,00000000	0,17003337
467,20000000	0,16692196
467,40000000	0,16945483
467,60000000	0,17763362
467,80000000	0,17518693
468,00000000	0,16657312
468,20000000	0,17533342
468,40000000	0,18635483
468,60000000	0,18084799
468,80000000	0,17448714
469,00000000	0,17545781
469,20000000	0,17762864
469,40000000	0,18131521
469,60000000	0,17320770
469,80000000	0,16231950
470,00000000	0,16020048
470,20000000	0,16257776
470,40000000	0,17170015
470,60000000	0,17931788
470,80000000	0,18438285
471,00000000	0,18100516
471,20000000	0,17762957
471,40000000	0,18239277
471,60000000	0,18022199
471,80000000	0,17154422
472,00000000	0,17173157
472,20000000	0,17990737
472,40000000	0,18145461
472,60000000	0,18342707
472,80000000	0,17978706
473,00000000	0,17888787
473,20000000	0,18744617
473,40000000	0,18922171
473,60000000	0,18339789
473,80000000	0,17897772
474,00000000	0,18297406
474,20000000	0,18213111
474,40000000	0,17478426
474,60000000	0,17399609
474,80000000	0,17265371
475,00000000	0,17361713
475,20000000	0,18461522
475,40000000	0,18472199
475,60000000	0,18211163
475,80000000	0,18495587
476,00000000	0,17980597
476,20000000	0,17611605
476,40000000	0,17883015
476,60000000	0,18272862
476,80000000	0,18691912
477,00000000	0,18904618
477,20000000	0,18503911
477,40000000	0,17963116
477,60000000	0,18178936
477,80000000	0,18798014
478,00000000	0,18385275
478,20000000	0,18002331
478,40000000	0,18796331
478,60000000	0,19310383
478,80000000	0,19227859
479,00000000	0,18684181
479,20000000	0,17923312
479,40000000	0,18587252
479,60000000	0,19297659
479,80000000	0,18941581
480,00000000	0,18633375
480,20000000	0,18644562
480,40000000	0,18832361
480,60000000	0,19166828
480,80000000	0,19113168
481,00000000	0,18739309
481,20000000	0,19122577
481,40000000	0,19635274
481,60000000	0,19649123
481,80000000	0,19226702
482,00000000	0,18451933
482,20000000	0,18519297
482,40000000	0,18914864
482,60000000	0,18948320
482,80000000	0,18874406
483,00000000	0,18699413
483,20000000	0,19380796
483,40000000	0,20009951
483,60000000	0,19309726
483,80000000	0,19466667
484,00000000	0,20407483
484,20000000	0,19879751
484,40000000	0,18483103
484,60000000	0,18463837
484,80000000	0,18876960
485,00000000	0,18349829
485,20000000	0,18308700
485,40000000	0,19457063
485,60000000	0,19854863
485,80000000	0,19328939
486,00000000	0,19602378
486,20000000	0,20313889
486,40000000	0,20395009
486,60000000	0,20528895
486,80000000	0,20041389
487,00000000	0,19462067
487,20000000	0,20149055
487,40000000	0,20721468
487,60000000	0,20690583
487,80000000	0,20161252
488,00000000	0,19863216
488,20000000	0,19953286
488,40000000	0,20412912
488,60000000	0,20620412
488,80000000	0,20059783
489,00000000	0,19900415
489,20000000	0,20703644
489,40000000	0,20815666
489,60000000	0,20447765
489,80000000	0,20506675
490,00000000	0,20440720
490,20000000	0,20345319
490,40000000	0,20067352
490,60000000	0,20046144
490,80000000	0,19826461
491,00000000	0,19695739
491,20000000	0,19832370
491,40000000	0,19964854
491,60000000	0,20630029
491,80000000	0,20881519
492,00000000	0,21119307
492,20000000	0,20822716
492,40000000	0,20516916
492,60000000	0,20656120
492,80000000	0,20598544
493,00000000	0,20329113
493,20000000	0,20638784
493,40000000	0,21526459
493,60000000	0,21571739
493,80000000	0,21661572
494,00000000	0,21998015
494,20000000	0,22140200
494,40000000	0,22182704
494,60000000	0,22348815
494,80000000	0,22637041
495,00000000	0,22381011
495,20000000	0,21892256
495,40000000	0,21789642
495,60000000	0,22120624
495,80000000	0,21766074
496,00000000	0,21171800
496,20000000	0,21506404
496,40000000	0,22454423
496,60000000	0,22022018
496,80000000	0,22275506
497,00000000	0,22908589
497,20000000	0,22288888
497,40000000	0,22998285
497,60000000	0,23445662
497,80000000	0,22909300
498,00000000	0,22838349
498,20000000	0,22923172
498,40000000	0,22774375
498,60000000	0,22902818
498,80000000	0,22860753
499,00000000	0,23043337
499,20000000	0,23370226
499,40000000	0,23284179
499,60000000	0,23646945
499,80000000	0,24231928
500,00000000	0,23791415
500,20000000	0,23617494
500,40000000	0,23231834
500,60000000	0,22249988
500,80000000	0,22291751
501,00000000	0,23725862
501,20000000	0,23792410
501,40000000	0,23715630
501,60000000	0,24789571
501,80000000	0,24831795
502,00000000	0,25050044
502,20000000	0,25747144
502,40000000	0,25341188
502,60000000	0,24398497
502,80000000	0,23816070
503,00000000	0,23895359
503,20000000	0,25006456
503,40000000	0,25994914
503,60000000	0,25052199
503,80000000	0,24430579
504,00000000	0,24816148
504,20000000	0,25204399
504,40000000	0,25271044
504,60000000	0,25001143
504,80000000	0,25142621
505,00000000	0,25968140
505,20000000	0,26426965
505,40000000	0,26107510
505,60000000	0,25850927
505,80000000	0,26308672
506,00000000	0,26653662
506,20000000	0,26535527
506,40000000	0,26219822
506,60000000	0,25506452
506,80000000	0,25375812
507,00000000	0,25970631
507,20000000	0,26192752
507,40000000	0,26316439
507,60000000	0,27076255
507,80000000	0,28111582
508,00000000	0,27820918
508,20000000	0,26622691
508,40000000	0,26566748
508,60000000	0,27489850
508,80000000	0,27234417
509,00000000	0,27499724
509,20000000	0,27891528
509,40000000	0,27498977
509,60000000	0,27541986
509,80000000	0,28056467
510,00000000	0,28239533
510,20000000	0,27246113
510,40000000	0,27382447
510,60000000	0,28235680
510,80000000	0,28553262
511,00000000	0,29234572
511,20000000	0,29544263
511,40000000	0,29493975
511,60000000	0,30087826
511,80000000	0,30022540
512,00000000	0,29125565
512,20000000	0,28864543
512,40000000	0,29249083
512,60000000	0,29525368
512,80000000	0,29735307
513,00000000	0,29009496
513,20000000	0,29011101
513,40000000	0,29818549
513,60000000	0,30422963
513,80000000	0,30369551
514,00000000	0,29199636
514,20000000	0,29093762
514,40000000	0,29694219
514,60000000	0,29065120
514,80000000	0,28683372
515,00000000	0,29424081
515,20000000	0,30049436
515,40000000	0,30240471
515,60000000	0,30441159
515,80000000	0,30652430
516,00000000	0,30400038
516,20000000	0,29972721
516,40000000	0,30246949
516,60000000	0,30820313
516,80000000	0,30677672
517,00000000	0,30893106
517,20000000	0,31300062
517,40000000	0,31419991
517,60000000	0,31179782
517,80000000	0,30557785
518,00000000	0,30586636
518,20000000	0,31281772
518,40000000	0,31681849
518,60000000	0,31260547
518,80000000	0,31684707
519,00000000	0,32608010
519,20000000	0,33101411
519,40000000	0,32948458
519,60000000	0,32806475
519,80000000	0,33102244
520,00000000	0,32837187
520,20000000	0,32752332
520,40000000	0,33003783
520,60000000	0,32529851
520,80000000	0,32399284
521,00000000	0,33445951
521,20000000	0,33404238
521,40000000	0,33737200
521,60000000	0,34197183
521,80000000	0,34145864
522,00000000	0,34052001
522,20000000	0,34539731
522,40000000	0,35117953
522,60000000	0,34520665
522,80000000	0,34050263
523,00000000	0,34002626
523,20000000	0,34010071
523,40000000	0,34702807
523,60000000	0,35111225
523,80000000	0,34496885
524,00000000	0,35014837
524,20000000	0,35889686
524,40000000	0,35285382
524,60000000	0,34690440
524,80000000	0,34850535
525,00000000	0,35576193
525,20000000	0,35750485
525,40000000	0,35215388
525,60000000	0,35175132
525,80000000	0,35376171
526,00000000	0,35476867
526,20000000	0,35347010
526,40000000	0,35594301
526,60000000	0,36461902
526,80000000	0,36659631
527,00000000	0,36257901
527,20000000	0,36299065
527,40000000	0,37499191
527,60000000	0,38061347
527,80000000	0,37169849
528,00000000	0,36736104
528,20000000	0,37453653
528,40000000	0,37867337
528,60000000	0,37573174
528,80000000	0,37553730
529,00000000	0,37912345
529,20000000	0,38428846
529,40000000	0,38266445
529,60000000	0,38278314
529,80000000	0,38533802
530,00000000	0,38299406
530,20000000	0,37617657
530,40000000	0,38117587
530,60000000	0,39312908
530,80000000	0,40147928
531,00000000	0,40128587
531,20000000	0,39289495
531,40000000	0,38668775
531,60000000	0,38624733
531,80000000	0,38655972
532,00000000	0,38561218
532,20000000	0,39259900
532,40000000	0,40155840
532,60000000	0,40258910
532,80000000	0,41284786
533,00000000	0,41810060
533,20000000	0,40736336
533,40000000	0,40381498
533,60000000	0,40612970
533,80000000	0,40748516
534,00000000	0,41149387
534,20000000	0,42182027
534,40000000	0,42099994
534,60000000	0,43103483
534,80000000	0,43463566
535,00000000	0,43231758
535,20000000	0,43543202
535,40000000	0,43491276
535,60000000	0,43275204
535,80000000	0,43934966
536,00000000	0,43355904
536,20000000	0,42838330
536,40000000	0,43554180
536,60000000	0,44128633
536,80000000	0,43912705
537,00000000	0,43893843
537,20000000	0,44187122
537,40000000	0,44220093
537,60000000	0,44554725
537,80000000	0,44861397
538,00000000	0,45766413
538,20000000	0,46010564
538,40000000	0,46479236
538,60000000	0,46380431
538,80000000	0,46017677
539,00000000	0,45324030
539,20000000	0,45681757
539,40000000	0,46233067
539,60000000	0,46088156
539,80000000	0,45954900
540,00000000	0,46633420
540,20000000	0,48005529
540,40000000	0,48232927
540,60000000	0,47969373
540,80000000	0,47892430
541,00000000	0,48378503
541,20000000	0,48811631
541,40000000	0,49384718
541,60000000	0,48750223
541,80000000	0,48514396
542,00000000	0,49467930
542,20000000	0,49871126
542,40000000	0,49209023
542,60000000	0,48543291
542,80000000	0,49568777
543,00000000	0,50148951
543,20000000	0,50312627
543,40000000	0,50854988
543,60000000	0,51373917
543,80000000	0,51563683
544,00000000	0,51401089
544,20000000	0,51384074
544,40000000	0,51447505
544,60000000	0,51485609
544,80000000	0,51505041
545,00000000	0,52529916
545,20000000	0,53091350
545,40000000	0,53051658
545,60000000	0,52977819
545,80000000	0,53745569
546,00000000	0,54224409
546,20000000	0,53823008
546,40000000	0,53808003
546,60000000	0,54026086
546,80000000	0,54346116
547,00000000	0,54557169
547,20000000	0,55173123
547,40000000	0,55454574
547,60000000	0,55150680
547,80000000	0,55299877
548,00000000	0,56210434
548,20000000	0,56288952
548,40000000	0,56005820
548,60000000	0,56419353
548,80000000	0,56733716
549,00000000	0,56202235
549,20000000	0,56314337
549,40000000	0,57564509
549,60000000	0,58007824
549,80000000	0,57245010
550,00000000	0,57341586
550,20000000	0,58483254
550,40000000	0,58391476
550,60000000	0,57936661
550,80000000	0,58648488
551,00000000	0,59000216
551,20000000	0,58676885
551,40000000	0,59170956
551,60000000	0,59638445
551,80000000	0,59835386
552,00000000	0,59892230
552,20000000	0,59763395
552,40000000	0,60159313
552,60000000	0,60383466
552,80000000	0,60336740
553,00000000	0,60632614
553,20000000	0,60811763
553,40000000	0,60846667
553,60000000	0,60896559
553,80000000	0,61323424
554,00000000	0,61322087
554,20000000	0,61383753
554,40000000	0,62307756
554,60000000	0,62844627
554,80000000	0,62227698
555,00000000	0,62284493
555,20000000	0,62600097
555,40000000	0,62473919
555,60000000	0,62704498
555,80000000	0,63821474
556,00000000	0,63712382
556,20000000	0,63127518
556,40000000	0,63793291
556,60000000	0,64085299
556,80000000	0,64100740
557,00000000	0,64419672
557,20000000	0,64537313
557,40000000	0,64612510
557,60000000	0,64798672
557,80000000	0,65001473
558,00000000	0,65348366
558,20000000	0,65778384
558,40000000	0,65865652
558,60000000	0,65669075
558,80000000	0,65851717
559,00000000	0,65854668
559,20000000	0,65917367
559,40000000	0,66331570
559,60000000	0,66520037
559,80000000	0,66696701
560,00000000	0,66747699
560,20000000	0,66744562
560,40000000	0,67091598
560,60000000	0,67278394
560,80000000	0,67589434
561,00000000	0,67928796
561,20000000	0,67969903
561,40000000	0,67722146
561,60000000	0,67803842
561,80000000	0,68100722
562,00000000	0,68379024
562,20000000	0,68766625
562,40000000	0,68907992
562,60000000	0,69175331
562,80000000	0,69638957
563,00000000	0,69589220
563,20000000	0,69733841
563,40000000	0,70016161
563,60000000	0,70102561
563,80000000	0,70357109
564,00000000	0,70706386
564,20000000	0,71132102
564,40000000	0,71921465
564,60000000	0,72186582
564,80000000	0,72201455
565,00000000	0,72416629
565,20000000	0,72448387
565,40000000	0,72680392
565,60000000	0,72883165
565,80000000	0,73162577
566,00000000	0,73318621
566,20000000	0,73269412
566,40000000	0,73557504
566,60000000	0,73997169
566,80000000	0,74243224
567,00000000	0,74244873
567,20000000	0,74464934
567,40000000	0,74656071
567,60000000	0,74656017
567,80000000	0,74627764
568,00000000	0,75004010
568,20000000	0,75479711
568,40000000	0,75707622
568,60000000	0,75723261
568,80000000	0,75659989
569,00000000	0,75585585
569,20000000	0,75876520
569,40000000	0,76471506
569,60000000	0,76805658
569,80000000	0,76902414
570,00000000	0,76816412
570,20000000	0,76881804
570,40000000	0,77336122
570,60000000	0,77852074
570,80000000	0,78171847
571,00000000	0,78462092
571,20000000	0,78474741
571,40000000	0,78646776
571,60000000	0,79074173
571,80000000	0,79343660
572,00000000	0,79591416
572,20000000	0,79791416
572,40000000	0,79883037
572,60000000	0,80041781
572,80000000	0,80062405
573,00000000	0,80438843
573,20000000	0,80992497
573,40000000	0,81213836
573,60000000	0,81231934
573,80000000	0,81249752
574,00000000	0,81524361
574,20000000	0,81988135
574,40000000	0,82238699
574,60000000	0,82406150
574,80000000	0,82607272
575,00000000	0,82804810
575,20000000	0,83077070
575,40000000	0,83419068
575,60000000	0,83658315
575,80000000	0,83736410
576,00000000	0,83620630
576,20000000	0,83713875
576,40000000	0,83980725
576,60000000	0,84314860
576,80000000	0,84428940
577,00000000	0,84569588
577,20000000	0,84654883
577,40000000	0,84857747
577,60000000	0,85007706
577,80000000	0,85349551
578,00000000	0,85529954
578,20000000	0,85324863
578,40000000	0,85436135
578,60000000	0,85813117
578,80000000	0,85870623
579,00000000	0,86092096
579,20000000	0,86247436
579,40000000	0,86149984
579,60000000	0,86133707
579,80000000	0,86309469
580,00000000	0,86687131
580,20000000	0,86851380
580,40000000	0,86823182
580,60000000	0,86921862
580,80000000	0,86891822
581,00000000	0,86948524
581,20000000	0,87370208
581,40000000	0,87607305
581,60000000	0,87565758
581,80000000	0,87531161
582,00000000	0,87639884
582,20000000	0,87760242
582,40000000	0,87782465
582,60000000	0,88021625
582,80000000	0,88201854
583,00000000	0,88023407
583,20000000	0,87923239
583,40000000	0,88051553
583,60000000	0,88228048
583,80000000	0,88420614
584,00000000	0,88487371
584,20000000	0,88404378
584,40000000	0,88336813
584,60000000	0,88497900
584,80000000	0,88720723
585,00000000	0,88807064
585,20000000	0,88852518
585,40000000	0,88860662
585,60000000	0,88897414
585,80000000	0,89040851
586,00000000	0,89188406
586,20000000	0,89164269
586,40000000	0,89219563
586,60000000	0,89102608
586,80000000	0,89205900
587,00000000	0,89298416
587,20000000	0,89300844
587,40000000	0,89510548
587,60000000	0,89420722
587,80000000	0,89358452
588,00000000	0,89537881
588,20000000	0,89608728
588,40000000	0,89673565
588,60000000	0,89615691
588,80000000	0,89607507
589,00000000	0,89661393
589,20000000	0,89724563
589,40000000	0,90014039
589,60000000	0,90077587
589,80000000	0,89954584
590,00000000	0,89958578
590,20000000	0,90033398
590,40000000	0,90141015
590,60000000	0,90233681
590,80000000	0,90187339
591,00000000	0,90173377
591,20000000	0,90166467
591,40000000	0,90351395
591,60000000	0,90413826
591,80000000	0,90413564
592,00000000	0,90542552
592,20000000	0,90541427
592,40000000	0,90500920
592,60000000	0,90614287
592,80000000	0,90772562
593,00000000	0,90894288
593,20000000	0,90946359
593,40000000	0,91009999
593,60000000	0,90954158
593,80000000	0,90893068
594,00000000	0,91142414
594,20000000	0,91153156
594,40000000	0,91045374
594,60000000	0,91044101
594,80000000	0,91227414
595,00000000	0,91337575
595,20000000	0,91384970
595,40000000	0,91383162
595,60000000	0,91382157
595,80000000	0,91476144
596,00000000	0,91631291
596,20000000	0,91732532
596,40000000	0,91668547
596,60000000	0,91627232
596,80000000	0,91760102
597,00000000	0,91849773
597,20000000	0,91891832
597,40000000	0,92063458
597,60000000	0,92084029
597,80000000	0,91988368
598,00000000	0,92048459
598,20000000	0,92272548
598,40000000	0,92305771
598,60000000	0,92266556
598,80000000	0,92257852
599,00000000	0,92189705
599,20000000	0,92333819
599,40000000	0,92538824
599,60000000	0,92487864
599,80000000	0,92355434
600,00000000	0,92362321
600,20000000	0,92600516
600,40000000	0,92767246
600,60000000	0,92772344
600,80000000	0,92734478
601,00000000	0,92664940
601,20000000	0,92692119
601,40000000	0,92889181
601,60000000	0,93004839
601,80000000	0,92945991
602,00000000	0,92900107
602,20000000	0,92967726
602,40000000	0,92966545
602,60000000	0,93062981
602,80000000	0,93238341
603,00000000	0,93211051
603,20000000	0,93059846
603,40000000	0,93221692
603,60000000	0,93348951
603,80000000	0,93293371
604,00000000	0,93231140
604,20000000	0,93254903
604,40000000	0,93267443
604,60000000	0,93364134
604,80000000	0,93464862
605,00000000	0,93429044
605,20000000	0,93325514
605,40000000	0,93356355
605,60000000	0,93492474
605,80000000	0,93570993
606,00000000	0,93577881
606,20000000	0,93529192
606,40000000	0,93478559
606,60000000	0,93624283
606,80000000	0,93791599
607,00000000	0,93663992
607,20000000	0,93577128
607,40000000	0,93523918
607,60000000	0,93588971
607,80000000	0,93628509
608,00000000	0,93695565
608,20000000	0,93683172
608,40000000	0,93601512
608,60000000	0,93592756
608,80000000	0,93724875
609,00000000	0,93671084
609,20000000	0,93683549
609,40000000	0,93664949
609,60000000	0,93561623
609,80000000	0,93519531
610,00000000	0,93598402
610,20000000	0,93677779
610,40000000	0,93591915
610,60000000	0,93552006
610,80000000	0,93643753
611,00000000	0,93677043
611,20000000	0,93674233
611,40000000	0,93678888
611,60000000	0,93636666
611,80000000	0,93599604
612,00000000	0,93607308
612,20000000	0,93722056
612,40000000	0,93601169
612,60000000	0,93617033
612,80000000	0,93480331
613,00000000	0,93501339
613,20000000	0,93551820
613,40000000	0,93673508
613,60000000	0,93560987
613,80000000	0,93525822
614,00000000	0,93518871
614,20000000	0,93667437
614,40000000	0,93595103
614,60000000	0,93538134
614,80000000	0,93513657
615,00000000	0,93521470
615,20000000	0,93539679
615,40000000	0,93636266
615,60000000	0,93508687
615,80000000	0,93582582
616,00000000	0,93618521
616,20000000	0,93666211
616,40000000	0,93678846
616,60000000	0,93646905
616,80000000	0,93544128
617,00000000	0,93502720
617,20000000	0,93609058
617,40000000	0,93692105
617,60000000	0,93491098
617,80000000	0,93532978
618,00000000	0,93644353
618,20000000	0,93686133
618,40000000	0,93707083
618,60000000	0,93720754
618,80000000	0,93738341
619,00000000	0,93631465
619,20000000	0,93603492
619,40000000	0,93648282
619,60000000	0,93752454
619,80000000	0,93807105
620,00000000	0,93735651
620,20000000	0,93707217
620,40000000	0,93768969
620,60000000	0,93711473
620,80000000	0,93825933
621,00000000	0,93934687
621,20000000	0,93824947
621,40000000	0,93719451
621,60000000	0,93836304
621,80000000	0,93790917
622,00000000	0,93787704
622,20000000	0,93818392
622,40000000	0,93868180
622,60000000	0,93849371
622,80000000	0,93976284
623,00000000	0,93939156
623,20000000	0,93964703
623,40000000	0,93881749
623,60000000	0,93960383
623,80000000	0,94078593
624,00000000	0,93996546
624,20000000	0,93901804
624,40000000	0,93984724
624,60000000	0,94066271
624,80000000	0,94150966
625,00000000	0,94086471
625,20000000	0,94066520
625,40000000	0,94066204
625,60000000	0,94199396
625,80000000	0,94264735
626,00000000	0,94172997
626,20000000	0,94155099
626,40000000	0,94228547
626,60000000	0,94209975
626,80000000	0,94310080
627,00000000	0,94216822
627,20000000	0,94188297
627,40000000	0,94446425
627,60000000	0,94447580
627,80000000	0,94355751
628,00000000	0,94373635
628,20000000	0,94326059
628,40000000	0,94308914
628,60000000	0,94495391
628,80000000	0,94524837
629,00000000	0,94308278
629,20000000	0,94263727
629,40000000	0,94342709
629,60000000	0,94468827
629,80000000	0,94516182
630,00000000	0,94396303
630,20000000	0,94328287
630,40000000	0,94422268
630,60000000	0,94469088
630,80000000	0,94425895
631,00000000	0,94512346
631,20000000	0,94380770
631,40000000	0,94329699
631,60000000	0,94572548
631,80000000	0,94533698
632,00000000	0,94341248
632,20000000	0,94413561
632,40000000	0,94419545
632,60000000	0,94369691
632,80000000	0,94456588
633,00000000	0,94363228
633,20000000	0,94265713
633,40000000	0,94396712
633,60000000	0,94624551
633,80000000	0,94553043
634,00000000	0,94391585
634,20000000	0,94417243
634,40000000	0,94450237
634,60000000	0,94450037
634,80000000	0,94497981
635,00000000	0,94435550
635,20000000	0,94311441
635,40000000	0,94507874
635,60000000	0,94635341
635,80000000	0,94457347
636,00000000	0,94419825
636,20000000	0,94372202
636,40000000	0,94395481
636,60000000	0,94480122
636,80000000	0,94458699
637,00000000	0,94270760
637,20000000	0,94374675
637,40000000	0,94460177
637,60000000	0,94299577
637,80000000	0,94320451
638,00000000	0,94312366
638,20000000	0,94185160
638,40000000	0,94334334
638,60000000	0,94414893
638,80000000	0,94278345
639,00000000	0,94227299
639,20000000	0,94382932
639,40000000	0,94376965
639,60000000	0,94262305
639,80000000	0,94247981
640,00000000	0,94109986
640,20000000	0,94134209
640,40000000	0,94230347
640,60000000	0,94167765
640,80000000	0,94120845
641,00000000	0,94270475
641,20000000	0,94157820
641,40000000	0,94199819
641,60000000	0,94240419
641,80000000	0,94069856
642,00000000	0,94109515
642,20000000	0,94141621
642,40000000	0,94072559
642,60000000	0,94024882
642,80000000	0,94072143
643,00000000	0,94145041
643,20000000	0,94099563
643,40000000	0,94151111
643,60000000	0,94048162
643,80000000	0,94021738
644,00000000	0,94171375
644,20000000	0,94236813
644,40000000	0,94143532
644,60000000	0,94206460
644,80000000	0,94214757
645,00000000	0,94184136
645,20000000	0,94252350
645,40000000	0,94245686
645,60000000	0,94223906
645,80000000	0,94258577
646,00000000	0,94363231
646,20000000	0,94289358
646,40000000	0,94208268
646,60000000	0,94342129
646,80000000	0,94372893
647,00000000	0,94388115
647,20000000	0,94460985
647,40000000	0,94351569
647,60000000	0,94457332
647,80000000	0,94508707
648,00000000	0,94513577
648,20000000	0,94504104
648,40000000	0,94542050
648,60000000	0,94588797
648,80000000	0,94668079
649,00000000	0,94621197
649,20000000	0,94610711
649,40000000	0,94703513
649,60000000	0,94878663
649,80000000	0,94912676
650,00000000	0,94833740
650,20000000	0,94840852
650,40000000	0,94958061
650,60000000	0,95045904
650,80000000	0,95040568
651,00000000	0,95054972
651,20000000	0,95068226
651,40000000	0,95109505
651,60000000	0,95206335
651,80000000	0,95138019
652,00000000	0,95116523
652,20000000	0,95242711
652,40000000	0,95284803
652,60000000	0,95296711
652,80000000	0,95395929
653,00000000	0,95380933
653,20000000	0,95397016
653,40000000	0,95471112
653,60000000	0,95451464
653,80000000	0,95512639
654,00000000	0,95614648
654,20000000	0,95604409
654,40000000	0,95700689
654,60000000	0,95715320
654,80000000	0,95725887
655,00000000	0,95730354
655,20000000	0,95819994
655,40000000	0,95937111
655,60000000	0,95898155
655,80000000	0,95938109
656,00000000	0,95925176
656,20000000	0,95920999
656,40000000	0,96065435
656,60000000	0,96048621
656,80000000	0,96016075
657,00000000	0,96163974
657,20000000	0,96250838
657,40000000	0,96203431
657,60000000	0,96196932
657,80000000	0,96228019
658,00000000	0,96298735
658,20000000	0,96363021
658,40000000	0,96400814
658,60000000	0,96328965
658,80000000	0,96364626
659,00000000	0,96458373
659,20000000	0,96412839
659,40000000	0,96434171
659,60000000	0,96465800
659,80000000	0,96477093
660,00000000	0,96576010
660,20000000	0,96646408
660,40000000	0,96491992
660,60000000	0,96503607
660,80000000	0,96630986
661,00000000	0,96703071
661,20000000	0,96665350
661,40000000	0,96649112
661,60000000	0,96633042
661,80000000	0,96729081
662,00000000	0,96862918
662,20000000	0,96766019
662,40000000	0,96695853
662,60000000	0,96843801
662,80000000	0,96873231
663,00000000	0,96841985
663,20000000	0,96899568
663,40000000	0,96838244
663,60000000	0,96941854
663,80000000	0,97095877
664,00000000	0,96989510
664,20000000	0,96861666
664,40000000	0,96932103
664,60000000	0,96909632
664,80000000	0,96947235
665,00000000	0,96851774
665,20000000	0,96650226
665,40000000	0,96829740
665,60000000	0,96934239
665,80000000	0,96768457
666,00000000	0,96741816
666,20000000	0,96749345
666,40000000	0,96795975
666,60000000	0,96840448
666,80000000	0,96854826
667,00000000	0,96627927
667,20000000	0,96847387
667,40000000	0,96997071
667,60000000	0,96812591
667,80000000	0,96870908
668,00000000	0,96975444
668,20000000	0,97024364
668,40000000	0,97019573
668,60000000	0,97075458
668,80000000	0,96830323
669,00000000	0,96959936
669,20000000	0,97164693
669,40000000	0,96983294
669,60000000	0,96871358
669,80000000	0,96921778
670,00000000	0,96919728
670,20000000	0,97004593
670,40000000	0,96862385
670,60000000	0,96583580
670,80000000	0,96931986
671,00000000	0,97010890
671,20000000	0,96687728
671,40000000	0,96629767
671,60000000	0,96643026
671,80000000	0,96743625
672,00000000	0,96786682
672,20000000	0,96657958
672,40000000	0,96483929
672,60000000	0,96849842
672,80000000	0,97015996
673,00000000	0,96712401
673,20000000	0,96775338
673,40000000	0,96860452
673,60000000	0,96978497
673,80000000	0,97152219
674,00000000	0,96998745
674,20000000	0,96837149
674,40000000	0,97142566
674,60000000	0,97175266
674,80000000	0,97014466
675,00000000	0,96939155
675,20000000	0,96913952
675,40000000	0,97023002
675,60000000	0,96967231
675,80000000	0,96639093
676,00000000	0,96603208
676,20000000	0,96820222
676,40000000	0,96783600
676,60000000	0,96644220
676,80000000	0,96617952
677,00000000	0,96652697
677,20000000	0,96840601
677,40000000	0,96848457
677,60000000	0,96662785
677,80000000	0,96861037
678,00000000	0,97062370
678,20000000	0,96971819
678,40000000	0,97071434
678,60000000	0,97085326
678,80000000	0,97043285
679,00000000	0,97311123
679,20000000	0,97291301
679,40000000	0,97114628
679,60000000	0,97270045
679,80000000	0,97265292
680,00000000	0,97094624
680,20000000	0,97121830
680,40000000	0,97058964
680,60000000	0,96998531
680,80000000	0,97126889
681,00000000	0,96930329
681,20000000	0,96923077
681,40000000	0,97183929
681,60000000	0,97130690
681,80000000	0,97027284
682,00000000	0,97088613
682,20000000	0,97094890
682,40000000	0,97228072
682,60000000	0,97348111
682,80000000	0,97242659
683,00000000	0,97339858
683,20000000	0,97477612
683,40000000	0,97481414
683,60000000	0,97416980
683,80000000	0,97476149
684,00000000	0,97458598
684,20000000	0,97519070
684,40000000	0,97559233
684,60000000	0,97298291
684,80000000	0,97472447
685,00000000	0,97519929
685,20000000	0,97399607
685,40000000	0,97468193
685,60000000	0,97368173
685,80000000	0,97374812
686,00000000	0,97558872
686,20000000	0,97434161
686,40000000	0,97339112
686,60000000	0,97561652
686,80000000	0,97618124
687,00000000	0,97538433
687,20000000	0,97635395
687,40000000	0,97698459
687,60000000	0,97672407
687,80000000	0,97823375
688,00000000	0,97776289
688,20000000	0,97691015
688,40000000	0,97841578
688,60000000	0,97859243
688,80000000	0,97760345
689,00000000	0,97827273
689,20000000	0,97718962
689,40000000	0,97738855
689,60000000	0,97840222
689,80000000	0,97743422
690,00000000	0,97772556
690,20000000	0,97831933
690,40000000	0,97906281
690,60000000	0,97811079
690,80000000	0,97755738
691,00000000	0,97847832
691,20000000	0,97937692
691,40000000	0,97839295
691,60000000	0,97758265
691,80000000	0,97879812
692,00000000	0,98011127
692,20000000	0,97881640
692,40000000	0,97890016
692,60000000	0,97961286
692,80000000	0,97921164
693,00000000	0,98008797
693,20000000	0,97959207
693,40000000	0,97903545
693,60000000	0,98010000
693,80000000	0,97909557
694,00000000	0,97868300
694,20000000	0,97871061
694,40000000	0,97907946
694,60000000	0,98002380
694,80000000	0,97872978
695,00000000	0,97716720
695,20000000	0,97909137
695,40000000	0,98014316
695,60000000	0,97899542
695,80000000	0,97766143
696,00000000	0,97854771
696,20000000	0,97978780
696,40000000	0,97926258
696,60000000	0,97759319
696,80000000	0,97853135
697,00000000	0,97988719
697,20000000	0,97954301
697,40000000	0,97837095
697,60000000	0,97908291
697,80000000	0,97917380
698,00000000	0,97992334
698,20000000	0,97894661
698,40000000	0,97798844
698,60000000	0,97947157
698,80000000	0,97921385
699,00000000	0,97784063
699,20000000	0,97888914
699,40000000	0,97897867
699,60000000	0,97964076
699,80000000	0,97988184
700,00000000	0,97837981
700,20000000	0,97879682
700,40000000	0,97960190
700,60000000	0,97933030
700,80000000	0,97816339
701,00000000	0,97919307
701,20000000	0,98113742
701,40000000	0,97969194
701,60000000	0,97911297
701,80000000	0,97971391
702,00000000	0,98025875
702,20000000	0,98085705
702,40000000	0,97888754
702,60000000	0,97928765
702,80000000	0,98121689
703,00000000	0,98006180
703,20000000	0,97896364
703,40000000	0,97959677
703,60000000	0,98058839
703,80000000	0,97971701
704,00000000	0,97961147
704,20000000	0,97996717
704,40000000	0,98059834
704,60000000	0,98151919
704,80000000	0,98067166
705,00000000	0,97820644
705,20000000	0,98160318
705,40000000	0,98131150
705,60000000	0,98057907
705,80000000	0,98059894
706,00000000	0,97956846
706,20000000	0,98059517
706,40000000	0,98153634
706,60000000	0,97904862
706,80000000	0,98117899
707,00000000	0,98383737
707,20000000	0,98180047
707,40000000	0,98167735
707,60000000	0,98173134
707,80000000	0,98190144
708,00000000	0,98266343
708,20000000	0,98164635
708,40000000	0,98137254
708,60000000	0,98313749
708,80000000	0,98293054
709,00000000	0,98155476
709,20000000	0,98267990
709,40000000	0,98225881
709,60000000	0,98249132
709,80000000	0,98316887
710,00000000	0,98197814
710,20000000	0,98367432
710,40000000	0,98389786
710,60000000	0,98271588
710,80000000	0,98368943
711,00000000	0,98302506
711,20000000	0,98326040
711,40000000	0,98341079
711,60000000	0,98348921
711,80000000	0,98385496
712,00000000	0,98506289
712,20000000	0,98383489
712,40000000	0,98417054
712,60000000	0,98542919
712,80000000	0,98446024
713,00000000	0,98405237
713,20000000	0,98479078
713,40000000	0,98549202
713,60000000	0,98537639
713,80000000	0,98536380
714,00000000	0,98556120
714,20000000	0,98629851
714,40000000	0,98591806
714,60000000	0,98591006
714,80000000	0,98636403
715,00000000	0,98709674
715,20000000	0,98691223
715,40000000	0,98666316
715,60000000	0,98648829
715,80000000	0,98643500
716,00000000	0,98712265
716,20000000	0,98690186
716,40000000	0,98666762
716,60000000	0,98677828
716,80000000	0,98792452
717,00000000	0,98721476
717,20000000	0,98684752
717,40000000	0,98848836
717,60000000	0,98790907
717,80000000	0,98798552
718,00000000	0,98760590
718,20000000	0,98756131
718,40000000	0,98832308
718,60000000	0,98762252
718,80000000	0,98770826
719,00000000	0,98844510
719,20000000	0,98763293
719,40000000	0,98826891
719,60000000	0,98821868
719,80000000	0,98806453
720,00000000	0,98846338
720,20000000	0,98826203
720,40000000	0,98810836
720,60000000	0,98836679
720,80000000	0,98877286
721,00000000	0,98820370
721,20000000	0,98869514
721,40000000	0,98809655
721,60000000	0,98798206
721,80000000	0,98884174
722,00000000	0,98737858
722,20000000	0,98874227
722,40000000	0,98901833
722,60000000	0,98734128
722,80000000	0,98844732
723,00000000	0,98782586
723,20000000	0,98816595
723,40000000	0,98865224
723,60000000	0,98757339
723,80000000	0,98781972
724,00000000	0,98872703
724,20000000	0,98722975
724,40000000	0,98746842
724,60000000	0,98816110
724,80000000	0,98787589
725,00000000	0,98796171
725,20000000	0,98796493
725,40000000	0,98718102
725,60000000	0,98824936
725,80000000	0,98725242
726,00000000	0,98628056
726,20000000	0,98754336
726,40000000	0,98685645
726,60000000	0,98738824
726,80000000	0,98712433
727,00000000	0,98634791
727,20000000	0,98701977
727,40000000	0,98630714
727,60000000	0,98617446
727,80000000	0,98647191
728,00000000	0,98626776
728,20000000	0,98575635
728,40000000	0,98540266
728,60000000	0,98567424
728,80000000	0,98533218
729,00000000	0,98577336
729,20000000	0,98538354
729,40000000	0,98506012
729,60000000	0,98578079
729,80000000	0,98470852
730,00000000	0,98472332
730,20000000	0,98508672
730,40000000	0,98523146
730,60000000	0,98408028
730,80000000	0,98376950
731,00000000	0,98449670
731,20000000	0,98430222
731,40000000	0,98367189
731,60000000	0,98351753
731,80000000	0,98317293
732,00000000	0,98426141
732,20000000	0,98333272
732,40000000	0,98285185
732,60000000	0,98380516
732,80000000	0,98326368
733,00000000	0,98246837
733,20000000	0,98213346
733,40000000	0,98267929
733,60000000	0,98275903
733,80000000	0,98193843
734,00000000	0,98207102
734,20000000	0,98330291
734,40000000	0,98175537
734,60000000	0,98247304
734,80000000	0,98196839
735,00000000	0,98183123
735,20000000	0,98187709
735,40000000	0,98101547
735,60000000	0,98098217
735,80000000	0,98176983
736,00000000	0,98084132
736,20000000	0,98067309
736,40000000	0,98142561
736,60000000	0,98102186
736,80000000	0,98073523
737,00000000	0,98051943
737,20000000	0,98022419
737,40000000	0,98078154
737,60000000	0,97955949
737,80000000	0,98009096
738,00000000	0,98094800
738,20000000	0,98009186
738,40000000	0,98042909
738,60000000	0,98069241
738,80000000	0,98081638
739,00000000	0,98043118
739,20000000	0,98020299
739,40000000	0,98003097
739,60000000	0,98044578
739,80000000	0,98025272
740,00000000	0,98019822
740,20000000	0,98000995
740,40000000	0,98035008
740,60000000	0,98012725
740,80000000	0,97988043
741,00000000	0,97994473
741,20000000	0,98037899
741,40000000	0,98047273
741,60000000	0,97904388
741,80000000	0,98014329
742,00000000	0,97999933
742,20000000	0,97946581
742,40000000	0,98009458
742,60000000	0,98106945
742,80000000	0,98004175
743,00000000	0,97974793
743,20000000	0,98038022
743,40000000	0,98005913
743,60000000	0,98049260
743,80000000	0,98083220
744,00000000	0,98032856
744,20000000	0,98097806
744,40000000	0,98139726
744,60000000	0,98055643
744,80000000	0,98173863
745,00000000	0,98144463
745,20000000	0,98053194
745,40000000	0,98075279
745,60000000	0,98111388
745,80000000	0,98146881
746,00000000	0,98124177
746,20000000	0,98150408
746,40000000	0,98112069
746,60000000	0,98151426
746,80000000	0,98165927
747,00000000	0,98157215
747,20000000	0,98196545
747,40000000	0,98178885
747,60000000	0,98220971
747,80000000	0,98194685
748,00000000	0,98202659
748,20000000	0,98307734
748,40000000	0,98260056
748,60000000	0,98201869
748,80000000	0,98271333
749,00000000	0,98349150
749,20000000	0,98308148
749,40000000	0,98205904
749,60000000	0,98286559
749,80000000	0,98336849
750,00000000	0,98312110
750,20000000	0,98306857
750,40000000	0,98343317
750,60000000	0,98335635
750,80000000	0,98358852
751,00000000	0,98335926
751,20000000	0,98353025
751,40000000	0,98404002
751,60000000	0,98353835
751,80000000	0,98319105
752,00000000	0,98401555
752,20000000	0,98394250
752,40000000	0,98341186
752,60000000	0,98342295
752,80000000	0,98441035
753,00000000	0,98452464
753,20000000	0,98374293
753,40000000	0,98359748
753,60000000	0,98450477
753,80000000	0,98459937
754,00000000	0,98418473
754,20000000	0,98376275
754,40000000	0,98417790
754,60000000	0,98406894
754,80000000	0,98426264
755,00000000	0,98416347
755,20000000	0,98404894
755,40000000	0,98437489
755,60000000	0,98385865
755,80000000	0,98472310
756,00000000	0,98484535
756,20000000	0,98400445
756,40000000	0,98363873
756,60000000	0,98455171
756,80000000	0,98433785
757,00000000	0,98408325
757,20000000	0,98385124
757,40000000	0,98439515
757,60000000	0,98398618
757,80000000	0,98364520
758,00000000	0,98392077
758,20000000	0,98381769
758,40000000	0,98363248
758,60000000	0,98327755
758,80000000	0,98361114
759,00000000	0,98415276
759,20000000	0,98358060
759,40000000	0,98359923
759,60000000	0,98396744
759,80000000	0,98411292
760,00000000	0,98360310
760,20000000	0,98291272
760,40000000	0,98371603
760,60000000	0,98341429
760,80000000	0,98270080
761,00000000	0,98361167
761,20000000	0,98360737
761,40000000	0,98333150
761,60000000	0,98239231
761,80000000	0,98252007
762,00000000	0,98376597
762,20000000	0,98275307
762,40000000	0,98244535
762,60000000	0,98307643
762,80000000	0,98295815
763,00000000	0,98287780
763,20000000	0,98299434
763,40000000	0,98230575
763,60000000	0,98361305
763,80000000	0,98309637
764,00000000	0,98273595
764,20000000	0,98266277
764,40000000	0,98273824
764,60000000	0,98350436
764,80000000	0,98264662
765,00000000	0,98256486
765,20000000	0,98352290
765,40000000	0,98232617
765,60000000	0,98228194
765,80000000	0,98264828
766,00000000	0,98287934
766,20000000	0,98380522
766,40000000	0,98339452
766,60000000	0,98238140
766,80000000	0,98288375
767,00000000	0,98283469
767,20000000	0,98312631
767,40000000	0,98285178
767,60000000	0,98266502
767,80000000	0,98378837
768,00000000	0,98293783
768,20000000	0,98359757
768,40000000	0,98360292
768,60000000	0,98352841
768,80000000	0,98384098
769,00000000	0,98341446
769,20000000	0,98362397
769,40000000	0,98407830
769,60000000	0,98365465
769,80000000	0,98359928
770,00000000	0,98370995
770,20000000	0,98363204
770,40000000	0,98478796
770,60000000	0,98426988
770,80000000	0,98483720
771,00000000	0,98531098
771,20000000	0,98513181
771,40000000	0,98513665
771,60000000	0,98498503
771,80000000	0,98486253
772,00000000	0,98600130
772,20000000	0,98570592
772,40000000	0,98571675
772,60000000	0,98648658
772,80000000	0,98658754
773,00000000	0,98605213
773,20000000	0,98628749
773,40000000	0,98707119
773,60000000	0,98700799
773,80000000	0,98659721
774,00000000	0,98682987
774,20000000	0,98693385
774,40000000	0,98761013
774,60000000	0,98748902
774,80000000	0,98769381
775,00000000	0,98792942
775,20000000	0,98816529
775,40000000	0,98842389
775,60000000	0,98852662
775,80000000	0,98831463
776,00000000	0,98900517
776,20000000	0,98914236
776,40000000	0,98934160
776,60000000	0,98949865
776,80000000	0,98960854
777,00000000	0,99026390
777,20000000	0,99006947
777,40000000	0,99029062
777,60000000	0,99115946
777,80000000	0,99047483
778,00000000	0,99060109
778,20000000	0,99117777
778,40000000	0,99114294
778,60000000	0,99114646
778,80000000	0,99089945
779,00000000	0,99144347
779,20000000	0,99197764
779,40000000	0,99142718
779,60000000	0,99198468
779,80000000	0,99252479
780,00000000	0,99203340
780,20000000	0,99223045
780,40000000	0,99251150
780,60000000	0,99266052
780,80000000	0,99240493
781,00000000	0,99277011
781,20000000	0,99326708
781,40000000	0,99311704
781,60000000	0,99293853
781,80000000	0,99320816
782,00000000	0,99375681
782,20000000	0,99326330
782,40000000	0,99350883
782,60000000	0,99382438
782,80000000	0,99368013
783,00000000	0,99363361
783,20000000	0,99343507
783,40000000	0,99397943
783,60000000	0,99409118
783,80000000	0,99358577
784,00000000	0,99397451
784,20000000	0,99432265
784,40000000	0,99369331
784,60000000	0,99403398
784,80000000	0,99390881
785,00000000	0,99333595
785,20000000	0,99319237
785,40000000	0,99370372
785,60000000	0,99409739
785,80000000	0,99355277
786,00000000	0,99394816
786,20000000	0,99433043
786,40000000	0,99363884
786,60000000	0,99374651
786,80000000	0,99370502
787,00000000	0,99382041
787,20000000	0,99387307
787,40000000	0,99293898
787,60000000	0,99400792
787,80000000	0,99332646
788,00000000	0,99289670
788,20000000	0,99362659
788,40000000	0,99329505
788,60000000	0,99332879
788,80000000	0,99286968
789,00000000	0,99305262
789,20000000	0,99361336
789,40000000	0,99198367
789,60000000	0,99264635
789,80000000	0,99331847
790,00000000	0,99259978
790,20000000	0,99261948
790,40000000	0,99209050
790,60000000	0,99304677
790,80000000	0,99266211
791,00000000	0,99191474
791,20000000	0,99249343
791,40000000	0,99166861
791,60000000	0,99203567
791,80000000	0,99232787
792,00000000	0,99249498
792,20000000	0,99187861
792,40000000	0,99165904
792,60000000	0,99202233
792,80000000	0,99150392
793,00000000	0,99150003
793,20000000	0,99207749
793,40000000	0,99088802
793,60000000	0,99204958
793,80000000	0,99064193
794,00000000	0,99114124
794,20000000	0,99233190
794,40000000	0,99011140
794,60000000	0,99220413
794,80000000	0,99065682
795,00000000	0,99028209
795,20000000	0,99193822
795,40000000	0,98976249
795,60000000	0,99151613
795,80000000	0,99028391
796,00000000	0,98927194
796,20000000	0,99144381
796,40000000	0,98963367
796,60000000	0,99101803
796,80000000	0,99037924
797,00000000	0,98951261
797,20000000	0,99183756
797,40000000	0,98909137
797,60000000	0,98974405
797,80000000	0,99071402
798,00000000	0,98887903
798,20000000	0,99168225
798,40000000	0,98961665
798,60000000	0,98944569
798,80000000	0,99102762
799,00000000	0,98993395
799,20000000	0,99131329
799,40000000	0,98924737
799,60000000	0,99055689
799,80000000	0,99040841
800,00000000	0,98924182
800,20000000	0,99110036
800,40000000	0,98984804
800,60000000	0,99031354
800,80000000	0,99037234
801,00000000	0,98954207
801,20000000	0,99109543
801,40000000	0,98958167
801,60000000	0,99049527
801,80000000	0,99025171
802,00000000	0,99046674
802,20000000	0,99097405
802,40000000	0,98922692
802,60000000	0,99068205
802,80000000	0,99070310
803,00000000	0,98908517
803,20000000	0,99050162
803,40000000	0,99011380
803,60000000	0,99071401
803,80000000	0,98919941
804,00000000	0,99051058
804,20000000	0,99139016
804,40000000	0,98911093
804,60000000	0,99102449
804,80000000	0,99040530
805,00000000	0,99026478
805,20000000	0,99058804
805,40000000	0,98985656
805,60000000	0,99154434
805,80000000	0,98931601
806,00000000	0,99037118
806,20000000	0,99139458
806,40000000	0,98998645
806,60000000	0,99113415
806,80000000	0,98980259
807,00000000	0,99147549
807,20000000	0,99058083
807,40000000	0,98906097
807,60000000	0,99161290
807,80000000	0,99018481
808,00000000	0,99037256
808,20000000	0,99145064
808,40000000	0,98997968
808,60000000	0,99083472
808,80000000	0,98996320
809,00000000	0,99119240
809,20000000	0,98998751
809,40000000	0,98940940
809,60000000	0,99150001
809,80000000	0,98985415
810,00000000	0,99035844
810,20000000	0,99119122
810,40000000	0,99055617
810,60000000	0,99013982
810,80000000	0,98977743
811,00000000	0,99086552
811,20000000	0,99060669
811,40000000	0,98973584
811,60000000	0,99100437
811,80000000	0,99023808
812,00000000	0,99009031
812,20000000	0,99004473
812,40000000	0,99073219
812,60000000	0,99017661
812,80000000	0,98891311
813,00000000	0,99050784
813,20000000	0,99000324
813,40000000	0,98943745
813,60000000	0,98995826
813,80000000	0,99057284
814,00000000	0,98964316
814,20000000	0,98890184
814,40000000	0,99063412
814,60000000	0,98988043
814,80000000	0,98806371
815,00000000	0,99037003
815,20000000	0,98979438
815,40000000	0,98821810
815,60000000	0,98919545
815,80000000	0,98988301
816,00000000	0,98925094
816,20000000	0,98794399
816,40000000	0,98985495
816,60000000	0,98961549
816,80000000	0,98713192
817,00000000	0,98965218
817,20000000	0,98893586
817,40000000	0,98779071
817,60000000	0,98796626
817,80000000	0,98890146
818,00000000	0,98838652
818,20000000	0,98676243
818,40000000	0,98819248
818,60000000	0,98851207
818,80000000	0,98709774
819,00000000	0,98697320
819,20000000	0,98745064
819,40000000	0,98755481
819,60000000	0,98621068
819,80000000	0,98689122
820,00000000	0,98728026
820,20000000	0,98481182
820,40000000	0,98610269
820,60000000	0,98685002
820,80000000	0,98487668
821,00000000	0,98513194
821,20000000	0,98580354
821,40000000	0,98486929
821,60000000	0,98326244
821,80000000	0,98452225
822,00000000	0,98532638
822,20000000	0,98263963
822,40000000	0,98338769
822,60000000	0,98512029
822,80000000	0,98239216
823,00000000	0,98246428
823,20000000	0,98283812
823,40000000	0,98305002
823,60000000	0,98095715
823,80000000	0,98099931
824,00000000	0,98233465
824,20000000	0,97985010
824,40000000	0,97942796
824,60000000	0,98182674
824,80000000	0,97891361
825,00000000	0,97727092
825,20000000	0,97954819
825,40000000	0,97880270
825,60000000	0,97676161
825,80000000	0,97751703
826,00000000	0,97814707
826,20000000	0,97510471
826,40000000	0,97595450
826,60000000	0,97689188
826,80000000	0,97559528
827,00000000	0,97221238
827,20000000	0,97480352
827,40000000	0,97481855
827,60000000	0,97126963
827,80000000	0,97330564
828,00000000	0,97310623
828,20000000	0,97289043
828,40000000	0,97150491
828,60000000	0,97045246
828,80000000	0,97138114
829,00000000	0,96836603
829,20000000	0,96944349
829,40000000	0,97125236
829,60000000	0,96574808
829,80000000	0,96833851
830,00000000	0,96797812
830,20000000	0,96636143
830,40000000	0,96452835
830,60000000	0,96569580
830,80000000	0,96723263
831,00000000	0,96159573
831,20000000	0,96421329
831,40000000	0,96405401
831,60000000	0,96209020
831,80000000	0,95966471
832,00000000	0,96137233
832,20000000	0,96017217
832,40000000	0,95805852
832,60000000	0,96046239
832,80000000	0,95771281
833,00000000	0,95810279
833,20000000	0,95742765
833,40000000	0,95663221
833,60000000	0,95634376
833,80000000	0,95232159
834,00000000	0,95624442
834,20000000	0,95508472
834,40000000	0,95015256
834,60000000	0,95403845
834,80000000	0,95162704
835,00000000	0,95225270
835,20000000	0,95068539
835,40000000	0,95002931
835,60000000	0,95133193
835,80000000	0,94790475
836,00000000	0,95220891
836,20000000	0,94750918
836,40000000	0,94739304
836,60000000	0,94860295
836,80000000	0,94714022
837,00000000	0,94679525
837,20000000	0,94395076
837,40000000	0,94856730
837,60000000	0,94705549
837,80000000	0,94244544
838,00000000	0,94509105
838,20000000	0,94568544
838,40000000	0,94349928
838,60000000	0,94172900
838,80000000	0,94488812
839,00000000	0,94340899
839,20000000	0,93997829
839,40000000	0,94329052
839,60000000	0,94181335
839,80000000	0,94214976
840,00000000	0,94138178
840,20000000	0,94139223
840,40000000	0,94061544
840,60000000	0,94008988
840,80000000	0,94236327
841,00000000	0,94083346
841,20000000	0,94049519
841,40000000	0,94069016
841,60000000	0,94081047
841,80000000	0,93847915
842,00000000	0,94006424
842,20000000	0,94257362
842,40000000	0,93912817
842,60000000	0,93793330
842,80000000	0,94103630
843,00000000	0,94119942
843,20000000	0,93867593
843,40000000	0,94222653
843,60000000	0,94071578
843,80000000	0,93872469
844,00000000	0,94245218
844,20000000	0,94125633
844,40000000	0,94008517
844,60000000	0,94062690
844,80000000	0,94274053
845,00000000	0,94184724
845,20000000	0,93993581
845,40000000	0,94562626
845,60000000	0,94142853
845,80000000	0,94101978
846,00000000	0,94341568
846,20000000	0,94514985
846,40000000	0,94266614
846,60000000	0,94355770
846,80000000	0,94616319
847,00000000	0,94423203
847,20000000	0,94395483
847,40000000	0,94709258
847,60000000	0,94437844
847,80000000	0,94534058
848,00000000	0,94843325
848,20000000	0,94857063
848,40000000	0,94513827
848,60000000	0,95044393
848,80000000	0,94986268
849,00000000	0,94825857
849,20000000	0,94945089
849,40000000	0,95079136
849,60000000	0,95116076
849,80000000	0,95043685
850,00000000	0,95391513
850,20000000	0,95334621
850,40000000	0,95081827
850,60000000	0,95647030
850,80000000	0,95292897
851,00000000	0,95432980
851,20000000	0,95598017
851,40000000	0,95676319
851,60000000	0,95783789
851,80000000	0,95478729
852,00000000	0,96317639
852,20000000	0,95593115
852,40000000	0,95983918
852,60000000	0,96033364
852,80000000	0,96040344
853,00000000	0,96035894
853,20000000	0,96059738
853,40000000	0,96372165
853,60000000	0,96221331
853,80000000	0,96279095
854,00000000	0,96501113
854,20000000	0,96208906
854,40000000	0,96673835
854,60000000	0,96471309
854,80000000	0,96599616
855,00000000	0,96528979
855,20000000	0,96760605
855,40000000	0,96792044
855,60000000	0,96537214
855,80000000	0,97140495
856,00000000	0,96772890
856,20000000	0,96885499
856,40000000	0,96969436
856,60000000	0,97067528
856,80000000	0,97005813
857,00000000	0,97073103
857,20000000	0,97259088
857,40000000	0,97081070
857,60000000	0,97207921
857,80000000	0,97318336
858,00000000	0,97168538
858,20000000	0,97312620
858,40000000	0,97437081
858,60000000	0,97389438
858,80000000	0,97312006
859,00000000	0,97536578
859,20000000	0,97526142
859,40000000	0,97424536
859,60000000	0,97572554
859,80000000	0,97567431
860,00000000	0,97449392
860,20000000	0,97619752
860,40000000	0,97666844
860,60000000	0,97490707
860,80000000	0,97585706
861,00000000	0,97766723
861,20000000	0,97635080
861,40000000	0,97643729
861,60000000	0,97814658
861,80000000	0,97730492
862,00000000	0,97635782
862,20000000	0,97746120
862,40000000	0,97775655
862,60000000	0,97551679
862,80000000	0,97831187
863,00000000	0,97750765
863,20000000	0,97668372
863,40000000	0,97804132
863,60000000	0,97800092
863,80000000	0,97766142
864,00000000	0,97561295
864,20000000	0,97789480
864,40000000	0,97754410
864,60000000	0,97603604
864,80000000	0,97829200
865,00000000	0,97693086
865,20000000	0,97676753
865,40000000	0,97663204
865,60000000	0,97773731
865,80000000	0,97685641
866,00000000	0,97616291
866,20000000	0,97816631
866,40000000	0,97536818
866,60000000	0,97704589
866,80000000	0,97681178
867,00000000	0,97659167
867,20000000	0,97513575
867,40000000	0,97698570
867,60000000	0,97669256
867,80000000	0,97477503
868,00000000	0,97545646
868,20000000	0,97691571
868,40000000	0,97382081
868,60000000	0,97576648
868,80000000	0,97488633
869,00000000	0,97522559
869,20000000	0,97377108
869,40000000	0,97447572
869,60000000	0,97446881
869,80000000	0,97253457
870,00000000	0,97560150
870,20000000	0,97355208
870,40000000	0,97337521
870,60000000	0,97467080
870,80000000	0,97371082
871,00000000	0,97296570
871,20000000	0,97153849
871,40000000	0,97458805
871,60000000	0,97294310
871,80000000	0,97179558
872,00000000	0,97417243
872,20000000	0,97067884
872,40000000	0,97289813
872,60000000	0,97146765
872,80000000	0,97314234
873,00000000	0,97002866
873,20000000	0,97245991
873,40000000	0,97226644
873,60000000	0,96898782
873,80000000	0,97185270
874,00000000	0,97064258
874,20000000	0,96958596
874,40000000	0,96987888
874,60000000	0,96920561
874,80000000	0,96999554
875,00000000	0,96803557
875,20000000	0,97028066
875,40000000	0,96870911
875,60000000	0,96792481
875,80000000	0,96943291
876,00000000	0,96668641
876,20000000	0,96737037
876,40000000	0,96711594
876,60000000	0,96928377
876,80000000	0,96736338
877,00000000	0,96663294
877,20000000	0,96873345
877,40000000	0,96595723
877,60000000	0,96748450
877,80000000	0,96652606
878,00000000	0,96423346
878,20000000	0,96670226
878,40000000	0,96448064
878,60000000	0,96488344
878,80000000	0,96464989
879,00000000	0,96601669
879,20000000	0,96460401
879,40000000	0,96359261
879,60000000	0,96484554
879,80000000	0,96230695
880,00000000	0,96271685
880,20000000	0,96288298
880,40000000	0,96148043
880,60000000	0,96146852
880,80000000	0,96230908
881,00000000	0,96212118
881,20000000	0,96035516
881,40000000	0,96179886
881,60000000	0,95976426
881,80000000	0,95839970
882,00000000	0,95946525
882,20000000	0,95941277
882,40000000	0,95893366
882,60000000	0,95922565
882,80000000	0,95905274
883,00000000	0,95805670
883,20000000	0,95703925
883,40000000	0,95671079
883,60000000	0,95537380
883,80000000	0,95516082
884,00000000	0,95613190
884,20000000	0,95397584
884,40000000	0,95492137
884,60000000	0,95417330
884,80000000	0,95471246
885,00000000	0,95251867
885,20000000	0,95304431
885,40000000	0,95272574
885,60000000	0,95150588
885,80000000	0,95272680
886,00000000	0,94986093
886,20000000	0,95194252
886,40000000	0,95036261
886,60000000	0,94958499
886,80000000	0,95072044
887,00000000	0,94810179
887,20000000	0,95108221
887,40000000	0,94574425
887,60000000	0,94801844
887,80000000	0,94742932
888,00000000	0,94666987
888,20000000	0,94604037
888,40000000	0,94462698
888,60000000	0,94739349
888,80000000	0,94519334
889,00000000	0,94610499
889,20000000	0,94371741
889,40000000	0,94468389
889,60000000	0,94509239
889,80000000	0,94317814
890,00000000	0,94430692
890,20000000	0,94134949
890,40000000	0,94352467
890,60000000	0,94000290
890,80000000	0,94340742
891,00000000	0,94235014
891,20000000	0,94098233
891,40000000	0,94118348
891,60000000	0,94066891
891,80000000	0,94118095
892,00000000	0,94047014
892,20000000	0,94068281
892,40000000	0,93895586
892,60000000	0,93922914
892,80000000	0,94140013
893,00000000	0,93912061
893,20000000	0,93887388
893,40000000	0,93783702
893,60000000	0,93999416
893,80000000	0,93912250
894,00000000	0,93872418
894,20000000	0,93796258
894,40000000	0,93950594
894,60000000	0,93880701
894,80000000	0,93896768
895,00000000	0,93957888
895,20000000	0,93855811
895,40000000	0,93924946
895,60000000	0,93791569
895,80000000	0,93872359
896,00000000	0,93804767
896,20000000	0,93781171
896,40000000	0,93861270
896,60000000	0,93929686
896,80000000	0,94043719
897,00000000	0,93852658
897,20000000	0,93788576
897,40000000	0,93857469
897,60000000	0,93909294
897,80000000	0,94010876
898,00000000	0,93963484
898,20000000	0,94078221
898,40000000	0,94033312
898,60000000	0,93988848
898,80000000	0,93920932
899,00000000	0,94078265
899,20000000	0,94171111
899,40000000	0,94141565
899,60000000	0,94185181
899,80000000	0,94121970
900,00000000	0,94212600
