 0.3054194142486588
 0.3012081647929742
 0.2968273939005637
 0.2922730508327048
 0.2875409901178424
 0.282626974751842
 0.2775266802961456
 0.2722357000048397
 0.2667495511325491
 0.2610636826008566
 0.2551734842332639
 0.2490742978099229
 0.2427614302468807
 0.2362301692754134
 0.2294758020924841
 0.2224936375845455
 0.2152790329106014
 0.207827425492632
 0.2001343718430563
 0.1921955952253782
 0.1840070450027012
 0.175564971858811
 0.1668660251857016
 0.1579073823624936
 0.1486869253905784
 0.1392034902557139
 0.1294572320917111
 0.1194501821403507
 0.1091871365550745
 0.098677148418472
 0.08793618048572614
 0.07699214579338129
 0.06589526772065468
 0.05474147662018974
 0.04373153753521635
 0.03333992902042391
 0.02482621870536601
 0.02120385600691383
 0.02518696313317013
 0.03455203811405243
 0.04638002549166605
 0.05940604867653008
 0.07314542592205374
 0.08738709942300556
 0.1020238413609764
 0.1169926499788971
 0.132251183942942
 0.1477673613015184
 0.1635143347986454
 0.1794678852999643
 0.1956049958974655
 0.2119030450583295
 0.2283393457163736
 0.2448908894192457
 0.2615342189476526
 0.2782453856966121
 0.2949999656214449
 0.3117731171951486
 0.3285396702727749
 0.3452742378972172
 0.3619513449167548
 0.3785455683773044
 0.3950316853227264
 0.4113848240748839
 0.4275806153862911
 0.4435953401320362
 0.4594060704759258
 0.4749908017318811
 0.4903285724563394
 0.5053995706528329
 0.5201852243418762
 0.5346682751395507
 0.5488328338855627
 0.5626644177538662
 0.576149968653325
 0.5892778530703031
 0.6020378438087418
 0.6144210843368701
 0.6264200366462205
 0.6380284136628868
 0.6492410973197367
 0.6600540434000057
 0.6704641741969007
 0.6804692599007282
 0.6900677894249226
 0.6992588311144238
 0.7080418834423611
 0.7164167153891681
 0.7243831957042269
 0.7319411096612548
 0.7390899612160334
 0.7458287576319472
 0.7521557726177847
 0.758068282772372
 0.7635622705827836
 0.7686320852841112
 0.7732700504341024
 0.7774660039174309
 0.7812067520461001
 0.7844754141601883
 0.787250627246765
 0.7895055710314753
 0.7912067620138281
 0.7923125490196341
 0.7927712217181403
 0.7925186154935321
 0.7914750589417465
 0.7895414616029074
 0.7865942768656105
 0.7824789968731813
 0.7770017449408847
 0.7699184382591946
 0.7609209340701759
 0.7496196317571626
 0.7355223779739739
 0.7180106421129963
 0.6963167006883823
 0.6695118222778719
 0.6365286798745978
 0.596267559419658
 0.5478844671864932
 0.4914385144442788
 0.4291738645144271
 0.3676837184238039
 0.3201751801126319
 0.3035028484272083
 0.3231596146091163
 0.3648042661473049
 0.4087834199073068
 0.4420253890657059
 0.460065040747092
 0.4693901057984451
 0.4903532432610652
 0.5425714965158155
 0.6176416148001356
 0.6912561080402618
 0.7503717907904005
 0.79421295585184
 0.8261891695045936
 0.8497705039806336
 0.8675290734698297
 0.8812123412709806
 0.8919863078834519
 0.9006354581241222
 0.9076974213575721
 0.9135487416087952
 0.9184589881419359
 0.9226252004379287
 0.9261941853115265
 0.9292772379899981
 0.9319600614027566
 0.9343095841935561
 0.9363787362334195
 0.9382098528136341
 0.9398371410098345
 0.9412884934162679
 0.9425868402614722
 0.9437511700194038
 0.944797308571075
 0.9457385201809109
 0.9465859753508985
 0.9473491180651046
 0.9480359561606805
 0.9486532923422792
 0.9492069088939648
 0.949701715901397
 0.9501418704153236
 0.9505308722170397
 0.9508716405148311
 0.9511665748864
 0.9514176029992137
 0.9516262170262992
 0.9517935001833531
 0.9519201444098612
 0.9520064598760506
 0.9520523766981358
 0.9520574389693582
 0.9520207909488455
 0.9519411549803768
 0.9518168004248349
 0.9516455025684394
 0.9514244900967598
 0.951150379281558
 0.9508190924884109
 0.950425757945716
 0.9499645868785648
 0.9494287230496524
 0.9488100583920179
 0.9480990066690069
 0.9472842248268081
 0.9463522687405277
 0.9452871661606349
 0.9440698845221501
 0.9426776644463123
 0.9410831806446029
 0.9392534797078192
 0.9371486278085407
 0.9347199791436127
 0.9319079459553966
 0.9286391105218157
 0.9248224652268452
 0.920344494797222
 0.9150627212422828
 0.9087972153366078
 0.901319444183767
 0.8923376968833742
 0.8814782788217045
 0.868261859618965
 0.8520751872033946
 0.8321406743831006
 0.8074918241176825
 0.776974303225147
 0.7393160811789341
 0.6933522824271952
 0.6385533851481535
 0.5760644201004592
 0.5104031835539011
 0.451402158564579
 0.4139968115654326
 0.4109833429097998
 0.4415827115017266
 0.4924830988903293
 0.5496871288781534
 0.6045843809289185
 0.6533914145434311
 0.6951374938410395
 0.7301769030739826
 0.7593602662056229
 0.7836345178085611
 0.8038746090006855
 0.8208281660440843
 0.8351102425183374
 0.8472174342775244
 0.8575473402488614
 0.8664175204388248
 0.8740818895533061
 0.8807441346349062
 0.88656839428559
 0.8916876381713263
 0.8962101991867849
 0.9002248556924987
 0.9038047892841115
 0.9070106752688697
 0.9098931052239121
 0.9124944946726214
 0.9148505928195738
 0.9169916836042399
 0.9189435462794633
 0.9207282277644295
 0.9223646669374492
 0.9238692018708167
 0.9252559840447193
 0.9265373182648965
 0.9277239429412349
 0.9288252622568268
 0.929849539341091
 0.9308040576858024
 0.9316952565811818
 0.9325288452042103
 0.9333098990902261
 0.9340429420064079
 0.9347320156799155
 0.9353807393820295
 0.9359923610079646
 0.9365698010009987
 0.9371156902344183
 0.9376324027740529
 0.9381220842888069
 0.938586676749639
 0.939027939953218
 0.9394474703207042
 0.9398467173512072
 0.9402269980506832
 0.9405895096081477
 0.9409353405502674
 0.9412654805712478
 0.9415808292062452
 0.9418822034923827
 0.942170344741062
 0.9424459245279736
 0.9427095499925577
 0.9429617685261606
 0.9432030719174824
 0.9434339000147741
 0.9436546439564184
 0.9438656490147882
 0.9440672170924685
 0.9442596089049045
 0.9444430458791931
 0.9446177117949506
 0.9447837541899041
 0.944941285549985
 0.945090384301189
 0.9452310956182772
 0.9453634320634496
 0.9454873740664343
 0.9456028702559292
 0.9457098376510118
 0.9458081617199654
 0.9458976963129186
 0.9459782634737967
 0.9460496531362367
 0.9461116227074238
 0.9461638965431356
 0.9462061653167296
 0.9462380852842961
 0.9462592774477545
 0.9462693266172978
 0.9462677803742342
 0.9462541479350168
 0.9462278989169891
 0.9461884620062061
 0.9461352235275391
 0.9460675259171657
 0.9459846660975157
 0.9458858937547203
 0.9457704095186735
 0.9456373630459147
 0.9454858510056856
 0.9453149149697476
 0.9451235392068117
 0.9449106483827927
 0.9446751051685106
 0.9444157077569756
 0.9441311872929758
 0.9438202052183711
 0.9434813505372783
 0.9431131370062353
 0.9427140002554223
 0.9422822948481797
 0.9418162912873133
 0.9413141729781035
 0.9407740331595057
 0.9401938718167558
 0.9395715925905045
 0.9389049996996849
 0.9381917948975831
 0.9374295744830633
 0.9366158263915259
 0.935747927393076
 0.9348231404284096
 0.9338386121161946
 0.9327913704691686
 0.9316783228597897
 0.9304962542800748
 0.9292418259441585
 0.9279115742861619
 0.9265019104100285
 0.9250091200521194
 0.9234293641214459
 0.9217586798863684
 0.919992982880415
 0.9181280696033631
 0.9161596210968562
 0.9140832074764487
 0.9118942935039538
 0.9095882452851339
 0.9071603381780232
 0.9046057659962509
 0.9019196515895439
 0.8990970588798397
 0.8961330064260429
 0.893022482583132
 0.8897604623119333
 0.8863419256842046
 0.8827618781136179
 0.879015372326629
 0.8750975320679675
 0.8710035775136449
 0.8667288523398237
 0.8622688523688936
 0.8576192556846786
 0.8527759540772674
 0.8477350856447486
 0.8424930683448038
 0.8370466342540053
 0.8313928642577636
 0.8255292228597143
 0.8194535927669765
 0.8131643088780616
 0.8066601912742615
 0.7999405767942207
 0.7930053487559788
 0.7858549643822706
 0.7784904794839502
 0.7709135699640196
 0.7631265497213819
 0.7551323845595094
 0.7469347017408791
 0.7385377948730272
 0.7299466238661022
 0.7211668097638835
 0.7122046243195408
 0.7030669742623006
 0.693761380280342
 0.6842959508264931
 0.6746793509350792
 0.664920766318052
 0.6550298630847086
 0.6450167434995339
 0.6348918982553603
 0.6246661557923811
 0.6143506292363254
 0.6039566615602223
 0.593495769593075
 0.582979587505143
 0.5724198103934935
 0.5618281385736664
 0.5512162231543116
 0.5405956134328813
 0.5299777066031887
 0.5193737002112263
 0.5087945477361714
 0.4982509176102522
 0.4877531559260863
 0.4773112530147725
 0.4669348140139064
 0.4566330334830768
 0.4464146740666549
 0.4362880491504292
 0.42626100941087
 0.4163409331138538
 0.4065347199839354
 0.3968487884358318
 0.3872890759364315
 0.3778610422485559
 0.3685696752959851
 0.3594194993830623
 0.3504145855005242
 0.3415585634518737
 0.3328546355408624
 0.3243055915698968
 0.3159138249110428
 0.3076813494250092
 0.2996098170187209
 0.2917005356482417
 0.2839544875906737
 0.2763723478255606
 0.2689545023833313
 0.2617010665348169
 0.2546119027119134
 0.2476866380647467
 0.2409246815750446
 0.2343252406589794
 0.2278873372050932
 0.2216098230044163
 0.215491394540154
 0.2095306071137402
 0.2037258882922425
 0.198075550669556
 0.1925778039401168
 0.1872307662895133
 0.1820324751110107
 0.176980897061071
 0.1720739374702077
 0.1673094491282255
 0.1626852404650125
 0.1581990831497137
 0.153848719132265
 0.1496318671521262
 0.1455462287394619
 0.1415894937342552
 0.1377593453486905
 0.1340534647979437
 0.1304695355239649
 0.1270052470363013
 0.1236582983932339
 0.1204264013457186
 0.1173072831657085
 0.1142986891795264
 0.1113983850259695
 0.1086041586578696
 0.1059138221048357
 0.1033252130139516
 0.1008361959842557
 0.09844466370990884
 0.09614853794610054
 0.09394577031089894
 0.09183434293550326
 0.08981226897461592
 0.08787759298800797
 0.08602839120374751
 0.08426277167302954
 0.08257887432605218
 0.0809748709379589
 0.07944896501349928
 0.07799939159870602
 0.07662441702759366
 0.07532233861160162
 0.07409148427925259
 0.07293021217323144
 0.0718369102118302
 0.07080999562144386
 0.06984791444648505
 0.06894914104276963
 0.06811217756006853
 0.06733555341908316
 0.0666178247877047
 0.06595757406088067
 0.06535340934793409
 0.06480396397059852
 0.06430789597447793
 0.06386388765606066
 0.06347064510683249
 0.06312689777547346
 0.06283139804860224
 0.06258292085001534
 0.06238026325794127
 0.0622222441394399
 0.06210770380075355
 0.06203550365216569
 0.06200452588574725
 0.06201367316424888
 0.06206186831936426
 0.06214805405759094
 0.06227119267199906
 0.06243026575831036
 0.06262427393386191
 0.06285223655819142
 0.0631131914541774
 0.06340619462887109
 0.06373031999337513
 0.06408465908129148
 0.06446832076549003
 0.06488043097309301
 0.06532013239873852
 0.06578658421631602
 0.06627896178948073
 0.06679645638134574
 0.06733827486380989
 0.0679036394270434
 0.06849178728966322
 0.06910197041016421
 0.06973345520014942
 0.07038552223990757
 0.07105746599683976
 0.07174859454723188
 0.07245822930180652
 0.07318570473545342
 0.07393036812150301
 0.07469157927084079
 0.07546871027612875
 0.0762611452613513
 0.0770682801368502
 0.0778895223599851
 0.0787242907015053
 0.07957201501768467
 0.0804321360282476
 0.08130410510006879
 0.08218738403661612
 0.08308144487307487
 0.08398576967708025
 0.08489985035495276
 0.08582318846333144
 0.08675529502608476
 0.08769569035635869
 0.08864390388362926
 0.08959947398560959
 0.09056194782486471
 0.0915308811899791
 0.09250583834112627
 0.09348639185988596
 0.09447212250315506
 0.09546261906100646
 0.09645747821833749
 0.09745630442017759
 0.09845870974050001
 0.09946431375440554
 0.1004727434135444
 0.1014836329246487
 0.1024966236310429
 0.1035113638970239
 0.1045275089949829
 0.1055447209951674
 0.1065626686579743
 0.1075810273286677
 0.1085994788344322
 0.1096177113836648
 0.1106354194674141
 0.1116523037628902
 0.1126680710389593
 0.1136824340635482
 0.1146951115128858
 0.1157058278825193
 0.1167143134000273
 0.1177203039393822
 0.1187235409368926
 0.1197237713086781
 0.1207207473696163
 0.121714226753723
 0.1227039723359059
 0.1236897521550597
 0.1246713393384531
 0.1256485120273707
 0.1266210533039722
 0.1275887511193336
 0.1285513982226409
 0.1295087920914952
 0.1304607348633124
 0.1314070332677823
 0.1323474985603558
 0.1332819464567523
 0.1342101970684457
 0.1351320748391169
 0.1360474084820542
 0.1369560309184708
 0.1378577792167362
 0.1387524945324931
 0.1396400220496462
 0.1405202109222133
 0.1413929142170141
 0.1422579888571941
 0.1431152955665619
 0.1439646988147349
 0.1448060667630759
 0.1456392712114151
 0.146464187545546
 0.147280694685481
 0.148088675034467
 0.1488880144287434
 0.1496786020880402
 0.1504603305668059
 0.1512330957061614
 0.1519967965865637
 0.1527513354811882
 0.1534966178100098
 0.1542325520945803
 0.1549590499135044
 0.1556760258585936
 0.156383397491711
 0.1570810853022828
 0.1577690126654895
 0.1584471058011201
 0.1591152937330867
 0.1597735082496016
 0.1604216838640028
 0.1610597577762328
 0.1616876698349597
 0.1623053625003406
 0.1629127808074199
 0.1635098723301655
 0.1640965871461262
 0.1646728778017222
 0.165238699278151
 0.1657940089579153
 0.1663387665919595
 0.1668729342674218
 0.1673964763759871
 0.1679093595828459
 0.1684115527962495
 0.1689030271376588
 0.1693837559124887
 0.1698537145814314
 0.1703128807323714
 0.1707612340528714
 0.1711987563032397
 0.1716254312901643
 0.172041244840916
 0.1724461847781141
 0.1728402408950514
 0.1732234049315732
 0.1735956705505076
 0.1739570333146419
 0.1743074906642409
 0.1746470418951058
 0.174975688137162
 0.1752934323335811
 0.175600279220426
 0.1758962353068154
 0.1761813088556077
 0.1764555098645943
 0.1767188500482005
 0.1769713428196912
 0.1772130032738737
 0.1774438481702938
 0.1776638959169233
 0.1778731665543309
 0.1780716817403331
 0.1782594647351223
 0.1784365403868659
 0.1786029351177687
 0.1787586769106038
 0.1789037952956936
 0.1790383213383496
 0.1791622876267552
 0.1792757282602981
 0.1793786788383358
 0.1794711764493997
 0.1795532596608284
 0.1796249685088253
 0.1796863444889382
 0.1797374305469559
 0.1797782710702178
 0.1798089118793275
 0.179829400220275
 0.1798397847569555
 0.1798401155640832
 0.1798304441204959
 0.1798108233028489
 0.1797813073796867
 0.1797419520058983
 0.1796928142175442
 0.1796339524270554
 0.1795654264187994
 0.179487297345009
 0.1793996277220721
 0.1793024814271769
 0.1791959236953099
 0.1790800211166037
 0.1789548416340316
 0.1788204545414444
 0.1786769304819475
 0.1785243414466171
 0.1783627607735489
 0.1781922631472392
 0.1780129245982966
 0.1778248225034798
 0.177628035586061
 0.1774226439165114
 0.1772087289135101
 0.1769863733452687
 0.1767556613311764
 0.1765166783437621
 0.1762695112109693
 0.1760142481187474
 0.1757509786139561
 0.1754797936075816
 0.1752007853782679
 0.1749140475761581
 0.1746196752270495
 0.1743177647368616
 0.1740084138964174
 0.1736917218865384
 0.173367789283456
 0.1730367180645386
 0.1726986116143388
 0.172353574730957
 0.1720017136327326
 0.1716431359652551
 0.1712779508087068
 0.170906268685535
 0.1705282015684564
 0.1701438628888044
 0.1697533675452138
 0.1693568319126565
 0.1689543738518257
 0.16854611271888
 0.1681321693755493
 0.1677126661996082
 0.1672877270957287
 0.1668574775067118


