 0.3108997912544834
 0.3067085232962923
 0.3023478673812821
 0.2978137689853217
 0.2931020776069113
 0.2882085498346003
 0.2831288532914961
 0.2778585715830079
 0.2723932103933631
 0.2667282049001578
 0.2608589287056889
 0.2547807045210432
 0.2484888168868811
 0.2419785272777107
 0.2352450920204363
 0.2282837835723798
 0.2210899158627627
 0.2136588746263406
 0.2059861539819938
 0.1980674009859075
 0.1898984706047612
 0.1814754946520338
 0.1727949699521825
 0.1638538737646362
 0.1546498190672706
 0.1451812700650069
 0.1354478519359534
 0.1254508137195144
 0.1151937506242385
 0.1046837867023019
 0.09393361903248944
 0.08296527683552188
 0.07181755330551319
 0.06056202199464761
 0.04934132023340623
 0.03847231147300486
 0.02875522307379415
 0.02230803232663577
 0.02270697999810634
 0.030066795978618
 0.04106240947386521
 0.05371220106864921
 0.06725571634831641
 0.08138306605975459
 0.09594733113342642
 0.1108675505144781
 0.1260924138052835
 0.1415849935921419
 0.1573156558671474
 0.1732584958789
 0.189389433937092
 0.2056851542601033
 0.2221225014778899
 0.238678141074176
 0.255328380854731
 0.2720490959413818
 0.2888157235535784
 0.3056033067423367
 0.3223865734588752
 0.3391400414728936
 0.3558381420673551
 0.3724553568721355
 0.388966363078274
 0.4053461828427732
 0.4215703330970675
 0.4376149722985895
 0.4534570409669517
 0.469074393154291
 0.4844459163282779
 0.4995516375009424
 0.5143728138143657
 0.5288920061883347
 0.54309313503482
 0.5569615174378649
 0.5704838855726175
 0.5836483864818796
 0.5964445636319835
 0.6088633209226783
 0.6208968700209196
 0.6325386620207321
 0.6437833044971575
 0.65462646501998
 0.6650647621216527
 0.6750956445734783
 0.6847172596144867
 0.693928310497326
 0.7027279033623184
 0.7111153830191117
 0.7190901566960728
 0.7266515041967019
 0.7337983721593057
 0.7405291492218096
 0.746841417807633
 0.7527316769161763
 0.7581950286485641
 0.7632248191263931
 0.7678122218349595
 0.7719457480639231
 0.7756106647878908
 0.7787882947050819
 0.7814551658023625
 0.7835819681610137
 0.7851322629882601
 0.7860608720345945
 0.7863118533086956
 0.7858159396501178
 0.7844872782467913
 0.7822192594101022
 0.7788791600725687
 0.7743012516432721
 0.768277938395917
 0.7605484196290125
 0.7507843536370018
 0.73857215455182
 0.7233921185904288
 0.704596073210498
 0.6813887354126636
 0.6528255456501345
 0.6178552802120848
 0.5754657196733769
 0.5250440516392981
 0.4671471363521685
 0.4049665208878966
 0.3466412754663593
 0.3069307498251326
 0.3013429750039447
 0.3299045376936584
 0.3753772725453631
 0.419556391497218
 0.4513795945197367
 0.4675590972782382
 0.4750766406017033
 0.4944421603415068
 0.5453911848611639
 0.6195927250856714
 0.6926444151891412
 0.7513789643928407
 0.7949485539342386
 0.8267260366795327
 0.850160447357866
 0.8678100943007424
 0.8814126741694787
 0.8921270566655918
 0.900732452645045
 0.9077625642845543
 0.9135909950994255
 0.9184850994742507
 0.9226402368545799
 0.9262019290199039
 0.929280478403352
 0.9319608116026492
 0.9343092412214643
 0.9363781994536167
 0.9382096106897095
 0.9398373338002128
 0.9412889572230084
 0.9425871363448773
 0.9437506021617115
 0.9447949304221501
 0.945733133865058
 0.9465761220963336
 0.9473330611913915
 0.9480116563902764
 0.9486183750630626
 0.9491586226673454
 0.9496368811647398
 0.9500568169478534
 0.9504213635037436
 0.9507327826291855
 0.9509927068911592
 0.9512021650995964
 0.9513615917564945
 0.9514708207070649
 0.9515290624921763
 0.9515348641361244
 0.9514860492449346
 0.9513796352742194
 0.9512117235723039
 0.9509773562096935
 0.9506703315291097
 0.9502829675966972
 0.9498057990312558
 0.9492271876457431
 0.9485328203943909
 0.9477050584673185
 0.9467220878215443
 0.945556802222999
 0.9441753223782851
 0.9425350150333501
 0.9405818181095659
 0.938246593166734
 0.9354401014748973
 0.9320460152822844
 0.9279111040160511
 0.9228313407228881
 0.9165321215860449
 0.9086400789999404
 0.8986432384401561
 0.8858361334487843
 0.8692489442885524
 0.8475705297382354
 0.8191096046095553
 0.7819315812478285
 0.7345210655220159
 0.6776543577183389
 0.6180908519132406
 0.5720214270245624
 0.5594775702933493
 0.5859002412770703
 0.6360469730640169
 0.6910328206789776
 0.7402783333064683
 0.7806411712480765
 0.8125256644162479
 0.8374269120142672
 0.856899452576104
 0.8722409923386125
 0.8844524675850191
 0.8942824588881624
 0.9022854719766146
 0.9088725849240625
 0.9143504069839082
 0.9189496322783907
 0.9228455705133868
 0.926172831298502
 0.9290358470034685
 0.9315164571965372
 0.9336794183042459
 0.9355764418922834
 0.9372491823666497
 0.9387314684352284
 0.9400509854038426
 0.941230555057835
 0.9422891179827022
 0.9432424938864944
 0.9441039748541352
 0.9448847918122144
 0.9455944839914163
 0.9462411935981939
 0.9468319023916865
 0.9473726228133175
 0.9478685533211422
 0.9483242053478569
 0.9487435076240335
 0.9491298923392847
 0.9494863666475415
 0.9498155722815563
 0.9501198354698848
 0.9504012089056147
 0.9506615071694036
 0.9509023367370623
 0.951125121486919
 0.9513311244515208
 0.9515214664220772
 0.9516971419049194
 0.9518590328413565
 0.9520079204312184
 0.9521444953426189
 0.9522693665433487
 0.9523830689507238
 0.952486070064979
 0.9525787757251065
 0.9526615351043473
 0.9527346450445096
 0.9527983538132481
 0.9528528643558518
 0.952898337102517
 0.9529348923831866
 0.9529626124945115
 0.952981543457127
 0.9529916964960153
 0.9529930492721156
 0.9529855468893982
 0.9529691026982434
 0.9529435989130548
 0.95290888705955
 0.9528647882649951
 0.9528110934028
 0.9527475631012537
 0.9526739276247849
 0.9525898866349031
 0.9524951088369072
 0.9523892315175186
 0.9522718599777926
 0.9521425668649428
 0.952000891406117
 0.9518463385466114
 0.9516783779945734
 0.9514964431738415
 0.9512999300862414
 0.9510881960843994
 0.9508605585559036
 0.9506162935194937
 0.9503546341338297
 0.950074769119349
 0.9497758410936904
 0.9494569448212112
 0.9491171253772149
 0.9487553762276472
 0.9483706372252306
 0.9479617925232645
 0.9475276684086456
 0.9470670310560692
 0.9465785842058346
 0.946060966768227
 0.9455127503580885
 0.9449324367639146
 0.9443184553566337
 0.9436691604441494
 0.9429828285787853
 0.9422576558259086
 0.9414917550033083
 0.9406831529023271
 0.9398297875033026
 0.9389295051996031
 0.9379800580463985
 0.9369791010523506
 0.9359241895346141
 0.9348127765599048
 0.933642210496942
 0.9324097327082983
 0.9311124754125751
 0.9297474597508816
 0.9283115940948062
 0.9268016726364171
 0.9252143743043035
 0.9235462620532378
 0.9217937825786583
 0.919953266510852
 0.918020929147304
 0.9159928717852795
 0.9138650837200508
 0.9116334449773849
 0.9092937298517398
 0.9068416113240495
 0.904272666434866
 0.9015823826898648
 0.8987661655751364
 0.8958193472591781
 0.8927371965568559
 0.8895149302277051
 0.8861477256765865
 0.8826307351187325
 0.8789591012634448
 0.8751279745610067
 0.8711325320455322
 0.8669679977924446
 0.8626296649929077
 0.8581129196287879
 0.8534132657106019
 0.848526352017416
 0.8434480002519761
 0.8381742344965912
 0.8327013118257955
 0.8270257539008929
 0.8211443793396482
 0.815054336622129
 0.8087531372617367
 0.8022386889394764
 0.7955093282703876
 0.788563852844561
 0.7814015521624107
 0.7740222370655754
 0.7664262672521491
 0.7586145764585616
 0.7505886948913179
 0.7423507685005917
 0.7339035747047243
 0.7252505342006657
 0.7163957185299761
 0.7073438531134228
 0.6981003155186694
 0.6886711287846713
 0.6790629496918098
 0.6692830519376562
 0.6593393042526354
 0.6492401435664868
 0.6389945434131621
 0.6286119778369261
 0.6181023811340096
 0.6074761038302894
 0.5967438653545912
 0.5859167039175045
 0.5750059241462682
 0.5640230430558193
 0.552979734954409
 0.5418877758885378
 0.5307589882267901
 0.5196051859656822
 0.5084381213136407
 0.4972694330728833
 0.4861105972942442
 0.4749728806287146
 0.4638672967426994
 0.4528045661038801
 0.4417950793821555
 0.4308488646475066
 0.4199755584846791
 0.4091843810851072
 0.3984841153202299
 0.3878830897484577
 0.377389165461139
 0.3670097266314927
 0.3567516745950512
 0.3466214252605788
 0.3366249096270487
 0.3267675771644823
 0.3170544018044196
 0.3074898902786795
 0.2980780925427965
 0.2888226140223937
 0.2797266294261169
 0.2707928978774226
 0.2620237791285181
 0.2534212506329087
 0.2449869252676021
 0.2367220695117889
 0.2286276219050966
 0.2207042116253008
 0.2129521770419746
 0.205371584118981
 0.197962244554616
 0.1907237335634427
 0.1836554072183175
 0.1767564192845913
 0.1700257374911124
 0.1634621591941542
 0.1570643264010017
 0.1508307401294359
 0.1447597740879236
 0.1388496876689774
 0.1330986382548014
 0.1275046928402967
 0.1220658389835617
 0.116779995098473
 0.1116450201076621
 0.106658722477477
 0.101818868659204
 0.09712319096319247
 0.09256939489451925
 0.08815516598059039
 0.08387817612272987
 0.07973608950529924
 0.0757265680975793
 0.07184727678534281
 0.06809588817118972
 0.06447008708522153
 0.06096757485093041
 0.05758607335529699
 0.05432332897762338
 0.05117711643876212
 0.04814524264192754
 0.04522555058879958
 0.04241592347136581
 0.0397142890621343
 0.03711862455514909
 0.03462696205019922
 0.0322373949266286
 0.02994808542639326
 0.02775727386599845
 0.0256632900339053
 0.02366456751857572
 0.02175966197252562
 0.01994727467706461
 0.01822628326659634
 0.01659578214414493
 0.01505513601489298
 0.01360405110143522
 0.01224266990973412
 0.01097169655292905
 0.009792559618092618
 0.008707615870128823
 0.007720385031666202
 0.006835771996128572
 0.006060159394370212
 0.005401123678839442
 0.004866372503133424
 0.004461501708389081
 0.004186700641107669
 0.004033720304023522
 0.003985233090717417
 0.004017553231824767
 0.004105205653764753
 0.004224843034356153
 0.004357240717457005
 0.004487620479442399
 0.004605094453965094
 0.004701848573354143
 0.004772374290202057
 0.004812849655569331
 0.004820674693445011
 0.004794133958272418
 0.004732154815542181
 0.004634134859329397
 0.0044998184127923
 0.004329207754721091
 0.004122499082213803
 0.003880036433995696
 0.003602279228817037
 0.00328978118394438
 0.002943180921134579
 0.002563209359587858
 0.002150732037374025
 0.001706891080399859
 0.001233633870919606
 0.0007365765499936169
 0.0002650851040540694
 0.0004496827206381353
 0.001018621462830673
 0.001636218407484553
 0.002285410291725058
 0.002962788477791858
 0.003666823982049261
 0.004396480855957692
 0.005150902315792303
 0.005929312602506027
 0.006730979559353788
 0.007555198287600176
 0.008401283262150503
 0.009268564223991154
 0.01015638390088155
 0.01106409667057946
 0.01199106773469606
 0.01293667258031611
 0.01390029660894057
 0.01488133486516037
 0.01587919182595317
 0.01689328122740524
 0.017923025914833
 0.01896785770770336
 0.02002721727403435
 0.02110055401096065
 0.02218732592942314
 0.02328699954171285
 0.0243990497511185
 0.02552295974322987
 0.0266582208786569
 0.02780433258705394
 0.02896080226239466
 0.03012714515952044
 0.03130288429197173
 0.03248755033115865
 0.03368068150689763
 0.03488182350936694
 0.03609052939250627
 0.03730635947889589
 0.03852888126612729
 0.03975766933468951
 0.04099230525736451
 0.04223237751014422
 0.04347748138464714
 0.04472721890203897
 0.04598119872842342
 0.04723903609169534
 0.04850035269982349
 0.04976477666053677
 0.05103194240238663
 0.05230149059714797
 0.05357306808353057
 0.05484632779216203
 0.05612092867180962
 0.05739653561680006
 0.05867281939560825
 0.05994945658057206
 0.06122612947869887
 0.06250252606353206
 0.06377833990803534
 0.06505327011846462
 0.0663270212691949
 0.06759930333846688
 0.06886983164501986
 0.07013832678558513
 0.07140451457320565
 0.07266812597635143
 0.07392889705881471
 0.07518656892034019
 0.07644088763798088
 0.07769160420814761
 0.07893847448932979
 0.08018125914546879
 0.08141972358995969
 0.08265363793026433
 0.08388277691311226
 0.0851069198702842
 0.08632585066494476
 0.08753935763852304
 0.08874723355812213
 0.08994927556443975
 0.09114528512019625
 0.09233506795905226
 0.09351843403500676
 0.0946951974722684
 0.09586517651558724
 0.09702819348104223
 0.09818407470727618
 0.09933265050716758
 0.1004737551199446
 0.1016072266637204
 0.1027329070884571
 0.1038506421293524
 0.1049602812606354
 0.1060616776497882
 0.1071546881121703
 0.1082391730660534
 0.1093149964880717
 0.1103820258690686
 0.1114401321703571
 0.1124891897803839
 0.1135290764717983
 0.1145596733589263
 0.1155808648556526
 0.1165925386337087
 0.1175945855813676
 0.1185868997625505
 0.1195693783763382
 0.1205419217169006
 0.1215044331338354
 0.1224568189929209
 0.1233989886372902
 0.124330854349019
 0.1252523313111376
 0.1261633375700623
 0.127063793998458
 0.1279536242585182
 0.1288327547656828
 0.1297011146527822
 0.1305586357346166
 0.1314052524729701
 0.1322409019420606
 0.133065523794435
 0.1338790602272963
 0.1346814559492838
 0.1354726581476929
 0.1362526164561418
 0.1370212829226893
 0.1377786119784012
 0.1385245604063685
 0.1392590873111799
 0.1399821540888466
 0.1406937243971833
 0.1413937641266491
 0.1420822413716384
 0.1427591264022394
 0.1434243916364442
 0.1440780116128233
 0.1447199629636568
 0.1453502243885298
 0.1459687766283839
 0.1465756024400344
 0.1471706865711455
 0.1477540157356623
 0.1483255785897141
 0.1488853657079625
 0.1494333695604244
 0.1499695844897379
 0.1504940066889008
 0.1510066341794527
 0.1515074667901233
 0.1519965061359279
 0.1524737555977206
 0.1529392203021967
 0.1533929071023473
 0.1538348245583598
 0.1542649829189695
 0.1546833941032511
 0.1550900716828588
 0.1554850308647016
 0.1558682884740636
 0.1562398629381547
 0.1565997742701012
 0.1569480440533641
 0.1572846954265895
 0.1576097530688836
 0.1579232431855147
 0.1582251934940334
 0.158515633210813
 0.1587945930380068
 0.1590621051509156
 0.159318203185767
 0.1595629222279021
 0.159796298800363
 0.1600183708528845
 0.1602291777512805
 0.1604287602672276
 0.1606171605684356
 0.160794422209211
 0.1609605901214007
 0.1611157106057195
 0.1612598313234548
 0.1613930012885462
 0.1615152708600361
 0.1616266917348886
 0.161727316941174
 0.1618172008316132
 0.1618963990774818
 0.1619649686628684
 0.162022967879284
 0.1620704563206218
 0.1621074948784609
 0.1621341457377122
 0.1621504723726036
 0.1621565395430018
 0.1621524132910676
 0.1621381609382386
 0.1621138510825423
 0.1620795535962334
 0.162035339623751
 0.1619812815799953
 0.1619174531489228
 0.1618439292824545
 0.1617607861996944
 0.1616681013864591
 0.1615659535951155
 0.1614544228447207
 0.1613335904214686
 0.1612035388794353
 0.1610643520416264
 0.1609161150013209
 0.160758914123713
 0.1605928370478497
 0.1604179726888618
 0.1602344112404892
 0.1600422441779
 0.1598415642607997
 0.1596324655368344
 0.1594150433452842
 0.1591893943210492
 0.1589556163989268
 0.1587138088181812
 0.1584640721274062
 0.1582065081896817
 0.157941220188024
 0.1576683126311343
 0.1573878913594427
 0.1571000635514537
 0.1568049377303928
 0.1565026237711555
 0.1561932329075675
 0.1558768777399495
 0.1555536722429993
 0.1552237317739892
 0.1548871730812838
 0.1545441143131834
 0.1541946750270972
 0.1538389761990517
 0.1534771402335383
 0.1531092909737079
 0.1527355537119176
 0.1523560552006356
 0.1519709236637129
 0.1515802888080274


