 0.3165609178041867
 0.3123939868623851
 0.3080578909479681
 0.3035485734635565
 0.298861880596612
 0.2939935642508416
 0.2889392858339117
 0.2836946210229199
 0.2782550656470735
 0.2726160428488082
 0.2667729117114336
 0.2607209775749664
 0.2544555043046438
 0.2479717288322095
 0.2412648783636475
 0.2343301907463365
 0.2271629386251239
 0.2197584582082666
 0.2121121837377534
 0.2042196891572266
 0.1960767390633856
 0.1876793519262202
 0.1790238799585736
 0.1701071122308265
 0.1609264112345508
 0.1514798991423137
 0.1417667204533087
 0.131787426401638
 0.1215445613001143
 0.1110435987970064
 0.1002945152651748
 0.08931459148886634
 0.07813374649789565
 0.06680552511472153
 0.05543197333456595
 0.04422664290370065
 0.03369453469732876
 0.02517087662220205
 0.02177031916834632
 0.02607308734887945
 0.03570046426957678
 0.04776303477070582
 0.06101649526897168
 0.07497952998583299
 0.08944028821736623
 0.1042899977000844
 0.1194640674092181
 0.134918647602776
 0.1506202360712356
 0.1665406427575836
 0.182654375320769
 0.1989372110841978
 0.2153653928186783
 0.2319151738373502
 0.2485625702759177
 0.2652832429877962
 0.2820524645595847
 0.2988451446107488
 0.3156358962918713
 0.3323991324287124
 0.3491091829710398
 0.365740427310848
 0.3822674361972812
 0.3986651187182362
 0.4149088703311013
 0.4309747183208271
 0.4468394614102027
 0.4624808005839846
 0.4778774585360772
 0.4930092855155718
 0.5078573497329685
 0.5224040108866969
 0.5366329757726471
 0.550529335334661
 0.5640795828896652
 0.5772716136056045
 0.5900947056129457
 0.6025394833818895
 0.6145978641903492
 0.6262629886367799
 0.6375291362133603
 0.6483916269467919
 0.6588467100349337
 0.6688914402570191
 0.6785235427125994
 0.6877412661476172
 0.6965432247517739
 0.7049282278528859
 0.7128950963809061
 0.7204424643107706
 0.7275685624963533
 0.7342709813453746
 0.7405464076129501
 0.7463903291496875
 0.7517966996482314
 0.7567575531819771
 0.7612625554771195
 0.7652984752114921
 0.7688485539335865
 0.771891747099159
 0.7744018007732693
 0.7763461181347947
 0.7776843562479142
 0.7783666755901967
 0.7783315412295374
 0.777502943717395
 0.7757868679203375
 0.7730667875036595
 0.7691979010098117
 0.7639997549697702
 0.7572468305281111
 0.7486566305874018
 0.737874860802431
 0.7244575970972942
 0.7078511880662572
 0.6873726974214494
 0.6621982305504848
 0.6313759419131858
 0.5938992010403835
 0.5489101585885354
 0.4961635270105208
 0.4369682838342618
 0.3758929904050195
 0.3231563481571088
 0.2948788106403877
 0.3030446241331242
 0.3408662118485594
 0.3895002702977072
 0.433128675307212
 0.462899575165109
 0.4767068795434409
 0.4819986645676093
 0.4994198541851217
 0.5488314385752704
 0.6219848061700851
 0.6943588180545305
 0.7526333074954833
 0.7958728872550622
 0.8274067628787044
 0.8506593669894419
 0.8681729269451759
 0.8816737101158468
 0.8923121741568176
 0.9008612534231711
 0.9078499357016121
 0.913648264821634
 0.9185208916357999
 0.9226611074776261
 0.9262128377882233
 0.92928513882221
 0.9319619504118096
 0.9343087896428101
 0.9363774327250902
 0.9382092478063383
 0.9398376060227638
 0.9412896514007699
 0.9425876171874821
 0.9437498161031855
 0.9447913925101595
 0.9457248980721621
 0.9465607345006508
 0.9473074945353299
 0.9479722235255496
 0.9485606176522123
 0.9490771701493493
 0.9495252732979135
 0.9499072810784011
 0.9502245348870574
 0.9504773523981792
 0.9506649772651311
 0.9507854846535055
 0.9508356343001821
 0.950810658506426
 0.9507039666578524
 0.9505067397204275
 0.9502073764831759
 0.9497907362456866
 0.9492370972679449
 0.9485207119776758
 0.9476077811997413
 0.9464535783636639
 0.9449983107500941
 0.9431610753298024
 0.9408308974175726
 0.9378532443667656
 0.93400945399119
 0.9289850501096588
 0.9223208880092634
 0.9133391762101818
 0.9010385185479267
 0.8839736747330893
 0.8602296607075085
 0.8279119363889791
 0.7872965415268601
 0.7459731751591906
 0.7223590247191854
 0.7320039311734385
 0.7671425888549016
 0.8080259500196394
 0.8430352247240197
 0.8697229109327843
 0.8893191223448548
 0.9036624241721828
 0.9142788130490617
 0.9222676726388497
 0.9283876221583905
 0.9331581937649341
 0.9369377551051291
 0.9399768524426854
 0.9424534467005948
 0.9444960287780094
 0.94619886968249
 0.9476321971674377
 0.9488490820825176
 0.9498901679219522
 0.9507869678326553
 0.9515641965805898
 0.9522414430333194
 0.9528343855870955
 0.9533556865026501
 0.9538156577225156
 0.9542227620371709
 0.9545839942259294
 0.9549051737342489
 0.9551911714683966
 0.9554460870408072
 0.9556733884036119
 0.9558760226811148
 0.9560565047650125
 0.9562169886054721
 0.9563593249366737
 0.9564851082926618
 0.9565957155114587
 0.9566923374311282
 0.9567760051073444
 0.9568476115967165
 0.9569079301310779
 0.9569576293386447
 0.9569972860362852
 0.957027396014091
 0.9570483831523842
 0.9570606071471137
 0.9570643700685593
 0.9570599219374519
 0.957047465469823
 0.95702716011543
 0.9569991254931386
 0.956963444309161
 0.9569201648297574
 0.9568693029682488
 0.9568108440365357
 0.9567447442032827
 0.9566709316942825
 0.9565893077649686
 0.9564997474703922
 0.9564021002540911
 0.9562961903739885
 0.9561818171806897
 0.9560587552611824
 0.9559267544589602
 0.9557855397798654
 0.955634811191499
 0.9554742433227873
 0.9553034850692266
 0.9551221591083813
 0.9549298613294397
 0.9547261601799144
 0.9545105959319907
 0.954282679870519
 0.9540418934041824
 0.9537876871010182
 0.9535194796491244
 0.9532366567431337
 0.9529385698967922
 0.9526245351818151
 0.9522938318930441
 0.9519457011398331
 0.9515793443635328
 0.9511939217809121
 0.9507885507533886
 0.950362304081982
 0.9499142082280119
 0.9494432414597054
 0.9489483319250647
 0.9484283556515858
 0.9478821344737128
 0.9473084338892556
 0.9467059608464072
 0.9460733614634808
 0.9454092186840145
 0.9447120498705314
 0.9439803043409332
 0.9432123608523095
 0.9424065250378254
 0.9415610268033464
 0.9406740176915617
 0.9397435682225838
 0.9387676652213469
 0.9377442091436012
 0.9366710114139177
 0.935545791790876
 0.934366175776511
 0.9331296920891844
 0.9318337702212455
 0.9304757381052701
 0.9290528199151846
 0.9275621340313406
 0.9260006912014426
 0.9243653929322764
 0.9226530301503453
 0.920860282172795
 0.9189837160333999
 0.9170197862118272
 0.9149648348179009
 0.9128150922860612
 0.9105666786386462
 0.9082156053799481
 0.9057577780861165
 0.903188999758843
 0.90050497501328
 0.8977013151726679
 0.8947735443436436
 0.8917171065469277
 0.888527373978054
 0.885199656471706
 0.8817292122410306
 0.878111259959787
 0.8743409922501806
 0.8704135906326328
 0.8663242419852749
 0.8620681565506193
 0.8576405875143561
 0.8530368521666086
 0.8482523546390103
 0.8432826101917525
 0.8381232710031714
 0.8327701533906735
 0.8272192663658636
 0.8214668413990098
 0.8155093632385064
 0.8093436016004463
 0.8029666435120298
 0.7963759260610117
 0.7895692692723292
 0.7825449088032745
 0.7753015281207786
 0.7678382897995544
 0.7601548655588383
 0.7522514646392388
 0.7441288601106243
 0.7357884126979205
 0.7272320917148969
 0.7184624927071501
 0.7094828514249789
 0.7002970537749382
 0.6909096414357018
 0.6813258128690235
 0.6715514195098313
 0.6615929569797718
 0.6514575512350963
 0.6411529396310106
 0.630687446959352
 0.6200699565926797
 0.6093098769440274
 0.5984171035255466
 0.5874019769594029
 0.5762752373586457
 0.5650479755526534
 0.5537315816798941
 0.5423376917086702
 0.530878132473619
 0.5193648658311583
 0.5078099325409553
 0.4962253964725497
 0.4846232897175218
 0.4730155591581985
 0.4614140150056127
 0.4498302817729341
 0.4382757520977515
 0.4267615437687938
 0.4152984602515003
 0.4038969549441059
 0.3925670993327506
 0.3813185551524042
 0.3701605506010632
 0.3591018605989776
 0.3481507910334866
 0.3373151668840557
 0.3266023240818849
 0.3160191049241627
 0.3055718568350458
 0.2952664342433883
 0.2851082033313174
 0.2751020493972963
 0.2652523865723266
 0.2555631696276077
 0.2460379076161984
 0.2366796790991402
 0.2274911487179839
 0.218474584890019
 0.209631878419422
 0.200964561836773
 0.1924738293005446
 0.1841605569173494
 0.1760253233627305
 0.1680684307115745
 0.1602899254170174
 0.1526896194100363
 0.1452671113295946
 0.1380218079373555
 0.130952945823774
 0.1240596135775214
 0.1173407746730175
 0.1107952914386283
 0.104421950612058
 0.09821949118586298
 0.0921866355193213
 0.08632212508019768
 0.08062476273870003
 0.07509346435563428
 0.06972732363034505
 0.0645256960325062
 0.05948831051588136
 0.05461542223991777
 0.0499080267941357
 0.04536816831389071
 0.04099939368922186
 0.03680743858320947
 0.03280128817289855
 0.02899485261607538
 0.02540965581057715
 0.02207916329335036
 0.01905556139474107
 0.01641932433551828
 0.01428857061113643
 0.01281464649494996
 0.01213657032471799
 0.01229225576935788
 0.01317033516615693
 0.01457181602731791
 0.01630444228320306
 0.01822542200124128
 0.02024018589715332
 0.02228849612261662
 0.02433212749089137
 0.0263465834189662
 0.02831596753917538
 0.03022986660335474
 0.0320814414830432
 0.03386623652314628
 0.03558142028157011
 0.03722529009378137
 0.03879694147546989
 0.04029604281653868
 0.04172267879944146
 0.04307723960687004
 0.04436034123296104
 0.04557276730618997
 0.04671542604088936
 0.04778931799436702
 0.04879551165338748
 0.04973512476929724
 0.05060930996623864
 0.05141924356194776
 0.0521661168294144
 0.0528511291312063
 0.05347548250354005
 0.0540403773720605
 0.0545470091578671
 0.05499656558878938
 0.05539022457297928
 0.05572915252349006
 0.05601450304649688
 0.05624741592411601
 0.05642901633691413
 0.05656041428215149
 0.0566427041523688
 0.05667696444567892
 0.05666425758445694
 0.056605629823396
 0.05650211123129929
 0.05635471573375041
 0.05616444120603198
 0.05593226960749579
 0.05565916715009302
 0.05534608449500256
 0.05499395697233947
 0.05460370481978552
 0.05417623343671553
 0.05371243365101589
 0.05321318199633215
 0.05267934099795022
 0.05211175946593635
 0.05151127279453822
 0.05087870326720471
 0.05021486036691623
 0.04952054109185695
 0.04879653027678266
 0.04804360092081725
 0.04726251452278194
 0.04645402142559434
 0.04561886117179837
 0.0447577628728404
 0.04387144559544993
 0.04296061876931965
 0.04202598262135664
 0.04106822864312407
 0.04008804009976102
 0.03908609259084676
 0.03806305467645672
 0.03701958858528206
 0.03595635102644677
 0.03487399413298174
 0.03377316657334845
 0.03265451487884825
 0.03151868505035311
 0.03036632452936905
 0.02919808464860905
 0.02801462371997826
 0.02681661097923699
 0.02560473169607241
 0.02437969389081304
 0.02314223729883248
 0.02189314553067843
 0.02063326285767326
 0.01936351782600629
 0.0180849571752663
 0.01679879569171483
 0.01550649138619338
 0.01420986217379742
 0.01291127295379211
 0.01161394683500717
 0.01032250499446252
 0.009043948204420803
 0.007789535541566203
 0.006578571625652065
 0.005446339299082266
 0.004460357846026711
 0.0037460110312265
 0.003482824127569381
 0.003773173299237263
 0.004516439104652208
 0.005536716013439458
 0.006711526760423343
 0.007974889687814381
 0.009292278082819688
 0.01064479091051996
 0.0120214194608325
 0.01341534700471546
 0.01482210911364189
 0.01623863063642309
 0.01766269513353102
 0.01909263858286453
 0.02052716505468689
 0.0219652316479249
 0.02340597430652821
 0.02484865860841544
 0.02629264628351495
 0.02773737191305046
 0.0291823263820956
 0.03062704491116438
 0.03207109825481271
 0.03351408613042123
 0.03495563224335992
 0.03639538047208617
 0.03783299190768893
 0.0392681425308237
 0.04070052136970617
 0.04212982902509865
 0.04355577647808645
 0.04497808411779947
 0.04639648094169531
 0.04781070389232551
 0.04922049730288008
 0.05062561243005533
 0.0520258070574793
 0.05342084515653462
 0.05481049659413396
 0.05619453687913122
 0.05757274694070232
 0.05894491293330305
 0.0603108260638375
 0.06167028243747741
 0.06302308291920518
 0.06436903300867385
 0.06570794272639553
 0.06703962650959995
 0.0683639031163808
 0.06968059553697518
 0.07098953091120278
 0.07229054045123721
 0.07358345936902638
 0.07486812680775755
 0.07614438577687532
 0.07741208309021551
 0.07867106930688844
 0.07992119867460364
 0.08116232907514748
 0.08239432197179503
 0.08361704235844866
 0.0848303587103181
 0.08603414293601144
 0.08722827033087971
 0.08841261953151798
 0.08958707247132103
 0.09075151433699431
 0.09190583352595925
 0.09304992160458
 0.09418367326715009
 0.09530698629559606
 0.09641976151984971
 0.09752190277884989
 0.09861331688214373
 0.09969391357205454
 0.1007636054863927
 0.1018223081216873
 0.1028699397969225
 0.1039064216177507
 0.1049316774411884
 0.1059456338407579
 0.1069482200720874
 0.1079393680389429
 0.1089190122596978
 0.1098870898342192
 0.1108435404111829
 0.1117883061557976
 0.1127213317179417
 0.1136425642007116
 0.1145519531293725
 0.1154494504207177
 0.1163350103528281
 0.1172085895352357
 0.1180701468794914
 0.1189196435701296
 0.1197570430360374
 0.1205823109222285
 0.1213954150620134
 0.1221963254495775
 0.1229850142129605
 0.1237614555874388
 0.1245256258893162
 0.1252775034901158
 0.1260170687911804
 0.1267443041986823
 0.1274591940990341
 0.1281617248347143
 0.1288518846804996
 0.1295296638201048
 0.1301950543232355
 0.1308480501230514
 0.131488646994035
 0.1321168425302812
 0.1327326361241851
 0.1333360289455542
 0.1339270239211207
 0.1345056257144733
 0.1350718407063917
 0.1356256769755984
 0.1361671442799154
 0.1366962540378331
 0.1372130193104845
 0.1377174547840305
 0.1382095767524486
 0.1386894031007302
 0.1391569532884793
 0.1396122483339168
 0.1400553107982851
 0.1404861647706548
 0.1409048358531275
 0.1413113511464378
 0.1417057392359509
 0.1420880301780521
 0.1424582554869285
 0.1428164481217413
 0.1431626424741844
 0.143496874356429
 0.1438191809894508
 0.1441296009917375
 0.1444281743683772
 0.144714942500519
 0.1449899481352093
 0.1452532353756002
 0.1455048496715223
 0.1457448378104274
 0.1459732479086909
 0.1461901294032776
 0.1463955330437601
 0.1465895108846992
 0.1467721162783687
 0.1469434038678343
 0.147103429580377
 0.1472522506212598
 0.1473899254678361
 0.1475165138639943
 0.1476320768149388
 0.1477366765823025
 0.1478303766795885
 0.1479132418679383
 0.1479853381522252
 0.1480467327774662
 0.1480974942255539
 0.1481376922123045
 0.1481673976848188
 0.1481866828191518
 0.1481956210182931
 0.1481942869104521
 0.1481827563476453
 0.1481611064045867
 0.1481294153778752
 0.1480877627854803
 0.1480362293665212
 0.1479748970813392
 0.1479038491118617
 0.1478231698622548
 0.1477329449598629
 0.1476332612564358
 0.1475242068296401
 0.1474058709848536
 0.147278344257243
 0.1471417184141232
 0.1469960864575967
 0.1468415426274737
 0.1466781824044723
 0.1465061025136967
 0.1463254009283974
 0.1461361768740079
 0.1459385308324632
 0.145732564546798
 0.1455183810260256
 0.1452960845502991
 0.1450657806763548
 0.1448275762432422
 0.1445815793783368
 0.1443278995036442
 0.144066647342392
 0.143797934925916
 0.1435218756008389
 0.143238584036552
 0.1429481762329936
 0.142650769528735
 0.1423464826093764
 0.1420354355162542
 0.141717749655468
 0.141393547807229
 0.1410629541355388
 0.1407260941982008
 0.1403830949571719
 0.1400340847892616
 0.1396791934971834
 0.13931855232097
 0.1389522939497532


